90,115
8,60
97,138,144
4,150
125,133
3,52
8,23,32
27,136
9,127
49,66
77,96
56,58,73
11,129
1,39,122
3,7
5,137
28,102
7,21,110
20,65,128
12,38
2,62
34,86
20,103
46,80
67,112
29,37
13,42
13,132
44,76,79
35,113
37,43
36,143
6,33,141
8,98
1,31,145
85,105,131
4,25,123
4,19
68,134
69,83,117
51,109
5,114
1,93
89,135
13,118,142
14,106
11,32
2,34
59,126
15,57,63
1,16
2,124
26,140
2,10
28,30,104
14,120
22,74
9,10,14
17,146
16,19,40
6,30,148
17,29
11,111
7,116
55,130
3,6,84
36,119
72,88
45,94
18,24
18,22
9,54,92
1,3
3,71,100
2,47
1,24,139
27,99
1,33
12,41
75,95
64,149
48,82
5,10,81
15,25,53
23,147
2,4,107
91,101,108
5,31
78,121
21,70
61,87
12,50
26,35
