6,88,129
5,29
14,91
56,57
37,67
30,40,101
62,77
73,123,147
30,47
15,143,146
46,59,78
26,63
51,109,126
11,22
1,150
115,139
4,76
6,34,64
1,3,8
1,12
11,14
9,94,136
17,28
2,122
34,72,149
17,92
31,38
2,111
23,80
27,43
42,89,137
1,84
16,20
36,142
68,134
18,39
13,31
10,25
7,10,20
5,13,86
7,54
1,2
1,18
52,96
43,60
19,120
17,27
19,48,93
117,148
32,58
16,106
35,44,125
35,112
65,113
8,140
1,81
6,69
2,79
97,110
11,15,61
23,45
21,114,116
25,82
3,24
1,138
16,131
1,5,141
3,24,39
4,8
3,83,100
66,132
6,42
2,29
7,50
8,128
53,70,102
3,33
55,104,144
4,33,121
108,118,130
5,41
2,21
4,12,145
14,15
36,103
18,22
37,99
38,49
41,71
74,75,87
28,98
32,107,127
85,135
10,40
4,90
9,119
95,105
7,133
9,13,26
12,124
