15,18
3,91
33,75
62,97,117
5,67,147
26,136
71,140,145
14,31,85
3,12
34,35
2,6
4,28
1,8,27
3,11
54,98
84,96
14,25,47
4,50,65
12,138
32,120,134
3,19,28
41,69,132
5,37
17,104
23,101
41,53
16,77
43,100,110
61,133
3,42
92,99
82,113
16,103
25,45
13,42
1,11
1,68
18,148
10,111
13,20
7,73
15,129,139
49,56,124
1,39
12,137
8,125
29,33
24,43,116
5,107,141
2,7
2,126
1,10
76,92
1,26
6,58
1,87
9,31,112
5,22,115
3,70
52,143
64,144
39,150
4,88
2,6,51
6,7
2,19,119
2,19
8,114,128
9,21,146
38,118
2,9
18,93,142
13,22
2,74
78,81
1,57
34,44
2,94
4,121
30,95
10,46
23,63
9,32
14,80
59,106
72,102
8,131
40,83,123
3,55
6,29
15,122
27,30,60
4,21,66
1,38,48
36,105,130
7,109
20,35
5,127
2,37,108
36,79
17,149
1,11,89
7,16,86
24,40
5,135
4,90
6,17
3,4
