86,104
6,121
2,5
32,99
4,15,125
27,136
51,82
6,16,91
15,44
19,50
101,123
2,11,12
33,124
4,25
25,134
28,70
9,77,150
72,127,149
3,100
10,12
1,11
17,68
109,128,142
24,92
10,11
20,81
19,46
22,59
116,147
18,31,62
9,17
9,22
1,27
31,83
1,18
13,94
10,93
20,74
18,42
105,108
29,111,143
13,113,137
36,112
80,88
32,45,95
28,35
4,34,43
40,48
16,102
3,39,115
16,90,107
7,98
3,53
13,37
14,47,49
21,55,135
30,84
5,52
21,126
2,57
7,144
29,110,122
15,54,114
41,75
26,120
4,6,71
8,129
23,34,87
7,12,58
23,73,132
2,131
8,78
8,13,66
117,138
14,97
24,133
64,103,139
1,89
2,8
14,56
5,10
14,30
1,33
11,26
17,37,148
3,145
4,67
69,140
6,38
3,76,146
12,118
2,96
65,130
1,7,35
79,85,106
60,61
36,141
1,5
9,119
3,63
