5,452
770,873
3,552,851
97,200
92,889
189,280
45,270,762
300,503
84,742,927
313,708,876
68,424
779,937
41,900
258,550
136,181
198,630
4,277
215,595
253,807,941
487,951
278,643
2,823
47,207
291,605
179,842
354,516,661
144,230,442
9,39,665
3,81,530
15,161
5,53
33,132
125,143
37,158
274,392,641
99,118
156,185
370,381,909
77,110
608,960
571,921
237,310
81,844
371,865
263,287
1,173
322,520
8,10,120
458,515,701
378,754
6,123,777
30,592,965
14,196,905
95,171,695
259,460,884
35,165
296,497,997
136,168
39,108,382
25,393
73,590
38,128,640
344,532
32,164,385
111,188,625
31,421
1,813
216,638
3,655
9,251,841
10,44,58
116,721
485,598,755
52,96
433,527,540
151,201,250
130,943
18,240
368,577
474,547
154,180
106,838,877
16,61
21,74,733
555,634
2,26
48,602
13,375
830,925
5,334,767
24,582
6,848
73,162
8,885
85,168
340,391
819,887
42,106
345,387
663,728
12,132,170
233,257
317,410,523
183,246
534,996
39,82
395,706
290,610
41,76,506
358,453
21,528,680
4,43,115
403,549,962
38,697,783
17,214,369
31,473
477,913
517,760
12,13
83,620,730
16,118,194
30,87
43,183,436
101,486,940
34,131
339,531
86,689
12,124,198
27,184
24,399
29,69
13,499
70,639
45,839
447,818
11,174,482
19,90
234,581
236,303
79,505,724
206,858
9,83,524
567,720
180,420
52,157,804
189,998
71,209,793
72,121,372
7,226
789,826
400,857
7,463
2,141,805
160,694
664,666
116,910
860,866
126,454
40,377,566
239,888
88,864
169,349,441
2,90,212
348,569
77,710,822
4,12
182,797
145,283
945,988
48,976
10,736,843
46,192
267,518
45,519
114,435
40,135
26,54
148,187,469
389,653
23,498
580,593
36,426
42,465
714,746
195,384
56,214
621,931
332,978
759,929
20,25
232,763
9,412
470,603
176,644,734
2,437
6,983
104,466,906
17,28,674
30,719
589,935
105,780
284,617
423,784
61,99
23,554
446,693,957
142,200,207
450,670
56,538
25,886
782,849,977
29,615,707
1,208
244,820
22,716,747
30,612
8,702
174,633
19,971
50,172
4,107
31,761
61,635,862
21,47,338
87,374
365,891
69,579,705
28,72,208
676,741
292,361,869
376,738
36,64
43,662,918
129,177
9,31,63
42,141
390,408
1,135
363,781
84,212,852
100,102
6,66
934,938
203,406
1,502
21,397,409
26,94
51,459
331,407
96,800
743,994
21,890
42,295
7,129,455
35,850
430,817
279,373
947,964
40,449
785,883
79,464,493
148,575
558,712
5,11,986
29,739
121,688
572,573
488,835
112,645
59,551,562
53,285
457,668
65,383,654
596,669
74,191
27,223
845,912,956
125,260,683
252,353,559
243,878
632,776
95,915
51,831
113,650,939
750,774
255,855
298,955
33,248,656
85,514
11,304
12,952
20,110
211,306
74,175,627
18,44,159
54,319
77,953
41,564,583
191,966
44,122
160,544,916
500,758
93,601
24,55,673
97,685
92,352
46,920
109,415,510
10,48
103,691
7,120
7,9,973
97,833
43,401,791
863,991
98,222
315,847
366,471,961
275,508
16,210
33,587
22,117
22,45
101,975
16,57,88
3,72,335
209,431,675
186,703
202,704
146,924
63,790
8,787
51,130
57,764
91,103
792,825
94,380
329,533
65,68,467
651,722
24,320
413,809
62,700,744
4,553
13,521,771
36,37
6,153,367
288,494
337,717
32,35
478,678
509,568,672
626,948
414,692
56,60,273
14,34
57,677
221,326,396
32,67
71,723,911
55,143
7,926
4,44,652
213,227
190,882
15,398,475
513,923
60,879
58,78
67,690,984
379,648
225,350,732
170,444
20,36,293
86,798
146,944
220,765
2,39
6,158
155,297
718,919
224,892
5,219
26,115,190
89,535
808,854
439,495
66,178,187
127,969
37,266,853
24,167
28,402,954
195,511
140,489
95,188
456,490
4,928
305,364
210,222
82,242
13,105
265,328
3,91,815
171,359
205,740,745
438,584,752
773,904
154,327,351
30,84
476,995
751,829
179,871
169,803,950
133,302,868
507,756
247,901
561,814,979
73,126,970
150,729,963
3,968
1,19,41
261,872
5,11
113,235,565
816,867
80,90,972
832,896
123,810
59,152
543,657
1,225,775
49,164
462,624
46,203
55,837
448,576
215,347
522,658
461,479
537,542
166,786,895
177,637
325,512
2,386
152,899
4,846
86,112
202,684
27,416,725
197,806
52,85
102,404,836
60,147,434
27,480
419,893
557,980
15,223,933
151,827
15,93
14,496,932
139,224,958
229,646,709
294,318
78,894
314,801
204,570,715
5,445
3,682
150,186,671
440,768
119,221,623
108,145,299
96,173
1,272
69,249
241,870
25,611
33,119
15,184,525
93,711
264,541
92,600
6,667
238,618
40,213,481
34,308,799
930,982
134,226
111,619
34,614
159,609
100,218
642,981
10,58,985
67,429
504,902
3,411
5,8
19,127
11,193,753
607,1000
10,897
834,856
13,156
216,574
32,82,231
54,147
362,472,604
9,149,178
20,76
66,342
167,599
193,211,341
144,355
38,268
388,628
731,757
15,360
18,23
7,696,726
131,262
122,802,946
14,79
114,196,563
311,468
271,840
6,138,859
50,256,307
681,828,942
64,75,176
526,766
316,649
8,281,597
578,922
49,917
228,660
269,794
182,356,631
175,824
37,343
3,5,713
80,874,999
35,687
220,417
137,312
2,50
47,591
128,324
8,23,140
138,218,992
10,536,737
199,949
76,443
7,75
16,46
78,309,594
9,11,903
491,812
149,163,679
2,796,908
4,545
22,109
346,622,778
75,117
17,217
124,289
70,987,989
29,748
83,107
157,394,427
153,647
3,546
64,161
286,492
94,698
19,245
357,616
205,330
59,749
301,727
11,199
89,585
2,428
163,788
63,795
28,333
88,336
8,974
560,821,990
81,501,907
201,686
539,880
172,217
29,71,484
194,735
18,967
432,483
53,139,422
22,425,772
91,219
155,861
38,49
162,659
1,14
548,898
133,959,993
98,451,875
17,166
17,89
142,321
165,914
18,588
26,65,70
25,276
1,204,636
185,206
62,629
529,586
13,197
23,137,192
811,936
14,418
20,699
6,323
27,181
556,613
47,62,87
17,68,254
104,606
16,282
134,881
80,405
12,769
19,28
12,18
