18,114
56,107
99,181,439
32,167,233
5,995
656,855,934
478,820
127,313,441
32,246
142,202,667
146,266
36,391
12,176,900
309,362
33,693
47,77
20,21,136
16,514
6,54
30,262
2,935
137,748,974
522,825
445,449
59,144
49,102,350
4,155,564
253,376,398
144,772
275,480,902
59,109
124,154,587
208,262,302
23,52
2,957
194,221
15,483
29,300
100,543
90,149
69,336
63,201,878
80,210,226
38,276
17,566
1,173,407
118,580
49,111
22,112
243,699
43,76,249
87,168
19,27
107,303,767
19,20
267,715
544,675
105,736
62,374,614
4,100
43,911
39,117
45,245,872
36,841,948
4,31,109
378,993
263,705,762
490,561
25,575
248,742
339,729,753
5,101,134
489,830,844
775,836
30,130
320,452
159,697
503,557
47,198
45,114,952
17,625
212,880
258,610
765,939
28,69
151,979
57,860
67,971
237,386,980
41,46,821
458,598,642
649,735
89,348
147,741
9,646
13,758
46,576,786
63,733
74,160
11,79,602
254,498,756
1,23,215
185,661
217,547,662
141,578
420,914
57,75,84
4,31
1,973
68,209,740
366,571
201,437,828
93,384
18,132
24,169
563,721
78,304
9,417,826
66,755
173,679,754
552,745
37,128
153,628
394,399
192,881
64,421
477,556
3,37,541
73,131
16,919
4,724
83,472
17,22,203
172,843
369,702
6,271
53,985
457,963
40,837
261,926
7,387
1,29,254
865,898
8,112
221,681
16,340,476
381,577
88,91,619
195,203
112,242,757
15,507,799
40,61,251
26,218,239
82,145
3,128
30,359
115,397,1000
493,949
89,105
103,582
152,850
343,380
536,931
119,246,845
27,70
152,156
118,773
584,709
143,316
10,923
37,716
358,992
27,641
6,23,382
211,513,677
26,832
22,268
119,229
51,456
460,551
559,764,859
17,818
290,676
270,750
174,474
24,157,617
116,539
113,981
42,848
298,299
25,954
22,106,251
52,373
8,25
1,50
11,711
111,950
27,116
37,807
24,392
297,796
86,335
418,468
141,433
42,163
1,8,110
172,195,738
26,988
199,866
31,328
25,159
80,196
485,829
8,97
66,226,891
7,781
26,574
368,643
106,920
770,779
69,129
51,385
66,315
126,165
44,294,884
26,62
29,100,242
7,30
325,616
138,870
198,248
237,752
227,922
8,122,515
651,984
219,264
43,778
12,14,21
48,713
33,663
488,640,801
209,680,690
213,585
12,720
14,38,205
528,687
815,882,990
695,851
40,434,621
74,787
78,278
423,813
1,171,876
442,516
220,257
817,868,916
540,631
98,211
87,909
15,23
91,333
8,447
3,186
219,532
519,712
337,894
51,665
5,19
322,455
127,734
718,803
51,75
372,542,703
41,259
57,260,279
389,912
685,928,947
120,700
88,305
469,777
9,466
10,240,560
823,989
8,15,58
739,839
59,181,852
55,98,664
367,906
283,497,606
7,465,698
38,126
27,534
96,98,253
124,236
216,419,428
23,68
633,730
108,241
175,635,871
410,535,958
149,177,707
19,603
85,189
128,531
4,13
107,230,554
49,119
618,930
184,234
11,94,158
11,727
411,908
287,347,972
50,64
169,599
256,964
61,238
104,200
54,769
592,789
13,15,31
6,182
97,105
49,227
39,792
7,657
16,403,688
20,591
110,135,205
5,32
249,808
893,896
24,215,314
151,608,671
207,529
12,136
10,746
7,71
590,966
252,370,977
5,199
13,464
259,377
124,581
28,422
21,243
670,961
70,76
34,60,530
400,946
14,416
652,683
21,572
9,168
6,453
388,943
364,637,784
36,565
80,834
244,942
16,282
405,567
54,65,327
79,717
430,927
84,436
193,323,674
39,986
2,118,495
106,600
1,260,292
222,917
214,760
44,82,235
13,183,885
70,719
2,125,291
182,188
95,482,910
230,647
52,140,562
240,987
95,901
307,889
42,225
357,413
102,669
33,35
53,72
61,486
123,200
81,265
79,123
64,975
473,570
28,93
77,236
1,448,612
509,831
214,239,875
121,450,936
132,216,794
879,938
28,72,499
29,161
176,218,800
12,247,573
162,714
6,238,444
22,77
293,520
79,87
188,701
27,776
20,70,569
18,108
133,666
6,204,672
21,393
178,785
81,390
258,833
13,994
193,890,955
352,412
223,728
44,461
162,710,824
10,28,842
114,998
261,999
228,548,814
45,793
607,883
34,805
55,93
9,479,589
245,285,593
3,170,353
454,521,525
802,847
10,115,873
6,588
131,166
71,982
15,244,257
95,365,443
228,691
744,819
231,463
143,247
101,183
53,59,61
71,733
122,579
470,494
179,446,501
155,959
42,67,632
48,113
158,636
1,74
12,115
62,558,747
85,921
81,121
295,791
35,50
4,41,224
16,39,135
170,899
36,140
629,684
296,611
56,568,804
109,903
78,462
31,414
8,638
250,907,933
19,962
129,402
595,620
177,812
164,197,678
20,546,659
363,798
68,827
196,751
5,627
48,496,505
35,73
55,233
379,888
25,692
66,537
19,206
20,101,108
57,853
96,178
3,892
92,518
121,184
9,73
86,432
82,147,706
8,438
92,125
281,731
74,549,944
164,190
102,597,858
780,932
2,85,92
435,897
409,415,737
58,481
58,383
492,523
4,202
234,508,835
113,156,596
41,56,424
84,117
90,318,743
17,91,846
10,208
11,67
225,311,506
222,334
60,351
48,174
104,175
53,732
17,915
120,371,533
13,951
72,976
2,904
207,235,527
708,941
39,103
77,273
146,886
654,806
46,76,553
264,849
250,396,811
252,504
123,512
68,346
2,142
161,171,280
487,511
62,355
191,854
345,810
5,82,840
35,360
3,623
190,524
38,978
34,83,968
11,22
154,330,771
668,696
43,686
263,694,857
232,816
429,723
401,929
689,983
475,861
97,725
130,210,306
54,104,160
192,451
5,342
139,502
10,622
80,94,626
111,269,797
40,165
72,969
71,722
220,406
50,648,660
863,867
55,99,232
223,229
186,187,645
125,255
26,467
18,761
3,272
35,213
63,905
73,99
9,658,726
29,924
60,361,594
2,30
224,788
344,484
3,69
404,965
167,996
94,163,604
33,317,500
65,395
67,197
89,653,655
63,191,204
21,75,153
86,255
471,945
16,28,354
4,212,613
110,117
12,96
23,65
782,940
284,624
29,425
329,491
60,122
56,331,790
308,615
32,862
427,601,887
538,970
187,634
166,206
14,459
763,864
46,148
18,150,180
2,120
38,312
33,650
32,774
44,431
18,822
3,639,960
47,586
34,274
157,185
440,768
517,609
286,682
180,838
127,241,510
65,81,310
34,139
14,103
583,644
45,877
9,375
231,545
116,783
217,967
349,956
6,356
5,408
7,75
704,953
7,11,874
14,189,795
194,809,913
47,76,326
2,256,332
179,630,925
15,90
52,64,426
83,88,759
3,78,321
126,289
673,918
319,997
37,133
555,766,856
58,991
134,338,749
277,895
25,36,605
24,137
7,138
40,150
288,550
24,324,526
301,869
14,145
148,341,937
