4
26
28
4
36
2
15
31
10
20
8
5
1
13
1
1
8
26
2
1
24
15
20
7
13
29
6
25
10
19
27
31
8
4
23
6
2
11
9
6
1
25
10
12
5
4
4
14
36
18
8
1
27
5
22
12
16
5
13
12
27
1
38
1
12
5
4
10
13
12
8
15
8
18
14
38
3
32
13
12
15
28
1
10
7
26
2
2
25
31
5
22
21
16
1
6
34
7
35
1
5
11
23
17
11
11
3
1
3
38
10
2
11
5
6
26
37
12
11
1
13
13
3
21
1
11
16
14
4
3
2
18
1
2
24
12
26
8
16
17
20
2
7
34
27
1
10
4
19
28
3
9
1
23
3
4
1
14
5
22
11
9
28
19
6
37
26
13
7
4
10
32
10
13
32
35
8
1
6
24
2
12
12
2
3
31
6
7
4
14
1
6
17
5
4
23
31
27
21
15
4
27
14
33
35
1
27
12
14
27
1
30
11
16
12
26
28
37
4
24
3
25
13
18
20
7
13
4
7
15
30
3
4
35
1
21
13
27
12
35
19
20
8
28
5
15
2
31
5
8
1
18
9
3
6
29
2
11
1
39
32
3
26
28
4
21
39
12
22
2
9
25
8
23
37
6
15
25
18
12
2
11
1
37
15
9
36
4
21
7
3
2
26
1
1
21
4
2
11
2
12
15
4
3
10
3
3
13
13
18
1
24
8
1
3
1
21
1
4
24
1
11
2
16
6
22
7
2
17
8
33
2
6
7
15
13
27
37
36
1
1
9
6
9
11
7
33
4
30
1
6
10
5
25
1
4
13
21
14
20
1
37
21
32
15
39
10
28
20
7
15
24
5
9
23
14
5
9
1
4
16
27
10
25
13
1
36
3
11
3
18
2
9
12
3
13
19
30
2
6
3
16
4
6
2
7
26
7
38
2
6
20
8
7
3
12
8
2
11
2
3
5
6
37
3
11
31
4
19
1
10
14
38
14
1
2
20
34
5
36
13
18
11
2
10
5
10
17
8
24
8
1
9
5
2
16
8
21
24
5
13
3
4
15
3
8
29
2
9
5
14
22
22
6
2
8
4
12
26
9
39
27
1
30
30
33
9
14
11
16
25
10
4
34
7
10
25
14
7
3
11
35
17
28
15
28
3
7
7
1
6
3
6
2
32
11
19
20
3
4
12
21
19
3
11
23
1
3
31
7
5
33
7
6
23
1
9
6
1
18
11
1
24
27
34
37
22
9
23
4
6
7
36
8
3
4
7
10
7
39
6
22
19
36
1
21
20
36
2
17
18
3
5
5
22
30
12
38
2
13
6
30
1
18
2
8
20
10
25
30
4
10
29
28
18
30
29
20
5
4
34
5
19
33
3
19
2
34
18
19
7
9
18
15
6
5
8
1
34
13
17
29
1
3
17
14
8
25
29
13
22
23
7
22
19
1
14
1
19
6
6
3
7
17
2
17
8
6
25
10
7
29
4
38
6
14
7
8
4
5
3
35
2
14
16
3
15
31
24
14
6
20
1
30
2
5
29
15
29
32
8
7
8
16
14
2
11
9
2
10
33
1
12
10
25
16
7
35
1
18
2
17
6
10
16
3
8
31
31
19
10
28
39
23
10
14
33
5
4
39
5
3
20
4
5
1
32
21
6
6
15
10
4
32
9
23
6
16
9
2
15
18
1
11
38
4
16
6
6
14
13
8
8
1
2
23
7
33
8
3
12
28
2
17
30
17
1
7
15
3
18
8
15
3
24
18
2
24
28
33
33
18
22
14
26
1
5
11
4
39
10
22
1
9
34
29
9
8
4
16
14
4
1
5
8
20
5
26
17
22
17
20
12
9
5
11
9
22
11
39
21
16
22
15
23
7
5
6
4
14
5
20
16
4
2
6
19
38
9
16
20
6
12
37
9
9
15
23
7
12
13
17
2
25
1
29
1
27
7
5
22
1
26
5
14
14
22
24
1
16
15
32
27
23
35
10
3
21
2
9
21
5
6
3
3
23
10
7
34
9
39
3
2
17
32
10
13
9
8
9
2
25
36
1
9
1
19
12
5
33
10
2
11
7
19
12
4
2
3
1
4
3
11
24
2
12
14
7
5
3
18
1
2
7
24
3
12
2
12
14
5
35
26
15
15
10
6
5
13
25
8
3
24
24
23
17
2
31
13
1
17
1
19
30
29
7
38
21
34
11
2
27
4
2
1
31
6
2
13
9
9
16
1
1
2
11
3
29
15
17
5
20
16
26
21
19
32
13
28
17
