204,916
182,269
2,454,502
19,292
417,451
603,622
17,215,889
62,77,972
114,298
24,36
338,767
90,132
62,198,342
5,220
16,334,986
30,382,899
15,108,955
65,76,301
75,259,530
139,223,344
195,988
21,27,620
7,29,158
179,319
141,185,730
636,756,833
2,37,606
176,177,484
7,24,609
562,591,597
23,52
246,635
14,104,110
12,43
7,380
515,523
165,280
178,820,906
82,294
109,567,784
18,949
28,680
9,553
330,442
92,126,904
261,660
157,717
70,422,957
7,128,617
478,764
152,625
31,547,783
927,942
29,88
49,656
5,22
113,997
431,654
59,239
26,866
11,165
13,51,652
7,856
89,428
81,105
489,757
2,231,372
169,604
458,710,860
135,251
42,532
34,46
270,309
361,845
283,346,416
375,392
534,702
172,347
52,92
24,227,529
68,696,815
404,841,999
53,134
23,317
71,175
641,838
198,365
177,722
63,715
110,560
52,349
72,444
1,758
127,224
57,707
66,155,495
482,488
49,117,811
236,573,805
940,953
34,61,565
655,677
2,837
13,424
38,144,878
100,103,291
149,464
27,161
497,790,802
29,88,130
6,798,817
37,299,801
88,824
754,794
159,639
160,886
143,587
108,288,699
94,685,835
516,874
164,618
35,225
12,116
364,430
80,351,818
133,723
15,146
583,958
22,630
33,44,86
26,158
598,898
132,184,200
166,218,512
25,983
403,990
124,952
486,869
14,912
47,202
596,941
205,426
97,98,612
63,192,359
376,716
47,995
58,473
47,563
63,402
379,455
1,98,688
168,782,924
509,792
551,751
95,435
329,517
55,229
207,776
12,217
325,713
34,227,623
41,335
371,681
362,857
391,813
188,447
2,55,514
19,140,265
46,306,849
119,506
79,753,933
43,328,453
576,853
174,201,917
3,500
45,65,268
97,190,740
64,939
45,96,602
684,903
19,182
183,421,607
121,577,616
53,411,432
68,312
456,718
153,527,556
10,709
115,303,460
17,586
414,627
27,145
350,809
343,611,839
78,425
5,137
1,23,985
123,311
29,120
85,150,648
59,63
16,27
8,921
86,398
87,752
81,368
87,195
6,23
14,539,695
212,324
388,472
209,356,676
35,369
32,42
665,959
260,881
95,352
726,736
41,854
631,998
87,1000
810,847
538,666
10,17
264,377
10,651,732
35,760
64,206
153,789
13,282
4,337
461,848
555,588,888
28,156
154,937
125,600
12,193,438
6,137
51,479
25,761
1,6,7
204,345
194,706
189,466
61,501,668
106,111,934
214,366
4,582
33,159
226,263
2,45,221
206,987
129,996
41,89,890
48,61,139
355,863
69,104
3,19,448
10,395
8,163
871,876
102,216
610,900
504,682
413,796
72,928
25,842
194,214
494,693
180,929
5,844,907
211,245
89,821
186,689
222,287
141,228,384
310,908
43,498
162,279,374
1,4
518,755
508,513
148,219,493
11,99
474,911
23,525,770
170,867
171,704,834
6,215,804
120,694
124,318
24,79
233,476
29,855
304,450
228,737
276,629
219,948
277,763
741,791,909
531,861
499,733
40,149,980
457,492
142,199
5,621
31,614,825
799,894
44,745
12,28
253,735
10,387
93,522
70,203,327
554,766
13,199
54,76,223
50,449,578
114,192
91,439
258,787
50,765
155,230
4,237,963
244,290
360,846
552,649
267,308,970
42,188
80,81
54,647
75,657,850
93,151,393
46,720
321,851
57,209,297
38,224
35,557
13,679
8,74
20,22
410,905
257,436
62,315
75,524
39,127
401,779
16,68,103
93,226
163,644
29,441
14,234
109,162
564,887
8,15
221,566,826
37,134
44,72,786
66,632,729
38,92,931
5,967
54,914
24,90
16,69
121,216
3,131,143
664,994
122,295,819
20,22,232
5,624
34,341,739
36,79,210
285,750
487,747
235,687
18,27
870,973
12,174
74,480
2,13,991
250,272,296
9,48
25,201,463
16,872
39,469
262,483,976
58,138,316
113,138,205
74,471
55,118
175,561,601
173,943,971
41,608,719
145,749
11,118
8,99
38,64,550
32,197,440
8,593
28,150,168
17,626
4,762
558,960
15,26
122,521
200,322,381
24,117,526
7,491
537,777
399,459,714
73,913
60,661,951
147,505
84,101,946
32,797
78,418
569,703
56,386
58,956
370,420,840
26,862
52,462
31,546
373,475,721
196,208
271,278
60,571,771
169,193
2,30,281
519,599
99,944
14,96
101,151,918
18,21
157,947
40,394
56,883
202,585
20,36,66
80,187,667
30,807
213,698
96,147,247
7,70
222,930
131,545
363,575,865
126,768
10,191,323
35,102
923,989
300,891
167,186
69,645
82,210,217
41,57
3,697
843,950
320,748
82,184
116,977
397,800
9,572
173,212
51,893,902
130,354
4,406
42,179
3,50
67,152,686
71,954
156,196,830
84,734
18,671
39,83,481
396,510
30,90
59,203
249,673
53,255
275,743
40,634
3,42,50
8,46
100,105
543,827
129,307
9,73
220,773
2,28,781
56,213,814
6,711,769
40,434
9,46,859
36,112,336
390,415
11,49
1,700
167,926
28,39,326
85,332
592,793
3,23
26,470
744,966
348,674
225,975
123,992
44,62,293
19,61
37,95
65,176,313
18,25
18,128,273
548,964
6,256
412,724
658,691
340,579
189,254
613,812
242,823,965
55,111
409,437
22,503,920
646,962
21,305,663
164,570
83,490
559,775
832,882
84,628
85,969
115,166
98,106
67,197,864
725,885
1,43,595
43,535
274,829
901,922
2,45
33,59
94,170
13,77
58,161,594
31,662
119,400
637,984
12,938
73,407,808
91,160
945,968
76,544
33,485
5,828
705,880
37,107,171
446,795
31,738
3,314,542
4,107
185,191,816
302,672
180,806
94,136
57,759,982
32,47,785
1,528
48,858
21,477,640
9,30
64,772
19,879
78,389
44,877
383,643
712,897
22,590,915
34,252
443,540
423,581
49,896
21,580
112,683
3,11
48,659
187,932
51,727,993
148,181,895
10,286,467
243,378
211,465
183,746
36,357
496,822
125,831
71,333
32,207
60,408
39,925
331,507,742
181,190
574,638
353,728
97,136
77,339
26,619
615,936
238,708
240,892
17,778,875
633,669
142,533
3,4,868
15,133,979
1,284
135,140,935
248,419
20,780
146,468
701,788
11,144,520
60,536
427,429,642
20,178,873
692,774
289,589,678
9,670
6,367
16,172
15,208,568
17,25
1,836
33,241
45,385
731,961
675,803
511,605,919
266,978
154,445
20,91,433
27,981
14,40
405,884
541,852
11,549
86,358,452
218,584
67,974
54,650
4,910
83,653,690
53,56
21,38
