1
29
30
12
2
5
21
38
6
21
14
26
30
28
3
7
4
2
3
3
4
31
2
4
13
13
6
2
43
17
19
8
1
1
2
23
1
1
29
11
19
9
17
2
1
42
4
4
5
31
18
1
15
3
38
18
23
4
2
5
18
5
3
5
2
42
15
26
40
37
11
31
34
17
33
43
17
34
7
31
23
2
3
1
35
5
5
8
38
23
3
11
12
13
11
6
4
1
19
8
17
32
27
40
3
12
12
3
7
26
13
36
4
22
17
12
13
6
1
13
17
6
2
16
5
2
12
9
17
17
17
5
15
5
12
27
11
34
10
11
7
40
4
1
1
5
33
31
18
5
43
41
8
10
8
16
39
3
25
18
16
38
3
4
41
3
36
7
3
3
1
11
7
3
15
4
15
13
31
15
10
10
36
16
16
39
1
5
16
39
42
2
2
41
24
5
1
4
24
3
3
35
8
17
2
9
3
13
10
1
35
20
14
14
7
22
26
20
3
12
21
25
24
29
11
14
22
30
12
1
7
17
2
29
35
2
2
9
6
7
6
21
5
24
10
28
36
3
15
3
1
18
7
1
4
8
12
24
6
13
12
7
21
12
27
3
20
9
18
9
37
32
17
4
11
10
24
10
4
29
1
11
6
2
28
1
4
39
6
31
22
24
42
20
6
9
8
6
6
9
2
18
17
29
14
43
42
1
6
22
35
19
15
6
4
15
8
28
5
4
7
2
18
5
9
14
21
4
4
36
10
14
6
41
22
10
23
27
11
9
14
29
2
9
16
13
23
30
6
1
5
25
31
1
12
1
32
22
13
5
10
31
20
4
10
14
2
4
36
38
3
33
17
1
7
1
7
25
18
5
23
4
3
4
1
37
20
26
12
3
18
11
14
2
1
10
42
5
3
14
5
17
38
19
6
11
14
19
13
13
6
18
5
4
1
32
12
4
28
4
8
34
40
14
12
31
35
8
8
9
21
6
25
32
1
43
7
6
39
7
9
3
27
1
17
26
1
29
1
5
2
15
34
3
8
4
3
4
1
4
18
30
11
11
32
3
1
8
36
16
9
23
2
19
8
37
14
13
33
2
23
20
23
8
15
8
7
43
15
30
12
20
8
5
41
10
22
11
10
40
36
20
21
6
9
12
11
31
4
2
21
8
1
3
14
29
12
6
2
3
22
3
18
15
12
33
6
9
14
11
14
4
26
9
19
19
23
1
2
11
27
6
3
28
35
2
2
16
40
8
14
4
21
3
2
1
29
10
25
11
37
34
19
37
12
7
38
7
22
2
10
20
10
17
26
6
27
4
19
18
9
6
6
6
27
21
16
4
16
34
5
30
6
7
19
27
20
1
12
12
3
35
3
33
29
3
1
18
5
10
15
1
3
30
21
5
5
23
41
5
12
42
9
9
12
25
26
28
26
7
26
40
16
41
25
2
33
20
10
10
14
23
2
38
2
7
7
19
4
32
33
43
1
2
21
11
6
6
11
8
2
8
6
19
12
7
1
15
25
37
7
30
19
28
14
2
20
43
22
6
34
27
30
27
43
23
2
43
28
3
5
39
29
3
42
13
32
11
9
4
7
28
9
9
1
31
26
10
20
11
37
6
9
20
13
16
3
25
14
3
28
10
3
32
10
13
8
21
2
22
5
39
2
22
41
2
35
1
6
8
7
28
5
16
16
7
28
27
13
4
16
41
17
16
12
3
23
15
7
35
8
5
1
14
4
9
14
22
2
8
3
20
26
25
40
16
7
16
11
40
19
29
11
10
27
34
18
7
1
10
3
1
8
4
6
38
36
13
3
1
2
22
15
17
24
33
12
9
16
20
5
8
5
42
24
21
34
15
5
21
5
18
34
7
2
28
24
7
5
39
39
7
2
13
3
6
38
22
5
32
9
4
1
25
2
15
13
39
2
36
26
37
2
30
41
21
9
6
1
3
13
2
8
11
12
1
40
11
7
9
16
8
41
25
15
39
9
6
12
3
7
32
1
10
10
1
7
1
2
7
11
10
16
24
9
4
1
34
37
15
2
15
5
15
4
20
24
42
4
1
9
1
1
8
36
2
9
14
1
38
30
5
7
4
1
12
33
17
12
3
1
6
1
3
10
1
1
5
29
36
35
21
12
3
15
10
3
10
18
1
33
2
2
2
8
25
27
18
4
40
31
8
37
6
2
9
19
11
24
32
26
33
11
1
8
7
3
19
23
11
8
13
30
13
32
24
5
6
11
17
1
10
5
2
25
6
8
19
24
35
