41
26
2
10
40
40
16
3
20
17
8
9
36
6
33
3
26
35
32
31
1
12
23
10
5
7
17
11
4
4
24
24
30
31
10
10
11
23
37
15
15
1
26
7
39
4
43
4
16
3
9
10
9
39
44
5
33
10
8
40
2
20
18
36
44
35
21
41
20
11
22
28
3
4
24
19
20
26
4
17
7
5
8
12
39
1
23
23
43
34
38
24
9
10
9
2
17
10
25
12
12
30
28
2
24
26
2
1
13
15
4
27
22
2
36
16
8
1
28
30
28
4
2
9
16
4
11
15
30
35
29
10
32
23
33
7
18
31
6
2
2
25
2
22
13
42
34
10
22
28
36
6
6
40
13
43
6
8
1
2
8
28
11
14
1
6
2
2
39
6
6
3
34
8
15
3
38
20
12
23
7
6
4
26
13
7
11
41
13
39
16
28
8
14
2
11
6
6
29
1
25
26
33
35
12
22
7
24
12
23
15
12
7
3
13
5
7
5
29
11
15
3
30
13
35
44
2
29
3
9
4
4
8
6
2
14
1
34
2
7
5
13
23
17
9
1
32
11
8
2
33
4
5
11
29
7
7
30
34
34
19
10
19
5
6
17
18
3
2
28
12
22
2
44
4
3
9
7
9
1
38
1
9
21
37
3
5
2
22
7
2
1
8
33
8
1
21
3
11
25
5
18
3
25
4
2
10
34
21
8
19
18
26
13
16
2
22
18
11
14
15
14
32
2
25
8
22
32
16
21
21
1
29
25
40
12
1
32
25
38
41
29
8
10
1
5
3
14
9
19
9
16
14
21
3
36
3
5
3
4
7
3
1
41
4
9
15
9
8
5
32
6
30
6
13
14
12
18
5
35
11
17
5
20
15
27
16
1
17
2
14
1
30
2
9
6
5
17
10
7
19
18
25
33
2
30
1
1
42
7
13
35
37
1
37
10
29
26
4
1
33
19
1
19
19
34
3
14
6
18
10
19
18
32
2
39
15
27
36
27
12
17
13
28
2
6
3
3
37
14
21
2
14
22
20
13
16
5
13
2
32
1
5
3
24
38
14
27
26
31
1
22
3
4
5
6
38
8
23
7
16
16
8
36
16
6
9
1
14
24
1
9
18
15
2
9
5
9
41
15
22
7
25
4
4
10
15
16
30
1
9
7
22
5
28
12
19
8
5
8
2
15
28
6
11
24
28
12
18
9
2
13
37
26
13
2
14
17
42
3
9
29
9
21
1
7
11
8
42
21
16
2
11
2
20
19
12
18
19
13
3
4
6
20
19
8
38
10
3
24
42
32
27
15
7
33
2
1
44
4
31
20
31
6
12
3
5
43
4
30
6
24
25
22
44
5
3
3
17
34
10
6
14
8
9
4
12
20
3
36
11
26
4
3
40
17
16
44
7
2
21
37
18
42
21
9
39
17
6
24
38
15
33
4
13
35
4
7
30
36
17
6
15
1
2
14
17
23
27
1
8
43
11
17
16
1
20
27
11
19
7
35
32
8
18
10
4
7
5
1
29
5
13
7
20
24
1
31
23
12
5
24
31
31
28
19
15
23
8
7
43
29
27
2
37
1
3
14
8
26
2
5
22
40
44
22
7
32
28
2
13
16
22
6
9
39
33
11
24
14
7
20
6
10
44
20
9
28
18
1
18
5
18
1
42
36
18
7
12
4
44
3
13
1
8
1
8
10
10
38
1
3
21
43
23
8
12
26
35
37
7
22
8
1
31
20
43
36
20
31
13
21
10
2
5
6
25
5
30
16
27
8
20
11
12
6
12
19
1
15
29
10
7
6
9
41
38
27
5
15
8
40
17
11
1
14
21
38
3
30
18
1
39
20
37
27
14
27
16
35
7
34
4
5
18
4
11
13
15
11
5
11
10
35
3
14
30
8
2
17
11
8
9
4
20
2
26
21
5
26
11
12
7
9
19
12
41
25
23
4
6
1
9
7
1
25
42
35
8
6
15
12
3
23
42
10
13
21
22
14
29
22
16
12
13
29
19
37
5
16
24
6
17
16
11
29
4
3
3
16
10
19
33
23
31
17
43
10
7
1
20
16
34
4
10
13
40
39
40
19
20
12
17
17
13
14
6
5
39
25
1
7
15
25
8
33
6
32
1
17
15
3
31
2
42
24
9
27
40
19
11
18
31
31
19
23
34
21
27
4
9
41
9
28
24
1
3
4
6
12
17
36
21
18
3
18
2
41
11
18
14
19
9
1
32
14
37
43
2
2
5
2
21
23
3
23
33
27
15
34
