57,119,218
327,487
62,85
169,239
81,786,876
6,254,555
17,414,513
100,356
257,945
7,519
105,509,830
3,25,462
537,855
13,924
135,372
104,130,900
79,948
58,111,251
145,222,663
55,251
1,202
117,646,886
125,369
79,938
174,846
7,9,112
60,184,683
6,455
161,890
91,765
36,147
139,179,685
378,444
265,904
201,473
17,741
20,804
31,108
335,681
2,12,808
9,392
53,704
25,48
57,944
89,98
70,270
6,772,978
176,554,768
227,782
178,514
38,418
247,375,837
59,851
210,788
41,77,149
229,435,498
71,256
387,474
342,779
175,583
122,594
2,16
403,574
100,570
82,204
19,38,879
127,951
42,532
10,540
47,80
65,630
258,438
60,721
12,989
41,600,942
653,751
480,621
49,475,687
196,536
102,368
363,717
208,979
96,640
74,87
59,90,252
89,610,931
14,422,896
14,71,960
212,561
14,385
1,21,456
113,344,785
482,928
125,181
5,221,427
7,40,1000
48,129
723,937
331,962
91,222
743,796
14,175,637
70,950
161,226,858
35,700
21,547
10,643
231,490
39,575
724,737
112,154,215
73,318
6,84
81,323
37,814
398,461
115,847
101,253,906
189,219,864
3,869
198,716
267,563,913
408,990
118,824
27,99
78,379,880
17,345
44,67,558
233,359,585
174,211
206,707,871
123,137,187
80,821
15,195,854
8,983
5,88
355,485,720
34,929
15,20,304
771,892
46,166
146,511
20,140
167,420,839
126,291,805
25,584
3,134,190
7,11,64
77,766
347,897
429,430
155,446
93,860
2,452
82,936
432,965
180,612,732
16,911
190,358,826
92,103
64,593
32,94,243
106,321
94,194,214
598,611,919
192,286
512,833
170,859
5,21
228,893
38,467
169,539,701
407,607
50,54
608,894
538,636
292,863
201,927
54,409
27,103
17,49,698
20,49,78
195,249
22,188,829
330,757
84,469
34,591
244,592
287,618
27,242,317
3,252,659
171,730
40,365
98,384
208,443,790
191,559
16,431,823
40,177
52,234,281
357,478
38,129
517,917
35,841
23,515,590
97,722
709,799
19,838
4,376
157,763
421,787
8,164
13,41
629,845
178,232
497,695
124,158
153,518
168,394,470
103,963
655,740
51,52,248
465,984
18,85
24,564,761
59,441,507
17,273,516
91,180,434
9,300,776
31,144,777
76,277,909
7,11
159,205,802
110,386,676
119,451
116,642,973
69,282,506
725,819
40,457
48,638
33,748
51,67
491,792
404,868
45,101
253,500
244,479
193,835
83,550,949
196,293
5,576
734,959
525,810,908
34,55
410,899
495,668
8,150
4,240,324
218,531
37,596
61,373
260,658,958
5,8,246
1,7
29,822
329,534,605
29,54,885
66,82
37,289
719,758,867
11,104
230,806
322,364
216,533
11,43
148,199
26,85,214
185,713
122,142,957
9,615
111,383,873
118,902
58,783
326,334
12,656
128,183,548
176,243
12,141
126,314
241,362
55,545
106,160,415
661,807
130,272,484
34,194,543
523,686
8,12
1,11
25,166,374
140,268,706
81,248
18,801
14,36,795
351,396
275,377
16,388
242,448
290,995
305,393
13,15,520
360,930
70,131,964
67,935
50,225,986
10,440
207,416
22,424,690
203,889
141,219
453,844
68,341
200,565,985
673,789
211,508
437,744,857
36,389
27,56
250,738
108,626
139,296,745
197,246
10,73
210,818
54,445,589
5,679
34,73,226
269,488
57,121
3,108,237
198,216
56,588
95,624
9,138
36,231
167,883
44,105
162,996
63,466,546
13,428
619,635
83,159,755
217,493
137,842
66,156
185,224,773
2,278
16,781
47,247
57,697
38,526
33,504
155,778
96,522
5,23,677
143,220,691
23,86,968
10,148,311
8,48,399
14,164
352,660
31,39
84,97,209
64,425
30,939
11,535
433,874
132,263
45,114
61,249
76,831
80,549
332,696,971
100,848
97,551,774
541,887
235,298
69,654,982
69,828
235,699
702,791
2,353
4,46
72,468
19,99
14,24
46,544
53,228
447,597
182,502
21,37,616
99,688
2,23,436
22,154
6,956
75,568
52,188,803
39,74
669,870,872
816,977
25,109,157
59,601,759
77,183,371
295,578
382,577
24,884
136,402,881
63,95,708
10,30
15,767
641,760
4,6,206
29,350
4,494
675,856
348,980
380,492
136,650
215,865
24,483
21,30
784,940
499,933
412,825
556,850
15,354
72,566,918
17,920
18,572
797,946
337,817,943
32,280
165,524
184,580
89,288
4,51
6,622
144,735
63,245
32,477
75,692
61,875,895
39,346
9,729,770
255,339,366
710,712
32,238
127,794
634,752
693,955
301,648
582,657
276,419,753
28,664
1,106,633
28,620,862
109,138,993
2,320
27,151
162,472
391,400,891
213,832,853
133,527,813
107,678
26,133,811
8,177
134,156,529
50,328
78,205,307
76,925
62,793
152,689
41,43,632
528,714
142,308,602
147,742
17,390
26,104,302
87,401
47,163
16,579
22,241
35,264
52,239
26,999
168,595
571,667,769
71,303
45,631,901
170,486,764
234,775
18,254
26,110
4,606
200,665
204,236
24,703
37,449
227,754
6,262,315
33,907
65,450
4,95,812
165,557,877
96,671
23,815
186,567
800,836
1,866
33,442
406,711
19,987
340,969
19,217
182,682
2,68
13,128,617
179,947
18,25
12,51,981
86,297,471
50,914
163,733
16,74
92,898
587,731
120,232
87,225
43,694
333,756
13,83,726
173,961
29,599
56,160,670
569,746
31,991
58,173
45,250
32,552,903
47,114
86,88,652
888,910
459,728,967
11,107
135,202
28,628
20,623
33,279
12,454,998
101,233
463,705
747,970
26,882
223,361
207,209
19,259,916
306,922
604,994
189,413
2,31
542,954
1,152
90,843
61,191
245,674
90,313
271,481,489
143,861
3,10,662
44,736
56,261
53,220,613
153,309,941
310,560
79,115
192,236,381
66,181
150,343
20,921
397,573
22,28
53,72,213
1,237,285
230,411,966
9,120
13,349
60,926
36,123
132,240
221,274,316
510,718
88,780
55,834
121,229
35,739
105,172,417
15,530,609
42,172,809
203,878,972
186,666,827
15,102,116
238,749
905,923
30,146
476,975
627,974
7,581
395,976
145,464
21,603,915
44,193,367
199,680
29,912
43,645
3,98
224,639
75,107
28,953
294,503
187,458
27,35,92
60,727,952
131,197
151,426,997
22,852
62,212
113,934
102,423
109,319,715
5,149,171
18,94,840
562,651
405,439,505
49,649
223,553
460,798
42,312
158,338
58,284
614,932
117,750
68,93,672
1,23,93
266,283
625,820
1,988
30,124
299,586
684,849
24,325,501
7,644
2,3
42,496
370,762
46,647
521,992
65,336
