4
38
9
19
38
1
2
4
6
1
25
32
19
24
18
8
14
11
1
35
1
1
4
38
1
8
23
17
3
13
32
15
1
7
28
1
24
31
32
28
1
2
19
20
17
7
11
20
1
2
24
17
30
4
5
32
6
24
17
4
29
14
14
39
4
12
2
13
6
4
19
8
13
5
12
11
19
8
25
5
10
1
35
7
2
3
1
11
2
7
23
33
1
17
4
39
35
1
13
10
8
33
3
10
10
20
5
12
25
9
20
2
14
15
1
6
22
1
1
3
10
9
6
11
21
17
15
25
12
32
18
5
23
1
1
37
3
13
23
32
5
3
39
17
26
1
12
8
31
7
11
8
4
26
3
4
6
8
6
4
3
16
28
36
1
1
7
37
6
13
8
38
8
5
3
3
5
1
4
4
23
24
38
2
31
3
6
25
5
23
8
34
29
10
11
17
5
5
18
11
1
3
3
29
21
5
29
24
11
15
18
1
3
3
7
38
9
2
30
11
9
11
5
4
17
20
7
4
5
3
15
7
10
6
33
18
15
7
8
13
27
2
2
32
27
5
2
1
14
4
13
7
31
23
2
6
22
27
3
17
16
31
1
21
1
3
9
7
8
3
18
35
4
3
27
1
27
1
10
22
15
21
16
6
8
5
10
1
3
37
26
29
8
9
3
10
25
32
30
34
6
5
16
11
22
8
10
21
16
11
15
30
9
19
4
20
6
4
28
2
2
36
22
15
28
34
1
11
1
14
23
13
6
1
13
1
30
28
1
1
14
33
4
26
12
11
16
3
2
11
2
2
8
1
26
23
1
1
2
2
23
6
10
1
6
7
20
19
11
6
22
25
2
34
29
1
12
1
20
2
1
35
10
11
3
2
7
5
30
10
1
31
16
12
19
3
5
25
33
10
4
4
18
5
5
11
34
20
9
10
1
1
5
16
21
28
30
5
5
24
7
6
8
7
21
9
23
2
28
24
3
7
3
1
16
36
14
2
8
8
1
12
20
35
3
2
1
5
2
9
15
3
7
11
19
17
13
20
7
25
19
8
4
25
10
3
12
2
6
14
3
10
39
11
33
9
16
2
19
28
9
6
37
14
16
1
26
6
2
21
1
1
36
38
27
37
4
1
7
36
5
30
16
5
2
4
10
11
10
9
8
18
37
15
2
30
10
2
2
2
14
2
20
7
13
2
3
5
9
8
3
17
5
9
6
1
13
2
6
16
5
1
12
23
35
2
33
13
27
19
14
21
35
21
4
30
24
38
4
6
6
4
1
9
11
14
7
11
25
37
3
25
15
4
9
3
1
23
23
36
17
1
26
2
2
7
4
10
19
5
6
9
4
8
27
6
35
15
4
17
8
17
14
5
31
2
7
10
34
36
2
7
14
7
17
5
5
2
4
9
7
27
9
2
3
6
2
6
3
20
8
20
12
6
19
14
7
27
6
24
39
1
35
6
2
10
8
1
22
13
24
29
6
3
15
4
11
14
4
31
27
20
12
5
27
13
25
22
2
16
25
10
5
34
1
35
13
29
33
32
5
22
4
20
15
12
20
20
29
26
7
10
5
7
30
23
7
6
5
10
4
9
15
33
5
18
5
3
18
14
38
6
19
8
4
3
4
1
5
7
22
26
21
4
3
33
30
6
10
28
9
6
5
2
28
4
4
6
39
7
8
9
11
24
5
2
37
7
21
18
23
24
12
21
9
2
36
18
18
19
15
22
8
2
2
22
1
1
3
39
36
2
27
2
7
9
16
4
34
6
11
1
14
12
24
14
16
4
9
11
1
21
7
8
1
14
5
4
21
2
3
7
15
1
33
31
3
17
8
6
15
8
4
19
5
6
2
5
27
29
2
5
4
16
3
9
13
13
3
12
2
6
9
22
3
22
18
31
17
15
9
12
18
12
3
9
15
26
22
18
37
18
13
3
21
5
34
33
12
24
1
10
6
11
4
22
16
8
8
2
10
7
23
1
26
3
5
16
13
3
19
7
21
13
12
21
4
3
18
7
16
26
4
3
30
8
24
18
19
23
3
19
25
17
1
1
4
18
7
17
15
26
5
21
9
1
25
6
39
39
9
28
38
26
31
17
14
2
3
1
6
32
3
9
22
31
34
39
34
26
10
31
4
29
24
12
8
18
18
2
11
10
3
36
15
2
2
37
4
17
4
15
29
36
5
4
29
12
1
32
13
9
1
14
13
32
10
3
16
11
16
13
34
12
20
12
22
19
9
4
7
2
5
6
10
28
14
10
20
3
