789,985
52,728
67,162,428
390,574,837
202,765
41,217
127,182
88,532
205,921
817,875
660,892
193,421
29,368
98,209
93,197,578
352,727,908
85,221
76,123
60,391
448,608
18,804
125,198
75,900
111,580
635,763
13,43,693
16,33,680
215,778
531,772
9,153,371
83,218
6,550
33,167
18,557
512,997
65,282,638
87,145,517
104,140
256,917
38,65
818,851
59,139
15,118,586
79,119
9,184,652
5,47
8,176
519,979
99,848,978
6,784
589,710
45,626,852
38,60
37,148
2,55,93
545,758
87,355
243,337,529
399,853
16,296
45,584
18,36
15,24
342,790
291,379
178,450
84,145
42,384
487,797
14,19
45,940
6,20,415
46,741
99,885
201,341
478,699
4,542
2,71
72,829
14,749
72,541,814
595,640,932
3,107
579,788
1,301
230,250,300
22,442
9,18,781
104,155,208
106,504
69,73
169,746
5,348
64,924
186,194
17,20
262,675
33,951
62,190
173,830
35,481,860
522,725
612,876
39,43,646
104,691
14,105
65,325
5,431
785,850
4,47
698,984
163,339
193,216
97,151
277,606
307,381
44,422,961
4,713
148,821
106,525
16,678
406,755
66,329
2,974
49,253,324
25,370
74,90
94,651
508,628,671
619,750
17,971
400,861
199,946
36,494
130,280,497
165,523
21,195
117,276
79,334
7,146
36,93
78,375
5,92,298
461,819
3,23,63
563,1000
102,729
162,266
27,83,914
11,116
211,543
192,233,957
181,437
9,47,218
582,867
358,633
48,235
24,246
267,499
808,922
3,745
39,839
743,858
174,200,419
152,185,235
52,172
21,99,810
607,881
613,704
7,29,74
36,811
8,56,67
20,219,588
403,566,798
44,64,776
414,627
90,823
57,259
6,387
30,679
587,795,882
404,912,999
4,174,382
85,238
261,748
147,834
100,963
21,137
349,383,411
10,112,255
41,665,884
405,757,872
182,734
100,244
122,180
629,692
83,925
4,35,303
229,610,874
7,435,697
170,177,641
111,498
71,792
94,125,335
191,194
95,110
183,187
17,139,561
156,327,890
28,78,115
315,491
723,919
39,624
237,844
9,159
107,617
26,188
37,43
161,214
507,962
318,465
175,796
101,897
34,177
12,596,828
5,63,886
10,482,895
213,576
467,622
88,470
75,386
780,953
1,862
169,279
509,571
30,141,709
639,753
29,247,794
637,683
164,210,905
685,854
575,764
149,285
229,977
135,286
2,147
167,393,832
103,880
160,184
157,662
31,868
68,865
20,46,449
112,200
45,548,663
376,672,761
29,114,614
495,615,991
12,423
8,915
7,254,518
10,31
71,114,460
15,831
80,407
25,108
157,938
760,841
7,20,909
438,777,847
204,264
3,80
180,299
144,782
356,863
222,420
10,445,820
32,722
34,138,252
56,486
11,48,649
28,220,443
84,836
16,601
205,311,353
67,340
203,290
151,232,577
245,314,367
103,447,593
150,673
108,583
8,107,735
5,207,726
309,623
35,439
13,142
2,19,555
351,846
210,459
19,196
37,121
22,573,779
80,150,305
6,57
72,514,664
161,173,365
14,700
4,117
50,333,347
51,966
146,551,752
937,987
667,802
32,131
128,469,731
84,395
330,598
16,224,998
273,724
41,696
648,956
198,687
66,434,694
228,503
61,458
55,793
536,816
11,74
219,500
15,479,769
317,426,666
124,134
869,883
10,950
70,209,674
6,369,948
236,959
25,121
118,759
15,195
53,153
30,55,592
155,643
440,585
657,879
31,42
269,581
61,94
787,983
30,686
69,540
756,945
127,242
2,332,907
41,192
115,408
197,425
377,716
199,528
7,634
283,964
82,975
6,140,456
133,898
170,231
70,82,179
113,474
476,682
22,28,913
201,204
248,786
143,972
23,944
51,656
73,567
165,410,969
416,462
22,553
51,477
939,942
206,265,684
323,965
5,552
243,308,670
1,25
7,877
11,284
14,49
33,228
38,394
483,560
113,166
239,742
76,136,720
79,278
185,225,374
24,90,719
77,86
17,773
43,501
7,91
82,855,859
108,493,688
240,454,701
8,320,554
119,412,838
35,196
23,56
2,251,345
3,88
24,605
91,154
166,994
141,609
144,294
16,21
53,227
17,388
23,57,234
272,618,690
26,904
11,13
26,389
878,927
27,241,436
86,95,457
10,189
1,12,103
59,659
17,655
484,988
110,239,856
66,647,934
25,76
3,14
328,941
11,106,812
158,799,996
292,455
13,44,472
568,901
274,527
102,171
21,955
223,889
213,331,537
92,122
50,135,212
124,241
34,380
163,676,849
160,502,604
711,813
81,602
49,234
34,815
1,17
101,188,378
15,263,871
128,359,366
100,354
515,658
87,89
50,360
154,960
18,32,926
68,208
55,744
54,616
31,603
48,766
202,992
142,156
510,805
159,754
2,14,19
8,611
38,109
73,238,526
398,980
4,473
126,916
5,81
28,600,721
12,22,123
97,930
62,737
25,52,232
396,791,800
747,768
26,432
10,131,506
430,873
42,402
350,453
226,564
62,143,594
237,451,902
231,702
32,137
70,645
409,572
24,270,806
206,717
29,767
427,547
535,993
559,591,650
75,558,923
475,928
30,488
168,669
109,289
733,801
134,762,967
133,689
54,92
105,149,681
39,281
373,705
2,233
242,385,549
13,171
120,446
23,152
417,718
179,227
86,935
12,774
401,822
51,189,302
61,397
47,866
316,344
168,211
110,112,212
190,496,933
54,304
8,224
471,770
230,783
58,101
429,771
109,362
240,845
642,825
22,126
441,505
129,186
116,973
10,98
268,418
12,260,590
338,982,990
97,520
28,178
6,20,958
661,827,899
4,346
9,221
50,85
3,452
89,217
464,732
1,27
5,13,970
534,826
225,677,751
91,226
703,736
1,257
105,203
11,181,533
485,714
81,632
3,21
910,936
63,893
775,857
570,621
326,903
26,287
2,16,943
24,920
31,40
319,833
130,176
32,492,631
392,480,695
58,413
64,310,636
109,215
3,175
322,363
59,102,357
48,489,739
222,929
343,424
77,164,236
288,738
158,840,843
8,46
13,19,707
53,312,954
433,911
95,336
49,597
653,888
625,981
824,968
18,129
89,894
52,54,136
23,896
9,599,976
4,11,191
546,986
138,306,569
96,207,223
111,511,989
46,120,630
12,132,887
27,870
214,524,949
78,249
9,544
44,132,183
19,275
468,490
34,297
26,40,891
68,530,565
539,712,740
271,668
803,807,809
1,620
42,172,538
466,521
258,372,556
77,513
27,96
1,516,842
1,313,361
321,562
654,931
37,40
98,187
53,293
40,644,708
730,906
15,216
444,947
463,864
706,715
69,220,952
60,295
96,364
835,995
33,58
35,918
