1
4
20
27
14
5
17
5
7
6
13
16
2
5
15
16
32
2
4
33
11
9
5
27
17
7
26
23
3
11
6
6
3
28
1
32
26
20
22
3
2
10
35
9
20
5
14
23
3
30
3
11
25
15
12
9
23
17
6
9
10
6
25
23
12
6
18
18
5
5
1
3
27
22
3
1
11
3
5
15
8
23
12
33
10
15
1
1
21
14
23
5
4
3
20
34
19
11
17
24
4
2
5
11
26
14
16
23
29
27
3
2
3
21
13
13
1
15
23
1
6
9
24
20
24
1
21
28
4
28
2
14
25
3
5
2
2
8
12
7
11
10
7
11
32
35
27
10
19
9
2
19
9
6
18
24
16
31
6
16
16
9
26
7
4
3
13
1
25
1
5
4
15
18
3
1
19
32
2
2
6
7
25
12
2
11
2
3
27
9
27
4
2
24
10
2
19
9
7
6
30
13
1
30
26
3
7
24
8
17
12
21
28
30
3
9
8
10
23
7
25
26
34
2
13
2
25
11
1
2
17
12
2
5
4
1
3
4
5
8
2
4
7
23
19
28
1
16
4
5
15
22
7
5
22
17
8
21
12
5
16
20
16
14
2
35
12
5
14
11
9
9
4
1
14
24
1
33
28
20
10
8
2
17
3
3
29
4
16
26
4
2
15
4
19
24
19
13
7
2
33
3
13
13
6
10
1
3
10
35
30
10
11
2
12
9
3
4
4
3
1
5
17
22
17
23
10
22
1
35
7
8
11
6
5
29
4
34
5
10
13
19
31
4
8
18
9
10
1
16
5
1
27
7
4
1
2
11
9
30
34
2
20
10
10
34
13
23
1
2
21
22
4
3
23
14
27
3
2
30
31
12
13
1
6
1
26
4
2
23
5
5
2
19
21
12
10
7
1
8
18
15
29
7
3
16
2
11
1
1
30
8
1
31
24
17
23
33
13
2
10
6
14
22
4
7
18
1
28
1
19
1
5
16
9
24
25
19
4
19
21
2
18
3
13
4
7
32
9
8
28
12
20
17
7
21
1
9
14
10
2
13
17
33
8
8
3
28
15
22
28
17
3
24
10
25
2
18
12
16
24
15
17
15
13
9
2
5
9
25
11
7
1
19
6
3
27
4
12
10
35
12
21
8
20
21
12
3
13
1
16
29
8
4
2
14
30
5
35
15
1
7
34
14
30
20
1
5
21
12
31
19
3
30
4
26
8
5
9
8
2
1
21
31
9
6
5
13
1
9
10
3
11
25
7
18
18
3
13
3
23
7
1
15
1
20
29
18
14
24
15
11
28
20
10
6
20
3
33
7
15
2
23
8
1
14
29
11
10
22
1
8
29
17
8
1
16
3
6
25
33
18
4
14
13
13
14
15
2
8
18
15
17
1
22
5
3
14
26
2
9
15
32
26
2
10
3
22
5
16
3
1
27
18
22
2
22
4
25
10
18
5
25
4
14
11
10
19
32
10
13
29
7
31
6
4
9
28
22
27
1
4
21
11
2
6
31
13
21
19
12
33
3
18
20
35
5
24
26
27
6
2
1
11
2
2
9
20
11
12
22
6
1
1
24
33
19
2
3
1
2
24
13
2
25
4
1
12
13
26
16
6
17
17
1
2
31
6
14
4
16
24
17
7
18
4
12
5
29
5
3
8
8
23
1
9
6
25
12
8
13
15
8
4
1
3
14
12
21
23
21
34
12
6
2
14
8
34
5
15
12
2
5
1
34
1
9
2
7
5
9
35
8
19
26
5
3
16
3
15
21
27
1
34
3
2
24
20
18
1
8
19
15
12
4
13
21
10
27
32
3
13
3
11
6
4
4
18
3
15
4
3
24
3
29
17
32
19
2
4
19
7
27
11
1
7
9
3
7
14
2
6
5
11
4
28
17
23
14
5
6
14
17
26
14
7
20
6
7
8
11
10
7
14
3
22
8
2
5
10
12
20
6
3
19
21
2
5
1
35
14
8
15
2
22
29
16
1
22
5
28
3
4
11
24
26
4
34
5
12
9
25
15
4
4
1
5
6
5
8
3
2
19
21
6
17
9
18
16
5
11
1
18
2
2
31
28
31
24
5
30
8
1
6
33
20
4
11
3
5
18
10
2
8
4
32
16
21
15
8
1
22
15
1
4
24
21
23
14
3
1
17
9
2
1
6
16
4
7
8
3
3
4
4
3
29
11
22
12
6
7
20
20
7
1
18
4
23
4
4
7
12
4
2
6
32
20
13
16
22
3
3
13
3
16
1
7
5
2
5
