27
26
4
1
25
22
9
12
6
13
5
1
17
23
19
14
3
16
22
4
15
24
7
1
5
29
13
5
7
24
6
15
7
12
9
3
1
16
19
34
14
23
8
7
11
3
22
5
5
4
21
5
3
25
10
15
6
1
8
23
10
16
20
15
18
1
18
13
31
17
14
30
18
5
32
25
11
1
7
1
9
1
23
12
6
8
8
8
9
2
2
2
12
3
8
7
11
2
15
20
3
2
7
22
11
10
7
36
18
13
13
25
14
24
6
5
31
16
26
4
28
14
1
16
16
14
20
19
12
17
5
15
31
25
21
2
14
14
9
2
22
5
6
24
4
5
30
5
36
27
5
15
31
9
6
4
7
16
15
31
7
13
28
7
21
24
1
17
14
13
1
31
9
4
5
2
8
2
14
2
1
3
23
12
3
9
3
2
10
19
8
9
10
11
9
32
8
1
30
19
22
2
7
22
5
14
33
11
5
17
9
36
19
27
1
19
8
7
2
23
26
4
25
19
10
19
5
2
37
1
22
19
21
19
24
18
19
33
10
37
1
5
23
1
21
2
9
36
37
1
2
36
15
4
6
35
9
4
35
32
4
30
14
2
16
16
2
4
35
16
4
6
2
10
12
25
20
1
8
33
21
7
12
5
20
24
11
18
16
4
3
4
11
10
36
8
2
4
7
5
22
3
11
7
16
24
9
12
24
1
2
35
4
15
4
34
24
13
4
1
3
23
18
7
14
1
7
10
36
23
14
14
9
5
3
11
29
7
37
9
9
15
10
19
5
5
9
7
17
13
13
1
11
14
1
37
1
1
1
2
4
2
27
12
26
1
13
2
8
2
5
18
24
9
17
26
1
23
18
2
4
4
23
5
29
24
6
14
1
13
6
21
10
23
4
1
10
3
20
21
3
9
6
25
15
16
1
12
3
25
36
3
16
20
6
10
10
23
6
11
1
31
4
6
7
28
17
17
24
37
22
2
19
3
18
16
15
12
36
25
26
15
4
2
8
3
15
2
16
11
33
5
32
6
2
18
21
13
14
3
22
20
22
3
27
10
4
25
4
7
13
2
14
4
2
17
2
5
37
13
14
6
9
8
34
18
11
18
17
2
11
28
23
15
32
7
12
10
4
18
11
18
3
4
8
3
3
28
12
7
11
2
2
12
10
3
32
19
22
17
33
7
10
1
24
2
10
2
1
12
14
15
15
28
35
15
15
12
12
6
19
9
14
19
30
20
34
7
1
37
4
16
16
10
1
30
7
10
6
5
8
21
30
22
9
12
6
21
35
6
2
10
30
28
5
6
15
18
3
26
14
15
11
1
22
1
3
5
17
14
5
8
25
7
10
8
21
6
34
2
11
7
2
12
4
10
14
18
17
2
22
4
25
5
3
3
20
37
20
2
15
19
5
17
7
3
13
20
35
23
16
14
20
13
35
3
27
8
12
16
1
26
5
2
16
12
3
11
8
36
8
7
33
6
29
6
3
1
11
32
12
15
3
11
21
20
26
7
8
3
8
4
8
13
8
13
29
33
29
4
31
20
34
5
9
3
13
1
12
3
29
20
7
17
2
15
8
4
15
27
14
24
34
4
6
10
20
20
27
13
23
2
28
35
26
1
19
12
16
4
10
9
3
5
3
13
2
9
29
9
23
7
34
25
6
1
25
3
17
1
21
13
23
12
8
14
24
15
21
9
29
5
14
11
4
7
5
8
30
12
11
13
18
11
33
6
7
27
31
5
20
12
21
12
23
21
4
32
6
17
1
3
2
30
3
36
9
6
2
21
21
8
1
16
6
33
18
9
16
26
28
1
16
3
12
6
13
6
19
24
5
15
8
5
19
12
33
30
28
4
1
14
26
11
14
12
1
4
27
27
7
37
6
17
17
25
6
22
3
8
32
18
30
2
26
9
7
11
13
17
11
6
17
1
4
20
16
28
13
18
8
19
20
14
18
21
15
1
4
29
6
1
3
19
5
20
11
9
9
32
10
13
13
5
17
35
11
17
15
32
5
15
8
18
10
22
16
1
9
33
6
27
7
21
2
11
10
1
3
7
25
13
5
8
31
2
32
26
34
8
29
5
1
9
2
2
4
24
2
29
6
18
28
10
13
27
4
16
9
16
7
7
20
29
5
10
22
8
28
6
1
4
6
1
22
3
3
31
24
18
13
3
14
10
20
4
11
8
9
2
35
10
6
4
11
34
31
12
19
11
12
21
27
11
12
4
1
15
6
10
3
2
13
1
5
16
34
17
2
10
