278,486
319,533,779
456,562,741
124,266,607
638,823
528,600
301,380,504
533,595,616
221,265,268
212,830
308,623
61,488
517,736
113,502,895
348,543
539,822,970
201,295,754
130,264,304
933,961
56,525
147,179,656
309,456,648
551,839
4,648,979
168,686
650,718
604,725
267,510
521,628
648,998
3,533,962
588,846
557,661
649,912
409,814
754,778
619,770
323,952
198,322,633
234,843
583,871
599,974
383,768
419,670,930
351,910,924
323,363
601,891
419,602
242,318
111,943
18,913
294,341,517
501,743
58,545,742
753,867
264,539,653
602,794
186,832
191,782
754,902
534,871
73,408,864
367,663
771,899
9,396,676
609,765
54,393
608,659
383,623
149,254
400,770
30,368,760
333,742
416,467
546,912
135,746
197,202,370
534,890
22,519
1,443
161,780
160,388,530
434,560
506,603
543,953
191,638
152,827
515,896
146,444
144,496,800
375,534
106,378
123,521
479,564
325,929
580,692,879
119,244,977
616,981
473,733
141,261
410,512
297,564
683,877
407,466,589
113,515
9,617
470,615
176,231
655,716
139,789,974
23,974
236,654,700
86,562
249,457
39,67,1000
643,982
66,999
659,772
150,529,944
893,988
444,685
665,843
183,779
73,314
31,735
28,232
578,983
300,789
117,517,811
209,794,903
378,584
446,684
251,313,737
214,315,831
486,596
89,365,749
13,959
88,930
45,164
48,646
478,490
787,794,965
118,875
874,998
20,56,432
573,588,966
449,485,750
64,956
109,317,352
368,616
734,996
97,237
462,671,963
20,393
501,604
420,660
315,327,385
234,457
496,575
274,857
4,733
51,606,825
272,710,990
762,934
299,983
797,833
58,879
944,978
317,485
884,938
250,363,634
32,369
686,915
734,960,967
65,529
661,927
10,903
460,542
339,777
394,430
220,651,772
380,691,889
341,787
683,806,827
156,647,963
222,355
41,365
891,915
77,271,815
499,983
444,683,735
358,880
180,995
183,894
799,882
229,435
264,337
241,687,871
99,224,956
469,755,880
151,162
644,725
114,180
745,823
68,640
9,937
154,587
65,336
493,935
353,554,823
101,885
16,620
518,643
790,894
120,774
165,263,588
183,529
732,967
879,933
567,581
613,833
602,635
133,234,763
881,935
394,503
43,278
57,418
196,673
591,749
252,607
1,556
179,222,748
720,818
189,827
376,775
524,528
489,710
463,567
235,772
39,44
174,391
176,523
284,390
189,354
624,995
135,400,408
397,447,907
636,799
556,867
48,708
39,119
140,345
420,513
764,841,887
530,936,955
19,245,604
818,995
298,638
306,451,834
832,929
407,697
365,643,765
441,757
771,832
1,131
746,882
106,417,616
43,163
518,559
111,343,372
58,606
172,984
661,804,940
409,712,905
236,885
101,163
106,300,842
466,475
7,256
700,985
52,531,768
596,876
791,924
556,982
224,329
197,512
89,774
370,574
113,375
633,902
528,954
314,637
577,621
321,863,899
27,361,871
251,869,924
177,655,808
68,630
227,378,456
635,905
268,424
519,640
67,71,177
324,908
97,464
404,620
447,450
312,655,949
122,485
786,868
186,598
959,979
314,656
147,277
294,651,701
635,680
584,999
335,448,486
239,908
48,514
141,767
506,721
91,557
467,470
687,737
31,942
464,917
317,404,795
444,868,882
11,496
4,154,312
373,787,839
146,326,405
406,591,950
405,670,900
68,119,637
564,632
168,395
262,328
130,529,772
136,316,803
318,762
78,828,864
113,630,872
35,88
399,808
235,844
50,268,313
208,347,992
435,689
15,517
444,516,932
682,922
288,943
43,550,599
574,691
373,960
462,980
462,765
247,448,941
661,687
93,512,637
211,227
12,651
587,895
483,581
499,839
207,234
511,762
149,794,911
282,291
68,119,286
69,877
230,780
214,613
402,551
161,826
472,639
582,968
564,597
380,895
109,258
262,884
262,421,766
320,768
433,696
667,817
3,906,983
151,333
3,129,795
787,978
223,609
565,726
190,419
43,629
757,794,923
179,576
473,560
430,660
112,984
317,426,991
355,697
674,947
324,499
173,198,685
9,522,666
285,424,866
299,541,824
424,716
141,250,621
11,43
264,983
280,451
584,650
63,253
54,421,550
508,661
402,750
560,659
293,366,378
121,703
450,457,953
507,564,573
56,366,719
203,358
176,307,418
243,438,699
115,241
374,720
560,903
163,624,918
415,632
147,697
11,615,1000
523,996
263,575
211,847,961
328,466,733
216,797,927
158,300
264,312
588,743,825
340,776,973
91,957
157,631,979
353,369,785
753,782
909,923
154,851
341,633
87,880
165,232
689,807
446,664
46,242,720
21,449,979
296,407
47,379
535,922
54,302,339
190,194,620
204,824
751,768
535,842
107,206
155,895
821,886
232,480,980
525,836,934
212,526,725
255,628,734
530,821,865
235,318,608
793,850
324,689
340,616
215,769
628,894
151,805
42,261
534,716
191,421,566
869,971
153,865,999
22,172,643
451,785
456,911
275,959
169,369
167,241,463
63,997
178,454,938
241,826
666,720
333,414
725,736
168,711
499,511,656
364,763
185,273,357
168,794
287,325
301,308,849
681,792
853,992
188,258
309,981
508,997
591,949
242,634
680,768
756,983
11,443,762
316,636
463,725
287,478
118,904
579,962
313,510,755
233,298,941
284,468
350,768
687,725
195,649
74,409
10,331
196,407,785
360,493
132,291,458
129,234,840
295,547
239,571
92,307,496
411,669
332,877
88,112
386,983
147,520
11,346,358
105,544
37,418
275,856
652,747,832
366,739
79,95,945
427,446
36,217,559
501,661,719
193,291,404
82,559
805,921
155,419
179,450,959
661,824
68,355,408
206,312
659,697,818
70,289,529
34,387
273,304,353
187,483
428,746
45,506
625,906,949
636,805,860
928,947
301,493
153,577
80,574
593,950
194,341,701
142,804
836,927
218,381
335,363
726,842
627,665
85,257
773,786
563,599
426,533,566
914,958
188,356
362,436,722
162,499,763
632,775
439,738
409,416,608
394,830
51,290
549,904
42,939
28,125,900
249,601,842
67,222,916
166,907
346,705,940
125,212
434,484
766,799
401,575
443,472,923
179,403,907
306,641,756
223,786
175,383,535
300,363
314,626
355,699
167,252
97,852
612,867
288,918,943
195,767
62,900,920
34,689
172,916
324,618
52,328
176,248,733
250,330,660
394,552
597,656,776
636,704
10,236
164,475,769
253,438,533
512,892
116,305,643
216,387
102,379
339,759,790
486,968
168,328
606,655
92,887,983
509,724
28,297
519,731,897
948,986
821,967
284,341
338,895,978
296,344
801,898
510,659
500,768
261,711,923
435,911
148,261
417,524
426,859
527,995
425,913
564,961
205,380
387,661
99,273
54,218,918
287,581
179,521
101,135
136,348
169,827
621,813
472,746
238,989
164,807
294,421,561
433,506
81,600,638
416,945,992
368,537
313,459,620
441,451
226,615
55,642,727
793,850
80,254,741
128,366,949
616,801
256,861
26,326,618
61,864
245,328,744
550,913,919
161,503,721
617,884,906
10,317,802
118,145,349
55,395,944
470,943
9,406
299,366,839
259,313
406,775
771,840
239,240
5,11
34,400,956
153,366
134,239,325
329,378,769
433,839
163,208,286
101,521
471,615,859
1,764
455,820
96,439
438,529
628,956
154,354
75,217
543,957,966
10,813
159,354
220,541
82,382
36,46
487,824,968
7,718,901
17,92
124,226
503,973
689,711
407,464,613
426,450,663
26,843
367,450,538
32,432,509
144,268,580
243,703
149,383,395
309,635
34,838
190,561
243,370,653
102,152,871
503,789
484,766,792
338,507
171,988
185,206
190,520
513,751,766
208,495,607
446,876,960
72,734
467,742
167,513
372,528,971
155,975
99,140
175,681
196,767
195,262
821,831
517,523
78,358
526,967
579,693
1,455,705
329,586
56,633
121,858,877
215,682,862
192,956
339,386,516
387,399
493,807
292,683,882
762,870
36,924
666,733
67,92
219,421
810,846,971
269,837
84,145,656
123,357,600
568,578
647,942
121,638,707
65,180,960
329,777
519,849
329,796,913
97,880
135,334,583
340,593,634
261,500,697
177,617
306,556
417,732
43,295
158,267
91,687
693,888
278,688
964,966
200,780
459,877
174,547
274,660
228,809
148,824
351,759
304,405
547,689
553,712
128,514
141,562
315,392
60,622
323,394,495
686,934
467,923
121,359
208,229
340,912
320,397
157,238,700
105,556
327,778
81,746
412,627
696,882
78,202
122,817,866
408,913
169,239
502,515
41,48
277,439,896
119,566
146,270
170,180
73,983
435,709
147,719,950
116,291
446,472,1000
207,254,545
18,309
616,925
444,460
21,55,800
383,773
299,451,917
26,804,887
596,631,817
796,949
67,393
615,918
44,420,485
323,614,974
353,976
410,912
554,769
629,746
80,481
768,783
65,842
99,760,941
460,841
435,703
291,949
47,325
280,510
473,903
305,346
244,899
58,294
168,464,863
45,678,952
324,914
42,822,859
296,839
386,647
387,814
344,832
362,885
462,522
164,173
95,310
137,232
32,642
117,248,895
556,805
177,511
74,203
419,631
67,484
114,265,639
401,405
426,550
361,403,675
111,485
3,828
240,351,732
93,194
58,183,958
413,876
578,719
755,991
260,517,639
406,546
623,630,996
146,945
170,817,934
456,636
33,211,697
477,890
374,786,936
334,954
72,905
89,622,685
214,651,853
684,937
134,969
49,69
59,225,428
270,461,833
195,588
472,838
340,458,501
505,537
42,432
150,469,546
235,824
128,456
806,974
437,621
148,703
595,919
348,897
164,180
45,811
257,713
473,991
540,543
230,644,744
956,984
617,994
84,405
276,826
5,550
149,182
512,780
638,681
6,530,790
172,784,813
426,435
137,423,679
883,980
357,667,934
754,963
23,305,452
424,470,712
468,907,967
86,584,784
175,435
70,237
597,750
545,654
108,422,709
32,86,676
294,998
490,605
175,473,657
810,851
44,794
308,875
632,640
386,763
53,343
402,705
424,484,774
549,658
344,681,777
307,967
540,556
11,165
247,419
256,812
302,385
734,964
468,965
222,816,953
451,733
61,195,254
322,423
817,942
457,493
49,370,864
240,243,271
282,436
10,206
79,277
894,930
464,645
258,333
56,128
705,771
371,873
17,34
93,299
595,645,665
488,868
486,612,920
89,385
939,950
308,385
71,303
94,482
34,773
90,750
422,603,997
842,898
481,490
103,706,747
420,572
464,952
696,915
692,723
225,499,591
557,598
126,718
606,673,933
594,944
310,330
170,178
332,391,688
27,116
242,877
508,535
137,403
430,746
188,513
236,943
110,799
166,278,389
869,891
386,909
158,263
384,531,609
89,620
226,548,651
21,873,957
651,693
277,349,487
153,565
85,748
590,800
221,249
373,777,868
187,416
159,662
231,294
312,671,749
96,103
290,405
58,777,961
678,745
211,657,997
213,824
386,641
246,473,853
580,922
418,568,643
132,946
118,685,803
120,980
374,847
782,999
674,876
421,894
504,828
237,757
161,286
99,825
103,997
593,813
90,339
380,641,883
106,892
88,556,564
40,209,638
679,878,962
4,782
110,642
727,814,994
27,208,294
90,151
460,820
74,159,972
120,414,578
51,249
44,516
225,722
218,449,907
261,780
242,684
87,377
867,934
541,566,813
403,515
325,638
269,954
221,445
499,733
25,403
763,890
529,535
401,474
334,948
530,713,930
902,924
241,422,577
391,519,873
169,627
482,656
133,815
713,816
73,848
457,494,528
132,245,973
577,780,971
258,746,846
333,373
10,681
84,197,491
756,770
64,196,739
35,978
106,200
632,651
101,654
609,913
671,712
367,836
49,409,719
273,509
43,597,624
243,746
717,746
85,163,447
658,766
347,442
53,783
176,484,621
286,940
557,675,723
112,634
354,526
710,918
21,649
564,958
532,715
246,658
525,692
335,389,479
274,495,639
434,989
403,551
695,945
600,670
105,498
432,937
794,854
185,685,982
659,770
554,605
504,657
391,610
532,710,917
131,289,969
943,960
168,659
107,644,664
384,495
256,879,933
346,992
689,706
25,998
429,593
482,980
178,267,838
246,490
466,925
43,351
246,349
176,376
147,432,769
214,374,961
131,343
299,587
240,308
531,807
150,782
394,511
36,74
190,247,607
271,421
590,660
55,473,923
92,491,627
620,816
363,539,867
653,767,926
346,375
104,548
297,507,611
297,563
589,707,820
463,701
332,932
922,965
332,544
132,432,654
322,506,559
259,295,736
116,777
471,962
180,730
101,559
224,624
138,867
91,284
955,970
559,992
677,853
315,695,707
79,319,588
202,341,938
122,972
40,568
163,389,953
262,917
55,488
95,574
224,381,933
394,942
209,353,705
206,901
370,656
65,369,731
470,903
309,311,870
111,652
637,755
266,834,943
441,784
9,703,814
142,437,872
215,663
356,633
24,965
174,442
247,448
207,661
307,503
107,995
65,189,256
16,604
222,490
97,270
394,714
204,931
593,791
521,557
143,221
690,861
435,788
746,920
224,580,866
402,932
25,282,610
93,937
93,182
371,922
508,525
197,210,419
173,644,736
29,929
312,664
410,845
46,463,931
336,635,899
662,958
137,984
216,296
145,613,939
103,429,487
553,605,634
208,852
221,725
198,933
149,642,649
78,162
214,830
348,675
871,986
276,309
145,632
391,817
229,983
374,616
647,863
157,903
79,775,818
249,629
368,756
319,941
90,234,843
168,472,635
360,639,673
112,633
345,616,617
509,578
72,645
542,566,862
449,663
513,974
32,789,811
21,815,969
171,371,811
154,740
217,223,340
11,465,640
59,289,716
360,902
67,628
199,482
466,699
211,481
266,341
638,959
946,964
141,351
133,213,280
446,471
109,916
353,509,928
71,230,505
427,965
82,576,978
363,871
740,981
222,367,669
111,606
422,621
837,887
152,418,637
108,711,884
454,653
85,296,714
504,591
592,683,990
50,352
23,825
131,355
615,640
202,263
77,265,407
395,666,677
621,915
43,994
509,863
71,857
641,675,938
212,416,672
225,621
781,818
75,611
429,661
507,817
509,944
725,851
191,194,952
156,623
753,838
81,752
544,731
264,284,945
21,435
135,300
120,303,492
394,932
181,695
453,641
640,807
149,510
105,629
241,430,509
79,354,955
72,363
361,594,623
156,242
89,915
12,520
8,455,980
543,814
309,543,665
356,882
35,718
296,461
93,337
112,119
79,516,709
582,663
3,409,814
340,802
469,673
101,179,966
632,818
558,898
2,636
644,978
970,974
155,361,685
202,280
191,779
724,945
484,825,885
123,131,775
160,449,700
314,767
697,728
408,828
167,427
765,854
407,746
141,153
104,846
76,150,429
691,901
24,813
242,462
160,545
206,306
106,812
578,891
326,831
538,543
332,526,837
196,496
392,576
840,973
70,489,724
97,890
724,762
838,940
533,978
144,807
347,855
330,634
531,868
426,599,885
289,523,768
123,569,709
119,659
509,727,832
378,721
45,917
247,692
758,853
6,200
260,720
166,484,812
777,887
178,416
292,678
313,352,541
162,529
249,372,538
232,661,831
255,965,966
358,579,813
237,642,950
63,186
390,773
301,633,957
202,509,896
855,996
476,536
276,714
249,265
83,543
310,323
483,914
55,60
19,111
527,623,826
59,244,546
202,781
27,303
22,622,952
92,161
140,586,743
158,790
501,654,913
66,825
90,205
472,838
122,431,991
157,847
513,837,886
511,602,680
351,643
248,809
279,679,789
548,612
731,801
5,371
75,499,733
751,899
37,830
426,526
82,451,482
329,869,897
363,768
308,488
355,478
354,417
285,357
44,249
189,940
281,571,616
375,911
95,295
306,353,795
654,875
420,563,748
230,480,578
41,520,646
90,146
126,422
392,520
440,490,911
130,512
183,252
419,827
525,729,817
45,279,931
822,950
305,745
18,223,348
63,228,920
394,683
454,983
42,674
215,631
219,677
108,916
147,653
291,594
498,561,939
118,525
228,971
281,298,716
94,356,603
506,594,974
45,797
287,436
82,621
221,480,559
606,862
180,276,700
720,809
40,107
178,514,998
454,966
24,260
821,961
50,156,598
667,742,924
253,621,920
287,946
69,673
45,826
210,656
848,947
151,313,318
19,331
575,690
75,751,842
69,672
549,652
128,436,891
298,766
255,538
619,900
253,319,464
114,895
655,776
94,624,755
883,893
16,383
171,587,678
377,627
289,830,957
413,732
337,946
3,205
137,890
205,394
197,405,512
612,639,905
250,441,576
197,427
318,747
90,824,910
939,990
469,575
271,421
730,733
451,792,867
94,721,919
336,951
105,110,467
47,384
255,828
302,367
48,669
338,467
247,371
422,698
312,897
122,933
737,793
238,278,322
294,857
283,396
383,410,976
445,850,963
439,846
567,786
156,896
375,839,864
414,552
36,805
457,479
17,736
212,245,986
256,427,460
344,954
27,641
372,428,592
361,830
701,902
178,792
236,302,376
19,305,745
540,564
537,741
778,863
223,447,898
139,904
224,734
283,414,487
65,867
101,484
416,770
181,242,243
187,533,776
77,241
234,715
184,383
576,634
690,993
471,550,849
54,351
36,104
160,740
550,619
746,828
408,697
21,901
47,893
364,939
82,531
87,150
563,976
394,813
72,916,957
395,445
655,970
414,819
59,186,856
180,401,463
104,231,363
298,835
473,782
204,854
236,446,606
206,240
386,758
59,726,755
164,209
239,471,836
830,838,962
559,610
183,528
485,783
490,702
481,692
585,965
282,988,998
287,928
359,811,906
115,126,486
138,456
616,740,954
352,434,943
327,453
315,453
638,967
116,693
533,736
360,374
548,833
748,768
111,815
86,787
407,697,707
253,609
861,898
3,399,489
144,383
597,692
863,906
417,615
263,820
333,387
709,774
970,1000
506,972
128,962
157,458,683
30,508,704
286,824,867
363,494,755
101,686
363,475,988
384,821
61,383,717
175,354
547,786,912
417,530
205,375,555
362,409
87,130,280
16,54
262,511
221,267,755
145,666
992,994
541,569,708
209,261
477,860
38,245
16,28
829,868
633,830,915
635,719
398,536,999
30,674
67,538
956,985
534,818
139,315,462
32,191
162,923
11,859,908
630,850
200,352,607
502,956
267,469
21,804
110,383
411,611,879
902,995
470,542
38,472
5,104
323,614,733
487,489
261,947
400,554
729,843,989
372,424
60,398,556
170,999
115,732
197,211
620,756
340,570
589,775
309,591,679
545,594,895
437,679
59,188
591,702
9,906
334,597
189,403
527,639,797
42,743,780
691,755
38,176
591,680,733
546,914
283,534
140,371,912
11,339
38,350
423,583
254,413
725,878
654,845
407,758
24,543,884
520,856
139,527
31,990
730,882
820,864
145,321
41,360
674,865,943
793,977
595,933
71,127
187,505,852
333,907
437,475
416,641
275,465
439,446
103,272,480
128,664,685
152,363
159,954
499,916
42,70,782
111,439
378,683
413,489
159,215
144,869,987
234,410,551
783,971
621,820,847
13,797
718,904
422,546
398,761
197,588
655,796
218,573,971
190,336,462
146,727
274,579
574,720
124,356
112,542
181,471
381,516
540,682
405,753,980
158,406,757
359,373
327,585,928
229,940
577,948
889,917,949
390,710
874,920
326,720,986
162,511
79,186,930
516,862
32,285
310,413
223,454
32,57
342,468,471
662,908
220,914
379,518,549
262,977
41,963
219,695
356,684,975
482,585,595
510,665
184,469
243,263
147,274,394
741,860
564,700,791
322,428
404,738
190,343,479
193,230,751
28,369
79,530
154,266
581,705
112,371
294,425
427,835
640,861
440,462
337,724
262,691
80,717,917
230,561
61,843
39,215
130,428
258,605,685
513,754
705,711
353,409,491
311,980
132,525,590
474,732
270,808
315,322,578
389,733
269,631
3,529,944
547,716
461,620,951
480,550
712,986
195,216
796,840
247,640
380,952
129,887
645,664,963
472,689,976
144,508
664,974
114,453
502,970
208,423
393,900
51,425,976
69,90
741,789
612,622
817,964
291,726
210,763
668,707
6,876,991
461,790
179,910,968
124,306,344
223,264
887,944
388,682
636,995
631,712
587,857
242,418
599,865
72,206
168,546
76,105
712,749
476,752
102,225
626,793,813
931,983
257,611
632,832
30,37,914
536,591,694
137,736
687,962
38,66
25,47,852
151,558
47,71,282
72,461
52,915
39,409
224,367
57,209,725
799,893
90,451,703
8,387,722
267,746
620,881
3,863
445,955
288,289
313,379
226,645,721
78,705
52,63
329,728
131,791
508,571
100,751
246,890
106,215,847
680,792
339,641
409,931,968
258,948
106,381
105,471
56,503
376,596
57,807
33,178,387
621,925
642,711
137,593,845
248,513
107,333
224,316
240,787
508,599,654
327,753
220,733,868
226,501
160,932
117,118,827
393,692
46,72
2,613
90,657
333,336
2,894
643,732,998
28,759
214,801,892
113,714
762,896
31,167
69,135
367,590,892
103,498
312,378,852
451,884
772,788
333,978
435,747
268,650,806
818,863
361,829
586,619
287,697
429,863
553,851
135,260,416
109,680
18,808
730,984
803,875,996
437,572
316,354
435,685
203,462
319,523,960
56,265
724,828
358,374,502
395,837
432,585
548,737
145,146,546
699,820
539,700
169,281,817
97,433,649
399,763
433,534
419,430
89,462,568
516,963
348,848
383,939,945
264,504,912
222,844
155,458,826
4,338
123,339,991
9,968
117,180
43,49,586
555,875
159,754
175,505
182,195,724
37,809,872
916,966
440,703
355,896
183,691,855
23,803
635,895
310,980
607,803
303,401,833
841,869
521,734,987
140,148
387,929
323,598,605
388,901
469,551
215,658
204,261,985
528,670
522,619
13,40
90,412
477,491
274,389
106,358
111,908
597,777,882
400,804,868
688,707
487,690
480,888,921
273,398
155,942
221,360
547,900
363,366,504
79,897
389,508,674
646,687,725
279,736,745
255,385
102,152
372,929
416,645,988
298,337
198,839
464,608
870,890
450,631
1,911
184,484
299,767
792,868
196,420,629
411,481,632
609,660,709
191,957
434,963
279,752
283,958
409,690,757
479,752,919
504,657
657,667
220,400,529
617,655
385,394
442,458
576,860,869
235,567
119,576
109,564,743
707,755
207,261,386
329,340,740
275,331
717,936
863,937
321,867
606,631,821
588,606,927
417,561
113,223,917
447,936
311,719,989
387,709
158,360
150,196
845,933
523,612,751
7,22
492,562,658
55,652
72,418,523
33,621,995
301,383
628,708
499,888
445,540,795
623,736
39,878
660,776
70,73,543
620,812
8,911
234,705
128,886,905
57,167,531
215,325
139,503,664
234,750
660,779
476,616
27,712
535,616
234,657,977
214,315
152,823
620,996
243,696,737
288,684,908
439,841,927
304,947
318,640
363,378
756,973
108,871
276,787
47,622
333,604,931
223,433
373,824
132,526
334,369
18,102,892
408,840
302,417,588
826,948,957
193,477
61,541
266,882
13,47
637,889,994
753,808,868
516,987
127,654
87,237
103,119,782
574,808
702,733
370,763
160,302
33,536,672
94,338,639
336,579
369,545,879
456,502
368,435
156,929
341,604,813
126,805,953
47,136
477,889
160,967
317,616,894
354,452
531,833,871
310,442
813,820
254,522,796
3,894
172,795
91,357
55,510,723
12,597
816,817
848,977
163,489
324,840,912
71,312,578
839,909,926
384,785
409,946
552,962
518,605
309,509
403,851
240,596
5,910
135,648,694
756,848,870
17,498
285,674
43,927
101,657
242,299,645
124,222,475
750,805
336,930
483,683
310,313
837,940
584,878
57,594,896
10,544
409,656
149,513,917
55,73,762
438,473
69,598
679,978
53,529,763
441,475,570
716,950
140,706,779
327,467,757
446,783
334,481
30,315
87,273,755
298,481
243,652
567,642
430,570,577
27,230,852
90,189,599
610,982
619,988
23,647
48,206
20,804
517,893
210,299
426,669
425,817
121,954
100,696
257,575
307,606
716,906
105,826
227,267
432,457
696,982
406,902,968
126,393
265,471
57,541,779
140,170
307,957
833,962
211,619
379,737
34,747
439,736
238,743
94,273,574
515,592
251,759,775
906,935
247,816
486,719
25,722
8,146
179,191,948
637,799
318,743,819
65,329
189,508,894
863,949
111,302,317
88,555,933
616,638,714
405,815
302,508
327,979
86,120
376,961
75,130,375
176,683,766
372,643
95,336
763,810
122,393
205,604,912
62,330
333,942
396,542
226,806
400,930
6,62
2,272,519
624,818,933
76,546,574
917,945
736,792
156,982
23,180,634
42,169,403
182,217
93,735,747
717,766
99,430
772,815
513,536
106,327,376
170,865
376,801,897
60,833
176,325
224,263,785
3,225
159,817
185,587
631,841
348,409,950
218,654,714
400,691
23,515,737
18,615
57,817
487,798
717,804
204,990
6,96,631
651,900
374,704
355,597
16,327
253,260,436
406,867
92,515
307,749
430,482,992
26,400,923
261,699
185,382
207,290
382,905,935
160,666
432,528
248,291,797
92,162
416,710
809,921
12,957
529,554
101,245
740,876,967
340,479,955
149,241,324
51,286
75,238,987
751,834
301,721
18,795
92,911
248,955
237,775
658,901
56,110,734
181,444
574,690,710
80,865
797,799
512,815
73,202,833
133,543
45,242
76,534,909
321,977
795,949
350,403
53,806
724,771,830
385,834
500,672
825,972
676,813
41,368,983
58,222
266,954,983
568,577
353,489
208,318,998
695,863
707,716
78,132
37,293,789
118,989
339,847,956
168,419,455
68,829
20,460,694
254,383,441
521,628,897
226,696
180,792
98,347
116,385
662,687
187,307
41,170,312
37,982
211,964
351,508
397,772
292,611
170,418,598
375,759
69,486
66,615
204,256
137,443,783
302,367
377,949
773,789
358,806
41,517
216,261
101,344
490,792
139,370,469
273,723
180,793
165,189
573,822
418,877,984
450,704
822,849
103,385
534,968
285,571,916
448,584
76,348,377
54,674
85,471
647,718
534,571
646,685,877
413,571,624
241,366,838
212,531
2,249,290
162,992
127,585,848
227,532,876
140,256
77,418,854
73,637,911
157,939
725,986
73,287,680
510,792,940
320,681,721
77,177,492
26,155,875
370,758
445,576
274,854
173,388
358,737
188,252,752
210,433,618
602,773
620,706
7,31,620
527,591,761
96,169
63,760
438,546
222,519
342,980
22,845
593,824,887
637,889
197,512,782
27,226,562
628,859
223,453
556,664
263,542,889
140,557,605
478,928
75,460,979
375,898
517,744,961
105,250,721
15,779,803
32,321,650
172,836
239,508,542
244,788
25,128
212,761
195,243
8,273,824
221,252
175,658
428,758
242,492,609
592,986
372,953
616,919
284,511,992
340,869
346,767
469,735
222,319,343
496,637,697
572,935
478,709
105,421
495,664
858,905
16,192,604
280,368
319,413,585
33,524,595
93,407
499,691,980
96,299
366,875
118,141
658,720
323,366,826
20,266,961
233,974
169,431,479
122,685
435,573,890
49,120
347,498
365,695
727,918
834,957
314,581,717
688,831
174,827
686,916
309,879
396,643
445,540,740
372,385
714,929
922,952
473,999
696,784
517,967
535,806
863,923
43,930
446,448
526,885
626,643,990
517,788
71,603
811,942
626,854
151,745
220,280,794
85,647
603,934
88,903
205,716
504,833
125,791
137,138,764
84,756
340,968
363,412
541,608
396,913
445,735
237,773
401,415
264,629,816
386,889
597,743,945
156,436
36,60,139
157,732
13,367,829
457,672
151,463
167,229
198,201
509,870
308,893
487,613,887
296,391,632
642,730
602,912
525,627
302,684
416,900
225,786,792
12,718
59,145,814
405,787
514,620
552,858
37,860
46,667
231,739
74,106,189
146,719
569,661,824
364,401,537
15,623,982
180,536
49,380
8,843
279,645
105,357
494,892
332,522
291,340,617
156,408,926
100,620,962
508,966
557,908,961
18,656
16,113,318
890,990
426,866,979
291,421
85,898,971
179,638
260,718,975
476,999
321,785
34,390
147,202,706
190,430
369,778,899
250,369
449,819
748,749
59,543
199,868
5,415
79,520
694,885
831,908
192,233,351
325,444
41,648
90,567,880
468,600
469,719
238,641
125,324
493,624
354,571
337,397,945
62,783,862
826,895
198,362
61,306,949
439,779
110,448,550
114,226
365,664,926
713,806
136,468
247,273,557
384,422,921
986,998
671,752
694,936
689,965
89,153
307,385,423
106,332
330,398
727,853
309,326
274,810
126,536
144,223,229
288,494
286,848
501,700,955
286,326,767
394,952,957
459,737
30,238,734
732,818
868,923
286,613
142,795
40,858
186,269,712
464,637,899
37,856
747,889,936
160,164,972
168,808
272,392,779
21,218
19,564,913
4,34,225
560,824
673,686,835
65,528,956
281,421
440,673,843
806,812
284,568
176,413,764
94,462,995
304,987
408,461,634
15,45
340,540
161,620
819,826
431,554,595
138,989
161,951
486,943,964
216,557
208,820
493,517
91,793
551,815
792,929
217,258,404
271,580
327,372
293,665
700,896,940
518,623
177,322
488,617
73,772,911
377,928
795,870
125,459
115,747
27,220,872
109,723,796
111,252
189,570
768,857
802,908,973
208,248,437
402,942
262,753
339,876
459,737
173,800
54,986
288,695,932
567,709,917
277,473,840
478,498,980
202,488
59,724,916
232,759
385,549,671
174,249,439
234,390
143,378
94,639,819
304,380
39,842
387,454,926
513,829,835
282,905
21,914
519,958
126,227
399,416,429
323,853
357,408
174,186
394,658,797
95,985
20,581
521,847
403,817
769,777
364,496
43,509
711,858
54,605
4,690,753
209,399
148,408
361,458
548,770
446,849
89,161
483,936
402,865
292,893
412,642
394,867
198,353
146,641,675
419,837
97,668,796
3,397
300,453,972
325,683,709
105,791
808,926
704,844,849
548,781,882
423,513
325,402
95,480
591,874
659,757
138,719,906
331,778,960
286,528
217,334
417,570
222,861
562,804
490,904
139,205
432,486,524
245,732
168,717,863
98,652,685
113,212,974
240,297,588
355,564
607,787,833
588,836
412,824
237,618
8,591,782
536,931
192,403
376,606
54,125
194,307
31,935
2,780
114,120
350,394
85,339,393
212,320,806
397,933
97,262
650,973
883,958
758,762
268,493,701
207,301
347,889
238,334,969
286,384
433,474,930
616,791
590,958
17,209,928
26,244,649
472,730
109,357
178,617
1,390
168,242
616,913,987
490,739
83,554,659
597,845,866
653,746,909
278,598
271,760
311,380
554,887
280,878
218,296,672
670,759
481,684
245,601
242,807,827
763,800
508,550,965
26,171,938
76,453
399,458,748
396,692
37,46,573
447,862
58,282,580
171,428
230,492
93,722,733
382,495,545
275,894,930
363,537,948
406,510
523,634,999
191,699
546,625
321,454,928
145,174,823
22,565
316,494
765,826
294,913
74,484
460,596
645,768
31,117,808
293,498
5,660
38,587,647
322,392
234,275
617,906
138,554
416,879
138,284
763,907
352,729
234,903
201,353
604,616,735
50,323
371,929,971
133,195,727
250,898
339,972
438,810,952
349,767
199,442
756,966
350,414,893
59,223,324
455,899
481,602
845,859
150,763
80,304,703
245,517
90,756
53,536
85,159,339
705,939,944
591,995
106,665
272,530
752,878
211,346
327,849
56,476
103,148,271
682,844
366,693
235,877
345,445,452
506,869
367,445,628
200,507,672
334,986
539,838
243,665
326,975
119,438
44,446
122,790,888
239,335,790
698,751
508,651
53,783,891
427,757
727,730,800
21,498
69,261
591,795,832
351,481,530
366,493,644
33,84,243
8,438
107,338
495,855
261,505,522
408,995
602,947
305,401,882
76,848
222,421,601
490,790
42,413
179,847
49,128,809
345,392
249,798
55,204,263
19,841
190,734
286,659,949
230,754
2,67
264,389
557,701,854
433,634
931,946
269,696
108,356
382,731
376,586
42,742
635,707
344,468,913
89,604,824
77,291,803
68,304,724
424,484
221,379,737
144,488,829
734,840
837,992
359,633
693,754,795
296,686
26,625
789,932
153,475,999
402,486,734
330,687
339,918
593,690,946
505,510
48,117,203
28,565,975
291,766
340,936
86,858
267,705,863
545,601,674
95,100
544,738
249,507
411,638
114,478,969
390,500
678,699
715,884
464,754
389,452
352,846
33,702
320,522
344,797,844
17,380
165,707
20,945,988
424,615
175,771
14,357
137,483
565,867
187,854,901
235,314,504
411,783
784,895
96,684
2,991
219,339
105,458
445,505
211,949
102,293
260,853
659,881
328,763
407,914
41,45,562
468,654
137,950
410,762
54,249,818
271,933
28,968
222,302
106,449,748
841,975
98,331,759
243,767
442,563
784,966
187,190,765
269,862
334,672,860
420,513,610
53,409
473,760,968
383,508
708,985
124,224,699
910,965
146,980
324,589,767
6,551
680,928
166,968
32,228
458,858
418,919
179,526
131,398,844
126,265
106,864
323,851
205,723
213,216,716
563,601
712,779
299,608
123,545,862
53,473,519
47,386,425
898,915
63,907
92,326,887
136,914
138,511
838,886,922
140,152
475,633
64,523
599,894
326,717
536,548
167,339
169,452,929
584,834,935
535,695
1,62
173,992
89,948
785,851
77,188
265,348,998
424,922
96,285,331
276,608,722
151,191,921
277,444,723
280,482,843
159,249
286,492
110,611,780
106,501,672
179,722
316,554
215,236,526
402,468
23,173
124,787
869,1000
537,861
74,571,586
819,935
207,627,755
274,589
695,782
208,303
78,409
76,710
12,117,698
234,407,654
853,933
97,632
604,819
48,702
644,805
225,299,469
49,265
10,606,669
487,653
695,732
26,256
90,370
812,977
91,788
150,788
314,815
244,386,911
663,801
175,254
603,928
266,1000
432,601
650,792,986
155,856
396,694
144,780
29,285
27,506
553,685,875
24,720,998
14,798
291,303,952
310,545
74,624
378,875
147,699
115,462,621
242,664,850
223,477
473,655
246,928
322,836
565,690
242,480,999
631,988
136,156,304
350,923
466,900
856,875
37,442
470,930
287,815,946
4,311,785
94,399,507
847,955
536,962
119,286
255,388,879
73,95,507
590,821
282,895
718,876
13,31,891
90,911
178,793,986
658,714
121,254
31,292
619,789,920
689,699
311,574
118,570
496,773,938
46,859
45,986,998
497,835
136,855
332,344,692
283,500,959
411,825
631,841
232,549
366,482
178,440
114,156
121,568
642,840
258,683
157,535
43,533,570
132,914
128,754
19,85,743
66,528
29,180,476
79,434
42,873
477,608,899
73,412
28,972
717,786
363,527,587
140,879
224,297
38,972
24,550
639,948
671,739,993
107,125
523,741
454,472,668
669,898
838,880
255,521,910
20,632
12,531
16,668,877
119,599
106,255
457,620
269,508
181,439,601
646,780
394,505,962
71,108
13,350,811
5,315
425,924
161,646
455,696
156,229
1,690,912
186,670,810
122,873
398,676,871
252,840,970
3,489,889
389,855
220,795
312,414,443
373,436,637
431,742,932
9,750
275,615,648
153,517
422,480
247,956
217,294,305
82,784,921
280,477
224,335,445
676,801
553,561,884
420,560,614
137,999
153,1000
62,692
562,610
14,149,935
204,839
360,517
721,854
166,672
66,595
57,88,442
225,644
648,956
589,881
252,453
21,909
785,827
67,776
493,620,718
64,663
665,689
536,799,1000
531,894
8,706
428,627
14,330,645
55,727,763
33,148,271
263,692
362,984
296,449
387,615
101,357,648
141,756
452,494,501
120,418
214,684,835
612,733
240,290
702,911
780,800
183,844
166,535,550
25,437,875
21,382,452
657,675,771
561,603
125,542
529,690
238,789
142,756
393,497
193,639,962
443,946
186,397
108,976,977
344,795
176,886
137,773,932
82,145
481,580,770
12,45
90,771
212,510
134,702,711
72,993
178,243,754
183,786
701,837
188,221,717
392,548,712
84,912
210,864
58,165
197,825
885,888
49,375
89,781
318,657,665
784,807
97,472,717
134,249,271
33,711
329,723
328,395,771
187,712
176,728,931
194,646
207,788
10,448
660,937
73,867
124,678,857
426,486,640
188,265
282,854
276,767
87,407
79,629,922
228,881
381,929
19,251
28,74
13,414
298,714
546,717,887
133,820
297,472
542,995
493,531,626
6,916
657,884
838,871
290,865,961
281,300,902
469,554,594
798,854,874
233,682
285,695
130,419,635
211,452
507,923
92,144
164,478
151,856
395,785
401,691,719
20,432
841,844
66,842
298,967
510,814,863
49,927
190,997
307,664
58,634,911
95,701
193,911
10,101
16,155,721
166,750
140,427,748
325,685
48,305,803
561,851
321,969
15,514
355,636
382,886
295,464
220,770,994
390,685
354,486
581,778
220,491
620,770
304,808
149,433
44,431,434
651,856
798,869
124,620,685
359,811
375,917
69,575
347,642
914,915
91,805
722,940
467,779
711,980
31,687
201,308
211,773,945
10,729
190,219,838
78,93
168,804
829,970
389,890,933
272,367
813,819
87,478
318,376
65,468
370,697
239,907,965
147,617
221,313,537
83,668
180,282,737
67,325
500,885
247,572
10,835
324,383
457,905
61,838
352,662
239,416
84,364
362,503
425,930
531,689
458,728
284,383,666
51,238,516
89,538
254,999
291,642
533,852
99,445,571
319,971
267,534,815
130,589
240,949
837,989
85,614,888
49,410,717
622,896
793,853
53,355,554
174,417,667
513,531,714
190,207,574
160,674
76,400,734
276,319
445,564
600,873
640,795
90,630,863
156,604
130,761
70,130
430,711,839
304,566
137,295,378
638,834
354,907
524,632
312,816
66,418
127,842
166,700
711,792,819
26,831
250,371
144,618
269,526,597
50,155
316,966
347,460
41,685,984
159,449
62,481
185,274
757,907,928
397,494
825,987
303,553
726,781
726,934
235,311,710
534,746
150,190,809
163,866,908
403,768
376,434,835
700,938
213,653,734
571,588,674
268,359
218,550
336,691
530,835
273,536,922
232,433,805
211,569
163,206
111,601
9,733,843
295,844
413,916
172,217
105,111
112,958
516,958,968
190,639,736
300,573
361,613
91,851
377,979
123,366
9,555,569
238,966,971
432,651
256,813
146,433,532
519,976
14,942
18,429
465,557
143,229
305,658
277,767,880
278,821
239,836,869
658,951
603,986
325,485
628,704,841
463,480
70,349
137,691
81,228
174,285,381
272,568,772
227,617
70,498
328,899,945
172,725,915
194,810,886
136,663
86,95,954
14,75
408,740,894
324,686,965
652,785,944
355,504
205,635
319,540
765,767
515,736,850
166,598
434,546
302,545
669,801
128,616
89,364,709
202,287,782
514,675
599,625,735
48,112,248
612,833
359,798
599,704,738
696,990
408,591
832,944
209,860
508,941
869,870
115,514,957
131,296
1,857
230,355
218,586,713
240,317
232,846
461,679
323,334,505
63,459
40,493,1000
41,62
4,92
180,459
97,488
83,709
291,776
578,744,963
46,745
93,532,938
66,644,904
110,485,922
374,897,923
69,145
419,567,653
314,413
375,724
138,287
275,345,802
490,649,912
102,718
158,262
359,872
189,371,941
512,552,697
318,768,970
911,947
125,288,545
334,964
139,915
216,399,706
170,350,671
618,733
501,729
190,230
299,305
56,418
140,831,979
416,724
502,613
22,442
87,677
130,370
410,785
434,446
524,714
620,823
27,741,988
379,786,854
20,876
342,801
108,216,677
138,220
477,677
295,308
531,961
823,834
215,521
261,443
134,396,825
687,877
360,577
488,791
736,797
579,605
28,131,830
344,538,580
305,932
281,387,788
253,392,536
433,815
499,620
722,772
434,842,985
8,416
322,604,922
247,695
143,920
210,675
749,774
116,737
181,268
784,947
61,845
557,834
138,286,868
410,627,928
297,434
269,447,631
445,748,777
547,851
609,922
3,753
453,563
651,995
185,418
682,932
288,791,831
470,954
474,991
413,977
269,797,832
771,868
412,782
58,966
17,738
56,999
330,726
739,784
85,615,934
95,194,292
7,139,718
188,896
21,565
566,934
165,844
529,704
88,371,562
322,951
832,867
353,979
164,512,792
288,973
315,610
132,769
410,466,602
15,185,295
60,962
100,673,676
137,483
19,927
73,109
353,435,710
383,770
361,633,749
287,757
196,722,759
531,612
718,777
883,948,951
828,911
28,999
523,633,948
300,516,679
273,575
3,144
635,889
55,494
131,681
133,711
200,528
546,946
8,396
379,506
152,294
387,938
250,260
130,667
614,877
62,730
40,266,749
441,729,991
326,355,362
309,689
50,437,754
657,983
225,235,574
59,280
533,700,704
249,448,678
322,789,997
684,882
303,830
52,459,986
6,530
739,986
430,991
140,528
143,643
491,667
565,759,907
222,338,895
88,623
673,823
776,783
180,459
274,877
349,575,795
373,748
398,756
118,420,559
738,760
162,355,466
78,328
202,355,709
278,461
134,273
14,19,637
542,732,847
342,732,821
222,297
45,732
310,809
8,64
602,775
380,591
369,738,965
48,87
598,897
840,883
255,375
351,863
481,640,885
770,834
388,778,816
434,535,586
35,520
38,341
75,643
92,487,656
202,618,625
650,813
90,360,983
751,839,887
145,843
843,911
49,840,890
32,121
110,448
266,394
433,828
240,447
524,674
91,646,685
308,621
810,932,989
557,979
263,489,829
536,744
516,638,981
449,528,684
726,874
747,970
761,886
71,512,576
370,717
15,645
220,337
188,594
58,147
583,857
217,841
476,844
258,604
136,343,916
93,551,867
447,642,926
228,633
90,337
200,651,686
750,876
125,873
677,811
381,953,965
118,402,830
188,407
324,690
295,313,986
312,583
477,487
120,193,857
579,587,984
117,971
269,841
54,947
302,471,700
263,1000
109,595
99,522
352,899
429,578
87,264,659
334,497,861
655,884
217,930
303,635,755
569,900
345,944
74,215,971
534,753,832
431,446,750
706,853
97,399,451
16,436,531
16,584,792
588,620
47,227
170,199
21,348
647,676
394,672
610,839
158,625,661
212,614,787
30,434
423,461
551,622,735
337,362
490,499
353,839,903
386,617
137,626,826
160,200,389
140,580,873
552,564,858
87,747,824
61,433,575
398,997
405,723,770
292,935
197,814
633,748
265,905
195,309
594,992
91,483
30,44,159
22,573
478,596
563,682,973
44,136,681
49,677
106,137,956
100,276
122,729
509,782
644,708
194,662,886
255,936
742,932
66,258,963
389,526
73,706
438,804,909
14,653,969
76,756
257,481
211,225,917
223,756
32,312
189,667
261,438,912
48,62
310,690
458,894
56,462
57,88,104
637,677
39,318,992
103,597
464,883
98,688
303,909
231,684
38,124
362,622
141,190,310
242,857
908,920
241,316
105,540
283,646
30,255
129,762,828
390,524
156,332
335,764,971
50,809
386,764
19,413
605,887,901
155,739,878
317,397,738
544,694
137,1000
473,533,807
304,317,353
254,543,666
187,241
44,795
254,792,949
304,337,758
295,405
145,411
317,599,960
188,896
102,694
432,778
749,902
11,281
207,653
240,637
556,612,826
625,838
415,756
159,640,941
31,906
412,809
160,183,464
753,814
80,642
123,393
81,233,605
470,703
309,709,820
122,335,596
389,795
189,330,450
174,919
283,822
474,494,800
123,486,648
218,654
35,690,821
249,971
450,732
324,419,939
2,596
568,643
284,466,770
866,965
99,110
293,362,999
418,527
262,575,795
173,852
269,688,849
128,241,639
299,769
716,889
159,507
445,780
465,663
418,651
258,997
96,165
336,448,950
61,130,355
367,769,954
105,271
432,528,941
128,426,897
132,533
77,259
551,708
402,507
525,611
300,535
510,593
127,253
258,518
321,1000
137,295
6,955
645,829
438,650
193,203,1000
49,460,997
118,884
173,231,539
822,830
239,777
309,685
657,836
244,279
43,233,449
544,786
56,885
276,804
318,717
248,862
531,684
247,818,862
422,489
292,318
260,725
121,176,701
344,861,924
599,954
90,143
387,883
16,921
40,91
371,983
229,244,925
542,853
8,355,444
207,405
120,379,984
626,980
72,199,561
676,918
330,673
725,748
76,119,723
129,950
31,187,523
128,526,651
54,611
4,147
918,985
161,874
424,856
726,999
206,401
92,744,865
124,517
690,804
290,354
105,159,760
341,512
375,756
754,810
238,346
455,850,879
359,362
38,152
434,519,681
450,976
728,824,993
16,833
220,602
310,484
456,813
55,473,880
286,492
195,235,664
185,493,974
538,628,660
788,798
916,981
517,895
743,796
595,822,869
742,865
43,276,509
256,847
624,748
252,417
16,369,848
169,361
296,946
161,464
249,259,840
362,576
3,758
819,826
118,686
543,593
6,509,853
50,264
861,996
446,629,943
367,740
550,616
28,335
361,985
236,351
250,898
60,594
41,103,310
183,370,433
117,280
61,885
453,964
8,506,941
146,380
857,963
199,307,444
121,765
742,928
124,404
719,782
132,389,426
24,148,956
236,989
214,329,384
119,848
402,433
424,692
143,294
508,536
41,261,826
123,424,695
56,399
155,270
97,755
26,348
1,546
232,680
65,393,448
200,695,700
61,883
68,736,933
50,801
6,632
588,822
393,484
156,424
16,259
332,762
107,346,948
167,761
264,412,709
454,504,722
841,854
15,962
646,805
160,171,475
522,892
159,760,955
89,345
54,688,912
492,607
309,409,710
273,837
363,495
209,868,884
130,182,732
920,976,990
87,390
557,644,882
390,853
334,654
551,722
44,72,582
129,235
195,867,937
155,745
55,655,824
67,255,297
660,813
454,755
300,585
181,332
445,831,889
432,688
383,756,937
21,958
238,488,700
597,956
617,946
300,445,873
281,597,845
259,898
9,889
686,790,941
4,90,833
439,812,817
749,998
214,245,750
459,539
280,308
238,528
770,917,977
413,930
804,875
920,934
56,537
108,199
136,405,952
34,350
102,414
170,656
198,557,633
553,986
92,971
747,772,912
491,896
263,433,846
103,560,574
47,231
262,355,561
552,720
531,819
195,487
85,845
558,780
282,579,849
218,755
244,702,756
178,588
328,511
46,77
634,747
468,777,897
534,808,863
85,894
247,297,777
120,830,904
280,542
375,943
316,540
181,203
501,916
738,937
396,822
17,928
55,383
676,971
427,770
453,650,906
986,1000
308,442,673
261,998
381,567,615
174,609
561,588
472,699,746
229,359
873,953
425,863
311,395
764,840
260,568
211,652
82,781,898
69,502
313,845
50,332,548
61,243,625
797,813
589,675,782
376,472
38,83,839
58,295
365,867
11,690
46,189,810
667,838
202,593
416,976
445,991
150,691
147,417,640
15,720
370,735
482,762
693,903
30,86,365
14,248
937,947
325,470,873
506,565,799
180,188
189,490,909
130,549
4,175
112,761
318,694
884,940
745,818
450,508
322,469,847
343,466,698
700,729
201,725,736
365,972
795,948
181,297,298
541,842,989
214,396,548
719,880,897
142,641
121,881
433,537,900
548,651
504,927
44,642
3,563
99,719
144,271,943
196,567,914
726,834
92,642,881
28,251,985
70,488,868
98,743
401,439
429,731
604,801
698,756
385,583,974
65,287,390
232,239
299,562,831
16,975
584,979
429,526
84,410
267,922
423,468
138,507
238,371,778
343,524,629
154,228
112,347,857
16,857
307,607,623
624,944
90,574
35,128
762,788,867
806,810
14,475
42,924
691,840
346,923
667,933
103,533
339,463
15,823
775,908
912,939
175,466
385,509
164,428
103,284,787
16,720
674,794,927
384,451
334,460
7,626
235,723,864
419,470,663
283,849,879
314,677
60,193
204,263,387
627,665
253,806
182,677
7,227,851
101,457,571
135,473
680,954,975
586,611,713
372,566
56,188
620,845
78,623
493,761
701,741
399,490
31,88,618
12,66,360
181,296,783
84,814
411,484
53,745
224,836
317,371,801
567,685
152,872
212,574
6,551
249,876
201,461
69,162,950
7,849
293,823,986
56,631
187,493
633,963,995
14,55
4,223,546
873,966
568,620,741
206,339
57,536,706
189,632,954
251,943
215,448
205,561
317,743
51,703
217,257,410
407,954
569,708,766
157,485
424,708
398,896
741,959
345,777
218,312
15,116,152
113,124,576
127,153
682,742
161,268,363
451,952
613,721,855
37,250,586
714,973
611,713
68,702
247,288,706
471,777,934
185,485,790
191,561
556,850
376,910
43,85,566
251,674,962
664,803
29,728
169,783
349,498
193,713
646,682
129,130
75,136,629
135,169,342
52,949
313,882
290,861,932
166,189,545
379,978
715,824
496,785
105,841,989
172,330,984
561,840
451,902
156,420,744
500,638
528,783,953
162,487,652
481,547
252,315
37,228,854
151,607,621
11,849
244,938
148,394
204,342
199,287
43,109,985
62,331,444
62,672,956
20,232
216,429,529
30,505
510,771
238,354
475,568
437,673
154,171
56,813
781,829
269,568
309,328,529
254,763
184,483
257,460
373,782
361,725
392,402
573,822
391,880
560,684
431,584,668
494,983
879,922
326,435
532,727
179,438
90,410
451,681,788
164,480
673,935
587,676,963
264,427
408,591
317,600
76,884
176,696
293,712
63,952
87,763
456,906
387,575
81,325,407
464,889
661,917
30,240,628
263,451
621,852
6,626,969
312,325,866
401,577,965
227,428
270,961
83,703
514,561
157,927
669,690
7,607
322,447
62,791
138,393,508
1,3,287
124,776
249,279
411,812
581,829
129,411,813
366,515,693
175,302,968
216,353,976
150,213
92,452
481,960
530,777
122,135
647,908
632,750
291,518
26,433
47,130
395,994
150,829
518,671
224,931,997
533,759
104,839
291,752
35,520
3,199
234,939
125,146
565,970
699,763
2,123,344
351,627
154,398,619
429,837
629,969
84,456
31,420
6,370,858
205,314,489
345,954
538,899
518,610
86,226,634
720,822
389,550
18,882
78,950
118,626,643
413,663,892
108,661,950
662,906
44,297
420,807
183,606,841
375,490
153,320
63,86,266
799,896
164,414
79,845
195,256
22,552
539,791
455,724
142,213
233,345
482,838
80,270,489
741,822
293,426,819
92,930
62,204
16,161,464
229,390,400
236,368,397
269,431,566
267,711
161,881
151,931
78,926,989
332,869,959
358,411,491
582,831,918
275,299
597,688
450,935
390,717,808
310,827,860
318,673
36,285
125,434,467
151,190,572
73,286,758
249,916
231,388
537,636
4,90
494,764
648,955
355,883
351,753
261,814
606,914
131,166
176,282
120,935,975
220,488,551
22,378,650
384,414,854
756,795
158,428
34,377
341,506
671,796
145,802
85,927
461,847
260,562
52,253,418
180,289,308
700,973
65,232,497
298,953
136,454
128,212
680,889
411,431,980
69,795,863
249,310
126,902
788,808
509,762,945
182,689,715
7,352,693
553,858
66,143,827
94,391,683
544,610
349,498
434,654
504,639
195,767,795
246,506,598
239,317,669
769,966
3,820
76,204,944
176,508
472,711
401,999
231,436,688
598,824
40,394,587
7,152
134,139
344,865
395,826
463,492
846,883,971
205,209
605,955
685,768,898
311,555,600
130,145,306
9,331,824
643,690,773
94,633,744
5,349
9,935
373,809
7,308
305,743,823
315,602,616
9,26,399
490,575
264,689
114,124
30,342,441
30,961
555,710
225,565
252,519
55,878
173,293
10,101,236
827,902
136,465,530
441,773
100,212,520
880,985
330,660
243,567
250,855
49,761
4,130
2,343,590
648,927
217,292
769,920
326,925,977
92,306,430
32,110
618,882
475,678,739
320,633,1000
18,207,716
545,585,743
126,546
737,970
190,361
454,722
118,536
820,843
151,614
88,525,745
233,519
210,755
259,392
702,994
50,394,590
476,977,987
383,586
96,541
795,802
129,409,945
138,689,796
96,877
427,847
549,823,827
342,932
281,571
427,750
277,395,837
244,453,636
483,878
281,334,823
46,459,726
58,904
371,689
574,703,795
82,143
74,680
250,679
429,435,820
489,538,958
762,884
134,743,849
153,493,833
132,965
223,677,906
451,504,926
546,641
486,713
26,575,680
255,601
518,603
587,693
613,771
270,435
451,719
108,510
379,785
104,724,771
304,856
321,410
506,898
99,655
14,565,633
113,888
715,778
793,921
362,410,629
380,868
159,872
133,395,496
367,389
445,448,672
66,186,791
21,832
440,553,954
72,614
649,697
35,127,330
182,712,987
3,379
629,894
523,544
93,694
433,499
516,822,967
134,245,928
79,760,981
591,950
48,207,634
60,311
375,939
201,945
174,526,738
28,133
93,225
288,933
438,511,938
196,803,824
502,834
482,940,993
160,479
165,597,953
503,636
329,412
281,495
685,985
605,986
272,514,622
373,797
212,700
661,666,889
441,968
226,996
708,804
65,474
115,517,685
434,497
5,415
71,392
688,741
491,668
245,298,481
97,119,262
226,560
125,207
680,707,792
116,760,775
179,637
311,403
598,923
392,563,801
570,957
630,685,771
664,675,832
117,679
266,809,987
28,364
182,207
6,157,448
693,734
687,852
208,630,839
864,939
625,926
378,612,893
595,933
457,684,818
581,582
199,248
36,293
540,616
218,462,754
43,189
834,884
66,292
27,634
566,846
165,791
297,481
200,630
178,180,644
88,301,886
329,354
65,453
383,567,635
668,771
129,462
559,902
517,765
551,864,887
339,345
62,821
10,75,252
67,169,331
404,826
50,527
439,967
499,642
282,990
345,411,525
398,443
408,928
325,954
189,410
577,634,823
201,973
129,923
206,525
49,415,684
81,891
105,202,222
141,819
146,989
261,469,472
103,591
265,783
136,777
82,651
346,779
154,507
877,889
136,550,831
109,357
109,201
390,464
196,989,992
736,857
30,320
463,957,996
414,913
90,534
346,950
221,495
665,838
552,750
189,200,297
128,171
74,137,876
32,401
138,613,746
82,271
161,579
341,441
271,669
501,907
511,989
267,881
147,422
329,778,885
681,818
212,701,996
317,596,802
412,425,883
658,765,809
314,661,764
434,704
268,553,652
230,786,981
766,823,1000
224,393,638
199,400,547
155,564,680
163,743
90,593,730
623,903
169,479
341,736,992
40,341
123,497,559
26,205
149,478
208,517
126,952
38,47
241,804
316,495
656,763
106,181,943
97,241
148,513
93,440
123,447
324,770
451,591,702
190,744
371,738,929
574,949
143,1000
31,472,872
277,522
620,931,942
89,106
324,418,502
202,899
608,783
355,656
67,645
68,264,864
4,87
466,477
376,477
73,284
885,949
368,906
241,341
57,634
526,748,980
87,149
197,419
80,321
41,525
176,266,679
229,748
333,739
20,393,827
84,576,872
269,932
108,464
584,888
334,777
631,930
606,611
2,453
29,384,793
103,840
9,263
835,848
506,532,920
659,845
180,325,732
23,338,970
73,117,408
8,9
617,814
5,482
303,905,986
240,485
255,333,638
32,423
348,572
810,938
101,228
294,896
193,592,698
168,309,677
145,193
75,421,683
134,479,933
161,338,579
58,615,959
58,319
205,548
710,770
549,603,676
626,931
459,990
141,813
46,871
142,764
768,860
93,947
532,728
315,875,897
207,400
58,325,960
529,711
20,601
127,151
334,545,897
529,571
77,80
324,927
408,880
865,869
266,811
250,803
250,548
696,860
54,930
151,799
379,893,978
535,973
111,420
681,790
63,64
212,259,520
47,113
255,973
203,437,891
153,303
18,796
497,742,967
179,251
195,679
264,575
85,873
52,208
416,429
615,933
175,366
13,902
327,370
506,625
520,952
161,480,643
789,812
85,630
190,739
18,94
239,499
24,634
115,614
1,516,859
117,515,623
370,428,469
22,124
431,742
9,71,320
240,340
189,278,490
746,764
507,615
264,342
76,380,625
297,644,874
215,927
482,678
299,451,820
162,237
193,304
192,497
809,952
105,485,684
569,659
745,834
142,772
63,385,997
166,474,497
111,648
170,962
248,495,614
35,210
670,700,738
186,929
22,56
85,486
256,700
14,718
688,694
68,349
800,853
28,281,448
45,271
241,348,582
217,536
27,512
70,285
863,992
50,928,949
92,843
949,974
771,900
593,617
476,604
44,163,681
117,158
784,902
28,543
65,616
516,825
373,988
474,810,915
124,610,998
414,707
466,478,940
542,681
46,562,749
445,752
649,855
179,567
320,749
76,417,629
278,699
376,992
271,590
6,375
733,765
367,906
560,697
145,309
98,638
149,304
422,520
927,972
379,437,553
86,671,676
437,920
289,715
156,422
184,991
433,926
466,719
308,629
123,232,255
595,715
390,442,781
422,649
448,817
217,291,382
642,716
220,804
273,476
126,211
412,756,788
79,776
31,350
42,971
475,748
141,471,678
86,131,935
228,379
262,451,782
899,940
203,514,986
158,697,703
446,894,950
541,808
248,619,633
234,325,906
267,416,890
127,851
556,938
34,959
460,876
504,547,575
737,805,833
480,797,809
125,270
52,193
32,121,970
34,119,703
589,653
83,498,767
322,362
680,711,828
511,740,983
187,568
322,961
738,898
49,363,856
270,926
510,773
241,683,882
517,694
658,984
522,947
55,492
368,376,458
333,557,852
233,458
469,862
123,861
324,778,810
224,701
730,815
181,590
299,755,828
4,284,478
53,758
806,948,984
30,36,951
354,500
369,907
8,699,887
519,580
326,512,532
130,138,464
306,928
53,643
80,205,707
665,883
329,432,616
390,948
493,788
398,954
326,328,788
434,526,899
236,240,721
649,789
211,375,509
581,587
166,841
585,608
407,613
111,913
68,762
61,251
500,964
118,419
838,968
166,184
879,894
97,238
376,910
533,746,834
185,793
396,507,841
86,765,833
57,313
366,390
55,677
367,732,967
64,745
530,916,960
128,142
364,386,946
377,577
325,724
114,243
861,910
502,601
37,445
365,467,816
419,696
288,301,846
182,642,655
155,322,579
522,757,903
146,652,756
873,991
266,689
96,371,674
424,538,763
365,414
56,210
592,978
246,412
534,728
475,772
439,818
139,660
873,980
707,867
122,396,586
532,564
240,280
348,708,715
9,416
9,55,762
303,366
540,939
728,746,880
323,492,781
350,829
351,426
261,651,676
69,853,867
15,673
115,871
46,307,313
560,689,881
147,829
442,848
692,751
33,331
318,579
14,360
783,825
219,504
23,430
122,616
335,519
207,679
12,761,836
332,941
71,259
139,366,826
1,718,860
373,646,858
385,592
135,291,701
179,887
108,133,451
380,560
694,966
34,887
253,875
103,656,840
408,511
211,244
518,974
290,580
78,529
333,432
165,401
12,589
36,57,605
26,116,228
754,798
253,274,350
69,142
196,900
24,897
624,898
683,952
668,853,884
598,637
188,981
626,968
524,930
770,815
44,971
109,374,669
565,661
78,712
322,523
639,996
30,738
75,615,835
623,633
717,727
144,309
80,416
306,776
263,941
451,947,994
313,435
282,394
339,933
80,653
69,627
64,252
208,404
72,345
98,432,570
754,978
308,899
331,393
767,937
508,835
288,861
323,523
381,426
189,351
303,645
96,941
124,737,793
247,503
107,633
5,775
615,697
13,423,502
605,842
862,865
505,816
152,571
917,929
162,621
161,425
142,383
