512,857
352,566
331,623
364,628,789
255,412
315,328
551,794
58,181
485,708
843,963
687,755,981
317,389
377,875
607,948,999
117,471,587
696,973
287,950
142,669
182,516,903
216,728
581,928
72,282,328
394,708
404,506,683
346,613
208,250,422
318,479
111,679
121,470
222,680
163,255
416,857
363,649,838
497,952
461,831
95,553
161,269,934
152,924
143,160,837
236,468
789,986
151,318
523,890
209,866
479,586,887
194,553,628
105,130,771
47,161
254,988
289,758
565,663
503,947
730,808
906,987
276,327,722
619,656,663
178,916
171,188
444,454,839
81,963
281,471
418,624,794
467,809
170,232,389
136,141
248,852
313,499
411,827
18,847
150,616
294,517
83,718
446,584
175,291,729
674,748
466,659
333,432
119,234,241
119,835
268,911
208,437,725
205,580
323,507,685
155,333,358
755,785
61,529
329,424,871
542,736
228,506,871
111,556,982
55,975
166,456,925
397,693,732
556,587
771,882
404,910
311,658
493,628,765
382,977
153,859
593,618
336,766
570,585,609
58,289,959
76,578,812
514,802
407,879
181,773,877
410,999
539,935
177,748
569,970
175,846
65,843
544,708,843
265,566
21,200
324,532
389,972
577,760,804
548,746
139,590
888,919
407,915
131,616,742
214,713
235,650
2,605,645
245,468
114,550
195,294,744
166,279,781
31,692
273,897
187,949
553,627
547,879
47,910
225,634
75,910
885,1000
153,166
663,756
436,546,626
311,810
9,969
54,722
308,491
566,738
4,341,919
138,235,519
485,575
267,435
401,439
40,831,911
217,221,913
38,728
50,565,924
92,595
595,919
127,442
294,432
487,899,973
51,605,816
422,967
3,727
102,424
287,424,689
451,609,901
386,558
665,990
146,724
421,856
163,414,511
373,460
335,845
46,657
310,747
167,714
181,966
32,151
508,677
27,506
88,738
624,904
294,577
234,794
96,451
461,466
161,686,838
596,823,879
44,493
242,347
77,412
715,982
562,670
208,516
237,269
426,791,833
368,804,824
374,929
278,547
396,606,809
127,306
245,645
97,571
99,260
454,839,916
629,758
126,476
40,852
267,502
495,648,873
118,621
37,354
357,850
519,791,843
502,915
317,536
169,297,986
287,744
140,385
705,833
66,309
152,774
625,966
140,817
333,643
394,404
339,905
328,532
47,236
320,852
128,277
317,774
265,318,370
259,895
112,616,947
73,282
72,596,682
712,957
25,935
183,920
607,715
355,612
82,577,756
154,685
198,346,354
247,302,504
244,975
48,909,991
313,955
155,696,719
178,735
7,225,820
484,874
726,762
211,227
559,782
756,884
645,892
123,814
189,431
160,949
576,713
807,881,895
90,420
166,749
396,865
79,170,561
212,885
251,832
372,992
397,432
327,420
111,557,569
635,791,850
680,731
4,194,284
371,880
17,760
201,377,547
57,846
48,133
434,470,973
135,252
19,198,754
79,800
98,411,882
283,576,925
454,503
228,287
191,533
244,531
187,193
55,483,648
155,452
133,907,976
37,696
36,420,687
152,878
157,320
81,196
401,963
296,559
223,230,332
347,783
173,879
283,598
89,116,794
136,657,806
411,644,776
308,742
525,827
800,870
77,972
210,407
373,893
50,994
661,850
99,938
297,356,540
107,702
237,388,823
559,981
40,980
4,448,924
666,882
306,656,976
105,901
142,472
207,210
113,348
649,820,905
298,310,822
226,285,618
479,781,896
135,439
301,842,950
310,430,517
154,345
103,233
183,757
84,303
486,556,923
34,659,710
434,734
89,950
34,592,989
89,654,773
72,569,907
178,611
214,996
271,945
27,267,777
241,376
280,524
256,954
411,630
116,686
341,640
640,951
104,315,471
386,862
18,778,990
681,962
270,775
181,349,696
157,378
43,486,684
100,881
169,649,964
158,512
524,613
195,242,762
320,466
411,864
326,383,783
66,303,922
595,773,959
152,484,692
546,562,855
566,617,977
97,98,450
526,809
611,734
8,122
4,546
68,801,987
15,394
11,75,693
277,391,597
20,253,615
816,952
200,740
737,960
261,765,844
127,561
226,899
85,541
1,885
40,347,922
218,564
465,697
50,276
194,349,557
341,498
211,358,481
466,920
151,221,937
486,661,818
115,439
374,423
424,675
446,908
281,573,853
532,924
179,860,871
23,765
511,574,798
194,551,656
60,759
56,171,471
45,79,239
111,130
394,707
852,894
625,640
420,631
649,836
512,521,814
149,865
762,799
118,205,821
156,957
745,946
360,873
56,439
327,545,800
50,526,567
824,845
420,822
26,539
589,863
10,113
40,484
161,993
433,599,795
398,791
872,977
43,183,870
960,996
376,454
125,602,826
64,463
198,266,536
524,652
264,542,916
24,233,841
48,190
61,253
142,548,890
112,449
194,705
289,325,870
404,865
349,762,873
235,827
640,929
653,669,878
608,972
141,395
17,281
400,460,607
150,891
2,872
333,935
64,314
356,881
625,685
363,486
524,791,834
409,566
237,549,987
309,826
19,441
13,764
333,874
283,666
27,706
410,426,590
140,499,524
284,644
289,480,957
58,373,394
206,919
511,626,711
347,648
515,888
561,617,858
408,830
566,954
3,951
432,735
117,303,624
859,938
436,540,984
21,426,827
276,434,863
552,761
113,297
108,298,863
640,675
70,379,857
845,889
145,218,772
746,806
73,487,874
117,574
71,368,734
734,948
141,171
192,696
356,894
970,975
279,640
139,152
146,593
267,528,572
324,629
59,796
372,763,845
745,993
486,798
261,979
59,447,761
34,280,822
477,669,892
98,527
177,668
260,380,746
136,854
793,868,937
362,925,980
53,386
271,868
512,985
587,986
205,235
323,507
135,364
231,868
114,793,887
301,513,692
102,583
334,913
525,950
266,613,954
119,641,973
7,421,734
51,436,691
212,739
378,423
94,263,292
633,659
365,521
790,913
318,488
378,441
95,637
109,221
582,716
23,864
494,803,951
459,478
127,659,725
122,297
214,505,607
34,380,638
548,720,786
518,838,978
566,858
495,692,720
338,836
86,627
97,778
226,883
440,579,945
181,270,490
271,402
74,407
196,293,790
828,938
288,841
684,811
116,431,737
722,906
601,626,829
48,917
220,265,384
69,768,895
106,125,720
395,546,803
700,961
494,823
202,466,470
511,579
673,705
546,682
541,701,854
360,429
571,973
248,362,903
77,608
468,817,934
353,690
158,746
366,490,893
278,982
604,913
713,743,913
438,743
326,680
400,930
146,209,865
332,434
105,464,891
254,720
119,436
653,793
290,292,332
520,664
519,676
607,826
208,407
165,357,645
392,663,890
234,366,986
415,822
564,604
557,796
265,935
351,883
363,698
266,271,439
307,315
218,763
626,784,862
744,839
275,867
743,883
424,738
291,320,857
710,754,979
574,806
26,988
116,279,642
365,601,654
92,258
306,343
44,762
372,894
184,821
42,486
703,782
203,600,925
45,876
630,695
445,947
454,742
511,773
270,282
375,388
2,213
463,754
199,326
342,379
44,359,660
332,816
707,805,996
255,517,915
193,414
520,553,761
333,785
173,503,810
793,831
286,908,965
638,666,786
273,398,650
122,755
45,257
792,958
508,912
523,841
198,658
459,583,759
491,597,710
279,486
54,841
173,318,338
63,121
826,884,983
81,735,868
3,365,541
600,942
368,969
147,719
882,997
72,474
102,299
5,598
3,739
374,375
898,902
211,403,464
166,247
13,385
295,602,866
764,889
408,706
68,258
692,976
484,509,920
25,881
171,677
23,238
128,264,352
183,688,930
203,548
694,910
613,883,940
361,587
203,692
122,520,997
657,987
304,599,890
329,637
261,510
832,894
387,829
129,367
852,853
429,491
138,522
66,538
67,68,184
139,574,859
299,332
148,653
633,964,968
28,807
21,515,871
234,704,982
342,799,960
518,526
415,772
397,632
877,911,946
79,452,680
383,906
45,118,341
719,794,857
310,451,968
90,443
73,777,848
490,503,545
140,207,946
701,930,986
104,332,775
154,371,551
90,486
92,209
720,901
28,96
917,945,979
3,676
123,181,860
169,848
453,529,597
514,840,911
135,176
697,992
724,801
117,929
768,857
367,444
701,838,944
568,871
181,414,621
449,898
725,872,997
369,556
106,448
585,709,840
238,578,948
470,604
558,751
147,151,971
828,935
61,753
769,918,986
75,217,688
313,461
446,630
256,593,899
365,420
46,174,201
165,319,501
663,886
218,852
236,318
125,187
350,825
369,597
314,570,671
42,742,952
667,922
133,640
854,892
288,822
142,468
745,922
304,931
533,653
351,364,871
364,419,616
243,608,962
618,947
208,571,940
87,619,697
641,905
155,589
201,469,547
55,387
434,479,736
159,521,648
529,861
299,456
127,663
171,582,785
166,251
699,720
167,222,877
187,606,828
110,228,365
678,965
682,696,821
442,859
91,569
607,758,784
45,215
158,516
807,971
90,342,996
70,970
313,717,944
134,546
166,564,952
179,544
24,811
274,565
129,134,333
24,485
345,943
8,609
99,257
101,568,977
235,662
92,358,691
160,231
127,667
111,366,945
102,131,606
466,783,956
604,688
517,551
189,397,888
373,423,483
467,757
46,151
144,621
164,474
674,852
513,853
517,645
338,738
538,637,821
731,898,956
252,313,560
713,778
364,497,577
9,114
12,192
10,642
53,127,904
441,725
375,386
713,906
210,227
124,405
468,689
85,138
322,453
12,567
126,318,325
478,981
21,555,660
352,606
37,134,608
398,499
609,898
85,253
341,682
93,553,596
376,772
703,985
181,501,819
187,583
509,972
893,954
338,611
339,445,757
497,864,944
144,626,891
198,221,868
146,627,829
546,551
129,167,226
577,734
27,477
304,427,645
161,971
616,869
806,953
673,993
650,929
9,423
383,905
200,567,639
483,743
211,440
579,699,782
368,916
802,973
47,136
395,551
712,795
567,895
142,311
50,396,495
490,644,686
106,880,916
382,833
306,315,705
280,804,883
202,707
101,133
345,372,383
925,945
325,811
341,821,877
86,142,589
441,590
333,587,594
106,442,650
862,997
606,746
310,793
231,439
260,780,924
316,388,391
235,698,982
502,611
883,952
504,597,720
599,622
612,895,979
438,643
865,899,940
276,401
424,865
36,857,929
802,830
261,873
807,892
172,248
320,349,645
500,961
345,554
66,445,696
813,974
282,851
70,560,879
37,203
104,724
254,442,774
379,982
14,988
768,808
143,583,709
829,910
423,442,592
192,360,960
80,233,586
42,189
23,341,893
323,704,953
701,889
559,604
788,801
571,918
211,865
85,452,920
389,538
399,469,563
383,894
411,728
596,617
85,277,374
572,801
309,570
32,209,867
608,655,830
344,669
464,867,949
244,283,796
602,734
364,859
667,842
147,740
515,568
133,238
626,696,796
66,999
369,610
79,702,956
40,777,847
239,943
266,589
473,672
95,352,653
396,674,921
676,899,962
464,691,811
436,895,986
180,338,789
408,702
527,601,819
53,185,410
95,791
11,362
68,571,662
294,788,935
373,458
237,414
349,960
562,975
235,751,864
76,507,858
504,601
159,500,609
92,842
609,825
263,817
745,878
93,411,591
185,813
51,419
790,869,925
21,77
894,988
729,959
296,510
752,865
299,334
249,949
18,45,547
179,514
169,609
759,919
493,642
450,707
15,427,817
254,545,813
91,183,325
276,552,679
509,606
735,819,858
282,628
64,195
192,764
233,291,325
593,933
338,599
397,498
195,405
94,341
86,194,454
524,590
17,680
898,924
10,548,675
508,530,592
93,524
768,873
210,735,820
376,577
260,660
49,336
228,776
248,790
284,807
146,459
254,327,546
210,400,818
309,678
752,913
633,782
144,494
220,435
529,927
79,87,686
408,683
216,397
624,964
420,495,988
201,334
417,543
549,880
47,448,503
30,884
295,927
161,231,705
106,543
391,972
70,313
514,962
86,513,615
575,739,959
533,690,767
22,110
307,841
50,597,874
219,302,594
457,972
270,485
204,529
289,777
240,469
166,908
131,542,699
51,525
447,862
77,248
151,705
29,200,925
168,724
238,386,465
115,545,825
297,321
403,801,976
35,876
145,149
763,922
800,821,834
709,953
272,387
121,947
751,928
221,367,448
517,899
402,845,943
392,526
486,664
519,901
295,984
287,661
88,461,792
565,916
774,853
382,613
2,109,487
74,689
197,650
646,890,910
109,669,734
175,314
312,659
198,544
746,924
578,638,934
395,474
395,928
873,960
447,560,633
428,928
376,638
398,607,691
87,964
24,208
78,286
709,897
318,703,997
294,948
242,675
263,853
516,908
97,174
148,170,262
95,146
224,587
505,681
151,357,833
270,787
114,133,745
380,513,956
492,896
602,961
92,625
156,341
361,500,711
305,353,391
7,579
32,736
58,940
531,928
776,808
169,1000
564,635,840
560,625
145,322
92,365,500
154,278,892
203,979
200,354
363,768,824
240,684,771
2,145
544,650
258,461,857
309,967
217,518
274,583,609
430,548
353,558
637,763
401,433
142,961
734,828
705,996
205,852,937
58,467,656
406,739
308,692
605,948
18,902
569,961
476,829
547,835
195,285
19,566
25,49,1000
4,520
747,793
57,834
486,768
784,986
160,215,224
539,704,902
21,308,809
182,235,509
574,792
101,660
811,826
457,858
70,968
51,934
90,547,701
767,828
155,536
23,811
104,139
431,778
232,411
38,181
452,563,861
534,566
43,440,877
242,460
6,757,851
651,919
406,569
24,203,936
193,559
592,747
166,296
7,397
134,681
352,593,638
385,391
566,644
199,446,924
83,382
301,502
859,888
16,248
57,106
461,513
230,537
167,193
717,779,792
332,545
677,818
7,593
207,858,872
75,86
266,697
514,806,878
3,774
39,548,700
467,838
620,894
206,568,632
562,612
658,854
173,752,810
376,680
385,501
131,385,707
909,919
325,640,862
23,811
133,228
48,704
206,383
348,394
49,289
237,340,508
303,602,853
445,695
316,588,996
160,333,399
414,633
786,865
213,391
655,657
896,897
472,639,660
326,579
324,721,866
228,950
794,795
845,952
91,301,486
139,840
271,678
111,190
115,128,730
664,882
347,465
68,90,770
471,731
402,557
150,694
156,175,804
88,460
468,918
348,752
547,554,964
324,570,700
105,108,572
283,373,843
605,643
553,927
272,310,839
78,144,646
396,516
152,190,357
109,133,456
169,415,852
166,370,751
81,865
503,543
307,747
400,630
176,472,685
297,528
271,976
201,363
343,682
346,492
599,639,819
254,389
172,457
399,588
313,810
92,366,784
93,528,560
294,424,693
284,591
583,587
7,690
693,764
141,916
58,494,557
190,375
110,732
216,479
342,719
19,166,322
167,822
643,872
250,306
298,387,431
296,401
21,271,488
262,341
259,297,411
111,206
45,132
239,413
53,79,435
199,767
10,628
446,687
116,697
136,182,294
303,437
773,879
735,915
100,377
558,737
88,750,760
682,686
159,669
23,278,644
239,966
238,829
20,442
142,245,906
88,703
724,933
401,463
71,129
70,222,964
71,766
514,910,933
148,290,484
13,412
153,819
79,681
92,377,917
309,667,926
401,828,950
335,526
532,597,924
50,883
618,957
417,493,549
485,711
580,629
314,646,923
291,501
728,848,960
387,787
263,526,682
676,722
755,940
242,881
118,164,993
793,1000
805,885
35,705,795
202,556
535,583
545,700
280,659,908
618,718
234,867
336,366
690,834
96,760
492,883
38,418,656
445,560
562,854
77,121
432,811,858
188,675
227,641,883
761,959
502,940
503,689
74,351,415
19,526,706
178,412
5,306
524,927,949
153,843
303,453
520,963
207,620
596,715
215,709
106,242,704
727,796,868
178,404,824
79,717
448,622
202,725
379,608
514,584,676
834,839
615,701,902
297,467,778
739,777
827,918
527,957
180,763,875
319,841
625,654
353,400,499
779,850,908
299,764
502,696
273,994
128,913
895,1000
174,802
52,292
193,222,437
412,931
616,762,819
92,379,560
250,603
183,447,547
397,477
294,370,434
218,763
33,755,779
428,701
245,517,722
348,417,531
213,687,852
78,372
81,102
157,271,880
382,713
174,827
231,565
644,856
582,592
83,871
704,802
842,958
290,774
245,751
623,733
312,978
625,889
135,412
368,535,915
319,904
503,890
66,541
377,533
619,894
94,864
87,603
332,541
147,348
270,686,838
59,262,974
346,947
141,564,991
644,739,945
213,755,949
163,805
72,328,928
28,823,996
272,313
353,552,701
208,577
434,693
645,866
216,408,590
470,947
160,332
493,562,684
371,507,919
569,968
147,649,818
373,539
271,698
15,789
464,778,968
284,417,520
200,726
228,398
527,773
568,857
399,785
954,981
95,627
240,252
556,559
40,288,478
659,667
301,762,821
284,986
130,416
358,808
271,555,615
83,149,158
441,780
667,720
669,777
48,127,150
23,501
229,977
29,271
358,995
283,762
507,839
67,743
125,570
351,716
398,413,813
25,350,819
676,740
343,975
514,961
398,462
59,728
128,200,767
449,465
119,474
521,892
15,271
147,289
385,559,623
58,571
120,936
14,78,534
46,918
188,225,507
477,505
28,346,753
653,952
398,900
138,582
284,400
146,365
73,667
17,501
1,357,806
502,552
11,810
555,605
401,954
263,505
202,449
317,515,914
337,349,698
738,879
29,950
261,464,580
575,631
810,869
340,903
154,242
272,732,819
911,930
681,706
283,626,918
308,796
107,663
192,945,970
122,592,648
281,489
59,826
159,886
488,896,943
588,665,680
24,243
171,590
861,952
248,693
841,998
415,764
490,739
69,278,553
429,733
131,356
374,893
111,673
584,655
192,682,772
202,509,882
395,645
416,619
484,701
447,612,677
34,539
94,642
268,599
407,731,848
303,853
275,354,599
650,757
18,803
52,89
240,601
45,787
578,599
157,692,806
315,506,976
527,572
646,699
33,280
146,577,724
26,699
28,406,876
910,997
590,906
136,207,407
221,285
100,669
488,515
169,179
567,980
333,750,983
737,939
204,631,861
126,602,952
538,812
404,406
20,655
184,259
194,862
378,628
576,767
580,796
642,791
507,625,971
37,672,794
334,782,936
297,301
563,780
528,728
448,947
459,683
759,815
340,507
264,921
42,863
256,351,598
43,270
407,631,995
30,665
842,882
556,834
427,899
309,341
389,399,501
391,496
574,717
538,929
197,233
49,455
590,861
171,202
341,751
1,981
608,652,852
156,406,506
431,795,979
798,970
444,645
195,658
512,802
352,613
442,702,713
704,780
448,814
384,597,676
296,936
312,949
201,371,986
820,821
204,980
343,895
437,635
34,895
327,364,560
515,819
498,598,657
473,804
88,720,880
325,378,473
42,872
136,699
277,658
864,922
670,952
146,666,819
436,527,945
327,527,674
125,668
279,919
114,275,991
785,822
93,440
392,934
759,835
287,791
673,958
668,930,946
92,760,845
230,248,535
135,977
274,738,906
349,718
43,469,892
142,162
120,187
18,577,822
17,685
14,992
112,115
219,789
348,607
261,494
324,952,987
372,650,998
3,779,843
313,493,842
245,400,809
462,875
396,526
233,495,981
69,371,765
40,85,190
567,642
244,363,560
103,983
3,525,929
405,947
240,416,757
399,441
165,366
173,938
347,529,573
292,600
91,398
760,836
608,610
809,829
86,141,255
211,996
598,842
124,798
151,299
485,933
102,217,735
545,561
576,623,864
266,963
178,285,653
363,513
349,552
50,987
444,930
3,365
156,284
5,916
548,725
374,769
98,400,723
360,434,904
26,972
156,177
620,904
40,212,466
554,761
344,567,782
170,861,886
129,523
484,675
365,501,602
33,777
179,474,607
223,633,879
115,615
575,786
156,348
660,788
11,299
283,502
417,485
57,281
867,977
100,621,879
736,798
794,803
237,905
238,991
51,271,678
433,593
108,923
69,428
39,922
325,612,987
169,596
562,649
94,499,799
1,521
453,519
321,761,923
6,212,517
179,976
558,778
95,229
807,891
87,900
417,466,836
734,764
280,448,838
139,617
487,583
321,607,686
41,808
224,279,634
437,457
11,547
330,842
570,911
103,942
515,969
44,605
269,348
127,415
480,971
161,640
709,792
452,504,985
61,681
274,525,646
345,578
248,381
28,179,595
215,527,774
116,630,854
404,646
404,926
126,849
219,635
232,279
936,953
300,573,760
378,785
49,400
400,625,662
467,669,691
479,636,726
353,823
752,980
265,793
118,392,668
291,327
202,496,709
241,248,973
101,125,399
35,214,240
309,432
322,359
191,791,884
216,484,623
152,665
495,692
4,962
78,755
93,976
194,300
117,904
595,854,923
160,202,545
47,152
211,679
397,980
68,673
15,362,831
103,150,619
159,824
522,860,992
167,365,393
557,739
14,746
887,931
42,180
698,773
10,531
100,709
441,459
316,733,843
28,51
75,744
95,359
468,814
350,780,914
230,682
922,987
482,785
42,298
344,533,540
30,864
316,936
118,246,562
102,913
734,736,817
582,852
523,693,935
94,661
51,764
490,751
124,333,876
556,711
888,931
203,277
352,510
309,356,357
226,875,954
88,422,755
621,691,868
186,578
276,954
422,446
41,326
195,231,869
283,416,996
338,804
116,306
293,328,549
139,759,966
286,414
622,788
768,877,930
603,838
11,424,878
118,413
236,392
236,940
154,181
24,686
471,607
732,742
252,847
532,692,856
237,944
472,881
371,715
360,539
656,976,1000
72,130
466,760
41,312,894
12,996
50,69,519
359,812
306,572,705
404,583,588
338,530,786
474,766
261,732
412,829
57,483,504
504,563
217,330,543
44,835
265,967
707,872
271,354,736
376,390,763
301,895
108,445
918,931
154,240
519,813
37,548,822
404,412
549,846,994
432,860,987
33,376,417
677,877
200,804
97,774
141,360
255,318,477
159,729
276,693,937
348,539
22,612
485,514,815
820,984
406,712,838
107,421,772
244,343,801
338,814
30,391
1,650
280,936
504,539
879,939
200,522,799
395,485
556,779,902
472,940,950
140,413
150,923
118,762
392,665
116,287
342,853
26,539,861
371,410
68,864
422,446,813
438,863
185,291
207,253,729
59,486,895
443,979
408,718,784
141,828
87,309
257,321
256,845
720,824
328,358,630
526,764
623,967
190,907
123,960
433,736,872
46,197,892
644,968
562,739,784
218,838
500,938
833,981
320,584
361,822
392,403
136,517
301,436
586,806
327,977
524,728
333,655
216,507
278,769
524,964
147,551
32,325,537
388,785
456,658
532,966
235,968
180,427
541,756
68,720,728
785,951
113,487,540
62,66,405
118,540
158,641
323,714
574,651
266,903
293,544,550
331,737
102,332
432,547,968
885,942
917,990
645,871
57,656
722,804,890
312,446,532
63,494,863
375,898
552,629,758
565,674
806,885
719,848
429,905
789,795,887
334,480,864
57,688
93,498
71,448,516
634,815
568,645
136,441,898
50,301,686
169,938
597,914
258,950
184,270
232,462,485
418,803,917
416,436
251,478
379,739,800
842,978
221,421,732
164,540,893
628,970
536,734,965
278,769,944
342,655
153,272
406,492
633,955
42,185
344,881
562,575
279,371
75,779
77,843
42,829
716,798
188,276
53,550
258,527
138,815
106,544
242,479,967
132,658
436,935
140,478,751
540,661
189,335
421,430
226,947
191,674
143,299
173,624
872,958
86,405,732
328,679
11,249,659
94,267
4,730,834
625,762
362,575
61,815
28,993
409,564,716
674,883
5,724
756,810
105,764,794
135,786
159,430,754
488,727,747
397,482
12,264
938,967
2,535
439,778
51,685
171,601
194,875
190,655
144,477
259,709
564,897
24,257
508,950
414,747,842
71,852
613,769,824
78,387
134,384,617
722,900
337,556,690
397,995
78,618,896
36,54,624
71,952
106,841
78,936
16,610
14,884
132,780
80,268,900
378,405,616
148,933
587,654,665
106,514
63,488,868
157,700
518,966
101,225,790
293,638,950
68,571
579,777
595,982
344,877
915,988
190,442,586
20,455
83,197,959
250,717
182,337
143,927
249,882,949
226,937
83,507
289,372,720
127,748,924
337,739
101,479
90,184,491
277,650
82,363,476
712,835
370,999
73,685
441,793
252,464
81,468
204,398
112,279
108,992
374,712
119,137,849
794,864,910
315,777
474,578,708
726,778
59,111,655
71,264,397
278,734
39,82
422,908
227,793,856
455,807,860
394,774,907
91,595,986
350,641
133,326
45,692
24,586,796
56,847
237,398
233,856,884
588,882
399,452
217,632,991
800,880
333,426
177,422
526,849
41,324,452
55,133
517,732,782
369,778
97,181,353
202,598
47,156
151,163,965
739,933
2,220,444
862,903
24,498
397,994
872,987
402,722
237,657
875,982
508,732
299,329
533,775,937
109,689
756,896,970
84,438
287,487
345,356
258,278,418
274,666,729
170,434
28,701,838
440,490,976
139,176
182,906
542,749
41,837
193,509
232,234
333,665
234,386,474
525,861
437,458
91,419,453
418,857
95,617
263,985
88,446,692
489,603
190,985
551,782
139,203,387
409,448
900,901,992
206,245
67,226
479,756
390,658,946
617,813
142,787
311,726
315,344
819,827
861,909
283,673,823
417,876
243,250,273
334,547
512,564,906
152,460
568,845
80,341
465,798
233,539,603
38,533
36,423,802
367,488
232,512
35,184
404,618
720,750,769
83,574
305,834
305,984
222,298,473
389,561,861
566,793,921
164,649,701
172,644
52,136,382
259,339
131,558,787
512,808,918
463,510,819
36,399
230,805
47,797,931
150,193,670
323,673
135,179,578
22,770,784
138,471,882
93,297
248,916
126,552
552,571,896
852,967
458,724
323,394,443
25,502,679
550,845,947
612,651
245,526,690
663,710,968
253,725
15,63,189
675,998
4,77,158
646,937
645,807
486,558,596
572,913
2,543
172,688
375,775
113,794
147,279,696
689,699,927
71,430
189,492
568,913
172,752
233,501,522
219,564
597,697
152,953
103,670,911
156,730
136,632
658,765,811
478,792,878
241,243
172,406
591,594
30,841,911
119,664
214,329
56,85,509
604,831
501,922
770,993
481,767
27,310
218,271,786
517,578,618
367,647
338,535,781
213,215,332
14,775,901
680,951,986
42,272
16,591
108,784
366,764
170,222
373,710
45,362
260,731
163,239,692
34,170,597
386,491
410,522,841
393,874
97,630
464,929
346,865
176,883
37,998
134,601,717
16,899
676,813
351,523,767
199,826
314,846
527,531
562,698
203,295
263,267
52,701
357,437
520,996
240,944
206,501
55,355,845
78,482
130,464,870
59,213
163,762
813,848
289,477
337,386
27,223
141,345,852
403,558,695
90,979
15,287,636
67,698,842
218,812
296,369,590
118,773
574,771
439,450
199,254,859
358,464,491
235,838
16,540
781,918
566,671
580,926
417,480
157,343
122,500
230,253,344
358,676
232,944
190,459,792
199,655
109,809
263,528,821
78,760
98,836
7,409,660
386,679
29,897
51,859
267,801
95,397,542
300,489
353,923
246,349
728,760
604,668
146,663,790
236,889
414,976
332,373
216,482,926
151,463
234,344
306,956
71,812
405,563
23,328,844
221,803
95,390,950
49,575,762
100,106,732
345,400,968
480,573
652,681
624,755
293,376
423,654,815
254,310
146,654
99,227,274
169,405
93,848
131,142,279
674,991
211,961
555,776,802
472,507,875
374,591,841
604,781
202,398
64,320
221,688
294,541
35,108
599,645,812
167,246,763
507,636
111,349
678,980
116,460
17,163
153,942
96,430
74,318
392,568
450,825
17,96
825,952
420,466
666,839
238,437,911
6,753
423,806
335,446
637,653
328,486,823
677,996
161,445
227,562,954
91,551
351,565,713
250,582
17,216
194,762
250,883
27,366
20,217
531,895
350,703
724,934
253,381
581,766,947
254,411,892
919,966
32,136
254,433
456,603
84,672
64,621
287,999
233,385,717
459,619
29,430
267,526,982
120,976
350,813,932
329,423
204,230,912
29,108,740
553,658
79,872
233,953
21,450,740
634,878
339,657
76,421
268,324
100,147
322,758
204,722
133,535,916
400,553
781,938
478,951
10,483
448,863,871
565,943
531,838
126,873
268,561,687
39,708,961
161,643,830
173,925
436,799
96,479
34,721
121,918
54,303,541
14,389,545
510,732
1,368
403,662,691
660,745
381,423
227,791
158,239,627
31,545
303,654
164,327
726,878
111,469,598
969,994
3,365,886
159,922
117,420
91,187
109,884
405,493
245,656
716,862
555,819,840
94,993
669,679
141,454,724
184,703,829
106,206
293,674,764
16,136,738
530,819
9,101
587,677
263,388,505
19,221,536
211,418,951
53,716,895
325,557
329,526,786
391,522
735,867
483,720,785
38,153
91,870
99,840
247,350
90,407,651
629,799
130,495
309,858,950
345,893
816,950
210,716
283,960
196,786
308,607
154,728,821
627,930
290,918
566,940
223,560,926
118,777
416,483
71,716
214,341
221,575,701
223,784,982
113,531
750,834
52,925
103,676,850
810,837,915
331,853
54,111,341
35,161
709,981
236,758
227,931
459,573,603
300,517
298,659
67,267
263,403,528
588,853
206,313,824
148,637,945
79,399,466
745,984
199,452
374,415,449
190,781
140,497
25,67,881
153,563
286,389,671
472,761
959,960
331,820
26,559
740,942
71,809
258,601
864,891
88,110,509
758,808
31,785
131,364
9,158
672,823
256,543
641,861
368,937
274,501
445,485
153,759
249,311
2,218,934
522,541,932
9,376,819
692,806
834,836,968
15,418,848
354,793
123,498
80,928
379,879
416,733
629,957
377,940
122,333,548
312,830
45,924
107,140
591,655,949
344,861
624,659
80,260
248,566,689
317,590
512,689
328,910
222,830
63,606
28,684,993
268,459,500
155,473
11,869
17,98
256,568
913,915
256,465
109,207,314
252,289,917
224,933
532,967
150,326,641
8,30
23,363,691
146,460
519,522,652
99,129,858
748,898
412,804
641,932
253,859,922
168,242,783
160,638,785
210,638,738
335,724
244,961
29,95,176
160,728
47,340,536
211,315
251,529
264,415,885
314,845
39,187
345,679
191,709
274,299,610
215,499
99,845,872
576,632,716
288,306,899
251,453
536,742
211,429,964
637,681
254,658
361,410
469,628,987
706,812
565,584
456,479,497
81,390
670,785
96,333,373
124,256
522,650
494,558
88,929
531,642
200,528
20,260
678,925
516,618
599,817
263,356,951
123,427
173,377,769
10,251
188,789
243,459,990
243,527,689
77,255,816
37,573,902
341,971
410,962
296,373
232,849
95,537
190,595
675,796,933
117,441
162,170,890
45,228,398
437,760
166,701,850
238,537,839
48,51
72,818,970
32,513
964,997
54,453
258,860
173,359
19,55
653,842
308,512
213,233,587
288,569,906
479,735
962,982
177,665
7,280
41,290
22,777
485,936
224,779
188,503
218,229
74,364
72,713,764
13,498,513
90,637,952
312,584
263,474
157,967
561,972
59,984
11,238,868
345,611
131,357,991
65,205,325
262,667
374,501
320,880
448,790
206,588
214,877
343,438,568
340,699
70,480
401,741
674,688
139,389,422
204,899
497,554
5,225
54,117
696,979
619,917
291,332
11,175,703
254,272
44,288,941
67,389
895,991
174,897
349,549,825
339,546,630
268,850
39,61
433,699
27,120
47,274,610
226,421
18,612
160,213,835
104,563
633,971
54,756
395,432
382,449,734
10,223
313,543
531,971
391,587
226,674
475,583
181,848
630,951
40,790
502,670
931,963
56,372,938
27,605
173,725
142,173,950
258,986
102,488
79,912
35,633
238,359,508
152,975
147,715
178,247,558
174,205,377
43,771
584,753
303,601,615
288,356
334,493
480,925
386,864
270,575,727
465,959
505,986
148,374
155,301
66,991
34,156,904
126,571,877
26,400,683
671,850
290,465,650
244,472
266,678
516,925
361,815
133,339,907
297,348
430,511
73,449
107,156,875
273,981
14,932
856,880
161,278
371,837
159,941
434,829
249,891
267,481,987
452,508,804
181,363
209,608
218,363
181,453
181,757,761
245,438
496,995
434,667
554,932
669,844
488,860
441,827
343,560
38,339,414
84,776
585,989
474,628,649
92,348,447
496,680,825
52,766
1,348,713
239,903
10,762
403,411,971
36,460
261,621,862
304,995
75,285
209,789
165,850
267,879
98,1000
278,719
533,973
116,301
572,777
685,788
71,950
297,469,476
527,657,765
384,832
634,655,813
383,489
96,665,849
483,652
685,797
439,530,656
526,875
597,839
806,958
456,475,722
117,756
200,421,503
267,288
521,725,731
265,638
214,562
443,776
454,683
110,556,813
363,513
425,525,588
58,598
333,955
320,846,852
391,825
629,677
408,969
360,649
722,812
147,610,917
486,919
314,379,895
213,262,953
331,826
767,934
177,414
398,447,609
94,474,554
448,706
263,419
124,713
699,912
494,765
353,735
482,914,939
596,938
259,838
429,571,905
247,473
117,521
531,834
162,887
397,689,834
88,591
117,822,992
39,85
206,383,420
557,630,862
47,236
203,981
27,429,958
479,511
722,763
115,218
722,983
15,969
17,91
874,930,964
146,655
224,830
443,556,587
195,298
261,341,414
433,707
378,539,843
524,917
121,176
694,777
208,726
533,875
70,481,691
840,919
865,872
42,635
299,412,428
213,373
427,601
507,969
158,186,227
252,500,835
336,834
243,410,525
49,570
122,644
498,745
88,177,886
156,211
161,580,982
25,558
146,515
536,617
456,587,789
204,392,604
549,954
334,777
178,890
23,98,971
455,494
379,400
26,378,748
772,859
335,495
830,882
793,887
5,12,141
317,601
104,634
462,681
463,614,688
206,477,981
217,940
82,372,902
108,804
121,158,166
130,297,547
440,670
158,387
541,680,960
154,769,880
863,931
193,453
757,834
178,370,738
25,201
193,212
63,367
645,897
570,841
586,596
93,368
118,836
152,711
311,868
238,523
355,735
359,674
220,744,903
881,939
250,731
709,778
822,853
126,253
294,793
104,295
124,636
284,428
618,744,962
63,346
577,743
180,362,549
329,809
174,441
179,649,657
201,796
269,598,880
188,218,397
437,874
816,871
309,362,905
138,830
137,524
429,673,801
559,759
185,707
294,379
223,721
77,364
377,680
437,513,648
49,301
53,563
21,795
77,226
137,457
169,640
107,673
100,107
718,964
775,779,939
154,256
13,445,453
371,936
193,222,623
599,835
108,664
197,721
648,988
59,139,607
166,539
232,419,799
4,289
343,907
357,876
5,475,663
182,934
178,463,954
106,699
497,600
489,563,962
177,612,799
854,879
261,969
445,528,580
116,628
544,713
55,376,810
251,320
535,920
145,364
547,698
400,928
95,517
166,355
173,458
268,841
386,766,794
90,229,815
737,807,854
801,818
307,644
93,325,506
57,177,742
695,978
194,896
8,257
215,319
82,371
38,651,664
435,955
201,366
334,944,958
154,244,528
510,793
584,667
69,306
481,605
224,528
336,425,623
185,242,949
918,980
60,805
405,874
379,887
546,570,956
309,458,588
887,910
70,447
807,926
395,628
530,737
138,697
552,657
71,515
48,592
553,970
13,385
467,967
443,474,747
65,820
53,460
265,786
251,955
281,588
782,924
67,1000
32,116
29,404
150,160,435
691,784,854
668,841
198,373
425,852
438,564
138,148,951
5,802
105,892,893
430,907
675,989
21,765
505,860
139,467
561,755,936
68,321
303,552
109,413,916
572,957
612,705,770
950,952
85,850,972
17,529
217,407
125,740
391,427,808
168,894
174,874
83,532
215,556,830
921,988
447,628
316,350
607,770
93,348,838
727,982
7,396,741
651,796
435,860
344,405,716
265,824
484,909
197,509
561,711
450,570,872
217,392
471,760
305,698
265,524
460,628
70,174,177
106,634
423,853
219,429,769
90,193
221,930
144,984
646,726
38,512,612
39,389
198,210,742
91,307
290,832
536,869
221,638,969
265,724
113,777
598,837
120,184
9,931,934
262,298,648
390,507
171,561,988
765,849
109,124,807
442,535,842
422,533
775,827
354,995
36,397
189,390,674
389,592,876
103,516
392,402,543
82,686
339,838,905
29,394
205,491
374,533
342,358,881
466,856
127,485
482,778
460,671
722,779
17,191,544
663,713
53,326
590,725
202,761
766,864
200,274
133,178,564
680,723
429,629,818
326,415,967
687,755,983
95,433
22,462,644
60,716
297,527,748
612,709
106,115
605,947
308,854
666,797
86,473
352,688
855,919
286,654,720
358,390,726
195,725,945
520,528
27,328
699,906
779,838
24,365,410
873,971
301,428,739
367,405,538
415,623,667
102,488,858
156,767
860,998
625,656
152,620
45,180,185
507,622,956
797,910
155,794
79,320,524
529,668
71,614
105,505,881
589,647
70,527,971
134,851
51,124,947
27,624
758,800
193,500,709
321,945
182,468
686,887
561,775
500,816
204,858
794,844
349,487
480,636
480,643
306,386
178,352,897
707,841
689,732
576,890
574,620
354,716,778
380,568
368,741
300,650
214,966
228,499
289,960
463,915
540,958
260,717,748
464,662,968
80,496
407,693
266,299,674
16,726,829
251,710,985
270,394,992
662,987
26,471
99,720
193,655
281,609
6,852
371,633
927,978
495,835
428,635
448,507,722
424,437
313,491,571
98,629
95,165
6,64,925
593,737,984
320,450,938
105,862
718,944
310,593
19,555
528,745
334,492
477,562,862
33,51
130,439,696
546,667
55,239
287,490,546
301,879
416,736
27,440,796
329,801
291,551,694
171,625
153,805
42,261
38,366,863
57,961
603,885
18,596
66,159
263,505,691
84,149,886
262,600
197,242,525
96,886
764,994
250,981
203,545
152,178,547
145,425
236,618,622
413,515
261,384,730
495,922
502,913
539,955
4,43
303,609
26,583
74,196,888
60,775
114,334
198,883
18,174
219,330
145,225
670,721
235,510,695
413,589,828
308,739,928
348,595
84,592,815
233,369
89,356,739
399,561,953
277,999
415,821
508,658
25,297
797,987
459,496
505,737
145,630,645
269,587,797
114,118
624,792
122,437
77,829
221,294,647
130,486,766
354,355
576,735,804
329,741,793
52,83
539,775
1,386
24,525
684,796
1,479
46,155,982
13,601
591,710
375,993
149,645
304,635,743
296,895
660,703
123,315
511,828
674,722
222,553
438,592
367,472
758,847
90,431
222,955
715,984
749,828
384,844
428,758
355,434,581
18,131,659
616,839
133,172
879,972
155,562,917
546,824
23,414
586,731
206,285,634
229,427
333,353
165,521,813
163,797
730,803
689,731
137,202,350
379,778,838
88,615,704
441,865
110,391,728
449,825
336,717,718
241,352,965
143,254,317
643,869,998
237,629
411,575
222,286,423
570,574,786
7,219
319,441
349,553,956
420,660
81,287,488
42,767,992
266,430,744
226,413,550
570,901
244,634
418,796
69,636
262,792
184,719
187,277
196,999
826,901
127,333,594
122,669
524,905
119,167,704
52,287
2,511
186,335
282,551
65,811
186,514,739
19,636
224,303
365,599
62,94
159,361
68,97,476
660,966
114,115,790
169,899,994
37,222,803
257,962
221,765
206,419
105,539
490,588
446,909
424,556,798
114,954
453,587
379,745
194,432
523,991
394,725,941
22,725
734,837
674,987
140,735
186,890
810,858
293,952
412,542
47,186,351
155,244
17,293,384
439,473
246,455
494,679,984
235,263
371,411
289,751
38,269,411
29,70,710
2,182,526
6,365,701
584,953
377,553,907
283,444
664,910
39,641
109,189,327
60,159,796
736,973
74,707
217,444
783,820
222,542
505,730
363,499
96,944
509,924
963,977
7,845
765,807
114,637,867
185,746,813
546,569
311,713,754
239,637
421,948
46,957
497,688,969
105,116
298,342,958
975,997
725,872
218,430
178,998
42,336
392,542
210,412
614,654
306,443,455
804,988
236,256,402
55,581,734
967,975
56,967
90,544
243,454
313,491
898,931
345,682,873
321,462
438,526
35,979
147,282,562
177,339
89,119,730
211,513
693,984
235,467
376,805,947
714,804
731,911
500,745
248,660,973
6,424
144,223
65,643,985
10,197,242
247,639
28,379,626
77,243,940
502,767,812
719,758,857
66,167,615
130,313,818
20,774,806
354,576
305,365,899
374,428
151,925
137,585,700
817,831,947
375,922
56,142
324,652
755,894
359,460
358,644
384,868
286,465,532
663,688
358,945
431,527
201,438,535
80,282
216,756
4,330
5,207,950
97,516
120,143
258,727
708,711
718,882
22,342
4,377,996
482,763,843
10,652,891
207,421
212,398
252,611
78,559
286,345
636,908
348,677
590,681
170,601
54,406
467,727
196,579,736
114,433
152,949,999
406,552
64,515,887
372,682
945,971,991
11,413,706
415,631,905
395,509
268,394
55,399,783
606,639,931
254,333
36,159
768,857,951
42,142,402
94,336,727
374,909
400,710
277,563,911
280,952
467,937
20,608,794
131,249
401,734
334,818
73,306
147,698
24,917
436,988
461,671
117,383,962
70,147,777
8,671
171,984
21,346,407
245,837
338,995
444,738
616,945
85,559
82,711
151,887
8,378
251,372
200,829
72,975
442,932
36,233,856
577,963
172,265
471,729
170,832,846
147,499
244,447
467,611,899
344,664,971
370,950
326,615,792
500,764
102,805
125,608
145,817
56,896
497,663
354,577
471,918
185,688
161,360
796,803
585,771,793
445,860
33,841,942
149,242
4,130,863
635,961
289,757
588,667
908,961
561,775
716,797,855
192,371,607
259,881
127,647
466,683
651,769
109,149,793
268,378,833
223,520,569
499,757,992
884,972
45,306
95,263,774
55,510,913
161,377,464
519,822
694,734
22,923
380,806
199,872
485,506
622,755,920
441,489
97,116,771
66,833,972
599,689
201,759
730,748
85,329
171,326,460
178,241,312
215,461
605,686
216,361,783
41,530,659
264,814
116,631,682
82,129,266
331,422
270,970
179,294
466,620
73,966
32,604,814
40,300,992
714,780
387,638
71,275,340
882,990
378,704
428,758
243,848
689,970
478,483
426,720,988
178,517,736
669,970
627,772
471,978
5,770
175,345
667,956
531,659
315,371
345,745
107,517
282,345
431,432,864
59,709
145,365
81,599
920,927
316,452
184,684
310,497,504
385,442
10,923
84,88,605
408,808
491,698
282,712
113,860,976
75,76
836,893
463,749
477,879
407,445,900
59,877
15,399
244,625
543,636,668
614,681,846
356,955
216,662,847
522,586,774
377,431
320,321
112,638
637,800
400,529
579,581
132,294
480,747,945
168,197,974
197,852
269,776,857
396,434
396,872
89,356,847
309,813,914
27,100
156,205
11,985
459,861
45,325
649,811
22,46,892
53,708
640,644
224,457
950,963
284,693
261,768,895
476,963
133,327,382
880,915
222,804
49,325
322,971
62,682
452,717
101,371
31,54,882
123,664,854
357,588
283,966
135,767
717,846
180,182
69,184
496,844,937
238,507,704
351,849
337,808
555,870
19,499
85,281
650,667
25,951
52,440
395,558,745
132,945
495,886
398,820
749,987
175,237
902,942
448,791
1,708
72,986
86,525
347,960
207,543,814
238,382,708
260,614
346,483
35,137
55,678
415,939
378,953,985
179,228,728
610,732
287,288
664,715
765,809
79,487
230,888
433,511,528
359,746,915
176,517,694
67,964
90,119,201
135,721
292,425
341,762
757,897
91,554,644
557,604
381,433
247,254,470
618,661,736
68,592
260,459
346,361
440,687
322,515
26,262,624
528,796
385,909
25,92
398,657
81,809,916
493,917
26,436
21,294,934
35,553
200,699,995
103,452
331,838
676,911
942,992
873,900
202,251,920
270,580,993
39,167,249
342,669,943
422,519,563
673,766
46,284,917
41,616
549,633
505,572
156,431
214,611
121,914
171,506
300,544
176,322
276,310,628
132,358
612,712
335,764
467,686
159,375
89,847
521,987
579,804,913
299,372,883
175,439
263,292,372
85,802,835
353,901
293,311,463
150,623
131,299
463,634
596,700
483,587
320,415
165,946
142,533,819
82,464,1000
791,914,936
39,957
197,721
165,421,631
73,400,665
720,816
657,984
547,751
125,484,532
357,509
271,559
129,435,529
298,372
58,598,803
335,646,752
158,330
550,810
665,711
101,566,581
347,407
351,661
475,750
59,100,284
438,518,550
836,982
784,800
533,564,606
202,459,933
77,828,852
236,567
24,316,826
350,650
55,633
139,144,315
635,937
339,713
6,83
6,413
345,486
787,962
67,352
244,745,997
116,631
113,649
199,743
97,244
580,858
6,412
300,537,821
262,681,780
578,803
119,135,464
83,690
578,672
77,516,765
677,907
238,256,421
369,777
153,203
528,745
325,784
84,157
284,388
182,877
713,746,988
246,296
76,115,636
620,860
474,677
259,309
331,587,845
764,948
48,752,788
167,880
437,781
333,423,622
929,945
475,736
742,868
166,577
321,712,971
284,639
860,923
79,636
44,518
640,765
24,386
496,938
25,199,717
813,886
864,873
118,771
192,628,879
762,794,930
201,862
169,348,957
227,470
106,326
853,936
145,791
110,187,555
172,614
120,500
441,546,929
365,733
10,745,754
446,548,840
55,610
680,733
220,272
336,429,562
24,720,843
275,463,943
130,184,633
114,661
473,513,709
220,267,310
46,82
62,220,420
47,307,458
271,636
589,864
789,880
854,879
787,789,906
21,754,786
486,947
117,461,602
266,401,447
454,868,925
426,696,926
276,829
400,467
365,585,654
92,155
505,911
284,348
92,240,348
266,396
524,852
25,573
309,729
100,113,358
649,873
27,600
259,577,903
367,960
300,707,955
772,859
254,268
116,300,828
298,399
618,789
9,419,565
636,646
73,752
117,295
944,954
221,637,794
672,725
66,648,670
370,865
40,137
286,358
2,421,925
285,767
109,260,720
837,980
239,327,475
664,823
536,745
609,680
9,664
105,317
176,221
809,935
242,723,992
152,232,656
107,576
667,841
743,882
589,776
518,564
79,452,859
293,784
16,638,663
862,971
21,405,805
426,702,932
555,864
476,979
269,421
296,584,672
619,908
31,623
24,826
491,796
114,424,819
295,496
392,883
108,192
194,862
142,855
777,827
680,729
301,700
358,684
127,655
23,721
437,519,654
102,613
406,852
141,304,887
596,598,777
20,242
78,823
147,267,986
661,756
5,568
182,430,983
688,882
448,887
135,377
250,380
38,568,714
201,246
462,892
510,845
144,917
5,248,479
632,732
10,698
244,321
562,806
375,953
476,669
150,901
227,435
212,808
372,561
538,819
208,389,798
817,823
196,744,810
358,491,838
595,611
201,862,975
317,368
660,678
400,425,701
39,168
310,612
116,422
796,847,917
311,921
533,853
39,816
348,469,684
52,363,482
126,531
325,757,917
438,692
380,485
141,196
741,872
76,340,741
860,951
1,34,707
233,257
244,408,663
526,638,865
165,326,556
315,325
35,551
481,548
343,630
47,310
490,645,646
305,917
526,643
696,784,876
250,942
298,467
64,913
62,205,432
118,859,895
329,689
177,360
129,845,896
28,745
165,721
402,868
379,847
191,252,982
357,826
514,683
161,758
854,870
398,894
181,968
313,607
390,391
198,526
221,515
49,571
473,496
18,551
108,280,558
368,382
316,779,927
120,126
821,892
384,787
137,746,898
64,651,702
308,543
725,733,798
457,622
455,597
443,938,951
242,460
242,932
348,629
265,932
306,356
658,906
83,146,568
155,917
89,135,506
178,531
749,872
119,363
69,93
575,771
366,464,766
474,766,811
374,413
172,859
431,989
146,776
15,258
537,666
243,269,980
209,324
148,920
819,887
372,616
50,274
192,343,730
135,951
113,366
534,809
293,722,984
812,906
727,744
476,513
324,624
77,468,940
818,941
536,865
247,897
91,971
238,404,887
215,653
124,322
55,77,661
116,378
472,613
118,822
164,966
75,265
54,668
387,999
9,229
746,885,941
151,275
11,421
420,939
321,911
433,444
99,253
468,619,767
866,930,978
1,272
470,738,974
397,448
63,605
969,977
663,695
329,439,697
863,965
42,973
304,351
362,426
67,334
494,757
281,990
46,278,727
145,497
297,900
125,583
684,887
137,955
297,623
187,730,835
412,859
486,679
407,438
355,836
32,174,697
551,771,803
34,750
446,759
189,519,872
122,137
398,408,897
94,528
286,939
96,512,628
836,970
25,836,987
99,176
754,831
26,526
91,379,414
233,838
9,29
229,326
14,317
189,883
331,761
653,994
410,466
894,932,985
768,800
295,806
8,471,830
257,670
149,236
318,919
18,512
147,713,787
211,691,698
185,216,998
371,493
825,932
109,926,949
253,644
121,404
212,641
37,707,927
356,695,801
410,809
291,584
120,514
476,776
242,660,665
19,589
307,463
56,155
10,314,686
3,120,703
699,994
289,629,836
903,918
293,653,749
832,852
20,187,929
8,260,901
136,772
141,242,725
392,637
329,490,667
452,995
184,366,875
533,946,947
283,876
26,708
464,739
380,673
502,662
833,957
361,735
140,381,444
4,653
497,647
251,622
231,608
467,765,876
202,287
728,961
786,787
638,664
755,952
723,880,976
74,492
121,269,574
687,830
234,734
301,417
21,37,411
645,798
242,333,981
773,1000
677,815
202,281,711
217,550,889
19,260
344,560
469,773
273,954
318,794,896
340,442
723,986
38,844
101,161
388,704
7,812
490,662
78,187
188,644
372,495
291,871
267,864
623,833
244,377,512
595,870
569,628,698
623,624
240,796
705,1000
781,809
246,960
319,370
187,335,653
618,795
441,841
111,808
62,240,997
46,491
394,974
19,274,655
57,393,478
203,254
344,575,630
50,892,919
98,473,765
6,969
185,287,516
480,778
725,964
725,885,955
558,631
241,572
246,747
480,715
215,755
163,772,858
132,382,635
696,991
401,795
339,704
56,167
413,463,523
479,646,899
76,239,285
173,219
123,395,986
334,707
406,880
808,886
251,462
204,526,809
375,399,733
45,714
186,245
290,648
49,377
151,965
13,710
671,730,881
470,916
134,798
44,217
9,515
232,642
849,931
366,417
281,974
453,514,822
271,849
202,792
107,515,837
57,233,942
32,109,327
337,657
6,810,935
595,817
123,348,951
485,642
179,205,715
220,678
404,632
34,654
302,415
95,129,678
232,649,684
235,612
589,741
311,615
303,369,620
56,785
150,302
388,953,967
175,348,745
487,660
206,833
718,859,959
514,840
196,275,516
461,664,699
18,234
171,959
179,636,668
734,899,977
370,977
365,545
402,918
626,998
346,550,940
93,205,996
154,356
585,816
267,345
759,841
79,171
27,966
5,555
96,450
390,663
53,498
424,708
227,448
100,110
251,377,781
303,441,936
678,961
148,162,556
231,790
97,344
42,274
30,319
485,968
303,461
552,604
149,168,177
202,393,670
155,225
310,643,714
53,243
662,903
782,884
192,258
220,910
176,913,948
14,869
322,352,447
234,493,642
202,850
535,735
628,801
500,994
392,588,691
706,858
152,202
444,896
24,243
213,585
496,522,548
37,79,648
420,484
155,366
302,309,383
216,389
363,480,640
306,847
755,913
353,737
407,509
20,483
95,434
54,534
454,530
101,616
50,304
548,714
471,939
110,215
469,664
650,761
309,524,813
477,838
301,892,984
22,441,491
57,840,992
511,707
524,745
524,908
7,56,230
38,289,677
894,914
701,759,930
412,517
837,839
98,660
154,155
333,532
374,399
94,735,846
65,99
121,434
160,257
236,906
172,531
70,614
523,838
47,218
465,762
223,512
458,792
230,925,995
8,225
33,760,939
373,667,989
557,877
167,270
673,855
496,866
244,957
306,607
635,875
310,790
275,781
196,789
148,597,600
202,838
210,736,995
665,756
99,967
83,542
26,583
347,602,755
548,659,911
127,591,721
297,758
83,973
657,876
258,366
883,950,954
605,716,764
212,630,707
627,850
753,861
325,556,622
211,408
198,224
626,853
61,652
47,339
400,431
263,284,943
428,560
397,427
279,971
140,498
362,912
332,822
82,353,795
25,269,554
536,550,948
411,445,770
90,691
505,677
219,555
95,910
246,673,862
762,801
412,433
462,834
34,545,785
546,800
62,111,502
145,313,823
309,832
256,434
264,322,722
66,423,590
416,791
32,60,204
826,842
585,792,953
154,180
332,967
357,964
400,920
118,279,821
826,926
156,895
47,325
301,699
94,679
185,815,941
414,862
412,786
339,770
553,572
784,936
154,499,818
686,982
339,705
7,797
310,370,837
482,861
782,863
141,713
263,865
390,730,770
96,850
316,324,519
759,999
24,197
77,323
118,701
326,697
58,596
5,381,623
356,562,923
451,846
164,595
310,589,865
496,703
445,993
179,625
117,152
157,764
293,997
565,566
193,442
171,548,841
80,504
201,588,826
341,488,814
339,928
136,241
31,664
628,777
534,984
547,948
25,603
232,982
520,649,847
64,195
809,854
224,395,558
777,820
85,408
612,682,895
354,617,637
173,322,472
293,676
209,383,725
475,914
390,526
28,197,684
595,719
574,802
353,504,590
226,849
116,633,893
552,874
339,838,951
173,713
365,720
98,199,288
233,254,547
113,928
340,773,978
282,511
85,157
334,398
52,522
238,329,390
328,348
5,6
19,475
114,405,910
390,550,921
254,850
657,919
227,468
185,591
625,679
62,684,881
40,521,681
835,974
88,906
164,356,551
306,360,895
399,504
42,593,839
293,364,516
179,267
19,527
325,823
209,672,852
611,966
511,975
677,736
333,372
21,315
271,684
252,957
53,371,652
18,966
368,650
351,778,793
611,834
78,473
155,802,887
64,749
348,460,587
45,549
495,952
404,816
174,547,698
135,382,693
283,595
549,631
102,323,653
206,711
53,350,655
804,929
573,600
666,869
190,822,853
726,741
451,597
251,733
41,529
684,781
327,678,763
190,591,853
109,323,456
268,460
798,962
85,247,551
847,996
71,327,530
840,843
251,908
69,870
336,487
93,348,747
67,696
147,289
44,266,934
538,674
62,386,765
512,888
548,797
265,293
580,718
236,914
323,957
552,701,705
589,668,732
310,950
417,909
428,546,728
341,575,796
387,665
4,477
107,956
38,70,834
448,847
427,916
137,177
849,896
455,905
552,771,984
227,287
495,606
728,854
162,226,605
278,455
482,548
508,741,925
9,101,172
247,333
304,806
153,868
2,436
325,695
54,663
46,360,770
78,748,830
367,912
190,938
353,598
602,697
45,70,763
513,851
539,939
884,943,975
78,509
39,702,843
496,670,740
19,245
525,585,936
38,341
231,878
364,535
74,161
734,790
665,709
136,996
304,424,935
223,598
722,810
45,278
89,98,960
234,493
419,955
645,910
104,457,588
44,61,674
54,967
45,469
97,178
594,670
279,305,684
657,937
539,957
307,923
346,452
453,725
674,772
547,724
194,278,569
123,794,968
293,614,707
511,634
628,678
588,806
435,460
23,572
214,838
78,610,878
860,928
15,402,530
540,624
377,576,610
202,320,423
172,917
327,579,841
395,580,808
723,795
34,788
99,453
45,382,691
272,431
201,678,778
515,543,876
90,917
30,202,939
161,455
259,600
160,372
41,115
360,870
641,729,953
59,136,229
154,278,834
368,732
468,716
298,813
235,315
376,966
230,407
552,761,803
367,681,785
156,673
476,751
735,969
164,930
103,450
796,997
410,898
474,799,854
309,399
700,939
1,933
24,960
29,604,685
566,856
487,589
317,466
453,988
313,506,723
285,540
375,833
19,217,726
110,513,859
768,807
74,318
426,544
201,657
282,356
1,352,871
124,742
414,621
699,822,976
680,850
234,431
12,969
766,820
622,725
55,265
109,868
409,439,456
238,809
31,446
490,612
300,835
829,896
274,639,772
338,574
65,651
138,212,224
157,929
483,843
311,781
497,781
63,158,173
389,420,922
788,838
58,506
229,567
418,499
441,613
416,614,654
474,506
22,403
222,483,994
224,986
31,37,280
321,772,978
14,261
695,976
210,947
507,555
287,857
362,593
16,249
104,985
256,974,978
38,431,880
600,659,902
32,642
619,774,915
232,280
591,817
635,910,934
631,648,690
239,878
152,755,998
591,784
329,565
350,652,711
139,465
208,861
784,890
110,446,608
259,552
470,640,738
694,878,896
745,773,803
760,985
81,173
551,765,818
2,278
118,356
236,735,810
12,160,593
215,242
160,532
798,830
216,645
134,197,286
316,500
114,745
59,111,269
90,844
625,880,997
173,627
241,684
108,514
76,259
707,812
788,963
277,592,620
215,369,985
432,437,563
105,213
128,911
61,985
177,552
273,529
77,919
65,959
836,842
526,953
113,771
2,346,873
577,605
146,943
24,931
464,962
347,684
592,665
456,726
64,711
335,431
4,116
625,699
9,133
120,904
82,90,984
101,396,639
123,219,232
437,625,631
288,575
344,539
6,368
113,490,771
217,314,483
623,938
136,585
46,111
749,752
173,405,613
242,793
131,424,965
37,941
356,693
225,536
166,738,887
92,784
412,516,925
125,374
264,384
244,284,838
125,482,601
144,455,957
392,396,749
166,739,926
177,224
527,798
282,862
372,655,939
581,790
222,911
756,937
736,759
64,164
508,862
459,779
228,761,818
215,298,700
40,152,707
316,900
543,786
48,64,618
47,734,965
728,784
671,741
129,610,954
195,686
478,745
406,464,696
220,820
34,192
591,673
692,952
309,584,902
493,628
60,437
117,759
78,180
502,556
554,801
297,619
372,379,988
20,253,608
154,715
442,731,746
237,276
350,385
759,852
406,491
214,355,448
178,845
578,623
872,971
87,712
32,420
27,601
364,591
95,472
126,999
43,445,976
253,629,717
446,797
275,470
397,411
728,920
97,400
182,260
25,78,237
636,724
377,588
559,867
522,850
32,186,919
373,415,907
495,687
35,159
325,967
547,934
27,252
144,870
661,896
37,647
300,388,450
312,972
394,615
137,253
567,634
313,715
703,787
108,418,757
579,581,910
402,619
106,265
442,539,650
200,638,969
882,933
200,412
923,931
216,232,716
58,796
469,535,674
118,326,883
652,703,733
35,301
346,481
122,487
192,443
177,549
236,423
267,628,901
380,408
44,354
323,912
199,213,832
173,834
28,718
336,846
54,226
361,471
634,725
81,342,805
199,914
244,942
527,912
712,727
410,475
342,540,960
51,265
775,958,972
265,405
80,797
7,459
192,737
213,586,898
265,294
45,766
18,553
609,651
148,536
135,716
37,759
510,543,627
97,853
266,272,950
543,804
279,366
226,418,633
425,597
24,585,600
185,689
555,883
118,432
180,275,977
177,765
650,841
231,275,314
237,447,553
310,571
531,966
539,908
25,792
462,917
458,760
81,472,488
346,886
34,85,953
178,576
457,861
311,465,568
86,654
103,386
735,938
40,756
611,739
475,536
685,887
221,693
522,900
560,844
328,491
248,515
199,699
181,673
228,757
351,647
343,386,811
600,697
89,377,795
241,664
780,802,927
223,443
381,645
535,741
504,885
262,582,961
242,365,385
117,222
129,141,245
281,614
53,303
728,928
231,909
16,743
922,961
287,536
310,935
123,552
679,730
210,413
117,433
249,597
426,980
788,979
454,736,754
251,583,635
402,448,536
380,926
755,893
322,724,887
46,823
192,325
424,748
