245,275,431
162,407
107,120,195
278,415,464
22,231,277
28,341
344,380,463
46,150,372
33,244,364
72,134,446
37,38,57
69,226
12,243,437
382,421,493
65,83
175,352,379
347,353,471
17,73,221
359,380,463
23,33,493
78,465,474
274,428
220,401
238,275
369,478,480
362,419,467
137,213,228
127,486,498
172,330,455
149,171,468
24,285,472
70,209,400
140,395
213,224
55,98,104
156,207,281
64,197,265
105,399,480
168,202,350
186,372
145,229,243
91,149,250
151,269,441
22,189,207
88,276
67,230,480
22,272,390
34,244,432
226,277
136,422
133,220,417
225,382,466
375,439
377,379,474
360,402,409
45,202
218,322,467
55,494
228,316,346
109,473
234,279,430
146,174,207
108,292,333
125,230,282
319,356
319,327,393
103,296,442
104,292,371
199,369,394
166,346,456
125,218,383
248,279,328
101,223,464
137,219,331
185,331,365
2,128,388
315,378,458
56,131,280
304,328
427,431,474
213,260,435
340,375,388
176,197
191,388
67,393,473
205,398
228,238
175,189,470
189,310,437
94,319,376
212,415,440
77,98
16,116,236
182,274
231,422,474
12,266,319
35,119,234
2,67,259
84,108,127
66,132,236
8,285,405
16,213,344
136,314
153,327,363
23,203
421,473,479
66,99,464
21,101,111
79,88,265
89,105
36,226
62,144,375
53,423,447
80,260,402
31,55
85,206,215
1,65,422
167,347
128,346,413
128,381
66,283,329
39,186,434
306,455
54,85,313
34,172,383
32,306,315
338,372,461
53,98,222
175,208,305
148,377
161,422,487
19,297,369
173,409,473
23,239,288
214,473
176,258,278
122,240
64,276,399
63,115,179
102,395,412
14,431
315,366
130,388,484
150,174,412
39,205
43,258,286
12,79
42,138,345
213,326
329,446,457
336,382,466
179,204,239
3,104
20,382,453
240,475,483
141,470,481
111,255
20,273,433
27,167,368
24,338,374
153,378
9,251,360
97,445
19,370
131,199
114,165,407
128,279,462
178,453
102,190,359
93,391
187,241,292
146,368,476
20,369,488
131,214,243
37,73,249
244,294,456
345,405
347,466,485
232,267,417
10,23,196
220,256,455
180,322,411
60,302,397
5,70,338
111,282,445
384,429,440
12,330,470
55,181,214
139,262,378
62,396,451
103,217,430
63,122,156
130,274,378
86,244,499
13,255,353
166,323,449
148,219,367
5,218,458
19,23
37,163,241
118,144,364
17,20,287
59,106,468
230,257,435
14,180
180,296,371
14,177,369
61,109,304
103,114,406
239,359
139,351,355
67,370
83,371
12,55,290
81,395
34,120,471
24,158
31,244
94,109,199
46,83,466
60,98
20,252,367
190,229,350
236,499
129,285
184,362,392
5,202,389
26,181,409
93,171,327
152,185,360
18,407
167,169
192,246,391
63,435,452
12,94,396
285,342,357
337,434
126,427
226,253,393
355,356,426
15,244,493
103,239,416
39,301,399
276,369
307,462
102,164,334
72,73,414
286,291,359
104,131
76,245,393
85,95,356
25,439
404,429
264,308,385
32,96,117
68,427,429
116,310,493
17,83,209
76,151,157
169,232,253
37,286,424
159,438
75,200,213
165,246,443
126,412,429
4,293,332
19,369
120,245,296
235,256,395
335,402,438
241,364
381,444
462,484
344,359,377
43,322
89,111,322
280,440
37,295,375
35,228,439
11,345,391
289,447,475
228,381
36,124,362
87,368,482
212,241,406
4,236,237
164,352,380
218,367,383
448,473
273,322
6,44,244
110,245,386
255,306,400
138,302,374
10,289,479
100,371
206,217,489
149,465
303,374,473
42,366,416
9,136
255,474,486
243,454
6,228,396
120,166,299
100,137,428
197,209,211
133,171,416
296,417
234,500
19,431,476
125,126,460
18,335
115,255,450
35,37,293
22,183,218
301,476
33,107,432
274,377
336,398
200,383,474
91,130
69,124
156,162,300
64,480
293,428
220,349,374
2,304,448
77,94,349
94,176
221,252
63,115,174
30,205,341
444,471
190,245,270
9,162,183
22,49,355
10,247,339
235,309
137,381,493
147,348,437
324,328,468
64,197,379
282,412
32,35,86
16,250,441
59,311,320
86,322
121,219,466
17,241,358
272,354
131,407
191,381,401
18,140,319
337,445
87,384,451
278,490
26,49,92
328,421
137,361
20,158
87,197,330
41,292,377
405,477
52,389,437
63,142
379,400
97,328,395
97,376,496
244,252
24,116,118
113,140,303
218,383,490
11,486
51,333,475
223,443
165,224
17,367,422
180,328,468
136,492
171,285,476
244,414
16,180,267
173,189,496
306,426
143,362,496
39,111,244
16,47,178
286,386
73,183,494
48,239,332
32,101,312
23,164,442
135,145,489
110,432,436
107,312
145,163,475
33,190,236
355,401
59,377
64,380
85,306
156,266,446
464,465
10,63,124
364,455
33,386
29,87,316
101,302,468
21,131,471
69,88,475
236,302,442
10,166,462
120,418
29,324,386
34,295,316
160,290,463
188,195,202
22,148,456
24,221,396
19,67,480
370,398,484
122,192,325
173,234,467
201,301,319
138,242,257
7,230
20,25,146
46,76,202
143,369
37,102,307
85,162
267,391
210,346,442
122,136,408
35,465,474
122,162,481
255,291,363
51,126,407
86,234
82,281,298
130,231
180,340,493
214,271,397
400,468,484
103,335
11,142,379
18,229,329
322,381,418
220,350,394
267,325
23,29,352
147,302
96,487
9,287,498
327,471
6,113,480
91,146,324
46,423,440
239,293,442
176,209,253
261,276,419
155,458
190,253,299
25,247,402
235,252,440
11,30,388
55,305,336
22,448
320,325,447
144,146,493
236,422,494
20,335,385
103,239,253
60,354,378
336,357,463
203,373
70,452
79,140,369
129,203,499
136,259
52,229,403
200,330
134,247
48,56
53,249,467
192,297,303
6,193
104,350
33,395
90,271,297
125,359,448
9,168,327
291,417,438
135,391,419
29,91,196
290,315,388
62,100,416
25,107,251
5,111
11,355,427
26,158,377
68,263,304
70,99
345,478
118,376
58,273
20,226,494
8,17,256
104,302,320
168,430,475
72,264,291
49,198,213
153,355,372
10,166,374
208,311
408,494
45,441,496
38,219,292
4,128,177
150,419,425
213,365,390
123,197,391
183,500
84,97
179,356
82,85,459
113,280,473
173,240
43,286
37,150,156
100,317
295,354,437
111,145,211
334,487
78,141,452
153,191,365
8,145,157
361,449,462
47,311,382
293,344,380
29,309,329
108,374,385
124,211,397
56,235,303
322,326,477
175,259
91,410
293,368,428
49,54,136
202,283,445
202,459,464
50,76
89,215,291
272,287,314
28,140,343
293,296,416
131,259,470
389,417,432
327,443
355,453,486
21,60,358
82,99,245
35,68,439
332,364,421
13,82,363
47,148,153
53,121,193
44,186,255
137,254,279
75,229,441
31,69,422
198,450,466
120,165,317
47,461,486
87,229,420
28,131,457
208,324,353
144,237,328
91,270
120,438
213,476
212,388
217,436
189,393,496
19,149
246,275
96,372,377
22,162
131,261,379
74,428,443
82,218
164,296,469
36,215,426
72,89,437
250,291,307
310,436
186,298
38,340
34,46,345
102,240
88,149,259
144,424
217,300
109,411
15,22,235
30,354,366
131,148,451
11,37,373
422,480,496
141,385,415
79,101,220
162,252
96,132,215
22,96,136
45,118,233
215,241,378
42,113,243
145,387,443
4,107,439
191,351,367
159,296,376
95,202,360
149,236,462
63,82,208
5,341
144,418
458,486
165,420,433
41,166
11,338
178,224
129,244,245
82,95
81,117,461
112,275,442
20,41,264
87,99,481
160,407
53,300,427
132,177,274
54,85,388
3,131,179
58,223,433
149,252,361
185,346,471
208,416,447
195,483
108,198,500
113,482,497
59,288,335
431,441,484
278,422
35,78,496
19,52,475
60,101,205
242,257,479
9,76,334
10,128,196
190,481
81,209,343
343,359
93,414
183,278,474
296,371,425
39,110,297
395,498
18,207,214
168,238,407
194,327,361
35,270,359
226,367,460
81,486
113,193,494
3,414,479
10,59,482
130,405
149,237,247
148,378,408
149,432
120,323,411
41,274,357
467,476
343,407,480
69,72,446
134,259
16,424
199,322,470
43,416
138,176,296
6,330,443
111,302,409
22,402
41,236,483
389,458,469
41,333,423
38,221,338
221,485
100,233
202,480
175,391,462
22,271,399
187,359
6,101,337
104,188,271
255,342,469
61,79,392
301,413,469
28,470
308,466,500
273,452
233,451
379,383,412
226,368
169,223,258
250,381
31,238,419
24,410,494
146,253,335
38,415,487
218,346,416
156,272
12,180
30,130
41,199
37,348
303,419
120,196,234
330,480
97,258
284,459
211,391
146,189,435
469,486
183,191,498
91,196,371
207,303,393
449,462
322,327,387
143,203
133,144,481
214,429
382,383,474
230,265
90,151,302
8,251
292,330,419
286,326
278,459,487
108,156,377
6,392
16,107,159
336,342,400
97,375,469
239,244
104,165,318
240,265,301
173,420
33,315,335
228,296,376
162,175,374
29,177,439
188,464
214,280,398
61,346,351
263,390,449
20,50,490
297,448,470
258,317,344
24,355,414
138,208,211
26,100,455
118,316,481
350,419,433
77,370,407
125,257,400
259,437,475
127,383,494
194,208,393
20,367,498
108,338,484
292,353
126,261
29,245,364
67,352,490
36,48,266
393,401
20,281,357
174,272,382
49,357
150,267,468
42,336,483
126,167,298
47,308,453
87,115
125,249,262
9,276
38,347,461
197,224,299
86,193,281
82,442
107,129,149
45,51,257
105,163,357
96,145
218,311,487
115,268,432
148,166,186
11,270,289
239,474
94,360,492
71,219,252
17,406,474
408,495
218,281,338
73,301
202,301
212,213,266
153,184,274
49,110,262
332,348,456
193,431,458
241,362,384
31,73,443
106,328,476
120,402
362,455
136,250,387
66,72,148
107,160,456
171,286
28,61
171,294,425
53,377
398,457
136,222,390
237,260,469
101,261,266
136,198,225
154,360,442
271,369,393
91,116
9,394,433
298,351,487
97,279,286
92,343
56,376
377,486
6,45,227
312,462,463
5,335,340
212,287,494
175,207,227
175,258,409
47,187,363
75,254,469
39,51,280
220,331,394
131,269,397
135,199,405
296,381
8,188,419
85,459
170,429,494
92,386
150,378
206,338,490
34,164,246
97,116,253
43,295
92,184,317
58,105,440
160,489
325,453,494
395,411,424
113,115,313
426,485
304,339,500
248,268,447
119,268
82,166,239
92,130,424
190,233,403
97,231,265
69,108,248
44,273
32,469
385,482
171,322,482
81,359,468
221,338,406
155,203,325
370,430,478
28,242,348
256,343
24,305,446
26,423
445,449
42,231,325
31,247,473
78,404,495
106,144,250
42,227,305
72,203,279
92,149
342,458
27,68,113
86,164,239
57,167,408
45,325,374
143,472
49,53,221
232,320,368
27,38,328
151,245,377
193,231,347
66,484
173,419,447
128,429
299,310,469
108,378,450
219,404
138,316
115,202,306
56,296,331
106,328,449
139,300
53,382
12,40,497
129,226,289
27,279,327
137,182,425
76,471
192,456
133,260,386
127,440,462
35,146,179
90,189,496
206,432,433
444,459
88,216,393
18,390,442
34,43,102
96,450
299,335
219,410
4,267,326
387,473
205,230
37,368,491
208,289,290
31,101,229
98,361,464
6,341,478
203,318,406
68,220,316
180,248,438
212,336
282,488
79,325
253,270
59,335,402
264,434
315,490
75,396
52,387,480
198,262,300
298,431
15,36
240,290,398
23,295,346
172,336
84,342,400
319,455,480
36,167
69,240,334
64,385
50,305
236,335
218,262,485
147,193
148,406,459
87,285,456
128,180,411
99,307,491
1,235,314
339,376,451
234,438
233,239
261,457
138,176,298
42,228
302,325,369
42,263
138,433,487
160,248
355,382,427
204,335
211,256,276
86,293,476
5,57,327
278,392,445
243,298,319
266,330,455
219,313,367
235,423,436
157,295,393
174,225,306
2,238,280
214,290,420
128,210
239,343,445
67,101,172
223,322
63,219,333
344,430,451
326,418
137,432
146,456
210,286,468
51,79,454
155,410,461
65,315,316
106,129,438
249,384,406
72,147,185
88,205,419
348,373
22,79,264
5,30,309
27,165,228
1,53,426
244,428
107,133,326
262,353,356
200,210,499
46,131,336
323,451,477
82,128
59,344,438
120,164,192
117,487
312,430,463
201,282
193,336,348
45,225,425
43,322
3,207,369
236,358,452
63,358
307,392,394
46,54,333
403,462,486
153,272,429
28,205
46,112
82,85,201
206,288
91,250,352
291,307,371
2,79,80
24,144,436
296,340,375
122,490,492
232,237,386
14,218
198,303,420
69,197,446
133,196,339
37,59,473
69,257,343
218,415
431,453,466
163,404
29,360
16,150,380
213,376
266,374,447
289,401,446
106,107,291
191,444
257,458
70,287,484
78,475
53,321,466
7,265
141,225,356
63,95,486
99,103,476
90,123
294,404
153,415
98,178,205
180,332,380
169,220,276
19,169,449
86,357,486
108,155
110,395,477
45,497
85,158,308
8,77,143
62,213,439
137,143,202
178,238,448
171,442,493
57,156,225
178,226,381
255,351
165,169
60,417,478
235,400,468
123,403,488
282,383,452
58,147,360
280,455
7,320,496
55,199,480
218,333
49,99,236
174,226,284
117,354,384
102,110,421
18,441,468
33,245,416
138,396,469
36,385,466
138,389,400
67,214,387
3,109,441
194,202,329
1,162,252
183,465,483
73,317,398
324,422
145,216,453
106,299,346
43,87,400
143,277,290
138,314
42,229,344
183,282,485
227,246,261
59,166,417
28,457
33,128,421
26,69,99
129,371
159,294,368
238,337
268,291,480
22,466,487
148,390,485
245,249
77,109,394
428,462
48,211
20,250,267
54,210,365
199,444
295,348,433
26,245,346
129,462,468
242,446,492
18,145
198,370,455
27,143,192
129,154,225
198,222
239,447
330,343,399
85,367
77,369,398
193,309,415
78,84,500
118,200,204
24,253,328
21,455
235,287
78,380,389
23,149,265
59,207,216
152,289,349
44,59,491
37,160
30,101,123
118,430,450
436,463
364,459,462
118,160,380
72,138,398
166,341,358
253,288,296
232,368
137,219,297
97,218,492
242,383,412
250,463
153,297
108,147,287
166,180,234
121,500
404,412,465
81,463
125,332
314,347,495
21,263
52,330
74,388,440
36,240,498
1,98
77,94,362
124,499
276,399
325,407,437
471,473
65,145,245
12,473
86,428,445
7,44
65,117,390
81,119,120
170,425,465
64,394,399
214,377
133,296,363
385,386,444
5,231,385
226,365,444
127,439
41,404
397,480
11,152,343
238,304,305
47,141,317
97,177,291
369,444,482
296,333,500
72,291,478
14,63,383
324,439
16,110,425
304,329,360
177,384,401
259,344,427
125,344,490
115,123,426
149,386,418
171,190,491
420,457
220,413
49,307
76,111,290
171,260,430
56,279,491
247,380
425,457
37,335
241,353,450
112,386,463
21,140,478
77,210,414
321,357
226,246,388
25,137,340
120,263,363
292,353,488
36,325,415
31,182
264,362,426
160,389
140,185,473
178,228
169,261,454
116,307,413
264,284,311
6,174,487
61,356,358
198,272,460
36,80
97,107,156
247,491
44,120,442
137,274,440
203,286,432
193,498
253,323,432
191,297,418
56,384,493
234,247,416
20,184,440
204,236,296
316,347,498
230,235,315
119,451
74,365,453
55,481
323,384
53,191,241
203,204,421
50,223,348
28,92,106
16,349
380,395,428
127,216,487
320,333,414
224,361,390
173,209,235
254,289,420
185,280
2,79,218
178,480
253,332,442
200,297,440
93,329,343
165,197,349
193,378,384
166,174,309
31,274,495
104,140,457
107,402
107,428
332,338
49,96,306
4,68,139
104,303,440
180,270,328
173,203,439
75,214,398
79,319,330
20,113
174,311,351
52,235,408
3,478
2,372
433,446,468
156,254
322,389,499
209,426,452
3,33,86
92,156,474
10,491
239,445
4,160,237
38,86
39,145,382
54,397,456
16,80,288
92,121,191
143,240,470
51,261
239,368,475
87,140,257
291,344,373
301,330
29,37,100
17,26,183
9,66,283
68,104,345
47,264,347
89,261,348
265,302,457
144,146,177
60,120,482
30,432
148,156,218
19,163,306
159,232
205,332,352
78,183
87,424,469
1,266,342
46,300
208,289,355
46,309,341
57,249,440
432,438,439
25,273,469
49,187,282
377,458,495
192,381,409
60,345,387
154,264
98,108,383
85,308
261,273
42,57,97
320,405
228,232,436
14,26,372
15,41,70
191,339
48,399,435
473,475
5,152,153
209,463
57,150,285
112,204,273
34,201,340
31,341
147,186,407
13,50,419
101,247,306
5,410,494
16,37,128
331,416,477
47,234,284
452,463,485
29,217,248
125,127,278
1,351,426
20,288
185,433
155,452
32,174
145,340,443
25,267,484
174,459
34,179,456
112,352
235,309,362
14,160,490
120,233,387
43,371,476
46,97
133,196,406
233,331,438
42,331
478,481
23,203,285
36,281,337
204,270,344
30,144,287
97,438
70,109,476
325,387,457
27,104,405
97,290
38,55,341
98,325,399
22,334
162,400
56,173,389
28,220,266
300,314,363
58,146
4,48,75
300,407,490
214,320,393
119,214,315
26,154,221
31,114,224
141,187,427
70,306
53,127,355
91,223,309
79,223,419
57,347
96,206,250
66,121,409
164,373,428
342,423
18,258,471
251,328,435
45,263,455
299,307,332
237,367,368
170,365,385
23,295,463
226,308,342
103,182,324
64,230,469
25,324,462
244,432
87,236
72,151,277
94,283,360
7,67,94
62,230,361
322,477,491
238,290,449
263,437
46,262,317
75,171,247
2,419
4,222
267,279,436
248,441
31,135,188
200,468
282,306,366
179,254,375
270,273,359
279,291,430
325,345
187,211,498
137,170,255
105,391,454
11,71,95
137,196,217
213,342,394
342,382,450
52,222,272
129,341,458
207,256,330
93,429
63,282
21,283,468
366,426
73,202,470
316,322,344
92,283
78,334
261,402
118,119,446
35,268
50,192,223
56,296,331
147,162,204
27,239,291
219,223,351
36,150,488
299,439
100,213,481
115,315,372
96,185,229
108,362,444
81,389
184,229
145,320,343
70,108
179,456,462
3,106,292
118,160,375
200,270
177,339
85,87,259
22,338,459
19,276
40,56,465
250,364,438
33,451
377,441
366,382,452
163,290,436
53,396,475
199,246
129,196
108,117,498
316,481
66,109,434
129,293,428
245,276,315
413,482
79,208,349
427,440
82,287,362
36,262
74,244
142,154,390
285,399,438
18,361,391
155,238,469
86,365,432
78,125,347
96,262,484
343,426
55,178,391
83,410
51,434
84,201,453
79,135,246
45,466
156,218,314
84,431,485
172,374
224,269,390
263,481
117,304,350
244,305,308
5,449
112,146,171
364,445
18,69,434
312,381,414
75,298,447
163,217
133,239
102,197,244
306,390,406
227,345,433
95,154,282
13,206,314
137,255,293
88,207,492
111,152
77,330,492
121,193,428
165,374
79,105
133,162,487
41,371,415
36,372
250,269
294,493
49,183,300
55,178,224
112,237,439
164,309,363
182,483
44,125,143
262,287,292
198,284,351
87,254,395
393,432,441
48,270,299
97,416
254,428,484
140,329
372,423
329,444,500
72,230,478
274,353,388
169,329,361
100,325,463
5,191,467
129,171,233
18,369,446
200,213,484
160,244,291
318,342,354
245,418
164,253,260
108,305,397
12,28,478
180,247,436
88,239,400
10,148,235
3,64,189
232,273
311,380,399
296,299,380
195,318
161,170,282
164,248
203,323,499
160,217,316
439,445
32,355,440
21,192,335
354,431,452
14,49,56
13,453,458
129,425,463
7,243,497
60,275,441
154,317,379
233,247,425
213,231,292
74,308,377
95,135
164,418
48,149,288
295,430,451
60,110,184
33,250,288
5,172
40,163,330
48,322,439
23,232,245
217,295,442
208,402
77,104,123
198,321,383
135,405,420
16,120,445
12,265
224,303,305
53,114,241
312,483
296,417
28,374
247,293,430
124,161,318
35,84,334
8,122,261
49,333
125,498
95,97,262
403,442
379,423
208,223
72,158,228
342,406
451,490
25,155,318
18,21,487
29,389,476
192,280,401
101,142
153,418,448
110,137,270
192,488
184,215,256
409,455,480
34,245,421
221,342,453
13,54,292
223,229,319
16,173,471
132,321,422
33,217
125,201
225,308,488
75,204,331
236,273,418
223,255
103,167
51,319,409
97,109,327
72,303,337
12,390
21,224,289
65,71,382
144,381,397
14,126,440
158,363
36,377
97,108,493
104,320,473
116,376,411
177,328,359
165,483
184,193,358
212,379,450
145,208
109,265,414
60,61,157
97,462,469
256,303,447
26,256,275
4,39,239
34,281,355
238,420
332,375,418
285,424,439
208,220,497
138,260,348
77,304,471
196,203,292
226,272,390
46,280,433
185,340,443
131,194,230
19,117,244
231,306,458
113,277,472
26,39
49,198
135,243,392
97,176,472
3,240,379
38,183,372
60,495
92,121,410
155,170,333
133,396
412,489
11,115
10,304,429
116,245,395
145,320
45,64,479
48,177,322
33,227
45,224,240
53,57,225
72,316,415
14,65
157,189,448
123,202,491
267,416,483
123,128,192
256,311
76,416
324,439
121,225,239
59,124,411
96,125,385
176,222,451
11,150,162
101,160,285
310,463,491
57,294
45,178
30,57
133,331
102,476
210,375,493
284,286,471
91,300
134,320
44,463,493
118,339,439
204,395
77,176,369
97,179,337
46,150,453
47,306,317
78,225,336
36,284,440
2,500
253,286,346
160,332,339
23,381,396
103,427,453
68,184,349
176,280,420
77,124,269
5,26,57
259,324,497
17,408
95,353
20,59,381
234,364,456
184,292,353
113,456
39,381
9,36,175
82,161,450
334,406,438
17,274,500
142,241,321
73,138
60,303
100,182
164,166,177
9,421,471
237,268,430
61,157,318
237,424
223,280,441
241,466
8,280,457
45,138,173
308,427
80,482
346,359,430
16,323,425
122,366
111,134,360
42,157,172
114,165,397
34,103,299
99,146,190
252,284,379
329,478,480
294,323
22,206
68,276,325
287,332
305,337
366,441
35,46,189
143,230
99,162,399
281,453,486
181,478
61,87,361
68,497
28,446,478
88,366
73,152,463
95,336
166,402
105,189,398
19,229
11,46,477
177,254,396
252,264
69,214,391
223,418,462
75,280,450
8,94,392
427,453,495
114,167,206
267,285,444
75,217
29,445,468
76,224,231
53,233,413
28,177,458
9,150,454
23,232,445
110,293,371
72,442
170,255
72,135
163,356,367
4,56,417
56,195,254
25,32,233
88,350,391
47,115,156
53,95,415
168,223,240
59,231
187,367,431
44,137,373
136,146,310
57,120,136
296,494
115,203,278
39,72
180,242,323
139,225
77,236,492
24,137,460
100,418,469
129,187,480
302,420
233,293,493
400,411
9,187,482
65,174,465
40,51
82,202
219,285,294
64,94,492
118,138
58,224
168,393,414
180,364,395
361,385,412
20,24,158
10,295
78,246,348
432,451,477
9,101,475
236,376,490
143,147
31,152,316
175,247,300
77,350
363,412
75,328,491
35,228,328
15,132,212
90,181,214
35,78,141
322,340,438
50,127,287
77,360,479
46,78,452
166,291,382
244,487,500
89,218,387
162,315,370
157,181,341
94,236
62,234,481
16,29,144
48,369,387
313,384
273,294,373
149,211,286
89,151,446
212,370
110,310,468
203,323,376
7,256,280
22,230
25,100,229
230,277
123,373,493
318,350,496
170,367,460
35,431
109,155,284
58,103,279
42,47,70
30,365
21,130,358
49,281,412
126,334,336
39,215,327
132,172,247
62,272
23,119,476
19,183,227
278,455
176,258,361
395,436,469
12,305
221,297
23,330,491
99,182,389
78,192
69,151,388
348,492
59,181,315
383,500
84,93,193
26,155,184
59,244
17,408,488
30,150,410
433,487,499
3,94,249
139,160
123,259
19,323,414
226,292
380,403
124,172,242
171,350
33,248,375
208,216,271
55,300,387
22,142,475
248,428,432
112,370,463
209,287
109,400,489
141,161,186
35,149,436
226,404,487
262,400,408
58,265,303
241,279
56,363
264,314
103,492,499
25,91,352
9,124,303
98,112,196
274,390,412
200,237
37,75,180
266,398,401
65,241,278
34,200
138,145,282
72,156
191,298,429
222,231,408
141,150,284
15,78,142
142,166,462
366,383,490
66,181
348,397,407
8,139,485
314,429,466
44,149,210
39,277
299,375,449
3,165
169,286,304
148,158,495
33,296
194,271
12,285
115,235,490
239,268,432
443,481,489
320,346
69,138,187
286,304,411
90,331,419
39,132
434,442
215,338,404
416,493
311,423
6,21,146
53,65,495
348,401,472
197,330,409
85,355,495
1,11,362
348,349
43,292
98,364,438
189,216,337
186,383,483
255,314,460
150,440,456
111,257,261
144,237,391
164,345,497
44,156,460
393,473,480
59,100,395
322,359
207,409
306,412,486
31,405
96,115
99,146
209,338,383
356,366,426
422,458
129,228,389
80,380,492
164,483
384,450,488
33,34,190
116,244,288
69,258,387
80,190,428
210,296,411
66,202,312
311,333,431
28,94
7,197,208
222,366,383
67,294
169,178,457
208,276,479
262,426,440
34,190,368
123,242,405
377,382,452
359,379
257,497
260,301,478
92,468
133,335
158,380
117,255,347
195,248,293
481,485
268,439,474
189,300,362
102,381,438
25,159,430
31,330
51,66,256
310,403
38,342,379
15,198,278
15,323
23,100,476
94,251,448
242,350,446
25,118,323
192,343
78,484
306,342
230,390
291,461
116,402,417
237,247
165,216,489
27,287,331
234,245,279
111,362
102,274,352
186,461
145,220,397
51,137,244
50,442,483
172,345,480
28,79,448
366,423,431
53,460
25,395,483
139,347
64,337,343
225,395
153,443
294,324,402
67,140,259
414,442
38,313
55,341,460
97,102
190,344
5,275,411
169,337,370
168,394,400
372,458
251,391,435
224,290
9,378,429
13,461
73,227,433
49,292,485
212,274,317
131,229,349
20,21,67
86,110,216
153,363,426
158,241,490
64,181,370
212,268,383
27,149,370
257,325,414
46,172,369
40,64,443
282,309,362
22,32,235
456,468
35,62,324
352,381
97,394,495
38,95,125
18,106
16,168,487
111,392,437
318,421,429
368,436,438
164,391,401
160,310,472
249,422
141,431,434
90,145,478
6,315,470
97,119
243,430,492
158,184,306
51,374
36,281,490
145,214,402
85,404,458
26,49,162
130,136,145
77,337,343
72,303,478
97,131,279
364,417,424
312,327
233,396,468
153,431,460
40,182,200
263,489
82,83,96
31,444,490
325,383
234,244,353
122,322,331
92,333,379
188,251
228,255,272
208,378,495
450,474,485
46,484,488
1,191,241
130,186,377
20,85,366
373,473
251,319,489
122,192,495
20,140,484
167,226,347
313,365,498
128,203,373
287,314,404
45,78,284
270,470
231,354,374
90,205,303
209,366
112,267,449
3,376,383
76,485
6,44,294
267,339,442
298,366,474
138,305,407
102,254,442
228,453,474
99,330
125,282,429
129,237,403
120,399,497
97,122,267
313,459,487
286,491,493
83,136,412
139,282,418
63,353
192,301
115,412,440
63,85,487
184,285
92,347,356
270,323,402
66,174
96,183,304
4,223,237
5,225,315
295,491
156,236,365
21,137
158,271,323
33,266
18,131,224
13,210
147,343,397
49,452,466
100,371
74,209,274
201,284,453
41,319,433
66,301,473
373,428
320,437
79,240,290
25,36,105
14,54,159
375,417,421
157,258,419
147,383
216,342
249,272
5,298
233,469
130,152,339
317,384,487
75,190,210
422,498
11,15,342
239,247,499
38,67,69
283,297,392
78,243
34,64,226
53,343
172,256,470
219,286,494
125,221
90,344,459
67,285,339
101,448
228,239,245
15,74,226
71,336,461
13,333,444
5,377,498
72,176,288
150,365,485
86,267,417
143,216,342
235,455
245,431,478
323,368,493
39,224,392
170,296,378
126,363
145,166
94,271
116,137,295
65,191,319
96,163,447
361,419,489
65,193,484
1,92,265
145,229,405
378,404
91,249
27,119
238,272
150,162,218
75,100,151
194,397,475
262,357,372
54,156,161
6,89,409
57,130,155
93,385
29,235,395
235,460,498
310,346
116,180,253
36,274,338
272,356,426
54,342,366
92,136,498
136,226,495
152,229,258
289,409
437,451
355,429
108,153,333
71,130,377
20,248,334
114,150,337
117,352,363
106,340,493
302,394
170,225
163,414
217,219,403
172,330
280,434
319,459
50,89
160,182,436
52,269,476
17,485
233,247,399
193,303
24,83,484
14,210,292
302,482,483
33,447
15,170,467
306,430
168,370,460
33,430
16,250,293
167,375,417
95,150,494
161,262
176,475
195,268,428
24,282,366
37,462
145,303,336
5,54
91,150,194
288,339,375
87,297,344
55,388,450
94,176,301
125,252,321
117,490
50,93,181
85,235,314
306,438
59,168
244,296,316
60,494
67,220,227
83,282,377
130,388,467
23,254,442
232,295
3,207
201,284,377
104,137,396
266,320,492
139,188,317
38,249,300
320,327,356
126,161,323
150,458,488
209,366,490
156,363,487
44,142,267
83,411
230,406
76,497
198,455,466
72,135,497
24,293,368
261,270,433
13,461,500
307,411,491
23,217,445
224,262,298
67,93,345
147,240,427
394,415
116,316,491
96,372,453
246,343,441
256,349
209,353,468
358,361
326,442
5,149
186,406
311,369,429
285,368
101,127,195
46,65,127
280,283
249,282,459
99,482
5,284
226,459,484
65,206
124,360,435
372,384
52,93,163
91,221,290
148,311
201,218,235
285,375,432
380,445
65,264,306
200,302,396
91,483
329,448,464
68,242,261
181,458
78,108,460
406,459
221,310
259,330,419
38,161,390
107,364,375
42,360
319,350,467
192,280
141,314,388
20,49,215
95,400,422
222,337,365
35,326,421
14,184,221
43,432,469
75,137,339
7,77,261
71,158,161
198,472,484
22,127,355
35,194,211
224,398,492
98,256,427
188,267
19,342
164,499
5,362,459
360,365,440
196,326,335
16,62,237
73,289,290
182,214,477
115,465
16,445
61,214,329
43,304
230,393,470
109,355
74,153
179,295
206,295
110,161,398
47,174
42,122,441
131,368
17,53
58,89
39,148
92,399,482
25,331,490
212,259,488
128,379
73,89,199
175,194,472
278,493
48,81,244
36,174,490
33,364
201,336,399
252,390,444
62,352,483
167,184,384
159,196,376
81,203,445
139,155,467
26,242,488
134,151
140,194,497
313,357
52,269,435
75,204,210
41,117,433
413,476
189,224,361
236,396,462
100,375
63,336
92,131
170,232,386
16,116
170,281,459
242,305
18,223,239
171,177
249,346,443
128,133,396
3,491
92,193,308
234,416,451
26,343
42,134,304
4,270
397,407,476
56,438
114,432
26,125,156
62,75,464
95,96
145,258,350
191,460
83,221,222
179,411,432
288,312
236,238,423
158,366,444
6,81,491
126,157,397
31,136,401
114,123,233
107,359
335,365,369
327,383,424
143,152,399
146,249
150,162,186
326,346,449
24,317,494
143,472,480
146,268,419
4,250,346
167,306,429
207,478,496
223,250
75,296
134,295,432
89,114,145
22,122,187
236,323,380
22,357,410
175,250,457
31,131,175
91,100,296
90,232
157,283,447
261,445,459
184,209,338
156,219,362
89,277,370
34,48,128
124,303,394
171,217,312
74,218,481
171,210,340
82,298,355
63,114,160
50,432
39,98,215
337,407
82,179,364
92,450
179,190,244
14,96,338
141,252,450
281,408,436
122,300,427
254,322,421
344,444
124,265,319
14,77,375
92,350,467
121,386
400,461,474
104,407
325,407
127,388
82,184,215
40,143,275
148,229,494
178,308,437
264,338,490
137,183,446
247,444
157,370,383
307,380,386
404,486
81,156,409
27,309,318
109,194
4,193,438
70,412,461
277,389,472
284,400
74,383
16,81,386
153,239,328
298,351,356
43,254
360,487
165,297,394
80,210,260
279,332,472
89,262
113,229,401
28,163
248,310,316
150,215,224
116,245,450
32,93
32,338,386
119,316,364
22,164,331
33,118,279
59,195,373
269,441
288,477
26,130,486
56,180
261,405
66,348,350
51,150,488
34,102,323
65,439
155,208,498
63,484
321,466,484
35,344
13,41,139
119,144
121,236,358
162,351
2,7,265
107,142,247
332,376
325,332,485
321,404
85,88,307
115,231,327
210,248,494
18,356,400
210,395,468
113,259,441
114,348
18,68
345,387,448
6,144
20,218,494
61,68,216
32,121,126
4,44,479
32,365,404
106,200
105,348,470
53,194,231
40,175,423
282,305,353
266,341
137,166,248
7,433
19,111,478
146,307,365
41,219,353
189,471,478
155,202,264
323,324,482
19,185,280
375,434
69,94,135
118,247,425
168,238,343
25,295
203,228,291
292,366,384
120,445,449
33,87
260,489
2,258,434
13,314
36,82,306
120,375
107,247,300
9,89
9,266,393
67,341,370
28,98,441
276,302,496
177,256,263
88,366,380
206,314,459
310,324,396
290,386
22,385,452
76,90,320
11,95,466
90,127,259
54,106
282,334,429
86,293,381
11,159,395
48,129,260
93,258
18,66,398
94,337
306,413,452
38,150,409
84,353,410
135,302,373
62,100,200
38,151,272
196,477
174,462
436,450,486
15,38,486
64,185,397
16,302,346
100,140
150,284,292
57,311
233,285,432
215,351
359,449
99,202
52,175,349
4,440
109,285,387
6,111,329
101,205,308
216,324
395,396,451
56,72,393
73,246,451
339,422,470
366,467
188,251,358
92,356,404
154,262,355
133,307,442
169,203,362
94,210,492
28,45,457
188,266,492
245,324
164,291,396
411,486
22,89
53,485,490
141,348
159,175,406
234,288,346
182,285,291
81,119,160
271,297,457
192,424,437
95,220,372
67,223,419
72,110,359
17,108,429
173,297,464
368,444
300,351
34,164,213
169,211
72,109,457
96,199,245
185,335,474
338,458,487
9,42,479
166,373,403
277,358,399
344,480
225,353
32,205,343
33,436,481
61,242,492
333,415
85,226,378
313,450
163,244
49,231,408
28,357
6,104,399
21,301,367
327,336,361
176,224
121,354,378
138,334
