386,465
196,225,365
159,443,464
129,385
24,261
25,142,207
171,284,385
90,262,331
180,253,444
216,224
45,179,422
7,208,423
197,479,497
167,384,440
237,468
31,314,474
39,57
196,294,392
126,494
258,361,400
50,206
110,196
14,269,371
235,334
92,251,381
201,371,442
232,275,362
351,484
15,113,391
206,409,428
30,32,341
26,60,288
77,153
34,404
235,360,394
141,304,457
30,323,404
69,257,412
305,334,470
62,139,285
389,431,476
155,353,449
227,395,471
159,433,439
364,392
50,144,466
101,273
4,472
3,110,247
45,57,348
346,409,426
60,311,347
128,249,411
105,358,380
165,275,359
160,201,428
78,99,150
159,179,440
243,281,411
147,202,299
42,156,373
233,426,468
104,216,435
406,435,469
155,437,472
38,491
28,417
107,140
87,122,437
279,286
82,321,346
65,143,344
196,202
12,138,409
181,209,258
264,330,367
84,132,353
23,88
70,168
78,412
107,141,164
52,76,366
40,407,467
354,437
144,175,453
132,264,454
194,435
351,435,474
184,443,476
196,308
14,98
150,400
99,207,237
401,421
29,156,397
241,252,400
74,130,211
70,86,103
254,282,351
1,59,243
311,330
110,217,373
131,154
17,170,254
112,498
151,225
204,381,498
2,236,417
12,280,440
344,457,478
255,386,402
383,395
257,343
164,303,418
314,485
222,378,398
63,154,189
55,146,167
366,405,470
223,350,411
165,296,480
139,388,471
180,247,481
20,81,440
17,116,152
218,224
236,351,434
217,361,437
175,368
169,359,473
51,268,373
46,118,173
135,367,464
252,266,324
104,356,423
101,142
20,269,319
271,403,485
240,316
241,469
7,206,448
110,310,337
111,171,383
97,434,480
417,427,443
140,165,367
5,239
174,195,433
346,364
47,485
110,440,460
84,328
5,237,492
251,305,334
21,223
194,370,458
23,212,391
100,126
320,455
311,426,495
85,294,496
34,113,469
270,321
123,125
107,169,269
118,163
189,213,372
124,322,435
128,141,221
19,295
328,351
109,149,304
63,113
172,326,349
251,293,404
246,425,454
97,306,364
14,21,440
134,240,280
71,141
48,194,343
103,346,397
35,482
414,462
155,272,422
69,90
183,204
26,311,403
56,291
31,402
226,318,428
48,414
130,384,496
26,137,361
172,287,307
63,186,272
108,500
247,377,497
139,446
69,100,224
169,322,398
96,317,498
260,425,484
49,238,461
50,52,185
66,349,404
93,416,436
245,288
375,411
186,265,352
174,423
297,335,396
77,171,412
283,443
24,391,475
173,312,472
220,282,374
325,384
39,172,490
38,177,271
96,137,311
52,176,345
17,61,304
390,457,464
296,340,406
200,398,467
20,218
97,224,489
20,166,291
82,317
185,314,406
238,424
154,363,496
1,59,462
98,310,390
18,416
252,326,478
15,47,282
202,458
258,278,477
2,64,454
448,469
120,266
115,422
95,360,361
64,162,402
183,393,489
176,281,446
247,249,470
218,399,490
8,22,279
185,461
81,89,375
253,287,486
9,123,388
181,260,466
217,267,361
21,416,431
94,209,402
119,387
356,362,435
64,145,411
84,164,250
369,418
163,249,266
258,360
36,53,456
14,431
40,67,193
10,290,390
226,318
245,366,472
183,192,377
106,239,336
229,365,390
162,457
142,271,460
45,98,458
43,402
110,161,408
120,127,382
24,148,358
272,302,309
377,442,480
305,333
203,396,443
52,325,375
264,332,336
111,153,349
2,473
176,193,455
341,428,454
133,364,380
5,239,407
21,210,478
323,452
237,484
22,52,277
134,218,290
139,150
133,239,258
16,196
18,54,474
111,134,385
205,302,303
461,464,467
55,229,442
118,227
114,439
430,455
246,408,465
276,322,379
92,167,255
106,315
28,183,365
118,276
142,151,493
259,402
136,170,279
120,347
210,475
36,240,273
292,333,385
401,432,452
326,464
269,459,461
325,368,410
149,363,422
279,429
152,211
150,171
146,185,384
29,312,319
50,229,486
101,177,475
146,235,349
12,68,197
31,218,370
172,192,478
152,177,299
194,215
117,267,397
50,114,409
111,368
280,477
29,95,438
56,88,197
69,102,478
325,365,451
123,401,452
117,308,459
172,275,490
146,283,343
9,347
36,155,470
37,109
388,423
108,365,420
65,258,370
86,335,477
169,272,463
153,171,374
74,116,442
3,130,165
174,343,422
150,451
163,195,385
97,327
42,214,225
74,127,245
190,274,488
131,380,434
3,170,415
131,152,455
142,307,439
176,189,417
158,231,374
156,331,465
116,398,425
12,379,478
21,50,122
226,264,361
16,110,368
243,384,484
337,476
229,236,277
10,220,463
15,323,340
8,38,300
133,166,437
377,468
71,164,287
3,9,391
136,424
104,299,495
22,63,243
149,172
221,287
65,133
6,185,314
1,297
175,223,491
48,291
21,228,478
239,494
181,317
31,146,188
348,374,456
276,321,423
36,233,241
268,385,456
3,496
229,473
48,87,103
456,481
88,136,292
140,285,290
262,304
132,321,414
78,217,459
251,374
190,315,427
232,353,464
314,482,496
164,172
148,323,446
90,355,364
55,241,254
106,356,431
137,438
149,371,444
63,201
57,266,273
34,183,225
7,239,330
183,236,312
308,453
237,307,426
66,129,411
29,347
295,303,427
177,291,437
11,288,352
5,411,441
246,336,356
229,471,484
174,416
243,307,440
21,140,429
43,328,443
299,377,384
313,443
35,449,472
202,404,464
69,404,443
225,364
233,346,414
98,231,241
62,454
10,171,180
170,366,452
5,151,498
96,167,323
92,300,395
5,79,189
65,134,136
451,477
97,318,333
42,106,183
210,251
110,336,387
38,334,459
88,229,437
48,450
349,353,429
34,154
343,441,470
78,255,474
229,413,452
6,248,274
154,311,428
139,452
105,185,401
235,324
334,379
101,256,432
69,284,484
20,205,388
50,96
139,350,413
238,379
53,292,426
110,259
4,415
158,236,379
35,203,384
149,344,383
143,376
148,281,401
77,401
315,455,471
75,470
376,399,436
3,292,378
263,287,342
60,310,409
132,317,396
206,256,390
110,259,405
173,382,421
289,444,500
70,412
55,434,448
33,118,461
148,312
265,477,493
132,383
24,474,486
169,192,367
109,383,385
251,321
157,304,339
30,298,451
22,114,455
72,188,313
37,245
230,372,399
49,54,435
30,140,230
252,345
193,254,491
324,325,473
6,31
137,237
57,334,444
168,405
180,339,392
246,269,336
152,229,366
28,88,236
61,176,355
55,193,314
43,295,348
278,475
37,198
98,171,476
2,13,260
201,469
187,271,474
107,415
28,225,450
348,447,467
220,227,496
65,90,373
106,433
55,122
8,89,412
272,280,500
1,311,328
452,485
332,377
179,209,371
188,313,420
96,347,466
264,363,471
129,290,444
323,406,472
29,186,259
115,249,278
65,321
146,177,454
222,303
126,337
326,458,470
124,238,307
174,337,481
29,330,414
183,283,419
206,259,462
20,494
74,170,461
269,489
406,413,435
45,231,421
205,302,395
30,246,410
364,401,427
138,448
59,379,469
334,367,389
131,158,475
294,431,499
80,221,431
200,224
40,72,311
5,270,356
270,400,407
247,375,384
38,46,386
172,412
83,134
22,158,220
137,144,468
213,406
194,362,379
127,265,357
53,104,261
125,377
267,376,409
228,437
345,355,416
102,428
188,413,452
132,168,321
267,310,475
155,280
144,397,440
51,167,216
23,152,307
319,327,454
324,447,458
118,187,359
29,65,459
228,375,420
67,251,463
5,315,441
108,168,387
205,310,432
21,110,155
51,54,378
296,314
2,155,253
207,240,447
56,122,294
96,498
342,344,470
182,189
102,249,338
68,396,495
100,140,395
59,439
40,181,331
114,242,341
155,283,460
231,383,458
251,447
63,320,380
118,124,350
216,225,500
181,214,397
281,299
78,251
133,225,459
5,494
40,258,392
34,51,491
269,463
93,414
42,85,462
128,216,297
107,354,418
157,386,483
140,193
295,319,479
13,62
456,463
108,466
7,452
85,206,264
19,118,235
30,84,425
168,181,217
262,427
4,139,434
325,393
56,162,248
166,191
298,435
54,159,492
83,443
287,326,438
5,393,492
91,375,398
35,373,459
9,78,104
260,400
136,445,487
3,193,430
147,178,285
140,367,383
16,431
212,296,472
174,252
11,62,270
260,315
135,415
106,163,457
413,469,480
105,113,228
241,300,376
126,134,198
179,374,476
213,401
5,231,384
62,67,158
40,185,490
245,313,474
40,62
161,186,220
18,143
6,419
26,348,355
46,455
78,292,332
45,286,343
222,323,442
126,433,449
207,315,442
280,339
54,78,434
229,374
129,328,406
271,292,300
312,382,491
32,163,473
89,417
342,431,440
41,140,222
107,116,226
27,167,413
250,268,428
26,142,217
44,65,344
217,270
65,160
19,33,282
161,234,398
157,184,449
123,181,286
87,256,407
105,322,423
62,196
414,492
41,426,500
93,133,158
4,6,320
176,230
118,167,312
164,367
115,354
150,158,350
235,360,480
9,66,249
410,459
58,158,422
73,242,453
87,91
93,158,312
170,276,471
336,381,465
84,119,250
5,237,424
358,393,441
67,156,479
59,497
35,55,437
182,340,483
274,371,432
86,291,352
314,446,468
132,186,376
83,232,372
375,418,470
163,180,389
261,288,381
187,320
266,343,490
108,288,465
115,229,231
72,396
7,128,359
232,302,345
13,78,290
124,296,435
211,320,359
302,433
65,160,432
74,312
324,348,367
90,108
129,153,417
25,221,429
31,122
171,209,289
46,130,422
199,354,363
184,192,199
141,164
166,365,407
169,180
198,277,356
250,344,460
54,76,406
417,445
123,187,296
71,90,327
127,422
195,233,363
174,387,491
159,383,390
140,179,198
49,136,271
79,357
35,79,348
136,194,234
24,482
212,320,482
111,303,343
140,232,251
398,409
78,176,298
18,136,220
206,237,370
144,409
55,152
21,94
79,393
218,226,420
2,89,475
300,415
143,420,426
102,477,489
41,259,330
96,137
145,305,344
104,254,350
226,426,498
136,398
89,357,396
274,438,459
69,80,221
92,165,415
189,382,430
111,228,465
187,236,491
217,247,315
60,372,376
49,362,428
49,142
240,348
14,130,180
123,182,488
170,274,320
68,215
40,186,463
45,74
62,368
322,431
93,235,271
332,356,398
292,362,485
51,193,211
56,181,436
44,454
66,467,486
29,254,390
189,366,461
58,155,431
227,358,448
359,491
240,288,482
159,396,398
122,203
87,206,479
160,230,376
269,333,343
45,247,457
84,163,456
11,200
50,347,399
103,411
243,301,393
360,384,461
160,183,301
57,400
134,148,250
196,262
105,116,468
89,295,338
57,179,279
23,121,193
90,219,494
47,229,333
44,97,214
24,116,434
183,190,402
105,324
138,210,406
56,78,492
226,237,489
210,295,369
118,496
205,216,455
99,438,464
106,202,337
106,235,404
315,411
344,385
307,492
356,493
220,283,421
36,298
176,271,360
242,246,466
304,381,488
46,398,490
6,173,248
166,217,461
373,381
146,167,455
179,302,303
180,369,429
68,359,476
230,249,464
76,188,320
29,61,408
126,163,410
355,440,451
2,344,468
56,72,342
227,231,246
45,418
164,208
26,222,432
10,115,268
340,469,471
105,346,458
310,341,500
66,278,456
38,146,167
72,160,226
217,414
165,312,442
10,83,257
256,355,498
58,141,343
5,462
174,263,369
156,251,260
82,492
271,292
214,397
138,230,426
28,246,429
28,485
185,194,222
155,162
260,335,344
134,422,463
355,447,453
47,95,340
134,480
8,201,247
16,218,410
43,109,490
181,186,493
142,390,482
27,248,308
55,76,177
10,304,470
40,498
78,115,195
27,120,488
100,263,341
4,116,154
134,209
96,123,133
78,113,358
278,333,422
10,21,329
112,138,479
261,390
47,52
217,372
5,79,465
366,483,485
163,335,403
38,308,379
43,339,493
58,208,231
6,95,254
123,305
125,254,386
32,70,244
171,219
57,416,457
46,120,315
35,282,433
163,164,286
28,104,148
248,249,369
179,195,283
136,248
100,400,491
210,251,447
41,155,398
107,333,342
204,440
87,405
49,113,125
4,34,480
160,170,278
220,427
185,314,485
334,487
103,309,361
77,156,237
70,270,347
80,179
35,79,239
9,120,315
8,120
174,313,393
32,50,365
87,423,433
16,70
117,129,155
92,170,340
274,279
107,273,458
59,74,142
196,414
53,76
74,139,228
377,491,494
211,349
180,231
7,151,373
16,237,244
72,90
101,404,462
242,281,399
93,187,316
10,63,444
3,148,222
343,416,418
14,59,333
227,387
23,124,456
74,189,234
188,204,491
73,348,362
13,363,467
330,424,467
161,165,351
407,410,495
129,454
179,207,404
60,374,459
84,266,280
301,302
141,261,287
201,411,467
51,161,238
15,182,475
67,250
145,235,285
86,283,289
74,92,442
417,478
157,179,253
271,276,483
94,337
15,320,350
14,178,443
186,333,401
120,201,418
188,288
260,262,404
128,195,459
137,252,286
65,325,480
310,425
178,402,445
176,311
70,210,246
259,318,394
442,472
84,295
67,189
193,279,415
212,461,468
5,243
95,227,350
42,45,388
5,78,114
49,91,495
76,228,271
53,433,441
6,15,421
99,105,312
100,242,453
111,135
189,486
149,328
79,256,352
330,422
141,178
127,131,287
35,212,419
183,337
201,366,496
124,185,238
105,256,264
40,108,453
138,303,397
191,339,436
57,83,140
343,390
106,159,486
314,416,478
83,184,354
125,216
314,396,453
43,141,383
353,386
93,118,314
8,220
22,384,431
416,460
73,204,243
86,143,368
403,489
53,253
129,438,490
307,399,479
264,492
74,146,254
420,425
58,330,425
31,402
23,76
119,263,433
71,140,342
57,328,427
63,105
33,437
172,198
271,457,469
26,226,336
386,425,444
86,349
12,89,97
105,170,382
423,482
295,454,464
107,286,303
36,145,441
72,200,426
196,246,364
59,177,500
137,311,331
376,499
373,411,442
230,453
66,412,431
170,265
348,358
17,52,401
147,232,449
57,115,457
143,181,267
9,148
201,299,362
45,121,404
305,354
146,323,366
33,313
167,185,484
224,226,258
15,18
55,326
46,312
269,349,478
40,89,216
42,203,337
157,280,316
38,115,489
398,462
94,166,248
19,55,121
277,415
230,410,477
163,252,293
40,122,226
36,45,156
129,154,465
43,57,363
357,400,414
67,118,309
108,331,352
21,157,390
21,219,416
52,176
173,312,430
33,189,452
292,313,450
34,299,455
13,426
9,34,359
31,357
56,451,489
112,356
331,479,493
278,289,441
140,415,435
18,46,435
89,165,424
80,333,338
88,211,297
182,277,315
17,201,398
10,58,421
9,74,491
135,155,427
166,345,413
206,301,307
50,79,405
184,395
61,410
134,333
232,284
387,403
47,291,470
94,107,457
171,221,224
127,181,424
126,226,483
124,131,190
78,182,379
107,356,377
315,441
185,332
74,227,388
10,155,260
142,218,398
31,131,472
248,422,440
41,142,500
228,299
263,392,484
170,391,473
87,346,364
208,272,470
115,378,460
423,442
232,240,481
188,277,474
152,282,455
17,291,411
120,131,161
182,292,455
38,309,474
176,416
208,260
90,114,491
52,173,254
192,252,269
295,485
198,237,271
194,271,473
33,386,482
213,406,483
227,228
28,325,370
218,272,358
105,176,384
76,484,488
303,316,445
105,116,123
203,270,313
163,232,349
84,247,416
104,271,378
97,272,309
148,243,389
116,173,384
193,255,380
240,404,486
221,289,481
49,158,292
53,369,456
51,369,378
93,190,210
178,235
157,390,412
277,382,455
123,230
381,395,450
37,135,353
63,409
104,188
149,275,390
53,202,247
338,343,449
15,78,190
5,65,156
259,428,493
280,287,389
273,333,456
117,153,199
182,374,478
204,410
16,408,494
80,184,235
27,386,442
30,196,291
5,59,492
11,112,394
42,114
277,359,360
235,305,366
37,438,489
100,321,461
3,228,320
181,384
161,384,386
259,321
77,213,356
480,496
314,337,339
77,231,249
164,219,464
15,194,386
129,232
113,200
1,409,420
199,285
295,349,445
284,289,303
157,497
151,307,432
159,309
99,308,340
2,145
112,326
15,244
120,126
386,482
2,10
18,38,211
116,222,483
171,174,235
157,187
332,360
259,299
135,265,396
328,493
63,391
21,135,219
77,134,449
77,457
41,82,403
232,441
172,232,464
116,364
4,19,74
208,381,478
85,196,346
203,262
258,336,454
24,124,205
153,358,423
172,339,342
234,251,500
31,211,323
66,339,427
370,412,416
448,455
129,343
215,243
369,438,485
50,276,328
260,304,323
41,181,437
344,427
217,375
105,131,161
103,398
172,232,326
90,214,357
318,347,466
290,306,320
77,141,251
214,233,396
56,86,307
331,449
23,173,386
257,289
13,153,354
92,238
287,411,444
56,440
215,355,370
129,367,383
57,208,456
3,262,465
184,470,476
167,490
166,173
15,167,213
107,134,363
91,197
93,353
1,239,335
106,235,249
48,56,234
377,398,483
170,323,430
87,196,218
49,248,314
105,193,430
91,286
280,427
177,499
233,332,350
97,259
74,359,387
41,344
28,423,466
120,360,406
150,471,482
45,180,429
6,48,444
74,486,495
395,414
272,386
53,416
63,191
25,111
72,396,468
58,387
24,92,254
41,73,479
99,317
67,68,479
156,224
99,136,212
106,424,438
234,475
111,431,481
344,427,490
33,92,455
51,173,192
210,316,389
274,340,442
317,341,364
125,213,222
11,48,392
60,156,376
8,40,385
231,342
155,409,480
173,309
110,189,329
42,62,310
115,149
387,437
73,367
43,147,316
187,229,300
81,140,315
245,312,480
123,415,430
10,83
243,382,457
75,403
283,345,417
262,292,470
72,297,376
144,233,409
31,189,455
308,469,488
138,280,360
293,337,486
114,280,367
354,363
70,144,181
51,90,248
67,115,248
308,463
68,195,472
255,314,332
317,451,494
126,441
263,368
277,493
101,103,468
45,141
344,367,433
62,365,487
323,380
43,221,293
90,468
152,213
126,195,490
259,330
63,256,257
47,177
115,180,482
51,279,350
34,277,415
81,239,325
105,356
159,294,407
296,491
251,467
281,430
36,53,107
201,404
2,270,316
15,74
297,394,451
243,291,365
311,437
252,293,460
98,371,468
144,147,406
45,219,269
49,381,410
276,398,430
369,470
35,230
139,401,480
170,365,368
84,380
230,323,463
273,328
28,334,466
63,176,384
50,236,463
54,116,124
42,52,240
26,137,462
58,100,103
319,424
381,403,455
181,375,432
64,212,497
3,148,480
78,120,177
185,189,190
140,155
123,461
5,44
63,196
63,212,276
53,472
62,133,414
144,215,306
153,402,418
23,496
167,212,448
403,492,498
106,125,461
421,486
35,75,397
52,254,322
124,194,229
386,446
44,324,496
167,170
383,404,477
317,487
144,146,271
33,150,332
116,194,274
33,234,279
157,373,453
143,244
13,69,460
241,300
70,372,495
121,211
294,364,453
26,321
90,262,418
106,155,344
268,309,433
279,313
196,378,446
227,332
286,402,443
273,280,367
142,352,373
47,150,168
35,89,319
198,434
122,368
7,108,264
14,145,178
38,129,244
225,322
352,360
117,140,239
9,128,336
79,355
202,260,415
181,390
155,252
149,344
57,286,416
143,197
142,279
21,98,286
10,312,400
49,309,427
166,258,474
297,330,438
265,353,368
109,413,442
243,267,477
40,177
75,395,499
130,176,340
126,434
207,345,481
247,303,344
29,136,189
161,390,403
68,287,482
80,153
34,398
177,473,482
225,364,387
76,271,351
148,247,489
11,26,364
112,258,267
62,179,252
13,247,445
264,459,495
260,398,447
197,328,463
169,247,490
162,424,457
53,343,486
97,288,438
3,254
90,244,267
209,345
56,100
275,288
63,267,274
212,486
32,56,122
188,446
25,43,367
82,139,463
12,46
222,331,426
72,75,376
112,143,218
161,182,271
238,301,312
184,188,423
139,421
179,184,354
115,198,209
14,285,347
26,79,397
14,385
62,175,327
150,281
142,372,466
133,167,267
112,381
98,291
13,232,293
92,213,350
307,336,370
41,450,479
135,167,329
49,386,388
164,273
297,467
274,313,378
21,129,332
97,166,493
71,481
152,173
234,469
51,78,154
224,306
161,187,262
55,170,296
10,208,290
63,430
109,157,302
121,340
112,161,223
155,169,275
13,107,202
24,295,455
67,336,368
38,188,282
181,478
6,193,254
206,248,442
170,234,333
4,201
105,219
33,45,269
11,40,432
84,268,309
12,40,317
28,264,270
119,342
379,380,386
40,195,495
74,176,359
181,384,419
357,397,500
20,74,308
72,85,399
25,141,414
257,261,471
68,137,336
158,173,216
142,352,425
65,73
161,300,430
116,269,394
89,135
71,344
128,195,427
316,393,445
361,405,449
190,299,448
186,233,492
18,229,281
49,292
221,305
288,477
104,212,380
131,249,253
47,179
276,314,377
49,113
227,323
177,274,423
237,459
39,202,314
1,28
328,462
51,179,466
385,407
235,260,284
194,469
161,398,461
156,206
375,462
13,148,430
131,170,187
313,450
11,86
212,370
130,398
211,434,485
62,353
231,249,416
66,333,374
7,375
5,90,225
349,390,427
4,296
17,120,366
269,309,478
137,144,429
13,88,411
16,317,450
154,231,295
56,162,272
461,471
84,172,497
337,431,470
339,431,497
342,451
50,234,323
55,158,442
33,435,455
251,310
194,401,452
276,360,362
4,143,202
1,79,454
204,498
27,74,93
298,305,329
6,480,482
7,35,451
177,259,276
75,239,394
72,126,219
149,400,465
106,159,266
274,321,431
352,353
141,389,429
292,299,308
75,246,259
274,323,359
92,125,356
77,284,402
82,288
357,468,492
189,322,412
39,448,474
89,110,176
242,420,438
50,217,319
147,249,476
36,345
18,220,390
266,345,383
80,163,333
180,287
268,301,488
344,459
177,281,430
159,368
89,364,421
102,106,252
451,453,477
113,141,209
169,328,486
58,355
15,125,185
117,309
65,186,364
265,294,451
8,148,154
160,350
145,402,498
51,118,299
195,365,395
249,303,371
58,151
182,384,394
53,277
7,60,130
33,113,124
284,458,481
140,209,422
215,232,449
27,222,491
23,230,237
124,413,446
227,495
430,442
207,231,240
191,355,499
12,200,336
187,190,461
115,420
46,113,212
184,354,443
155,296,337
89,303,381
25,88,156
102,209,354
55,362
4,194
263,278,422
32,407,419
303,349,441
32,71,409
190,289,380
96,246,498
312,356,382
93,201,415
264,414,440
63,255,415
40,340
121,382,401
98,122,262
112,254,478
88,145,389
200,321,392
176,271,386
54,308
284,486,497
206,218,357
331,370,499
163,179
370,440
162,316,345
117,324
136,231,363
58,258,303
54,386
84,239,395
163,206
268,416
69,145,328
321,449
19,296,435
207,209,417
53,225,333
332,384
4,238,319
321,368
197,331,491
87,197,487
211,220,391
141,470
128,155,377
31,185,271
232,316
26,195
319,468
123,188,380
126,210,437
16,60,229
64,283,463
274,388,482
69,178,302
300,380
45,171,373
1,35,393
172,250,445
9,271,292
113,282,455
101,261,394
73,74
28,297,468
21,424
305,334
122,265,355
346,498
297,330,493
10,149,293
61,70,399
173,386
208,209
117,302,377
34,117
53,337,486
118,176,271
17,46,313
29,87,179
229,314
209,210,481
18,78,105
113,491
69,71,268
143,479,493
76,153
202,344,348
50,70,493
120,165,442
74,499
28,336
141,213,251
171,305,383
1,78
251,318,469
312,496,499
77,361,397
42,335
163,383,429
260,343,458
261,396,405
141,163,218
100,191,489
96,166,341
47,284,352
26,364,375
62,214,405
42,72,397
257,400,404
161,292,472
218,365,387
441,478
13,60,235
100,327,432
39,383,422
35,138,424
125,201
235,290,441
221,382,406
206,452
215,221,374
102,466,481
286,354
222,299
7,311,439
22,216,236
70,291
29,44,244
15,191
316,392
124,149,383
57,177,227
161,224,480
243,311
174,233,318
8,279,403
70,261,450
18,228
247,252,486
100,270,373
109,231
169,389,462
18,152,170
62,365,424
338,483
116,361,375
34,46,282
3,298,415
140,287
93,276,366
13,295,497
53,204,492
122,437
173,380
325,336
429,470
110,281,449
57,258,422
263,383,486
132,328
48,246,355
65,121,255
13,339,404
144,436,479
8,399
226,407,489
43,95,420
147,273,408
211,292,452
68,112,352
192,251,286
112,122,291
31,46,323
105,177,254
107,192,287
381,393,403
60,473
202,219,367
218,314,494
102,213
88,199,285
284,342
172,286,338
104,277,455
154,350,377
209,324
210,249,342
5,233,361
17,248,379
94,120,365
20,233,394
19,299,300
76,146
304,486
102,358
53,125
188,245
142,315,326
77,433
173,284,365
17,308,340
253,285,304
162,256,491
31,152,378
345,349
8,124,193
390,490
97,114
183,353
214,399,416
271,302
123,286,419
79,407,408
201,435,472
132,294,311
8,187,448
121,442
37,41,82
124,170,322
111,178,332
220,293,319
16,126,203
16,227
395,440,450
88,219,445
127,311
224,259,314
18,149,460
214,373,485
312,377
169,178,198
203,311,368
128,227,356
91,343,379
29,79,388
288,470,472
214,331,462
108,319,368
14,278
161,279,452
64,250
60,419
105,188,194
80,106,389
149,235,283
266,278,389
340,432
203,351
11,331,428
22,177
149,393
287,318,417
369,405,488
56,462
175,225,409
109,202,280
83,262,295
216,255,359
212,286
11,197,282
8,398
27,123
270,330
55,105,314
76,229,415
11,347
68,106
58,137,368
277,378
194,377,483
157,303,464
18,331,403
1,226,455
37,347
84,385,418
49,158,452
236,452
15,150,380
147,267,302
20,59,485
208,320,412
403,420
162,477
13,127
9,116,130
64,338,344
22,331,351
226,281,345
36,80,176
104,185,271
400,403
150,308,379
230,488,492
155,344,447
8,315
105,351,446
373,425
211,499
16,66,493
374,412,441
286,341
64,339
386,480,483
347,376,387
85,90,498
282,351,393
23,275,360
35,81,100
101,142,414
27,121,322
164,197,324
31,125,496
391,435
250,369
55,190,362
40,393,395
106,306
66,76,169
38,97,206
55,309
208,293,353
16,61,151
426,479
247,389
6,15,104
36,57,169
54,332,448
123,291
31,296,491
158,194,212
266,426
80,120,294
215,331,424
58,396
254,301,408
35,139,299
10,32,238
181,301,440
16,331
19,189
286,288
19,184,423
152,187,380
71,422,447
108,112
158,388,480
7,400
64,169,371
155,222,380
72,222,223
106,110,359
137,206,301
142,400
222,314,483
196,327,355
363,401,464
17,205,300
359,452,488
5,258
149,264,334
198,231,497
275,483
115,276
54,282,332
194,360,401
76,245,434
8,234,391
46,290
216,306,332
9,263,309
172,302,305
89,223,436
307,413,454
130,373
116,452,455
254,320,401
99,161,352
122,424,453
402,427
55,176,300
47,356,362
171,483,486
65,307,438
110,459
102,441,476
128,155,343
151,203
214,336,370
197,273,374
380,452
18,448
29,115,118
239,373,440
7,335,336
332,488
216,268,436
280,303,470
53,153
245,350,435
420,495
43,291
8,130,421
127,310,466
9,234,299
164,221,348
277,319
288,462,492
273,392
140,281
143,239,333
73,187,194
181,308,356
194,271
56,79,325
209,289,290
123,200,312
24,474
237,294,365
131,282
157,451
151,345
270,424,498
198,260,491
17,206,429
117,309
145,245,464
51,99,222
21,36
81,331
171,343,355
321,477
312,421
117,283
13,278
61,316,341
268,386
112,116,123
177,287
5,99,446
169,458
134,495
210,278,449
155,178,329
5,447
117,164,343
85,108,425
110,157
38,170,335
188,261
66,98,390
10,494
192,311
31,212,496
18,75,339
225,236,464
28,49,459
106,162,467
82,93,176
315,454
18,31,415
133,204,394
152,264,450
27,99,252
393,421,482
28,394
119,339,484
116,201
32,395
91,240,300
226,327,372
168,280
92,384,434
71,145,273
14,210,280
173,211,299
80,387
241,358,469
342,460
42,298
56,60,142
32,256,370
56,96,409
89,186,394
37,362
83,159,344
41,112,208
192,361
233,307
126,337
81,492
257,385,431
116,445
167,281,300
29,157,473
12,20,166
214,347,397
213,255
241,324,424
16,26,100
67,450,467
388,480,496
206,243,459
134,280,283
102,157
120,205,315
270,459
112,203,217
16,79,267
238,455,473
86,233,270
7,239,459
118,317
224,363
52,276
314,382
442,480,483
96,404
20,204,410
104,271,483
248,388
5,166,286
54,161,245
23,113,483
116,226,443
136,152,479
67,150,343
23,187,406
34,158,322
188,276,483
96,150,421
1,101,214
160,185
158,398,484
383,498
45,182,319
71,281,415
123,312
54,233
108,426
142,352,453
35,195,284
79,389,445
52,55,430
159,386
138,318,352
201,313,315
311,321,357
64,221
117,135,160
232,345
18,380,398
115,258,353
13,103,346
67,79
72,103
44,278
52,63,413
1,73,220
38,74,238
240,303,329
433,468
32,132,191
232,416,481
244,274,485
165,391,474
85,156,487
463,498
7,30,96
66,439,487
89,116
59,96,453
22,229,281
217,233,357
88,495
12,68,326
165,219,317
179,230
175,259,347
171,247,449
159,416
179,334,353
156,393,394
156,227,367
25,205,305
165,222,448
38,430
26,327,500
107,337
80,403
270,498
133,208,416
73,492
33,205,368
219,269,418
31,320,322
314,434,496
22,63,216
231,285,444
37,328
123,194,386
188,498
37,226
165,388,406
11,73,479
349,381,457
45,159,324
88,199,235
156,226,331
27,53
15,273,336
115,149,178
113,277,423
180,237,411
117,457
86,138,366
15,33,482
221,235,286
35,144,438
187,421,482
42,499
133,355,424
30,144,255
44,248,250
21,108
111,145,209
26,144,270
176,211,488
226,386
30,267,311
154,279,430
382,384,442
292,317,486
165,446
20,327
64,198,268
170,379,455
48,58,436
58,444
205,220,448
101,103,112
394,414
90,309
196,244,379
87,499
122,239
158,190,475
80,164,179
81,436,437
253,260,334
311,317,437
106,315,474
17,113,176
217,432,450
184,232,235
414,432
21,185,379
400,428
151,282
304,463
236,422
117,363,464
249,321,340
299,311
39,129,164
99,248,391
74,455
36,37,134
2,113,245
327,436
3,47
303,328,345
76,125,469
121,149
317,340,486
180,239,269
94,339,497
107,232
278,417
17,51,113
41,404,441
74,279,299
25,201,485
21,292
65,270,424
41,424
22,491
367,383
99,163,273
59,203
364,390,408
43,84
46,230,354
162,186,215
96,244,437
132,138,423
215,241,337
320,350,430
66,101
88,164,463
235,490
148,340,485
246,408,434
199,382,395
67,344,364
5,23,241
258,454,487
109,286,486
277,360,448
382,471
103,448
131,236,298
39,208,326
252,280,491
205,430
60,85,156
127,328,342
4,47,255
280,371,427
67,311
18,70,198
152,274,299
335,342,379
70,151,183
221,321
61,181
324,367
479,487
280,468
69,273,354
300,312
71,143,418
12,90,394
176,201,453
100,181,339
1,273,380
57,208,344
4,139,229
8,245
83,460
195,207,283
260,286,467
11,19
36,309,422
48,307
98,178,390
5,371,492
105,406,446
51,158
89,452
43,269,378
184,213
69,388,488
30,287,448
91,203,301
3,149,212
5,212,281
456,481
120,391
189,380,435
259,308,311
408,453
192,207,273
43,226,234
238,279,315
57,184,268
96,403,453
397,459,468
135,141,219
145,169,411
209,329,348
112,318,410
117,147,178
73,317,425
447,499
37,48,75
54,188,380
100,126,260
211,300
18,229,472
100,223,267
307,335,432
46,165,185
8,124,362
160,191,204
16,208,249
118,463
158,193
48,166,436
435,439,452
222,282,388
65,86,488
76,185,446
102,272,338
60,481
133,158
57,99,497
281,299,391
365,420,437
38,86,437
168,376
49,255,315
26,366
198,328
51,293,359
4,17,120
53,57,326
51,175
65,191,247
169,253,255
49,98,127
216,467
202,286,446
120,255,448
8,120,125
156,186,400
267,456
288,297
58,133,294
304,402,463
33,50
64,443
197,390
48,101,411
90,196,387
67,270,336
48,320,499
35,171,201
367,483
5,489
80,340,347
345,417,427
316,339,402
42,274,403
36,220
60,143,414
116,255
23,34,99
123,238,423
79,85,218
89,226,318
30,138,381
96,168,267
270,317
300,460,463
65,182
282,475,480
137,306,392
143,431
125,279,406
483,488,496
106,449,497
337,431,463
190,402,420
228,236,496
280,326
245,348
221,400
72,166,500
87,134,289
333,344
166,242
323,340,356
162,293,457
57,65,281
23,206,417
43,91,162
247,379
125,432
87,361,496
98,305,326
275,371,422
124,201,331
11,426
155,192,283
50,258,333
62,206,437
149,228
4,427
230,333,447
39,79,263
34,211,281
149,386
175,180,371
78,246,431
414,476
102,476
135,179,348
250,307,329
207,208
229,301,417
27,406
170,500
62,204,224
131,430
170,216
104,379
215,306,453
289,430
82,163,220
86,113
7,318,373
66,289,341
180,367,429
298,368,478
236,317,420
322,452
7,196,372
38,146,241
201,277
89,499
95,113,480
47,298,435
83,211,265
31,92,124
86,122,191
108,214,381
289,374,444
311,391,466
122,327,499
37,449,464
195,447,470
314,360,442
123,461
52,78,271
297,408,425
198,219,390
73,81,233
199,457,470
29,60,258
202,385,416
108,114,200
73,140,184
146,385,458
8,313
148,312,485
69,287,474
89,196,456
103,397
133,296,300
121,455
276,280,399
83,272,323
257,420,437
51,332
223,249,471
92,95,241
227,448
292,410,490
59,319,370
163,280,481
234,315,388
134,496
408,459,500
195,254,316
129,338,443
130,277,435
201,212,391
140,461,494
174,272,408
178,478
204,223,414
115,177
85,138,364
88,339,402
108,495,500
23,123,448
117,119,344
85,132,499
19,47,423
308,388,461
298,350,398
68,269
35,112,450
35,400,424
221,418,470
35,484
79,137
75,246,388
232,389
152,413,435
232,369
290,326,404
11,326,391
110,296
290,449,457
401,419,446
146,223,370
257,266
149,380
344,383,467
249,303,445
217,235,258
158,166,496
206,306,455
72,242
295,309,443
282,313,380
283,366,491
57,91,284
63,321
213,330,356
306,331,424
129,226
