37,109
2,107
119,127
133,188
3,64,138
35,101,140
100,196
68,80,147
5,175
106,178
38,149
39,106
108,139
103,187
8,44
33,62
48,87,182
25,151
12,37
114,175
23,148
164,194
35,80,175
136,169
31,185
47,80
70,85,148
92,154
21,42
55,91
157,175
68,78
43,73,146
7,47
39,52
78,99
182,200
70,81
92,130
19,113
9,37,80
2,53
35,86
10,34,116
88,153
22,28
90,152
77,196
86,108
48,113,164
55,70,106
21,147
165,177
102,158
50,55,176
161,190
57,67,190
58,66
61,154
103,119
164,171
106,124,134
97,147,200
8,10
81,85
75,99,130
33,74,180
43,49
72,130
157,173
79,88,186
116,119,186
15,70,130
105,141,178
26,191
190,192
130,167,185
39,150
10,157,200
103,121
163,175
48,77,88
71,128
74,102
20,91,104
135,178
136,156,189
70,197
88,93,165
24,87
34,106,125
75,199
27,138,172
24,192
6,32
82,176
67,144
117,138
40,56
29,177
155,164
116,124,183
61,65
102,121,167
93,119
119,180
130,148
75,93,116
72,113
22,96
11,22
95,117
14,24,95
94,146
27,128
40,124
93,114
74,77,86
105,127
16,161
13,45
20,29,133
148,197
123,143,148
90,185
47,118
61,105
47,166
19,140
140,159,171
104,195
87,126
86,120,187
64,94
33,64,111
20,31,90
73,163,168
70,198
133,189,200
103,147
81,130
34,139,181
29,191
26,111
61,192
80,140
178,183,191
54,133,196
6,70,128
34,76
54,56,135
23,65
123,189
109,156
66,145
38,181
176,189
65,104
74,151,192
50,183
46,112
2,32
17,87,195
94,134
85,98,185
22,38,186
112,168
4,93,108
73,106
14,172
66,82,137
94,106
2,156
14,93,111
48,173
58,84,154
68,119,125
46,82
26,60,111
108,115
111,184
36,119
104,178
95,131
13,172
59,110,190
13,20,118
24,74,119
66,140
142,197
21,156
79,185
80,125
40,122
11,130
127,150,199
99,194
62,97
29,52,136
6,37
86,93
94,161
28,168
92,98,150
56,178
23,131
37,95,163
15,162,168
72,121
54,84
11,98,117
119,153
38,140
113,125
38,194
18,171
32,102
95,191
5,107,165
53,132
12,39,189
6,167
5,62
98,99
108,170,172
61,93,161
127,146
20,155
86,117,187
49,112,177
46,85,146
3,154
28,140
24,120
34,77,123
97,176
6,8
54,141
17,189
1,112
107,148
12,141,190
9,70,97
6,140,164
74,144
20,27,87
66,85
88,163
100,178
38,120
14,47,112
56,82,196
113,115,137
57,58
95,120
26,69
41,54
121,140
82,138
82,87,89
83,141
135,147
77,136
93,180,193
15,75,148
64,168
47,114
129,161
113,136
96,118
12,29,50
94,182
4,183
58,198
89,91
109,140
30,124,157
2,167
98,184
1,117
107,166
22,45,101
82,194
106,144
111,172
24,30
72,149
76,190
40,79
33,105,152
90,152
84,149,157
39,89,129
58,81,131
77,94,183
15,70,130
94,200
77,157
112,116
76,200
139,166
113,115
20,195
42,165
10,48
86,109,117
95,106
24,124
55,109,124
158,164
46,174
134,179
136,200
52,55,94
13,21,120
36,184
90,98,184
109,196,199
20,140
24,107
18,70,165
124,128,164
2,102,113
24,69
164,185
136,174
107,193
91,101
12,136
8,125,188
72,133
5,18
22,45
7,92,137
43,182
144,166
88,136,198
30,87,92
62,70
11,22
31,63
40,199
29,166
17,100
51,59,191
5,15
28,150
1,44
21,60
52,71
140,193
136,159
91,184
45,64,130
29,56
125,153
7,10
76,98
48,179
3,174
80,182
7,32,116
32,49,98
18,92,167
43,68
71,117
110,129
76,112
80,95
28,184,185
183,199
22,125
12,179,191
12,34
123,141
62,181,182
79,87,122
84,163
21,99
38,117
29,161
84,104,200
114,196
8,120
33,149
108,190
82,147,199
70,139,175
4,11
121,140,167
99,196
15,53
52,75
19,84,160
55,131
62,82,170
137,148
33,117,143
51,62,142
64,93,165
119,180
13,176
46,74,139
139,162
55,126
48,188
155,193
33,138
158,192
46,48,158
54,171
31,62
159,193
4,57
132,150
93,139,152
55,166
94,122
38,68,80
126,157
44,67,87
50,156,191
38,114
26,63
90,102,194
8,100
78,161
37,184
87,173,196
30,67
120,149
99,127
2,35
36,194
43,89,178
31,45,92
59,84
83,109
13,63
72,96,158
3,108,175
20,58
142,162
22,132,164
73,179
38,63,130
66,101,177
27,69
50,67,200
22,193
21,169,170
39,191
157,200
63,176
108,195
120,171
68,69,172
103,193
35,156
12,176,182
34,190
39,110
49,152
27,68,119
107,123
38,103
72,137
95,187
42,192
71,103,200
53,133
130,131,160
39,54,176
60,105,138
11,25
36,92,162
26,74,106
14,151
80,86,170
96,165
67,172
3,33
17,84,183
42,190
78,185
80,99
108,190
5,18
12,133
6,129
37,48
28,97,98
93,95
90,145
108,118
70,113
29,156,183
93,125
18,22,45
118,130,191
130,138,168
20,88
5,72,96
103,119
58,65
12,176
41,146
118,154
22,81,139
6,140
75,144
41,55,145
87,132
36,52
74,128
108,118,138
37,51,62
101,158
120,173
38,176
39,174
119,138
54,62
35,41,174
78,79,123
132,178
7,161
14,118
48,148
41,159
61,140
121,194
22,25
112,128,138
138,167
26,95
44,87,98
5,9
47,191
49,87
11,58
19,85,188
108,180
46,91
168,186
36,104,146
101,137
9,56
42,159,165
63,74,175
72,85,165
138,150
83,133
158,159
156,198
66,179
106,160
1,189
65,91
173,196
4,88,172
20,157
108,153
155,157
117,181
42,72,193
23,151
133,144
80,172
79,161
38,53
44,67
45,200
73,161
58,137
69,115,125
12,27
96,151,153
95,105
111,123
31,87,130
9,81
53,194
18,51
129,176
89,109,150
2,9
7,182,188
108,152
74,148
66,158
72,192
55,149
105,174
96,164
80,107
80,131
111,162,169
19,105
51,99,167
19,157,200
23,42,121
24,129
90,110
73,82
39,150
27,86,93
57,170
110,181
43,74
55,136
95,114
26,50,168
103,108,174
40,143,188
132,182
61,166
40,47
3,199
10,100
62,84,94
55,163,183
38,132,180
78,108
74,78
35,71
93,172
19,34
55,159
75,171
105,170,199
11,31
46,192
7,38,125
4,149
29,87
94,134
12,91
118,187,199
37,155
80,119
83,124
43,98,140
23,37
16,77
35,66,90
5,127
25,35,112
76,195
113,150,192
116,193
2,99,141
142,200
99,101
83,87,158
25,34,176
143,198
20,83,193
52,94,106
128,193
20,92
81,122,141
71,106
3,162
65,150
21,139,174
24,124
48,57,178
91,199
141,193
29,100,157
6,52
71,74,111
76,103
47,153,187
65,91
74,103,174
92,133
141,197
4,19,163
29,85,94
25,96,197
90,128
29,134
45,137
106,197
11,98,184
38,44,93
13,111
75,78
57,84,127
62,166,194
31,42
23,86
77,139
41,82,122
12,17,156
93,175
28,95
6,164
37,65,133
7,157
63,68,119
46,74
58,178
23,136
70,100
43,174
5,53
134,176,190
9,175
20,144
20,54
65,141
12,47
20,78
32,98,185
106,156
3,22,91
62,162
46,137
84,87,168
82,191
133,190
68,105
5,70
18,75,164
33,47,74
1,40
29,168
32,111
16,131
86,123,180
74,147
96,102,166
44,178,179
81,165
179,182
187,194
8,182
71,196
39,48,119
44,142
25,197
104,189
60,159
24,187
55,194
50,55,126
53,108,117
62,97
46,63
6,70,185
72,123,180
146,149
98,167,184
11,148,197
10,36,196
1,143,187
77,180,188
145,196
85,110,161
38,60,187
134,177
67,95
119,138,170
30,82
118,180
19,26
106,160,186
41,149
66,177,194
83,92
14,85
12,109,116
2,37,58
28,55
171,193
22,99
6,191
1,153
82,188
14,91
127,150,177
94,131
10,55,76
30,115
21,126
53,131
17,76
63,169
9,92
137,146
1,104
9,163
69,187
84,170
151,155
19,163
12,121,154
100,197
137,155
89,190
125,196
11,194
18,19,166
29,87
41,91
24,115
133,182
20,170
25,158
34,87,193
18,41
62,140
162,187
112,176
113,165
62,126
152,163
59,77,160
75,188,191
1,74,175
55,91
152,159
164,184
90,192
59,116,157
136,190
11,131,140
10,173,183
113,146
118,135
76,78,165
95,124
88,173
24,103
94,146,195
19,173
115,199
31,133
27,64
77,139
27,60,112
16,43
34,136
61,146,188
16,131
21,123,125
9,111,149
7,79
66,77
68,86,105
80,108
29,91
159,195
32,35,62
105,139
93,113
44,111
78,127
14,60,175
74,77
81,102
146,149
12,94,200
113,171
16,156
80,118
29,163
89,122
72,121
1,30
2,20,172
1,143,175
11,58
15,61,81
14,114,125
14,187
40,74,172
116,168
141,143
45,75,142
15,33
3,183
31,61
19,128
37,167
28,86
136,189
20,23
36,38
134,161
130,148
95,105,117
79,106
6,137,152
79,146
14,135
132,161
9,53
68,187,197
15,72,142
18,59,186
186,190
46,142
37,151
113,142
23,62,131
178,195
85,97,98
49,120
58,125
77,121
121,175
167,189
98,148,158
87,121
93,184
139,199
106,145
33,133
10,12,136
25,187
60,135
96,154
46,174
141,185
61,113,194
98,170
101,144
134,143,179
28,131,171
92,129
80,157,159
71,80
49,110
106,167
103,114,153
66,192
131,166,177
85,167
64,125
137,194
68,73,97
16,84
50,131
69,147
90,114,170
52,69,71
133,136
51,62
82,197
34,82
43,100
46,106
20,79,163
89,153
167,177
20,182
32,158,185
15,154
9,96,151
40,180
40,163,199
104,116
156,190
6,95,187
55,102,187
53,75
88,100
137,194
11,36
15,167
53,180
90,141
80,188
13,93,128
49,55
98,168
14,197
53,111,148
88,184
18,142
45,56,107
9,148
57,66
49,184
17,69
135,187
60,102,123
91,155
4,27,68
146,169
51,53,92
112,121
100,106,182
39,144
77,168
74,96
29,132
21,26
54,87,94
22,68,120
42,141
61,103
1,147
48,54,58
85,150
32,64
60,103
41,126
53,66
60,147
17,83,121
84,91,189
30,47,119
111,147
75,99,177
30,192,199
154,175
67,173
105,170
41,82
110,126,155
80,95,128
75,130,159
46,103,199
55,196
26,57,147
25,44,88
10,49
2,75,171
162,183
33,170
93,108
111,143
3,80,139
15,96,165
46,123
105,115,120
47,49
27,143
71,120
75,113
70,99,166
9,141,158
80,87,106
108,199
25,197
131,162
37,140
24,60
80,187
45,52
122,173
17,97
49,173
134,138
26,106
72,151,168
26,175
39,179
92,197
7,106
169,181
51,159
7,35
74,92
4,129
3,143
88,144
76,116,127
53,121
7,16,20
31,130,185
25,75,184
4,179
93,182
1,15
6,28,37
182,189
185,200
120,171
4,54,183
26,118
66,99,131
27,153
32,58,151
154,197
6,81,159
24,47
114,153
82,178
60,80
94,129
95,123
25,66,159
58,115
57,144,163
141,190
90,156,160
49,79,144
49,89
134,194
58,177
11,177
17,20
81,138
135,191
49,91,168
32,75,159
120,123
111,181
5,141
111,118
98,102
23,70,107
144,196
67,73,145
41,193
33,147
14,18,84
22,90
99,163
48,128
22,148
6,131
54,130
68,119
69,93,108
60,74
78,128
54,79
78,193
7,161
48,73,76
67,188
69,196
11,196
20,69
123,152
83,110,183
10,57
150,198
18,22,144
52,150
133,190
81,160
131,161,183
3,26
81,160,195
23,133
153,159
5,53,124
50,133
40,115
161,179
39,96
35,36
42,58,62
45,193
117,199
97,140,193
87,148
48,162
18,20
14,34
5,107,154
26,108
15,171
2,21
31,165
58,183
25,107,192
2,140
6,164
92,97
192,200
26,182
50,188
102,172
71,86,123
33,46
4,50
19,55,196
1,13,118
44,47,181
77,142
123,164,179
117,170
126,157
80,86
28,53,58
31,58,140
14,74,153
17,77,113
34,148
8,168
34,79
79,87
65,128,183
130,131
5,27
15,92,177
28,159
92,136
19,130
60,90,187
19,77,155
98,102
2,145
2,198
74,180
2,90
185,191
128,151
8,199
110,191
158,177
112,114,128
66,146
21,115,124
66,193
52,147
175,181
83,157
45,198
55,122,142
43,83,122
65,164
88,143
33,38,178
135,138
25,139
89,124
43,188
95,115
26,49,179
62,154
11,78
16,155
55,136,168
57,128
74,95
45,147
35,58,151
112,154
99,183
126,168
76,92,156
146,199
105,154
167,184,193
40,172
126,155
59,96,109
33,135
57,152
33,53,104
76,186
47,116
92,158,194
151,160
24,176
39,147
77,182
62,177
10,119
46,174
36,100
20,100
144,149
7,129
75,148
47,74
95,109
31,177
66,75
23,121,165
121,140
23,28,141
53,148,150
17,132
6,78
98,114,130
100,161
50,59
43,77,124
98,133
122,126
149,161
99,107,192
18,58,192
32,45
2,18,99
97,158,198
95,128,187
38,169
30,43,52
40,46
148,151
49,123
52,155
12,110
32,154
19,169
141,143,162
9,66
91,138
118,152
14,57
74,111
28,66,96
40,46
42,54,95
111,174
57,83,126
23,48,138
47,115,162
65,102
18,84
6,166
20,178,196
30,157
81,198
138,151
20,30
89,104,186
62,137
6,24
26,80
16,64,82
10,59
13,47
55,190
160,163
27,139
66,159
35,125,150
36,139,184
38,58,84
11,129
50,188
89,135,184
58,166
26,40
64,151
6,87
81,98
134,153,198
97,131
18,180
93,114
42,78,85
96,153
70,92,181
21,133,188
5,49
9,171
28,113
162,174
168,181
74,128
95,110
89,109
23,89,105
78,98
52,91
86,96,164
101,142,184
20,56
171,197
3,109
73,151
131,194
87,193
149,172
34,126
10,141
2,6,37
3,26,125
39,94,168
90,154,178
25,70
37,38,89
96,190
92,102,188
31,115
111,118,128
29,155
120,159,190
54,98
138,192
76,188
69,144
1,44
93,189
158,191
94,157
44,171
156,162
71,108
24,28
104,140
107,141
82,146
8,56
100,126
10,83
72,151
29,77,195
27,115,128
34,74
45,151,164
27,130,158
105,163
127,134
27,63,123
12,26
27,62,66
11,176
10,49,68
108,178
57,127
92,128,134
119,128
53,56,158
122,127,195
71,119
3,95
36,85
108,143
33,112
48,106
65,173
49,111
80,89,175
160,175
22,75,107
121,167
111,176
26,44,114
39,84
19,186
52,54
35,61,165
145,181
51,61
30,70
64,93,95
114,195
30,94
36,87,132
3,8,31
100,133,149
23,98
80,103,162
45,137
2,20
35,107
5,157
4,117
73,158,160
18,31,37
27,84,194
61,185
27,28
1,123,139
44,69
80,86
93,111,138
31,62
107,142
97,143
49,116,132
60,199
13,152
86,199
113,170
90,168,193
112,170
126,188
7,28,200
160,183
5,35,197
65,184
109,173
19,29
68,71,86
7,14
5,141
97,164
93,142,154
1,118,119
60,103
93,162
20,99,136
36,152
11,99
83,149
71,193
102,131
47,86
34,124,132
43,106
118,168
168,176
14,93
78,141
8,155
111,119,199
163,182
55,188,200
127,157
78,187
169,199
3,120
108,126
2,58
104,129,157
44,110,133
98,177
134,160
127,157
127,134
52,116
27,112,128
123,172
165,178
126,133
78,176
69,138
72,122
42,185
33,153,160
138,175
165,192
37,74,140
52,55,84
40,115
21,139
73,176
11,36,117
79,142
32,33,156
144,160
50,67
3,13
3,131
44,47,187
47,73
113,158
138,147
64,121
3,69
39,149,174
40,48,96
69,105
126,178
16,66
122,181
104,200
101,165
47,177
27,50
19,89
77,190
14,125
64,165
18,141,194
4,30,163
51,131,193
74,93,199
92,197
31,102
24,114,162
12,132
111,169
66,159,165
1,162
48,124
90,177
167,194
122,163
69,83
5,101
1,139
37,75
72,115
62,66
14,144
149,163
74,112
35,66,72
50,190,196
175,191
75,129
30,116
15,122
148,189
81,95
44,99
11,46
51,92,98
192,194
47,115
29,83,126
27,75,81
89,139,170
125,188
42,45,53
66,171
30,65,195
60,69,111
50,129,165
45,85,134
46,125,152
110,193,200
121,137,148
65,79
41,58,107
35,102,165
64,76
104,114,188
172,200
11,100
4,152
79,114
50,164
17,187
73,126
33,80,138
45,62,135
30,154
26,176
21,191
124,194
26,117
20,146,191
27,69,180
88,126,157
123,170
120,152
28,57,88
70,99,148
95,178
91,183
45,172
44,69,135
48,134
55,129
4,136,185
128,138
164,171
37,102
105,114
35,91
151,174
111,164
60,71
10,36,100
163,184
18,68,102
31,42,132
26,63,169
27,117
9,144
33,75
26,122
67,172,184
26,93
15,76,92
74,165
34,127
53,166
18,75
49,91,116
31,130
124,174
123,145
77,138
150,159,166
36,105
87,141,192
144,168
100,116,124
43,48,63
100,175
32,81,184
85,141,184
53,106,155
9,148,177
140,177
56,144
182,196
114,138
95,128
46,81
152,180
62,191
12,92
89,129,156
4,134
75,102,137
129,134
45,61,137
44,125
68,105
29,77,134
68,77,112
1,62
58,141
45,171
87,123,138
123,180
19,59
52,83,161
6,170,183
139,152,176
16,156
52,57
113,128
10,179
1,135,156
64,132,159
33,106,159
77,161
7,83,196
45,98,154
108,116
13,180
58,153
45,188
30,99
63,110,157
13,71
32,61
81,170
48,50
18,96
78,167
33,95
10,49,129
37,45
71,170
2,171
98,137
14,95
58,75,141
95,154
45,75
53,66,165
21,190
132,186
59,129,145
158,160
13,123,125
60,64
35,161
28,34
23,74
127,156
53,56
67,110
55,134,156
25,65
82,148
33,38
4,74
60,114,143
102,131,171
104,178,200
78,194
67,129
26,154
109,169,177
20,41
49,63
28,60,136
120,124
7,77
139,175,199
85,192
114,143
17,179
61,146
13,54
128,134
75,176
25,129
9,78,142
102,150
90,107,165
67,176
70,148
50,54
73,191
96,164
108,162
85,107
30,189
10,128
41,186
28,99,148
63,193
24,128,138
44,147,180
69,102
5,8
52,160
58,194
83,122,159
15,20
32,176
87,132
26,138,180
112,169,181
57,70,134
72,131
2,58
71,111,147
74,96
11,25,192
182,183
97,109
27,200
11,131
14,175
5,39
170,173
32,66
10,57,79
150,156
75,157
46,170,172
8,86,101
41,132,182
32,130,150
155,195
17,78
94,103
109,196
147,172
87,100
95,180
2,144,171
154,184
133,163,200
16,64
33,187
46,181
14,138
41,163
51,76,144
71,159
11,148,166
53,142
144,190
37,178
80,194
65,102
33,170
57,102,190
21,118
69,105
2,101
28,88
142,151,158
1,119,187
72,115,164
122,145
31,135
81,130,193
7,57,109
4,29,126
63,162,169
8,54
56,90
110,114
123,162
5,6,65
65,88,134
89,104,109
16,67,168
104,133
29,128,199
68,80
64,83
6,88,135
21,46,112
66,84,130
35,42
7,66,123
4,177
15,60,160
46,63,123
26,138,180
5,58,126
69,108
13,186
28,35
125,135
7,11
74,147
58,121,150
113,193
98,193
21,48
18,150,184
54,164
20,136
68,77,153
11,38,146
9,35,171
20,104
6,159
116,167
8,57
74,139
1,58,131
17,169
97,137,194
90,107
10,59,82
34,179,190
42,45,177
138,161
72,152
22,157
14,26
108,140,176
69,70,154
47,125
137,166
11,88
38,181
24,86,166
19,40
148,193
73,183
54,119
6,88
24,148
53,181
142,177
18,193
115,153
86,135,162
124,144
3,117
69,113
114,143
56,93,175
44,169,181
10,89,129
50,79,145
6,72
47,93
61,164,185
37,79,199
95,128
52,173
7,157
86,170
27,73,192
55,186
126,132
110,127
130,165
27,182
37,101,184
22,90,159
15,70
160,170
18,99
14,114,115
98,193,200
93,153
33,152
28,66,96
85,159
10,145
93,175
7,41
128,170
69,111
28,90,198
92,113
68,105
38,40,108
102,184
8,59,156
15,19
130,141,142
11,101
106,145,157
19,143
134,156
40,181
83,102
40,103
46,142,192
62,180
81,118
43,167
46,170,199
18,107
51,113
45,144
71,118
84,149,191
80,128
29,87,188
41,92
100,163
22,39
36,160
41,129,136
115,128
105,111
90,131
107,134,138
53,159
41,175
88,100
21,103,105
61,197
37,41
57,104,196
132,148
18,53,98
68,86
42,89
8,110,122
36,45
1,108
58,75
22,58,159
46,190
67,125
129,157
118,125
78,147
14,138
31,51,171
47,180
77,110
18,24,190
58,93
33,38,118
33,74,199
71,170
60,177,186
108,162
43,49,195
109,132
63,190
12,122,127
127,133,186
158,159
27,155
60,111
62,142,158
16,195
26,128
95,105,138
1,172
76,184
115,165
82,107,134
156,197
26,135
82,148,171
123,174
1,80,180
49,67
22,69
12,155,195
15,29
39,106,134
28,55
55,77
32,194
13,68,119
30,125,159
7,145,195
60,111
20,59,149
28,35
23,97,167
82,86
114,120
170,187
32,198
3,95
114,115,174
19,121,188
65,182
169,175
73,190
135,167
8,119
53,137
79,123
61,75
71,93,108
2,33
11,107,198
97,135
35,165
13,115
44,111
13,61,174
17,24
128,170
45,81
84,195
55,131
141,158,164
7,67,104
8,176,195
89,171
153,160
59,67,87
15,53
11,52
17,195
119,174
102,113
99,133,174
47,103,105
39,148,150
25,68,105
5,93
160,180
181,192
83,120
77,82
15,143
124,199
56,81
106,178
93,118,135
42,147
85,142,159
40,64
2,189
4,10
8,200
28,71
164,185
125,180
26,117,169
15,102
16,155
144,152
65,151
16,195
73,98
28,77
125,193
101,121
24,40
11,119
52,67,83
33,110
24,86,143
50,104
67,83
19,34,106
91,191
40,117
65,72
71,100,107
28,72
2,159
10,136,155
3,71
49,195
10,160
68,69
70,200
144,191
116,133
62,83
186,190
121,198
35,70
160,161,168
9,113
29,94
86,199
42,79
45,81
44,63,153
89,104
94,195
192,195
41,104,157
17,23
11,58
112,123,180
24,140
3,199
26,44,118
39,183
6,25
148,172
58,70
10,168
106,124
6,105
11,165
66,190
163,182
74,114
86,191
111,159
72,104
51,101
92,111
92,113
52,188
77,161
52,135
68,74,118
43,117
9,121
61,134
103,118
8,92
37,121,194
8,126
122,146,183
40,152,169
81,200
46,112
133,194
25,91
77,145,157
3,21,74
48,89
126,189
21,120
21,120,194
6,159,192
109,147,198
23,158
103,128
39,52,79
62,141,159
40,68,112
101,148,183
99,172
25,102,131
29,176
36,118
44,152,187
53,99
84,103
46,68
123,175
58,158
45,178
35,77,156
49,87,110
126,156
20,26,183
12,200
23,31,200
134,190
118,174
21,82,193
31,37
3,170
68,152
105,180
118,138
26,112,114
35,97,112
3,111
170,191
64,135
147,154
19,172
39,163
34,124
60,108
91,141
78,150
65,160
12,43
45,77,100
17,58,167
64,108
14,46
13,136
5,176
14,111
12,144
8,69
150,159
52,108,172
22,194
71,78,147
1,41
10,133
22,155
37,60
42,99
115,191
87,140
12,61
176,188
4,24
27,75,158
2,90
23,90
53,81,121
138,199
31,70
117,150
38,68,128
18,181
93,194
108,177
67,115,125
54,129,182
134,139
26,143
71,112
21,143
48,54
126,144,146
23,80
49,156
81,126,169
9,42,78
179,182
102,159
12,43
125,162,185
39,42,160
65,198
63,112,119
30,144
10,77
69,144
98,159
64,154
42,72
156,161
67,174
12,70,126
37,97
70,154,159
173,191
12,168
51,146,175
72,76
72,102,171
19,161
65,197
78,154
125,187
19,170
92,194
134,135
62,183
100,126,127
100,180
8,200
24,123
52,67,100
3,162,174
15,171,177
26,123
46,123,147
24,90
2,70,167
111,132,181
111,152
22,102
61,116
42,72
72,85
39,87,163
147,174
23,197
17,60,90
54,55
48,91,179
17,179
27,82
8,189,190
22,28
99,141,146
18,189
70,180
30,96,144
4,145,153
84,156
9,82
108,120,130
55,90
20,167
39,126
91,123,197
129,169
116,117,196
54,176
4,57,89
20,76
13,74,187
76,106
89,169,185
56,197
83,106,161
14,69
70,179
29,50
108,176
40,139
72,159,193
6,31,35
53,177
28,130,187
39,77
124,187
10,100,109
186,189,191
79,88
27,105
80,169
137,197
33,103,135
2,167
28,157
128,140
36,52,195
115,153
81,165
28,31
111,114,153
7,186
45,159,171
66,67
96,148
12,129
73,94,163
54,68,119
13,153
137,184
3,25
55,84,104
80,162,187
18,39
94,163
14,108
11,67,130
129,151
103,147
40,141
47,115
46,147
43,122
57,168
164,174
140,200
48,158
53,105
13,27,175
117,199
65,131
45,197
39,81
6,148
73,92
79,89,109
115,141,171
39,50,189
43,59,83
28,143,165
7,168
114,169
49,67
36,130
129,176
1,117,152
42,167
37,48,154
25,161,168
53,121
32,45,171
110,116
74,152
4,39,106
64,119
20,186
48,136,186
168,194
10,103,175
14,94
33,63,138
48,182
69,195
69,152
117,153
80,180,199
9,135,184
91,191
43,101
1,171,178
62,120
93,184
47,52
45,70
49,116,174
53,81,140
16,157
30,193
22,148
87,108
110,186
114,123
36,191
64,72
91,190,191
130,167,184
33,66
24,95,103
1,64
31,92
22,126
7,23
8,116,127
11,171
24,62,105
1,74,180
53,56
8,198
24,34
22,60,114
21,139
39,188
74,120
140,166
73,76
33,122
22,167
78,155
36,57,157
76,115,196
139,180
40,123
48,186
28,56,124
72,101,158
6,76,161
126,132
34,186
18,81
102,108,178
8,132,134
29,44,149
60,118
14,26
6,100,185
124,136,188
59,126,196
29,36,156
100,120
11,166
52,156
1,117
47,95,193
10,77
6,147
5,6,35
38,74,170
13,50
38,114
84,104
68,187
69,115,139
71,170,175
70,139
23,134
56,61,66
160,179
46,119,125
45,141
7,59
56,85,142
144,168,179
119,143
138,149
97,128
39,84,109
13,34
8,46
94,100,124
116,149,188
84,110
65,150
15,81
117,135
63,172
98,167,194
22,64,76
106,129
35,98,154
22,54
102,172
18,65
151,172
32,135
54,183
84,189
147,192
98,141
100,149
78,98
10,12,67
89,186
61,75,92
77,163
58,153
76,139,197
153,172
47,169
8,94
26,111,176
93,152
26,127
103,117,172
86,116,146
28,61
39,109,200
6,167
67,168
21,38,115
111,138,181
70,112
11,86,152
10,156
30,67,163
26,138
84,146
26,68,123
14,114,181
4,178
4,133
25,75,193
43,183
5,91
14,114,174
17,59,127
36,59
70,87
139,171
45,51,190
34,134,195
32,113
26,93,147
6,31,102
33,126
112,140,142
5,61
133,168
79,137
22,61
142,171
60,78,125
41,136
142,155,186
33,143
77,124,136
107,176
36,156,178
40,44,199
33,123
8,43
53,81,173
13,80
81,123
105,160
13,64,118
47,181
32,101
5,39,99
43,69,96
75,113,171
30,173
52,136,144
24,111
1,14
95,115
27,123
31,99,192
126,151
134,168
104,161
6,161,174
6,184
49,73,129
183,188
116,145,168
115,162
120,133
85,155
16,30
5,175,200
128,185
158,159
105,112,123
74,157
27,54,57
78,92
15,151
99,102
70,71
59,190
26,153
30,81,108
29,91,106
88,188
7,178
80,139,171
104,152
25,87
102,137
32,78,98
79,121
3,117,153
3,63,71
64,95
111,152,187
47,128
21,108,200
96,134,171
134,172
8,92
1,148,174
53,90
79,122,195
19,129
119,170
91,156
61,117
129,151
66,165
149,155
14,123,187
21,28
31,90,148
57,144
17,177
17,49,188
121,171
11,108
80,114
44,87,129
24,32,134
119,180
97,173
140,168
68,200
112,199
3,156,160
106,182
84,113,171
157,195
73,121
147,199
94,116
70,121
134,172
6,65,107
72,148
5,121,142
80,143
15,135
32,33
21,186
55,67,168
27,184
6,37
71,199
17,110
63,115
67,83,133
22,45,131
49,122
10,110,161
18,131,198
75,171
131,175
11,182,191
13,180
81,192
96,181
118,139
114,174
59,85
8,84,200
113,173
44,111,112
108,142
55,94
4,18
2,131
8,115
62,63
50,110,116
52,179
63,178,200
44,179
56,142,198
138,147
131,154
101,140
21,44
2,102
40,112,125
27,106,170
9,140,142
54,122,190
64,111
30,145
32,121
150,151,168
102,184
58,75
49,152
18,78,137
109,160
14,60,169
143,183
99,185
57,168
28,81
33,92,184
79,189
95,126
14,128
84,183
22,103
8,57
73,144
99,102
71,181
90,99
30,88
3,26
8,36
13,47,64
65,159
1,27
36,52,155
40,71,139
149,161
15,16
121,142
141,152
1,172
32,62,97
36,82
35,171
75,128
13,14,199
112,174
68,120,190
36,134
81,108
8,41
40,46,162
46,64
41,118
166,187
63,64
86,132
144,195
78,166
14,105,175
91,172
55,94,104
33,172
55,91,150
39,53
18,66
6,150
123,154
31,160
62,130,167
64,91
21,49,119
4,143
103,120
112,195
30,65,117
1,169
20,36,191
38,60,123
3,112,147
40,160
121,131
24,118
83,169,176
40,49
49,145
96,158
27,147
64,195
33,162
4,17
49,176
149,195,200
132,145
20,87,93
30,67
15,56,197
35,95
21,117
27,63
120,170
71,187
44,190
63,114
131,181
82,134
129,144
1,24,44
24,71,123
1,147
1,60,105
134,173
27,125,147
3,158
15,51
54,181
68,182
72,142,148
58,139
3,128
56,85,154
128,180
81,184
51,93
144,161,191
45,66
75,113
9,109,163
33,199
9,193
38,175
14,21,127
124,133
65,128
108,112
113,194
30,83
9,62
62,99,107
7,109
122,179
69,106,177
22,96,101
13,114,148
135,165,186
4,30,52
60,108,162
39,160
31,141
89,148
141,181
67,124,190
50,120
82,179
101,156
67,115
21,108
33,154
8,54,155
72,153
28,46
122,176
58,61
22,143,153
48,54
41,166
60,153
14,27
97,134
44,137
20,195
3,118
144,198
1,119
103,168
73,132,165
58,72
68,140
16,133
29,182
87,144
44,70,163
109,125
49,87,144
81,98
57,73
58,131
72,176
110,125
48,124
134,176
7,38
175,187
52,79,186
42,57,82
45,46
179,186
170,171
22,94
19,79,173
78,152
100,134
45,107,192
5,23
59,120
6,23,198
112,137,167
16,59
108,126,150
156,182,183
10,20,146
111,174
9,44
24,68,125
23,140
131,150,198
97,141,154
38,126
23,148
8,68
108,172
83,183
28,197
45,121
13,180
5,131,148
34,36,146
73,116,182
38,181
1,162,187
41,91,170
9,65,75
109,127,161
106,127
7,134
96,131,140
61,85
104,133
49,161
74,105
44,147
11,156
20,39
33,135
24,63,147
100,103,153
34,41
51,79
96,198
79,189
66,197
11,104,138
131,164
113,184
165,198
37,90
49,134
62,171
30,103
6,8
143,186
137,158,185
14,33,162
8,109
49,171
31,177
51,58,130
52,67,109
29,69,121
9,37,95
64,119,180
118,120,169
9,72
69,182,191
29,153
22,84
82,127
27,118
46,101,130
52,174
113,182
29,146
21,120
60,69
31,113
24,174,177
89,197
93,111
97,131
64,117
161,177
128,135
53,200
53,141,158
30,59,176
5,140
22,142
185,199
73,144,176
84,106
100,173
33,123
9,65
20,194
28,177
141,192,193
33,123,138
97,140
35,55,160
45,190
45,58
30,106
51,146
8,132,173
66,167
25,56
73,100
21,114,138
56,105,118
102,104
125,141
128,138
43,65,135
18,23,113
75,141,148
39,130,185
3,49
79,124
109,176
37,121
59,88,189
163,200
13,139
8,103,200
108,138
85,92
103,136,171
47,139,172
21,80,152
91,156
70,134
103,147
50,130,165
75,101
27,47,68
6,90,151
41,157,176
24,46
146,200
88,152
91,173,191
21,198
53,96,114
189,191
32,104,161
25,140
93,187
7,163
90,164,184
2,164
30,88
14,105
155,158
12,149
93,95,169
89,135
65,81
166,168
141,193
15,89,139
34,103
51,102
105,132
21,38,108
