15,173,184
120,179
38,125
49,161
12,151
20,54
22,57,64
77,191,200
17,41,124
110,183
8,45,159
31,155
157,192,194
123,129
9,143
19,81
21,64
133,193
18,61,106
20,150
88,138
75,193
70,199
14,142
23,82
46,107
18,84,110
49,51
35,176
129,153
127,160
4,65
43,180
25,132
42,51,80
11,90
42,74
122,160
26,44
36,82,158
45,96
48,65,101
158,177
4,35,146
1,30,184
45,121
76,79,126
86,150
95,112
17,89,175
26,40,126
50,160
28,169
74,197
38,98
25,93
13,169
53,117,118
64,84
28,128
150,165
82,95
41,132
7,110,176
68,124
40,44
56,132
82,95,170
43,87
82,86
81,138
60,95
33,37,43
50,128
105,132
92,113,157
31,156
126,157
144,177
7,85
94,200
54,136
102,109
59,83,199
33,134
12,114
28,93
18,94,109
21,142,143
133,184
11,21,114
68,80
15,112,129
35,43
169,196
89,164
155,177
61,64
98,131
79,106
26,103
88,105,168
90,198
89,164
58,123
90,190
39,144
123,192
65,159
64,171,189
11,104
45,158
4,106
160,199
95,184
69,96,172
74,94,153
19,142,152
30,99,185
77,114,158
20,157
74,132
77,80
11,35,86
119,147
167,177
41,173
82,118
109,151
33,199
49,120
63,104,194
61,112,122
45,63,133
8,90,198
15,52
43,131
45,155
75,91
102,179
32,88,153
32,110
88,91
132,162
20,126
40,148
75,174
16,86,158
66,122,131
35,194
83,173
41,77
93,127
29,53
154,182
132,170
37,108
23,80
12,141
24,42
8,156,173
27,134,175
78,96,115
59,72,78
100,116
23,111,166
66,102
167,189,200
25,175
71,88
25,38
42,78,87
143,171,181
15,96
17,68,88
123,191
1,181,185
65,135,173
66,122,152
105,162
3,147
35,196
49,87
57,105,141
48,164
94,153
27,67,89
46,103,116
107,192
26,136
100,144
43,112
25,109,132
119,197
34,142
113,150
78,105
128,134
34,189
37,167
23,142
48,73,90
102,199
4,73,118
65,142,157
68,179
97,163
151,158
30,166
128,197
80,105
7,101
46,103
64,67
84,91
49,126,189
126,198
38,115,175
101,138
19,144
120,167,194
3,86
59,164
65,93,117
4,61,193
83,88
2,66
87,191
64,71,103
40,126
87,132,193
54,115
1,180
132,169
89,160
128,151
12,17,200
38,50
33,153
148,167
43,166
38,67,171
27,115
52,164
50,164
4,26
20,30
60,159
88,135
126,154,183
61,135,176
16,124
37,133
11,123
45,83,165
94,187
11,108
88,166
158,188
31,84
12,86
20,120
100,161
167,174
31,175
83,148
62,127
104,165
115,134
110,179
11,60
99,198
7,200
82,85,193
41,166
188,196
9,50,113
83,188,197
22,48,127
56,123
169,173
88,113
9,155
86,193
44,120,149
30,97,151
87,116
95,134
58,189
184,189
87,150
112,117
45,131,146
2,158,176
24,39
41,109
43,46,131
14,151
110,113
56,89
3,6,95
47,112
43,81,151
34,51
160,200
43,44,158
1,130
173,198
55,80,84
104,180
4,180
68,94
103,129
53,150
136,145
6,63
58,81
3,113
68,178
29,179
42,44,148
26,39,154
93,122
16,81
25,55
100,122
15,119,170
100,136,144
35,45,79
66,122
80,189
38,78
85,138
136,138
55,68
31,131,142
5,68,89
108,131
15,96
68,165
67,88,128
1,80,87
19,181
133,158
104,189
49,100,149
87,98
35,199
7,157,192
69,105
73,97
10,198
100,189
11,138
85,177
95,194
116,134
114,120
179,191
69,128
49,97
14,50,144
19,81,85
14,90
92,93
55,73
35,139
57,148
68,80
54,60,149
122,180
21,108,178
2,193
47,81,174
151,198
22,112
25,41
102,171
128,194
144,178
103,125,191
109,173
51,148
93,195
171,181
81,199
33,112,113
59,131
47,143,184
37,46
9,155
58,120
55,76,109
79,143,199
162,171
92,138,154
29,79,101
71,122,186
8,31,127
143,144,163
19,151,165
26,28,195
54,157
41,98,186
17,164
14,199
24,74,107
45,106,131
108,161,183
86,177
113,143,178
51,104
112,117,142
36,82,146
15,145
26,111
61,131
36,153
77,92,94
4,190
185,191
53,152
53,187
142,153
24,185,189
118,127,151
40,193
69,171
80,174
95,197
47,103,111
7,62
76,132,163
6,38
33,62,175
13,154,182
40,58,163
32,141
93,157
95,109
5,172
60,177
50,57
50,132
5,161
59,156
49,115
114,187
8,90
23,173
3,96
88,111
25,109,168
149,163
105,109,164
75,133
77,98,124
104,152
91,125
133,139
8,32
8,96,159
85,139,198
50,53,116
24,42,181
158,189
17,186
59,101,122
83,106,121
121,152
64,115
90,136
87,161
116,191,192
99,108
3,87
78,128
33,86
66,99,161
55,115
117,150
101,104
89,199
121,171
16,152
18,184
58,129,200
5,80,128
12,163
97,131,178
31,99
98,145,195
41,110
96,164
80,121
15,115
69,179
135,160
98,153
21,46,161
119,166
54,168
52,64
114,141
22,165,180
71,173,179
80,100
7,19,35
51,98
20,123,138
10,177
18,96,175
78,107,110
89,171,186
130,173
7,54
25,153
91,114
185,188
101,113
87,164
148,161,192
83,94
40,48,154
65,177
9,151
80,84
87,110,175
104,145
16,112,122
103,189
56,94
102,109
36,129
94,182
1,31
10,161
10,160
95,106
83,107,112
8,122,131
55,162,175
59,137
65,198
84,182
62,113,185
119,195
149,199
41,156
63,113
31,142
22,68,196
67,109
86,174
28,34
76,168
99,123,181
5,78,94
18,69
52,192,193
110,142
1,120,191
144,175
40,118
30,144
97,144
95,108
38,39
51,140
29,44,110
28,68
53,61
62,153
20,30
73,75
26,113
18,200
69,154
24,28
123,157
51,54
40,167
21,184
131,184
53,139,190
20,70
102,177
7,117,191
40,191,192
130,150
45,121
32,68,88
9,31
24,33,65
86,165,196
117,143
145,171
72,85,127
149,191
60,166
10,73,130
160,189
30,85
32,36,147
42,113
12,143
51,113
71,153
10,40,70
41,52
46,154
170,175
102,175
53,64,98
112,130,200
18,186
132,160
49,194
83,160
68,96
13,165,176
102,184
61,81
66,158,198
72,129
27,41
146,195
86,101
62,77
35,197
88,110,170
62,142,171
54,114,161
20,40
71,101
77,184
56,110
44,67
123,130
70,92,162
75,110
2,25
47,184
30,103
44,143
4,182
9,14
10,29
23,123
9,108
40,111
19,85
74,132,170
126,157,197
70,128,181
65,118,190
77,115,168
25,84
62,78
61,159
11,51
149,191
30,54,116
25,175
1,139
12,114
36,196
8,185
79,96,152
159,191
109,153
41,168
135,176,199
86,174
68,141
124,181
16,130
33,142
88,109,186
45,159
8,121
56,109
8,151
40,77
108,143,165
9,120
103,104,113
9,70
7,92,184
36,61,101
95,184
10,67,162
40,84
52,155
69,110
49,172,188
33,82
52,95
14,29,67
9,133
48,151,199
21,178,184
41,62,110
125,164
11,175,194
70,153,186
92,192,200
35,73
88,168
35,112,129
166,167
96,107,153
72,183
69,78,170
47,97
55,175
55,132
77,102
159,191
70,130
20,92,161
151,155
105,123
117,190
160,165,169
74,98
36,196
54,190
99,166
4,78
80,180
12,150,191
153,170
12,153,163
11,92
65,101
70,164
49,195
7,11,21
155,173
25,90,176
93,102,133
23,130
25,102,164
68,105
29,133
83,142
12,65
121,130
51,111,126
19,75
14,106
62,92,126
8,52
21,92
81,109
143,190
18,114
11,12,192
74,92
85,149
5,78,83
93,186
52,128
69,96
141,145
59,155
100,127
56,80
123,189
63,150,163
117,158,169
33,184
94,129
36,41,123
52,67,164
28,84
8,176,199
43,173
101,121,159
53,108,149
74,173
108,126,147
32,145
11,58
51,107,120
38,141
73,79,81
6,140
85,151
116,200
40,58,184
85,170
35,73,151
12,41,189
78,108
51,153
147,166
31,177
40,192
12,72
78,92
93,130
153,195
111,126,189
122,146
45,47,100
29,38,167
33,57
16,45
54,185
140,154
107,146
164,165
73,125
12,85
138,162
118,156
165,187
22,173
58,110,142
16,21,199
82,160
47,185
17,69
149,162
48,87,112
35,97
36,76
6,12,193
158,174
186,195
56,64
36,135
105,129
117,152
66,85
42,103,192
98,192
6,36,138
124,165
84,200
163,166
52,78
72,99,184
41,186
69,195
83,155
22,29,165
10,173
29,38
94,162
106,139,165
84,164
138,181
123,125,194
35,137
10,81
42,66,131
149,163
86,133
83,197
21,28,42
19,144,177
82,101
16,40,125
18,103,181
4,181
177,197
142,169,199
24,123,138
2,81,121
190,198
59,104
137,146
5,26,58
56,94,110
17,77,168
36,45,73
29,86
9,177
72,123
49,154,191
50,102
83,137
2,177
7,39
35,91
6,72
45,83,170
134,141,170
106,173,180
75,127
25,175,186
26,65,123
34,141
58,189
3,75,86
112,117
30,161
65,86
72,87
108,123
40,200
11,26,104
17,145
3,71
131,169
144,200
2,130,173
87,152
71,162
97,183
6,63
126,183
187,192
58,164
119,188
81,180
35,150
41,64,134
73,199
21,123
5,26
156,158
130,142
84,173
22,118
51,95,113
73,151
12,129,161
66,171
54,169
15,67,78
88,93
134,149
6,181
78,151
18,89
54,147
67,186
78,86,108
33,189
96,119
11,154
68,167
5,67,93
39,140,154
74,153
59,110
137,192
128,153
25,160,187
25,32
64,153
75,193
62,67
15,18,105
69,98
31,70,118
10,130
55,70
7,181
122,142,152
108,197
71,105
67,93,195
44,46
68,98,168
106,182
75,120,177
9,199
107,196
57,124
67,161
63,97
90,160
35,199
10,59
62,93
44,60
11,54,92
61,79
146,199
44,162
63,95
151,176
50,57,98
2,155
162,172
63,166,182
66,82,195
48,163
74,186
80,102
131,198
3,60
79,130
4,146,156
119,192
68,174,191
118,146
15,119,120
46,82
33,153
85,149,196
66,151
83,118
13,108,184
118,178
6,122
71,164
20,193
15,92
89,134,170
108,141
90,152
15,68,77
81,105
4,149
118,151,190
4,30,37
18,55
61,127
108,165
3,99
21,180
32,57
28,134
48,122
113,148
11,47
94,105
51,97,144
30,179
29,101,174
34,91
41,50,115
82,112,169
119,123,156
17,155
51,129
11,157
92,179
107,175
32,91,200
96,171,181
26,150
132,171
173,184
26,41,86
26,147
58,158
10,59
59,118
34,54,104
121,146
88,182
30,128
41,110,124
165,191
56,67
23,164
16,92
130,145
125,147
140,181
142,144
5,76
21,149
28,75
72,92
71,81
133,158
25,52
55,162
93,175
76,129
36,79,199
61,196
102,112
9,146
52,121
23,49,178
31,79,112
13,42,97
36,152
8,48,53
51,61,192
71,160
27,88,110
161,162
48,108,162
21,88,99
28,96
52,78
14,174
84,194
65,135
59,90
93,107
22,35
134,172
31,118
38,52,78
26,104,195
39,180
164,168
162,194
5,96
69,175
144,179,182
81,121
139,146
95,150
168,175
49,95,138
54,149
12,49
80,98,196
19,113
93,119,128
8,82
31,120,180
50,70
85,131
133,145
13,21
22,32,38
35,91
61,112
83,106,131
102,195
52,149
9,82,86
19,103,111
28,141
111,149,179
121,179
184,189
172,175
43,74
90,146
70,170
4,98,159
57,141
27,64
22,121
1,66
49,118,176
108,148,181
34,176
94,96
18,78,153
55,102
37,100,111
18,32
78,164
149,163
28,72,171
5,47
3,150
2,70
130,173
57,99
66,115
51,119
68,110
27,69,84
11,189,191
17,38,164
14,95,142
45,66,142
46,158
6,34
30,73
14,16,79
18,69,93
62,181
48,113
57,161
4,10,101
1,116
52,56,128
116,135,156
76,95
19,130
12,63
86,193
77,115
78,168
8,18,121
4,176
94,172
62,66,158
99,125,148
57,105,146
95,111
24,63
46,60,179
44,65,82
72,184
58,165
45,59
60,79
41,172
46,54,197
30,111
87,124
154,197
97,184,189
106,112
1,29,43
92,178
157,161
155,167
11,97
31,45
73,168
112,130,142
74,84
65,70,187
63,135,158
137,193
69,194
62,197
62,94,141
118,127
15,162
106,163
62,98
33,68
28,164,172
13,15,98
90,171
62,164
46,113,191
67,175
45,115
15,78,181
164,195
92,185
15,107
75,152
60,118,130
28,162
84,104
7,118
30,143
64,80
171,185
75,169,176
9,110,164
119,140
72,150
25,119
27,62,132
48,83
10,81
79,133
55,100
113,123
14,85
34,49,163
1,79
22,117,173
88,145,153
40,136,179
96,128,175
129,164
8,12,59
29,95
10,15
49,144
111,130,199
44,122
33,168
4,130
70,76,156
93,102,105
56,64,168
69,111
58,87,189
151,186,192
45,174
129,144
91,189
172,174
7,191
53,66,156
115,162,187
3,7,113
7,99,194
83,101,199
62,74,134
67,110
144,188
98,164
99,143
137,169
147,174
123,145,190
11,115
42,115
91,188
16,54,78
129,185
32,131
1,142,177
108,114,198
23,31
149,157,166
151,199
35,135
44,184
47,81
149,197
13,24
75,177
17,144
57,153
29,92,150
110,132,186
9,20,31
97,128
118,119
90,108,190
114,137,182
40,180
103,200
89,182
4,45
73,81
84,145,153
63,136
1,4,143
101,130
133,145
16,169
10,14,53
121,155,176
148,161
81,155
27,84
60,140
51,103,189
8,112
169,182
17,71,124
4,130,180
59,117
82,131
67,96
141,160
25,50
64,105,134
183,185
55,98,162
187,199
23,54,192
142,178
53,94
86,180,199
112,151,198
24,48
105,175
81,83,117
118,177
73,121
115,134
25,67
161,164
37,66
125,189
116,126
24,91,157
16,66,83
17,52
23,55
6,191
66,133
34,114,188
9,80
65,137
25,32
123,138
83,190,198
81,117
40,87,126
108,168
20,138,148
15,84
53,172
16,105
5,104
118,122
85,124,164
97,142,191
60,135
5,33
32,141,162
54,66
104,142
125,148,200
19,101
106,130,139
56,68
101,137,177
167,183
40,104,129
37,147
89,110
36,73
1,4
44,63,157
73,168
18,67,94
160,190
25,174
132,195,200
88,188
73,189
114,119
97,157
62,81,137
63,185
3,114,166
71,191
124,186
105,153,186
90,93,154
76,140
2,79
101,111
83,152
120,194,200
80,98,175
149,192
27,74,89
37,140
4,83
42,154
34,59
46,68,97
92,149,181
84,93
61,91
81,180
64,151,179
50,159
107,147
70,191
63,154
183,188
100,154,185
31,180
23,138
92,123
51,192
92,114,183
36,137
29,128,200
114,136
64,141
162,195
45,168
5,70
56,94
13,133
100,114
71,86
47,66
126,154,178
162,168
64,148
46,154,196
47,60,181
4,146,174
118,141
12,87
85,93
40,108,113
31,81
154,198
53,158
35,81,137
27,88
67,94
13,50
3,102
13,80,89
28,41
94,172
23,30,34
56,173
67,164
41,62,124
51,140,152
161,188
146,151
61,74,113
27,80
28,107,168
89,119
133,186
55,168,186
84,164,195
15,25,148
6,188
14,53
92,98
86,130
87,152
10,73
32,100
141,144
43,112
7,44
52,195
8,37,83
85,137
70,106
56,134
69,128,187
26,79,193
32,122,158
55,134
30,47,147
99,119,147
32,158,200
44,154,189
4,169
4,36
70,175
106,159
117,137
18,77
82,83,109
46,92
29,53,121
131,154
44,49
178,184
2,150
110,159
41,68
101,175
1,178,195
142,160,196
117,156
103,185
92,181
28,109,153
92,123,192
13,114
111,161
80,175
26,123
112,158
21,34
30,76
12,95
130,152
27,109
27,140
31,141
102,173
51,73
51,87,139
78,124,175
1,193
47,104
123,161
7,148,194
45,81,112
13,87,192
70,86
41,195
62,172,175
74,84
76,167
28,56
97,157
10,47,83
82,190
166,182
52,96,164
50,74,109
74,170
24,46,184
48,193
71,111,121
23,181
29,177,195
63,167
148,173
18,88,132
23,91,158
134,175
42,175
74,134,164
5,49
58,89
146,180
18,133
129,194
30,163,191
12,149
23,179
12,30,183
11,179
73,126
23,31,122
16,31
12,44
31,90,173
73,183
157,191
144,150
53,107
38,138
29,137
50,183
98,147
28,69
25,161
152,170
109,162
20,120,127
56,57
60,146
48,55,101
51,110
115,168
88,109,145
103,162
11,24,189
66,118
83,121
115,186
129,191
21,114
104,163,200
123,182
45,158,193
129,183
15,88
15,63
103,181
23,99,200
73,159
85,133
84,116,138
53,155,175
104,181
54,77,148
176,182
27,32,68
96,107
87,184
87,131
4,164,179
45,200
31,86
141,173
39,104
31,173
38,134
137,160
37,154
43,79,133
75,135
94,142,158
24,183,185
134,148,187
15,77,80
58,99,200
60,196
61,118
18,98,172
142,190
135,195
40,54,185
42,137
136,158,168
61,81,190
24,103,192
59,141
105,127,130
1,20
4,62,150
48,66,103
80,109
1,53
3,75
67,94
94,175
13,120,149
31,90,177
1,85
39,145
44,87
9,117,196
23,119
128,171
13,134
41,71,94
32,66,87
73,183
37,161
110,168,169
74,198
86,135,169
74,151
64,114
103,143
110,177,183
35,65,159
73,155,156
45,93
138,199
59,191
66,68,151
4,48,133
150,185,199
14,127
13,141
63,113,119
85,152
143,165,193
39,169
13,75
26,154
137,170
129,193
95,178
48,60,83
81,122,177
76,161
50,55
27,57
22,169
44,103,189
66,118
123,144
42,129,194
23,69
170,187
93,112,126
84,146
74,187
1,151
46,51
100,188
28,77
132,167,179
6,18
43,110
24,101
189,194
33,40
92,134
26,99
112,159
170,182
16,59,196
162,187
78,103
80,136
4,158,173
21,111,150
3,183,192
105,195
113,126,178
5,164,168
33,64,195
40,42
133,173
45,53
62,95
12,191
22,125
113,147,155
125,183,190
74,78,94
155,194
71,176
46,167
7,27,57
102,120,175
21,137
10,24,164
60,178
99,180
26,157
85,183
70,107,175
26,120
160,167
77,78
26,200
150,194,195
149,182
8,43,131
139,186
117,177
28,44,121
38,56,78
7,43
84,132,175
7,90
83,117
15,94
29,60
7,48
62,68
3,161,179
114,143
102,153
11,78,124
51,64
38,50
10,191
13,76,161
91,92
45,90,179
67,71,109
182,200
95,131
45,73
45,196
5,69,80
164,195
29,200
2,159
92,181
36,86
68,118
53,83
67,105,175
89,109
128,168
131,143
138,188
80,128
8,27
29,36,43
134,190
6,54
62,186,199
69,105
53,151
100,120
77,109,168
85,92,161
103,197
42,90
51,58,116
35,112,191
107,132
73,180
110,115
100,108
27,32,67
35,73,82
97,100,192
29,198
166,196
94,107
28,74
99,136,197
33,38,64
6,69
58,143
12,78,138
5,55
117,131
63,108,187
2,169
49,185
20,149
22,59
72,121
8,86,193
168,170
66,180
60,90
56,98
102,170
75,84
2,73
57,181
78,80
5,57,67
25,88,195
77,122
6,28,82
19,151
103,150
97,181
108,116
65,152
6,85
120,139,160
102,110
41,152
144,180
36,121,177
61,121
43,65
68,133
39,164,183
72,138
10,15,29
90,113,114
62,98
13,52
72,189
68,175
72,120,125
167,185
37,150
14,128
162,191
7,103,131
123,130
12,136
18,77
72,77
62,84
27,84
41,89,108
62,118,127
53,79
6,149,152
102,160
24,28,153
62,71,78
84,134
15,145
30,34,108
6,185
75,146
146,150
153,171
52,62
13,50
6,70
145,189
43,82,165
43,48,81
59,83,85
1,61,86
46,113
26,200
16,29
32,33
13,72
131,180,190
62,67
50,67
27,105,171
56,67,153
126,197
3,189
12,68
34,181
32,50,170
67,185
113,185
4,48,101
45,75,146
6,135,151
19,166
153,200
52,70
148,161
129,157,200
35,101,131
130,187
19,48
171,187
70,107
104,108,197
88,168
42,104
89,170
124,129
189,192
5,41
25,59
15,105
50,89
87,189
60,61,83
66,81
57,136,172
44,84,160
5,89
148,190
96,175
73,198
18,71
5,108
88,139
41,101
33,67
4,127,151
68,171
5,68
91,191
46,169
131,164
127,133
160,169
124,135
14,81
91,109
51,63,92
2,59,122
35,53
18,146,157
56,194
76,91
129,136,189
88,162
23,33,142
53,108
149,194
47,91
67,187
7,49,113
12,69,83
30,31,37
66,122
46,62
149,167,182
59,132
33,69
33,57,80
68,182
73,99
48,89
60,62,168
3,87,178
65,66
87,98
126,190
27,152
143,195
21,59
97,166,188
143,192
68,88,152
49,56,179
30,72,96
72,128
149,155,187
12,178
1,130
28,52
112,127
113,116
3,45,141
9,40
2,60
24,135
24,39
71,125
48,124
88,147
93,119
71,186
15,32
2,77
2,90,184
43,62,141
186,190
123,143,185
99,134
4,36,85
55,75
67,194
19,45
143,157
100,150
68,87
18,52,105
79,109,112
123,143
8,177
11,184
10,173
123,133
96,168
63,88
131,169
9,83,190
33,70,84
2,19
2,158,180
53,193
45,178
91,112
44,143,161
143,194
39,136
34,178
20,31,92
151,178
30,73
58,72,182
100,143
82,141
117,185
23,30
16,78
20,183,194
7,104,182
28,50,115
22,85
91,119
116,148
36,61
84,102,187
67,145
58,166
25,107
31,146,165
38,105,108
93,115
39,147
6,32,60
21,154
149,157
100,102,196
68,129
106,143
42,143
159,160
18,77,96
125,188
18,48,178
19,155
141,191
51,108
172,175
113,156
52,96
55,134
144,192
57,105,141
21,27
30,34
40,76,116
121,127
144,147
128,175
27,109
44,56,111
185,192
52,90,197
1,29,43
118,193
10,95,135
85,122
89,103,186
70,130
49,133
7,63,130
33,74
11,159,196
23,63
67,149
25,178
96,98
81,152
59,196
51,72
24,122
3,44
89,105,115
38,164,172
78,145
7,15,128
30,51
146,174
63,134
8,61,83
45,123
131,137
150,189
12,20
32,67,107
59,142
48,59
8,70,91
38,41,88
114,166,194
7,14
24,83
7,97
67,124,187
35,159
146,169
19,175
78,80,110
1,106,176
44,63
27,64
117,199
40,70
140,185
33,171,197
95,149
29,50
88,100
49,93,140
116,184
159,174,177
168,180
111,197
19,103,150
103,166
41,50,171
64,134
91,144
36,103
86,122,176
20,81,179
116,182
90,93,134
9,138
33,56,77
180,198
97,154
50,145,171
73,199
71,88
3,42
144,156
135,155
149,168
67,118
10,58
141,142
80,120
161,194
38,109
70,117,169
39,51
95,114,182
25,110
27,115
126,140
127,155
142,154,167
99,100
60,61
60,151
19,189,197
75,198
98,115,164
59,86,158
53,192
76,133
63,161,189
56,74
42,182
4,174
8,117,131
108,184
98,124,171
34,126,179
78,92,183
110,168
171,185
18,64,193
97,119,148
88,119
9,21,121
14,199
179,183
19,190
61,82,158
119,143
1,89
123,139,182
85,139
39,123,128
104,185
95,184
111,200
46,115,135
85,159
72,166
129,149,179
114,182
54,166
29,83
68,140
53,103
72,123,195
61,117
15,33,183
130,193
53,198
53,158,190
81,165
54,116
26,139
169,199
57,164
68,70
33,172
47,181
27,145
79,179
21,99,103
28,58
136,160
48,121,131
114,118
86,94,160
121,150
55,62
10,93,168
88,175
45,177,180
118,155
94,118
14,126,130
64,65,176
5,41,52
33,115
92,117,178
33,102,186
22,85
3,120,188
40,62
42,169
113,200
171,195
27,135
1,164,170
86,102
37,111
3,186
2,60
28,71,88
61,86
22,61,155
66,158
54,63,144
41,70,159
121,155
18,199
5,27,70
2,61,127
11,27,86
146,149
141,146
77,94
19,199
100,129,192
2,167
48,159
44,58
18,105,162
14,180
16,174
69,105
44,159
66,133
17,170
73,123
23,181
84,121
10,59,165
139,146,190
56,78,195
1,146
106,133
82,189,199
112,128,133
100,118
28,69,110
34,161
46,58
159,174
36,90,156
93,102
96,98
32,138
51,123
102,115
23,125,183
25,62
51,92,117
85,137
13,111
56,115
111,125,150
97,138
111,147
38,187
104,136,157
158,190
12,103,111
50,143,160
6,142
71,128
65,178
119,163
177,192
2,61,169
119,149,186
108,192,197
119,141
56,64,98
119,137
18,67
7,34,184
74,105
33,74,168
18,128
11,33
61,172
7,54
23,25,127
21,200
138,185
152,182
40,101
82,194
93,150,194
18,65
170,197
34,39,187
134,160,173
138,181
76,119,179
113,154,183
88,172
30,100
41,131
47,148
43,50
124,153
127,190
32,74,116
15,98
24,148
13,90
17,115,132
80,94
43,45,122
88,116,141
57,64,93
39,61,128
110,125,139
87,128
110,134,187
27,80
25,159
142,151
23,116
2,36,73
43,81
99,197
141,146
102,124
116,194
72,200
70,141,164
61,81
15,78,141
9,90
88,89
38,127
17,74,89
105,143
62,111,176
28,50
44,104
18,28,197
62,109
92,118
26,134
38,154
32,33,128
84,128
37,84
2,59,142
9,10
33,63
6,59
36,133
43,53,169
7,118
1,199
158,180
73,75
98,158
118,137
62,170
103,118
28,41,171
48,57
25,109
52,98
11,26
159,168,186
56,105
2,29,142
139,177
64,123,159
59,185,200
71,96
102,168
80,147
24,143
25,105
36,58,91
145,182
152,190
34,177
67,84
1,22,90
76,127,198
67,72
86,153
125,157
142,177
30,175
15,98,141
92,117
145,166
124,189
90,114
54,59
102,187
109,153
73,114
14,22,171
107,125,184
23,110,149
128,186
116,178
107,128,175
33,77
15,84,89
159,196
7,178
23,44,51
119,170
166,191
15,102
139,154
83,165,169
125,196
65,190
43,51,123
53,73,146
10,17
19,53,196
96,141
103,111
61,158
43,49,80
52,69
19,180
2,151,178
97,111
30,64
73,198
81,93
146,152,155
35,155
96,107
26,106
89,162
93,136
7,54
40,125,179
61,62
142,165
16,126
167,188
23,173
57,196
74,187
122,141,180
82,174
170,184
191,200
28,57,186
31,61
21,87
12,119,144
20,105
68,88
109,168
30,108
2,80
14,100
79,112
112,194
162,176
149,154
31,156
107,112
65,90
29,131
89,98,102
105,110
95,108
2,22,86
22,140
122,138
28,99
4,14,174
26,155
80,121
82,142
102,109
47,104
65,165
40,94,177
136,137,169
106,155
65,159
85,170
114,161,189
84,105,110
109,160
7,179,185
69,143
15,18,77
21,113
78,84
124,134,175
25,32,67
92,101
17,184
41,120,157
77,186
16,79
37,65
90,120
34,67
72,98,154
89,107,175
53,124
44,138
145,170
15,27,115
27,88
18,186
97,143,150
109,171
45,69,180
2,117,155
137,152
61,75,117
82,167
94,136
10,76,190
3,125,154
98,169
155,156
53,61
58,111,184
150,191
11,58
20,75
35,36,158
65,185,196
151,178,194
4,107
80,96,162
98,162
76,147,200
27,32
23,83,172
38,70
19,45,53
63,192
1,172
70,105,141
20,145,171
19,176
20,123
29,152
32,102,141
104,148,191
7,105
68,70
2,17
35,50
116,166
63,89
45,156,159
130,133,190
68,176
78,172
156,190
3,111,118
75,86,145
113,123
83,90,142
100,106,158
115,164
89,195
39,99
15,27
59,75,149
45,131,152
66,78
80,107
46,129
87,147
115,124
1,101
13,192
99,119
119,120,139
13,76
122,196
19,60,131
5,76,81
108,113,115
105,137
75,90,117
49,91,167
132,169
9,196
14,127
1,60
40,146
23,28
51,77,166
125,150
77,127,166
50,92,161
114,123,125
87,126
42,58
21,40
66,117
141,158
52,145
7,111,116
69,108
180,199
18,71
74,182
34,156
43,74,150
41,57
25,140
12,143,184
136,161
4,177
99,177
60,118,137
27,67
58,171
9,130,179
66,158
34,146
66,106
25,80,145
64,99
34,58
29,35
45,193
6,91,104
33,67,99
135,185
48,93,184
69,94
43,106
81,121,174
61,86
19,142
50,77,109
38,93,105
87,161
60,191
27,139
80,133
8,83
107,112,183
4,51
14,65
139,159
19,65
85,99
35,173
18,120
65,151
9,175
56,187
166,191
10,142,152
8,23
33,172
43,106,159
76,100,147
29,54,147
13,16,166
16,81
54,146
29,136
60,71,178
155,184
29,35,151
24,93
15,171
53,142
56,58
92,99,197
9,111,155
92,181
6,40
5,135
75,84
66,105
139,191
28,70
35,86
85,146,151
32,64,170
125,132,196
12,148,192
59,160,193
52,80
18,102
12,181
144,200
21,164
99,185
180,190
58,115
31,45,86
71,80,141
109,115,134
67,142
9,39,178
184,190
17,64,172
1,159
71,105
16,29
18,68,172
154,169
72,184
25,132
3,43
22,76,90
52,88
43,127
12,114,181
163,177
84,164
13,49
24,66,197
59,79,139
46,151
62,75,196
157,179
3,89
85,142
14,65,189
94,132
157,195
12,119
100,186,187
53,173
108,137
5,168
8,121,196
116,154
80,110
17,113
98,164,171
103,187
33,64,106
11,121,182
147,154
93,124
34,97,136
38,145
57,113,132
76,127
116,174
109,113,194
20,148
19,121,174
30,76
50,131
98,105,164
90,134
79,196
112,176
108,147
65,78
22,39
27,80,134
70,132
50,102,128
130,183
25,160
1,34
27,85
8,86,165
65,190
60,113,119
66,90,176
43,53,146
182,200
1,193
88,132
28,33
3,40
115,132
143,147,154
58,122,174
25,68,96
85,142
84,124
24,34,183
101,160
163,197
50,55
32,130
13,90
34,37,148
7,159
89,129
9,72,144
36,147
174,199
43,90
118,122
8,86
42,150,157
8,83,170
91,116,140
36,130
58,200
10,147
34,75,139
20,34,83
38,68
11,193
139,144,152
21,58
97,100
93,191
73,96
156,168
38,107
112,151
82,169
17,74
24,150
17,44
48,117,139
13,135
130,176
35,85,130
10,168
20,150
16,146
2,90,176
4,40,172
11,110
105,124,141
56,129
9,39,77
73,84
52,85,107
166,189
9,133
111,139
129,136
118,120
10,146
23,139
122,151
135,156
33,151
110,145,175
94,167
64,70
166,195
152,190
28,61,193
63,179
25,32
59,127,199
65,176
13,59,111
78,192,199
20,183
173,190
23,25
21,103,167
6,56
57,77,186
12,178
18,133
33,67
4,81
113,182
34,95,192
6,58
26,113
9,97,189
10,65
113,150
18,94
62,111
87,154
145,183
163,167,189
135,158
25,77
53,71
92,104
67,77
23,38
25,78
103,119,197
3,35,147
79,153
121,130,165
120,144
87,126
23,95
60,142,160
121,156,198
122,190
120,181
3,77,116
113,158
173,184
129,171
45,66
34,183
98,122
14,70
3,33,106
15,84
55,149
132,164
8,74
99,103
163,197
62,84
53,191
44,54
2,103
41,86
49,144
53,65,130
20,31
100,128
127,140
153,196
41,155
138,150
100,121
133,193
44,107
37,92
103,166
85,91
28,90
55,58,138
6,24,40
176,196
44,184
101,106
69,96,168
90,95
86,169
87,91
36,43,177
77,193
99,109,145
105,128
25,52,115
129,161
88,186
68,105
102,189
82,102,115
14,114
71,124
34,38,124
87,160
157,166
81,184
123,171
32,141,153
86,97,192
18,195
2,113
78,109,172
67,93
66,124,194
25,159
135,149
37,91
8,122
151,194
37,147
8,67,184
18,124
120,154
54,60
4,15,182
73,99
91,112
105,153
83,139
57,62
39,73
36,53
102,135,138
2,125
128,155
136,164
40,147,190
114,118
20,95
15,50,186
58,188
91,163
56,166
108,148
75,83,101
91,130
27,69
45,157
40,199
174,185
150,198
110,132,172
30,49
15,172
74,96
16,109,176
18,110
14,22
53,92,187
114,135
59,75,118
17,56,145
37,105
40,158
28,80
71,89
79,186
40,169
8,77,198
2,51,191
74,171,186
13,147
21,179
46,140,178
23,90,148
150,163
92,174
40,54,92
145,168
47,83
81,162,184
73,193
21,36,45
75,144
160,175
57,89
9,14,118
77,102
22,85
10,22,90
3,45,61
29,196
73,134
36,63
51,65,123
16,61,199
35,36
76,88
32,74,164
58,100
