59,64,111
29,124,179
3,106
65,157
130,167
99,130
62,123,126
84,173
41,137
92,197
83,90,115
12,22,184
153,180
38,194
23,112,141
5,7,10
22,180
14,27
63,137
141,152
75,161
28,146
13,92,160
4,193
54,185
18,165
51,169,174
31,85,126
72,140,193
18,41
70,154
130,173
23,42
113,134,164
51,165
7,90
70,85
10,114,181
51,80
52,148
112,115
21,148
92,180
40,125
114,178
6,71,93
67,88,185
4,83,192
105,141
116,135
57,87
25,97,115
107,137,177
38,164
52,82
49,174
37,75
51,67,198
47,93
6,89
50,162
15,173
119,193
84,136
152,187
42,76
25,123,159
142,155
4,52,187
120,131
22,197
33,90
22,54
17,132,186
89,155
23,58
85,179
88,182
139,186
116,138,154
100,112
38,193
36,106,163
28,33,149
18,66,103
42,169
123,184
11,58
22,82
81,160
139,182,188
49,112
94,116
7,107
46,167
59,134
99,188
129,138,162
14,147,199
125,144,195
97,189
47,99
28,116,121
64,92
32,145,153
120,162
104,145
99,107
44,61
22,50,100
90,139
53,83,121
26,52
41,155
142,193
26,140
132,133
19,176
64,103
21,172,195
23,192
54,176
30,162
45,55,169
41,191
175,192
57,103
60,124,131
55,157
30,105
68,106
64,88,182
51,179
136,200
13,112
77,113,186
93,111
125,165,182
57,168
17,141,195
67,172
91,121,134
146,190
11,119
133,197
26,179
28,48
65,155
86,143
46,102
51,116
95,172
12,188
10,137
110,163
101,186
88,148
14,61
118,158
90,98
23,127
111,131,182
118,200
130,153
178,190
22,37
82,175,198
21,158
51,158
11,93
47,180
154,183
68,88,127
103,151,162
47,121
150,191
17,30
25,193,195
162,185,199
21,38
10,150,190
68,108
21,200
65,67
65,115,141
50,81
11,137,151
94,112,198
101,172
16,77
4,117,156
17,61
34,52,60
112,138
117,121
66,177
61,63,70
9,182,200
15,185
144,196
3,131
20,120,124
45,133
43,96
92,98
113,160
125,174,182
8,181,184
33,198
9,22,175
46,142
104,148,186
88,144,165
18,85
71,73,163
97,158
21,159
8,119
2,86
35,124
51,115
144,175
35,90,151
83,98
71,177
56,111
6,18
132,194
4,57,176
147,177
4,11,138
75,122
7,124
3,163
79,122,135
59,73
59,137,173
16,117
83,164
122,174
33,142
73,85
154,197
79,109
90,134
65,73
8,82,195
71,119
85,92,101
30,31,79
157,159
5,62
56,154
60,165
85,143
3,19,58
15,113
10,51
38,152
70,163
35,160
134,169,174
130,139,182
4,48,175
45,92
42,85,168
33,115,138
103,146,147
113,159
56,71
73,108
109,199
37,174
132,157
153,171
77,102,137
27,89
9,80,168
22,196
2,44,198
70,175
53,86
29,125
107,153,195
1,64
125,160
105,127
21,175
5,188
12,75,139
10,90,190
144,156
13,79,133
65,77,83
60,109,176
29,138
84,160
51,86,126
101,128
8,157
117,184
33,138
51,63,118
4,62
24,115
21,110
21,198
180,186
52,109,110
129,149
52,193
15,55,196
26,143,177
56,117
64,69,133
28,78
151,167
1,96,103
164,198
2,78
107,144,197
51,121,149
75,198
72,103,199
132,167,197
132,195
32,77
47,127
156,161,193
94,158
33,152
4,8
80,148,185
162,199
131,199
154,164
87,176
26,141
136,153
24,199
12,161
15,49
174,198
14,26
9,172
37,173
2,16,121
1,112
9,112
87,162
36,110,163
103,156
15,45
113,129
14,36
52,131
104,148
41,177
122,128
173,183
64,101,132
154,193
35,85,87
89,110
43,94
132,157
102,131,186
125,200
27,79
153,160
3,27
102,149
31,87
79,167,173
151,166
61,134
96,131,193
57,176
57,166,184
96,184
66,145,184
44,118
155,177
71,168
79,95
33,146
97,164
56,81,83
58,99
48,117
31,105,160
42,111,192
119,168
139,143
9,107
31,95,165
43,111,155
125,127,148
54,74
145,163
33,78
18,124
135,178
61,189
7,47,170
91,121
34,93
27,38
56,68
51,164,177
58,150
69,80
39,129
23,102,181
16,97,194
14,40,141
17,195
44,73,157
29,166,177
4,12,43
107,185,188
11,87
24,34
110,169
23,199
91,175,191
85,139,168
94,189
94,134
29,101
48,129,169
30,35
9,140
53,70,100
54,60,117
133,200
1,28,45
13,172
43,89
12,107
20,76,118
103,119,166
43,142
177,195,199
87,168
101,105
11,106,174
87,143
22,112
32,59
67,139,160
16,93
27,41,142
4,17,182
31,99
16,69
115,158
55,173
114,190
50,89,156
30,195
113,167
85,142
68,80,99
52,173
125,187
4,18,147
40,102,184
104,132,197
50,57,84
90,150
71,123
8,83
41,172
134,162
30,165
118,185
195,197
71,76,96
124,177
84,144
58,118
18,110
6,43
68,73
85,87
14,117,156
61,144
144,170
66,166
3,106
23,130
18,19,96
128,130,161
44,48
45,54
148,170
13,54,105
30,80,161
17,45,110
65,127
15,130
27,176,177
21,144
13,105,136
26,51
23,44
107,122,159
78,144
18,117
80,185
55,86
76,166
14,25
90,169
84,127
15,159
68,146
5,143
64,173
172,195
7,67
52,98
11,22
46,121,149
111,149
29,36,168
29,31
18,87,106
157,190
16,189
35,89
102,191
148,153
23,104
33,124,139
32,148
130,139
82,87
96,122
36,131
37,125
43,173
26,129
10,80
62,193
82,130,141
77,193
10,81
95,127,133
85,163
21,168
29,176,198
25,65
10,61,123
161,186
24,34,52
9,10
125,144
63,170
41,58,124
19,163
22,161,195
9,188
33,123
31,64,172
84,111,178
5,59
7,146
5,33
2,23,70
130,172
31,163
68,95
27,116,182
40,55,160
47,200
95,180
118,189
12,61
34,176,197
21,131
74,118
44,175,178
158,171
83,155
13,185
80,188
112,123,126
29,162
5,199
149,189
139,172
27,47
55,60
12,129,145
125,155,173
27,155
140,143
9,45
10,164
52,88
116,192
28,118,178
32,104
145,184
69,188
66,120
57,74
28,61,150
34,162
40,174
39,141
21,159
8,152
48,98
19,41
120,140
44,111,136
109,159,181
100,178
105,167
163,200
81,164
124,199
14,145
97,189
55,98
6,27,87
64,144,195
11,119
28,49
92,108
122,176,187
33,53,73
93,106,166
67,79
57,85,132
45,109
5,116,178
12,104,172
69,110
35,119,142
46,185,200
91,169
12,135,139
29,58,162
11,103,176
84,132,183
59,107,200
35,182
23,193
139,157
64,104
152,186
89,134,172
5,144
120,163
80,123
100,102,198
106,154
52,169
13,160
16,46,63
15,188
33,115
27,168
3,109,193
8,21
43,57,168
93,120
67,188
135,139
66,168
6,103
55,146
141,182
21,30
137,152,198
47,56
104,182
53,81
13,133
99,128,139
124,154
27,68
154,176
103,106,187
15,67
84,108
29,157
131,177
23,113
41,193
102,158
188,195
76,129,197
37,59,173
111,141
84,153
59,191
151,198
27,106,155
31,160
31,88,101
15,44
49,134,170
49,118,123
106,163,176
121,131
61,104
27,98,176
47,136
29,85,179
172,196
64,92
70,176
86,123
1,108
45,87
34,60
66,93
64,92
140,153
1,9,69
52,147,177
66,105
152,178
17,105
68,108,136
46,97,116
2,33
8,39,78
17,45,125
37,75,172
55,117,166
28,160
26,85
30,40,45
34,50
16,46,146
87,135
129,170,184
92,122
31,144
46,157
6,36,124
99,193
97,101,104
4,80,94
19,166,187
6,45,95
24,140,182
79,175
42,107
36,57
33,86
12,150
108,127,173
27,62
54,198
46,83
34,196
57,85
6,131,173
27,88
36,142
96,136
164,175
9,90
6,111
108,189
45,80,172
12,29
162,177
56,76
67,92
13,132,155
39,83
32,141
14,73
68,84
50,97
62,76,90
134,148
4,35,110
137,179
30,175
14,63
97,112,152
23,28
169,181
107,116
90,169
3,6
5,91,189
77,142
25,42,164
1,69,107
9,132
84,173,186
155,169
52,124,145
6,44,154
76,173
1,13
15,151
69,127
47,80
91,139
54,86,145
74,96
9,130,174
117,166
96,109,127
96,115,121
128,153
61,120
84,156
67,99
35,155
3,50
31,54,68
44,131
63,78,83
4,18,124
19,91
68,130
12,103,155
113,116
54,99,200
94,175
13,22
50,69
130,161
15,125
17,42
26,174
61,141,171
59,122
17,200
153,155
50,110
97,198
105,170
118,171
51,191
125,193
17,151
81,91,121
30,122
23,74,129
100,123,181
9,200
124,157
136,182
72,151
144,174
156,166
36,49
29,152
114,159
127,141
56,82
40,48
35,52
30,107
155,170
58,142
68,180
45,156
72,169,190
117,183
131,134,182
99,136
59,118
122,141
16,122
7,146
77,158
57,96
72,188
29,76,184
52,142
136,146,188
13,135,153
37,183
61,100,113
107,200
17,130
29,102
24,71,100
45,80,166
85,140,193
17,188
8,141
26,82
51,118,132
40,109
138,158
121,139
52,131
39,198
57,72
85,166
6,79
19,104
121,146
36,93
59,138,193
86,115,149
38,65,76
59,140
58,110,131
1,105,164
93,155
31,139
23,78,169
7,83
18,98
23,142
98,121
26,29
53,77
10,176
29,187
3,34,120
72,176
131,177
49,178
37,161,196
85,120,155
2,102
110,193
20,141,152
78,159
13,153
59,172
90,150
111,129,170
17,161
19,151
7,33,188
12,188
75,180
5,111,118
80,139,172
44,178,189
7,93
33,92
15,85
104,139
34,93
2,187
19,36,168
122,130
86,94
19,102
83,94,189
44,48,158
51,63
25,61
47,120
106,153
53,129
43,46
21,58
45,196
44,81
12,65,109
15,139
154,177
65,86
63,65
24,158
13,154
67,121
56,113,129
92,128
167,173
63,115,125
35,52
5,112
46,160
35,58,60
19,24,161
66,98,199
70,155
1,195
5,76
55,119
62,113
21,73
45,61
8,70
80,130,186
40,111
148,185
76,140,195
95,199
80,133
121,145
4,57
32,183
101,125,133
61,175
54,104,195
113,177
60,135
56,158
146,148
2,53,109
114,143
136,185,196
88,90,102
160,165
83,91
15,165
52,60,87
22,200
14,20
63,156,178
88,92,132
73,169
1,126
37,133,180
1,134
10,81
127,159
49,68,84
126,189
32,169
88,192
26,34,35
63,121
97,167
75,87,190
154,169
63,81
77,150
58,169
34,55
8,198
17,200
82,175,190
82,170
124,141
45,88
174,176
34,35
67,152
8,196
37,70
48,113,164
95,172,182
75,96,141
130,139
103,125,172
40,188
64,115
53,88
1,108
68,174
104,130,195
60,76
57,176
52,174
63,110
13,16
35,85
38,51,56
17,197
14,19,124
101,133,165
16,29
4,143,187
67,96
13,186
26,34,192
54,135
28,101,115
31,47
46,158
126,152
3,120,176
37,122
37,94
95,101,136
3,180
62,196
21,28
94,116
26,193
28,74
28,62,136
101,133
91,185
95,127,167
51,100
68,141
5,73,169
52,119
131,165
149,192
10,175
52,89
53,74
163,182
4,86,111
109,176
21,118
149,189
48,146
116,156,185
16,127
52,155
118,144
9,47,59
129,186
78,126
39,126,150
57,69
14,139,192
98,133
31,71,145
105,136,182
14,188
77,155
129,138,191
54,130
74,101
13,75,197
28,73,198
95,110
57,71,168
38,155
7,26
81,100,183
59,132,197
3,79
73,74
43,96
3,36
144,165
90,191
67,69,107
8,177
31,57
158,175
79,104,168
49,56
14,18,57
40,82
20,148
135,139
50,109,147
9,86
15,128
31,52,121
147,163
24,60
92,148
51,69,156
24,121,181
1,28
43,117,142
68,174
120,187
20,121
17,28,54
49,153
19,175
31,152
66,110,179
131,185
23,78
73,97,113
76,168
75,172
63,111
74,134,190
38,97
33,114
28,194
137,139
62,134,173
83,177
92,186
46,80,82
30,194
92,182
25,118
79,105,136
101,195
29,66,176
35,113,136
158,196
8,191
30,84,160
39,162
55,187
30,64
21,175
17,130
57,123
33,82,134
28,115
63,76,149
140,146
22,186
138,139
19,27,34
69,110
83,113,118
115,123
21,181
38,62,81
99,180
46,125
8,110
85,171
17,175
109,153
91,114,146
70,129
58,120,131
81,118,134
56,197
79,195
65,112,178
89,177
117,176
184,200
45,88,136
37,185
153,173,200
135,167
89,130
27,142,193
69,127,180
95,137,142
118,145,150
1,23,29
125,198
127,128,148
9,76
76,108
26,168
10,64
148,174,196
75,76
4,80,112
27,98,120
56,118
109,152
74,115
19,58
143,193
129,152
40,101
180,196
47,180
66,87,106
138,166
54,62
59,196
8,31
26,87
71,131
29,45,89
88,127,183
132,153
107,127
58,190
22,101
185,195
34,78,118
87,117,184
12,40,173
28,49,62
154,156,177
10,82
127,191
93,105,170
23,101,133
49,58,191
69,127
24,148
48,141
24,29,163
47,80
35,41,155
128,167
116,160
76,108
25,112
49,67
84,127
17,80,195
52,96
26,58,156
88,96,189
4,103
119,176
43,157
13,52
21,84
68,86
102,113,190
122,178
27,89,103
150,176
58,98,124
30,40,160
51,63
32,48,62
16,114,115
31,88,130
72,131
10,27,148
98,156
80,181,187
3,131,162
41,58,147
43,141
133,148
46,54
67,153
35,184
161,193
7,20
28,90
56,63
27,34,35
40,79
32,152
87,169
66,155
56,60
6,52
116,138
7,63,191
16,83
74,111
6,24,184
87,117,145
41,123
141,152,198
5,92
43,120,151
3,43
149,152
96,126
32,59,130
29,50,187
2,47
23,83
39,191
15,127
103,163
90,149
25,53,159
160,161
80,105
67,156,191
12,179
110,170
127,186
100,160
20,70
25,82
2,53
38,94
9,105,183
10,113
82,170,189
117,176
11,199
145,151,156
25,123
47,92,122
16,192
11,162,193
40,165
100,182
29,36,187
25,157
69,104,132
57,85
129,149
167,182
60,189
81,118
51,107
56,83
13,59
113,114
19,55
4,66,168
66,129
44,48
106,151
67,108,160
32,188
67,193,200
46,65,171
31,47,174
17,91
43,95
13,162
169,175
35,85,131
50,162
121,122,175
81,150,170
77,157
32,193
22,148
124,193
156,169
20,199
45,161
69,159
101,200
1,31,59
18,89,98
161,181,182
133,189
70,115
98,160
21,159
39,83
46,148
20,77
2,46,50
15,17
21,95
27,28,147
138,158
22,94
8,194
60,73,187
96,145
137,158,197
173,174
128,129
76,78,91
108,185
9,101,185
71,119,150
28,129,141
116,150
31,33
65,139
135,183
8,150,177
56,110
40,136
64,193
128,181
76,118
118,192
86,149
12,171
44,86,136
44,109,119
146,181
72,189
124,151
66,152
33,42,116
42,199
74,178
78,167
14,72
72,106,151
25,97
38,150
24,143,162
54,170
134,175
18,109
52,98
49,82
46,58
94,113
50,67
32,167
75,107,182
14,113
63,113
4,34
72,119,151
47,107
128,133
43,142
70,189
123,159,171
18,179
54,167,180
87,142
20,112,175
81,199
30,88
89,195
113,157,194
92,162
80,89
89,98
90,175
124,154
130,136
69,125,165
91,164
18,19
65,137
64,132
40,80
89,184
19,58
84,193
25,42,61
30,40,137
15,99
144,153
73,181
131,186,187
114,186
2,38,150
6,45,135
27,68
64,65
114,123
125,128,162
61,124
32,140
67,78,126
73,162
50,135
19,96
45,174
22,67
72,188
106,109
2,102,115
56,164
157,171
163,187
111,123,194
61,111
77,102,120
45,173
19,56
121,165
144,160
161,165
40,144
15,194
7,112
52,131
16,93
17,55
10,45,145
5,56,123
93,162,176
56,111
114,152
60,182
107,108
5,20
85,197
14,27
33,75,177
35,81
50,89
6,35
15,57,74
70,83,158
156,193
74,115
51,149
19,34
79,91
5,137,191
34,89
113,126,137
80,125
37,54
54,95
149,175
32,104
71,184
76,86,194
133,165
145,162
59,135
43,91,101
40,176
29,87
77,124
33,63
64,105
28,115
26,143
115,192
61,142
40,161
63,120
35,137
29,32,61
32,125
96,187
140,166
33,43,92
110,197
47,162
17,67,183
13,165
12,17,25
55,137
52,96,113
17,192
95,152,157
52,53
22,185
58,67
88,148
47,174
23,28
108,165,196
44,112
91,181
160,193
20,179
39,61,152
96,180
19,96
15,132,196
58,89,117
9,59
43,168
146,176
72,166,191
55,131,141
23,159,168
51,93,164
67,132
49,84,193
19,36,163
29,177
114,134
66,128
89,176
13,178,185
124,175
87,138
14,50
64,88
40,99,133
90,173
56,129,146
63,94
92,135
90,189,194
4,97,154
6,148
103,109
28,155
107,159
10,38
76,83,102
24,103
46,59
49,76,159
126,169
149,157,200
26,35,147
60,89,199
22,40,197
123,186
30,37,107
134,183
18,57
77,141
61,71,129
187,190
136,179
11,138
24,87
13,58
8,70
115,133
91,190
59,101,183
46,171
31,165
35,142,145
157,187
46,71
88,122
60,117
110,190
3,131
29,168
56,129,198
172,192
53,61,129
24,121,195
136,186
5,97
84,194
105,184,192
26,66
101,102
89,91,191
160,181
125,183
48,129
161,200
67,189
192,198
60,87
60,111
4,18,93
19,102
63,122,164
1,106
119,193
31,106
7,16,117
26,172
11,87
12,121
47,99
8,141,178
109,199
128,152
40,99
48,49,66
96,107,156
115,134
34,143
23,114,118
41,168
71,119,144
43,149
37,130
139,173
93,151,168
37,75
77,137,168
9,149
20,74,86
17,40
125,162
26,149,178
123,182
27,96
71,163,187
1,108
46,164
142,143
102,115
54,133,136
39,171
78,135
64,65
12,68
56,91
42,125
111,186
79,84,96
139,146,189
128,173
59,183,196
103,183
152,194
79,197
113,144
3,155
29,154
5,131
99,161
24,58
48,171,198
46,194
91,141,175
10,18
123,126
118,170
5,66,119
26,169
97,116
83,111
104,127
15,70,159
66,185,190
162,193
148,186
12,27,78
39,147
99,173,183
13,180,195
48,197
104,149
3,147,159
145,184,199
3,131
77,138,169
8,71,83
69,186,188
27,89,142
156,180
30,105
8,171
180,196
84,135
3,45
14,117,140
47,84
40,111,181
47,180
106,163
49,131
46,78,82
11,87
47,116
75,161,173
24,135
190,191
13,126
37,95,107
153,175
109,156
138,171
144,160,180
13,173,196
30,172
32,179
81,111,146
171,190
117,187,189
17,136
15,31
23,189
35,142,184
69,88
22,73,200
114,171
115,118
89,103
42,83
43,163
16,33,187
14,176
57,73
87,103
149,194
86,112
115,134
27,147
68,163
169,191
106,120
122,155
87,151,155
9,37,47
1,174,178
23,150
90,93
93,154
53,77
24,35,168
9,22
143,176
2,10,113
56,166
45,68
100,197
116,165
45,88,131
152,164
181,186
81,114
12,88
146,196
56,178
4,121,182
120,166
109,167
79,119
110,117
1,144,195
65,145
9,70,160
25,94
76,182
55,87,96
12,49,131
6,98
27,35,55
92,109
61,175,198
1,38,192
3,43,184
44,152
25,90
42,83
156,199
9,132,195
38,47,73
32,45
2,25,90
140,176
106,149
10,162
88,188
124,176
123,175
44,181
101,200
166,184
49,137
70,110
13,70
50,79,93
45,79,139
126,146
78,129
39,62
7,39
23,101
50,145
19,72
38,110,118
92,132,160
20,164
22,188
90,133,174
102,159,170
108,125
65,121
120,184
58,180
45,65,163
35,58,151
99,127
128,183
14,168
1,32
15,19
144,160,161
75,123
30,69,108
26,29
100,152
175,177
36,131
140,155
34,134
105,155
63,65
113,134
105,197
67,186
157,167
90,157
21,54
48,81,149
32,153,197
65,81
89,151,154
13,27,161
104,107
51,74
62,93
6,188
29,35,72
57,127
20,82
7,166
44,164
18,123
50,138
7,94
29,145,155
117,197
86,123
100,112,114
20,168
67,189
35,198
99,181,193
40,126,149
29,64,121
144,165
6,135
15,173
72,96,102
82,127,200
5,54
30,134
65,129,198
42,197
5,108
8,158
1,107
68,116
23,129
32,121
2,30,93
46,57,180
36,55
56,97,150
85,98,193
37,172,188
92,122,196
175,181
72,155,156
19,30
10,173
53,114
108,116
7,75,110
116,129,141
75,96
7,91,171
160,183,191
143,168
5,44
88,122,153
4,31
90,128
30,101
11,109
50,166
132,177
87,110,177
26,157
75,111
47,68,196
144,157,197
67,69,75
87,96
156,178
85,103
46,175
11,84,135
92,147
56,186
13,76
124,142,197
17,107,165
18,101,138
86,114
105,120,163
95,148
95,138
92,136,196
24,179
20,114
34,71
13,51
55,71
24,50,106
39,102,149
33,134,138
36,162
134,178
18,91
79,83
31,110
1,118,142
11,199
189,190
26,187
14,50
68,191
34,107,110
20,100
33,192
37,197
64,85
72,143,166
83,113,134
95,105,167
84,186
166,190
28,111,150
50,130,135
72,163
22,84
47,143
5,12,80
96,145
95,130
140,151,184
23,61,155
4,141
79,161
7,190
69,151
23,77
46,161
41,187,199
82,123
100,149
53,63
80,177,187
10,24,95
7,94
6,50
8,68
69,156,164
120,167
23,109
45,132
45,144
37,55
139,172
101,196
45,80
56,111
78,156
60,119
86,146
38,198
80,140,193
12,19,174
28,116
21,105
1,9,107
90,194
42,129
107,138
164,191
38,169
100,172,188
77,86
67,92
38,74
5,77
20,80
65,114,195
7,89
151,199
144,181
3,87
140,194
104,170
10,159,192
3,57,58
78,129
75,150
33,128,139
46,70
185,190
2,159,170
15,20
4,147,162
46,149
13,75
20,80,174
10,113
58,117,120
2,17,116
101,194
30,133
160,161,197
103,193
149,181
23,96
40,197
97,154,159
14,143
64,167,172
33,77
63,82
101,180,188
174,187
110,145,155
25,86,189
88,200
170,178
2,72
5,31
21,190
98,101
9,71
51,181
9,14
23,76
92,173,186
55,154,193
25,138
20,78
32,108,122
20,106,166
7,123
121,152,194
156,177
84,95
89,137
144,148
18,60
7,8
111,175
3,27,187
16,37
52,100
122,173
90,129
101,127,133
96,155
105,160,188
127,152
28,138,170
124,163
59,76
5,137,175
57,96,154
43,82
55,103
7,48
112,171
31,164
32,150
142,151
33,126
78,112,181
29,180,189
3,178
52,107
96,199
22,59
21,82,141
4,58,156
81,113
15,122,128
18,71,163
1,136
56,62,110
38,54,127
21,121
174,194
156,166
58,62,168
82,84
136,144
137,169
81,86,164
26,57
9,79
97,99,100
5,149
84,132
64,106,152
19,131
25,103
43,108
106,179
65,81,127
70,113
103,120
58,85
174,185
82,198,200
87,119
31,76
62,90
6,106,119
49,90
65,90
6,26,103
67,105,127
65,189
89,101
63,192
20,116,159
26,58
37,144,174
97,157
18,98
110,123
88,141
63,116
20,78,103
86,134
73,123,170
26,34,176
22,41,196
127,192
78,97
109,199
14,119,124
12,44,196
109,187
10,50
136,153,174
18,61,73
130,161
112,149
158,190,192
34,43,109
39,48
152,196
91,200
74,189
97,100
36,43
9,138
134,192
31,133
20,37,199
125,167
29,83,175
163,198
122,136
52,78
57,105,135
91,130
161,165
42,189
106,176
21,26,140
92,164
33,140,181
50,55
46,107
110,168
15,153,173
62,91,150
19,41,119
191,192
105,125,133
185,200
128,173
69,75,96
22,47,108
101,174
66,177
30,45,132
172,173,188
15,45
57,118,142
63,81
63,69
18,104
45,100
32,99
32,195
59,95,128
27,36,162
83,104
151,153,158
108,195
30,177
118,145
49,169
84,144
17,105
2,80,135
121,126
103,193
58,87,156
7,115
78,182
8,167
88,150
101,136,188
105,153,196
18,126
123,170
44,164
34,58,142
113,144,186
29,177
24,93
40,130
141,189
85,200
1,30,197
30,178
51,53,108
95,117
34,145
158,194
81,150,158
49,106,137
167,200
111,150
146,160
24,29,187
21,164
59,99,128
54,122
157,166
49,89,146
81,132
52,98
27,145
7,54,183
47,74
3,51,167
39,63
13,83
14,57,149
68,71
23,138
122,171
12,128,161
64,153
61,158
90,141,163
54,173
71,193
118,181,190
50,96,156
73,140
29,142
120,152
7,164
129,134
34,98
112,148
23,72,174
6,35,178
44,141
52,82
79,130,174
13,153
100,134
57,90
88,155
130,172,176
159,171,178
9,86
93,110
134,181
11,50
187,193
90,92,119
8,152,164
47,63,138
101,120,170
55,109
4,18,184
19,96,177
62,171
20,53,81
58,87,124
1,79,182
62,189
7,49
111,158
148,188
50,154
22,74,191
40,183
155,182
70,86,157
43,93,119
39,56,83
12,143
51,85
53,141
21,94,185
57,117
40,133
8,121
121,137
160,174
14,173,180
8,15
73,175
38,192
85,166,187
5,172
79,101,148
117,119,147
9,69
64,132
102,159
41,89,147
107,148
135,146
173,188
91,113
39,91,97
146,181
31,132
29,85,157
154,176
48,53,74
91,135
73,141
115,125
75,99,185
141,180
47,167
45,88
55,89,136
147,166
150,178
11,93
125,180
46,157,158
26,120,143
62,116,119
67,172,197
14,109
66,170,191
66,99,195
11,133
3,42,165
20,90
17,105,199
123,189
4,35,140
58,172
159,176
3,154
87,106
20,146,167
80,116,167
133,196
161,195
74,138
37,68
45,101
59,132
21,59
8,114
71,93,177
16,129
60,98,163
59,179,190
172,196
21,67,183
60,91
1,172
24,123,132
40,42,106
96,119
138,161,196
69,79,107
58,91,134
132,143,187
46,114
22,31
92,107,183
9,183
85,109,154
9,183,185
111,114,149
79,161
175,180
138,150
62,123
185,186
26,162
46,76,138
4,98
17,101,136
26,126
34,126
37,39,105
46,61
106,163
39,115,116
39,79,185
82,198
38,115
14,97
17,68,161
34,156
13,76,185
18,137,168
107,133
11,93,145
11,47
42,90,150
35,43
22,196
54,120
39,103
65,139
132,160
85,152
52,97
64,113
34,166
35,189
11,59,69
1,182
5,103
16,46,129
4,106
51,83
45,48
14,60,163
60,74,84
88,102,128
9,172
30,65,131
104,129
134,147
1,79,196
17,116
144,195
97,121,153
28,158,167
11,63
76,146
51,128,181
83,102
182,187
89,124,193
64,67
93,179
54,69,104
169,193
111,189
74,194
40,125
27,125
30,152
12,92,172
53,116,150
13,21
119,162
80,90
64,75
12,22,185
135,186
187,196
134,178
7,127
133,148
95,144,186
131,155,200
145,166
138,149
73,83,189
89,155,187
101,133,189
22,27
33,141
128,184
124,164,168
53,132,162
158,184
133,195
67,84,92
92,99
1,17,185
36,127,168
158,177
46,51
153,161
3,4
9,22
140,190
35,55
38,156
45,154,180
165,166
24,55
34,37
79,101,136
67,74,129
35,83,141
95,160,178
84,118
87,159
48,192
113,120
33,121,184
16,123,181
10,123
15,68,150
80,174
136,150
13,80,174
108,195
28,167,200
45,95,167
5,7,190
2,32
11,125
34,96,140
158,198
101,175
109,191
62,200
6,140
60,141
121,134
49,105
3,55,81
21,44
20,166
167,189
123,178,181
79,133
112,184
92,113,199
21,172
98,200
5,138
106,168
58,143
64,174
71,193
98,115
118,153,156
11,58
53,123
3,72
156,176
92,132,196
43,115
120,146,187
42,76
123,171
140,163
79,165
37,128
54,127,200
40,135,197
77,123,134
38,191
4,58
58,145
103,147
48,73
89,104,152
33,45
28,111,118
55,65
72,84
99,130
17,59,174
11,93
65,150
33,50,173
64,114
71,154
81,168
12,104
44,187
82,192
167,169
118,153
86,148
10,38
77,149
60,129
4,105
67,80,88
20,101
6,152
63,97
51,135
73,98,186
119,155
70,103
57,156,163
97,141
35,58
7,112
3,24
7,45
1,126
89,176
23,187
31,104,108
46,143
7,92,185
21,105,134
99,164
167,196
99,194
4,20
139,157
48,142,146
15,171
19,27
85,163
119,120
147,160
45,149
20,33
6,85
31,59,196
108,128,142
13,55
91,100,111
44,173,200
7,16,82
20,150,193
78,86
59,84
6,194
7,19
45,75
25,175
29,142
188,195
103,139
81,157
64,191
31,60
151,155
55,83
14,36
1,88
85,169
54,174
5,65
32,173
72,124,145
166,168,179
42,101
98,155
94,192
49,94,169
88,148,200
89,177
17,127
47,75,136
21,158
31,97
11,96,99
63,136,184
35,112
156,165,194
101,142
113,151
75,160
91,100
84,196
40,144,160
116,169
66,85
151,177
74,129
89,147
13,83,156
29,72
96,162,173
125,160
10,171,198
133,144,200
98,174
8,75
50,168
31,130,183
61,139
177,200
7,158
9,104,153
41,59
3,161
165,198
82,126,159
67,84
7,23,178
79,121
161,200
90,117
111,129
9,101,174
135,153
14,43,60
35,103,140
33,76
31,61,120
99,156
151,175
189,192
144,152,165
24,176
73,118
50,145,147
155,193
56,87
62,155
20,64,176
44,114,121
18,66
61,89
19,184
81,142
139,168
72,154
14,179
29,55
35,146
50,64
29,139
169,179
5,48,194
4,177
67,193
153,160
49,76
97,196
11,96,176
149,178,198
7,157
16,191
4,181
113,150
20,134
7,28
159,181
12,63,156
3,192
1,68
92,183
10,77
69,126
48,179
30,97
26,105
39,48,150
9,153
71,172
86,137
59,161,182
144,185
12,135
23,191
48,138,141
109,147
24,98
38,158,185
86,123
12,122
13,132,136
15,95,160
115,141
22,176
147,178
159,182
52,130
25,80
75,171
10,73,97
21,24,92
109,198
159,172
18,96
33,185
30,180
19,60
82,83
56,137
8,188
13,99
50,103,110
164,191
23,47
23,158
88,183
62,159
35,122,132
47,160
92,161
174,186,195
83,187
42,60,110
30,200
92,165,186
13,92
61,142
100,167
11,112
45,67,197
14,26,66
109,125
139,195
23,75
84,136
68,86
6,89,154
72,152
30,45
51,158
7,8
4,11,95
67,167
25,49,171
87,184
57,114
4,172
32,37,99
92,120
19,44,95
55,137,186
96,98
19,29,34
121,159
28,129,164
146,151
9,80
20,78
88,135
112,181,186
51,170
125,132,196
135,161
65,73,83
22,160
69,127
8,91
79,103
28,141
31,174
166,176,199
59,130
76,111
182,197
18,196
101,125
118,166
119,120
151,177
134,152
120,187
123,177
179,186
149,157
1,101
57,87
102,167
29,111
20,70,81
29,176
41,114
54,92
97,178
23,117,145
59,132,200
85,168,187
124,139
31,33
43,179
45,139,200
9,188
7,176
52,128
16,39,175
99,171
9,32,84
23,74
31,59
72,93,98
68,133
103,187
33,82
72,91,158
20,100
27,49,102
74,134
158,190
65,77,78
86,113
107,156
132,139,197
103,159
5,135
99,128,200
111,177
14,93
1,167
62,164
114,192
57,182
33,149
86,162
48,77,109
109,156
30,99,144
13,187
10,126
181,190
89,117
82,98,102
31,95
1,127
8,159
5,123
32,96
43,86,132
98,121
6,124
18,150
74,87
14,34,57
59,104
87,132
55,103
85,87
6,8,77
32,136,195
25,115
55,177
30,99
63,78,157
72,166,199
160,166
72,140,156
107,196
60,158
59,135
44,116,185
62,82
165,188
114,150
137,182
94,152
28,70
34,109
19,62
80,84,195
57,192
161,172
4,119,182
19,162
23,56
3,52
10,152,181
128,132
55,127
25,152
40,128
46,145
12,163,170
168,181
1,9
72,141
5,65,102
84,132,196
44,159
58,153
26,50,71
140,163
63,117
118,154
113,115,159
132,180
90,159
121,150
15,41
88,188
55,109
54,64,148
12,76,110
133,161
153,196
64,130,160
17,51
138,175
162,167
130,185
98,153
29,113
56,94,102
7,11
1,40,56
93,143,184
66,108
5,83,114
77,188
68,171
106,116
7,28,152
151,179
109,184
38,45
32,75
127,131,134
53,133
183,200
194,198
20,77,164
131,177,199
9,188
52,131
93,171
62,114
27,91
140,184
96,176,187
5,49
186,198
130,187
70,101
