20,134
55,62
19,120,151
160,170,185
86,178
79,91,109
80,93
143,147,149
13,73
84,110
33,59,119
10,114
51,193
133,137
45,115,181
24,33
67,105,163
56,182
61,131
110,141
55,114
62,79
33,126
13,61,199
2,10
149,151,169
77,86,198
44,70,77
62,75,106
39,99
75,111
24,80,89
104,144
24,200
110,151,196
14,30,111
112,174
126,160
160,162
137,158,198
103,178
4,51,67
50,132,172
130,131
80,156
83,111
89,106
69,121
76,170
6,40,129
98,179
34,69,91
23,63
10,37,129
107,199
43,172
52,71,116
33,60,136
91,92,178
61,107,109
41,82,135
63,72
3,154
184,200
78,148
66,142
40,57
53,91
59,73
30,113
32,107
110,139
92,167
14,40,127
58,116
2,45,161
114,154
26,140
10,139,186
101,169
2,155
141,163,173
53,132,163
37,147
153,193
93,138
27,81
30,117
11,56
19,117,120
118,165
18,166
34,36,165
104,189
69,86,104
21,135
66,172
45,166
88,148
2,198
32,164
16,181
26,62
16,175
107,108
30,39,129
162,186
143,147
99,133,156
5,37,41
31,140
9,17
3,60
63,75,94
109,197
62,83,150
77,102,194
11,76
129,174
8,89,109
26,92
97,135
28,36,149
67,150
25,31,54
149,169,193
109,124
16,100,167
129,131
31,78
51,83
136,148,158
44,128
2,69,95
117,188
38,142,176
20,39,128
47,186
53,131
21,64,185
13,193
65,163
118,159
1,148
48,82
98,124,176
81,154
42,75
97,184
87,157
56,71
69,91,188
48,60,63
5,131
78,99,191
77,142
6,94,165
31,95
30,86
22,170
87,184
33,162
7,101
116,140
68,113
101,138
10,39
107,120
60,121,192
101,135
41,107
98,117
72,126
69,76
26,124
117,118
32,69,150
38,131
83,117,186
59,155
28,41,96
86,150
87,146
4,83,149
42,162
18,197
103,150,154
85,143,149
109,200
10,14,148
145,198
65,140,145
44,92,120
90,154
69,129,159
111,185
43,62,191
20,70
123,156
62,94
149,167
145,153,155
115,135
93,141
134,183,194
50,170
48,73
10,45,129
34,145,196
108,195
81,145
127,135,173
102,155
5,143
48,62
121,177
16,26
16,79,120
9,26
23,193
99,106
36,156
68,187
48,85,115
42,52,149
68,72,170
68,70,133
59,95
87,89,184
25,35,112
35,157
111,191
182,194
29,152,194
53,110,175
153,181
83,165
26,70,127
139,173
35,108
132,156
20,88,136
101,135
90,137
60,76,168
43,110
42,111,176
32,97,125
119,127
88,133
46,190
70,131,158
82,94
82,151
60,102
101,141
88,194
24,77,81
22,130,141
79,104,160
120,199
21,101
91,125,184
80,173
41,69
20,148
15,93,98
40,141
37,54
36,152
47,82
5,40,81
17,28,143
6,17,194
51,128
66,94
135,153
50,60,115
118,200
59,179
26,79,107
41,93
24,27
14,143,183
17,164
4,190
4,162,172
46,111
69,150
2,55,194
71,121
68,105
4,124
77,131
38,61,128
93,117
103,132
56,85
23,199
3,32,39
165,176
135,145,150
15,23
78,168
12,16
42,163
68,149,191
23,171,197
1,197
63,107
5,81
140,200
58,77,119
5,11,161
22,170
127,168
39,192
33,69
108,142
44,168
146,157
26,39,40
99,112,146
87,142
102,151
48,89
29,178
89,153,168
32,93
27,160
125,153
71,136
79,92
46,150,181
94,96,147
74,155
44,180
8,89,138
4,160
89,146
84,93
2,125
41,75,131
59,88
42,170
35,111
5,151
127,194
90,124
11,63
95,107
27,93
137,173
98,167
144,184,199
59,174
17,25
108,185
193,196
23,38,146
10,73
136,194
22,72,94
110,156
26,189
75,109,169
46,91,120
14,70
43,100
27,80
18,97,184
60,90
17,109
26,176
65,162
92,181,200
108,112
49,83,105
74,81
22,52,72
33,60,158
40,44,48
58,180
97,149
78,180
99,140,151
159,174
37,145
154,188,191
43,149
71,80
79,118
96,111,191
59,73
97,173
113,197
88,130,171
24,96,175
61,189
25,119
7,148
26,101
100,165
63,184
34,120
74,114,121
34,137
156,162
5,81
115,151,165
7,72
13,137
123,137,155
48,78,156
51,156,163
25,174,183
4,9
47,114,182
176,193
11,45
7,20
134,152
25,150
4,51,185
1,144,197
47,174
10,16
36,71,131
42,121
34,57,147
52,71,94
37,154
5,179
136,157
89,105,106
67,76,84
52,168
28,50,163
85,163
42,75
58,156
82,83
37,82
8,121,179
89,101
33,164,199
82,180
17,59,127
11,33
40,127
58,74,127
77,108
7,192
2,154,160
4,22
30,45
32,90,198
7,16,138
55,63
170,191
17,29
145,151
22,75,96
46,54,57
4,106
114,137,162
5,6,69
84,138
14,46
179,182
17,178
19,27,87
110,132
131,168
76,84,111
159,172
12,18,165
98,125
175,177
22,195
98,184
16,54,101
108,199
82,185
86,157
6,38,65
5,175
61,193
31,195
50,52,58
74,77
25,199
92,124
154,199
60,158
4,35,129
10,159
186,196
89,167
55,122,158
30,86,119
7,165
60,83,87
46,104,171
18,87
72,101,176
154,164
114,162
93,109,181
7,41,74
40,94,124
55,70,129
81,154
45,166
126,143
63,121
4,151
79,135
98,167
32,179,192
11,157
53,66
72,119,181
138,147
56,74
73,131,158
72,83
22,52,64
103,135
101,152
68,160,180
42,66,115
82,187
29,101
12,90,98
38,93
33,59,192
39,76
78,192,199
92,144
60,173
20,81
80,124,157
27,29,197
67,130,162
14,19,86
88,106
33,102,131
121,179,183
125,142
14,133
8,189
48,57
18,44
12,117
49,193,198
83,191
54,104
145,167
75,175
24,37
60,95,198
103,119,157
37,136
57,72
154,188,190
93,169
115,185,189
93,160,199
65,76
36,132,188
3,5,134
50,130
9,93,117
47,166
18,47
1,107
11,25
51,65,162
98,154
39,60,66
60,179
2,78
21,64
155,179,189
17,67
51,129
42,116
51,153
105,132
47,92
56,85
34,91
151,197
5,69,129
90,182
51,129
14,35,192
77,104
90,114,156
94,123
6,22,44
7,16,26
18,32
89,101
44,85,161
4,92,95
107,113
69,74
78,160,175
47,149
4,149
7,98,128
87,113
29,177
35,154
145,151
147,152,187
66,103,199
49,107,183
39,60
29,153,176
30,114,159
59,192
169,193
70,156
104,136
26,41,87
137,183,189
80,200
29,118
84,175
119,200
165,178
21,76
100,140,159
32,108
54,73,131
145,188
24,189
21,83,123
50,76,160
130,146
9,179
123,152
78,108,200
15,29
106,141
9,18
36,65
68,91
78,114
57,141
19,34,54
20,54,70
138,178,181
170,183
145,151
104,122
36,51
7,200
134,158,173
1,29,157
70,134
6,29
95,102,158
29,150
96,175
128,153
3,186
104,139
147,175
48,113
7,118,169
117,181
18,24,100
47,186
72,140
48,140,175
36,49
111,193
82,172,187
9,197
86,165
49,175
3,102,135
38,138,178
45,179
139,170
11,193
130,185
87,109,197
170,196
104,161
21,46
78,177,181
5,31,161
40,50
55,109
10,127,154
70,112,186
60,112
53,169,200
85,162
78,86,90
107,168
134,154
4,94
86,121,161
32,33
15,150
43,70,140
39,74
44,79
73,92
77,158
175,179
63,177
101,131
51,59
162,188
160,163
22,72
7,117,125
6,59,74
152,191
36,43,51
35,40,129
83,141
19,123,145
100,106,167
153,178,181
60,176
22,38
13,168
114,120
55,92
96,147
2,144
149,170,191
61,169
5,20,54
81,154
37,96
155,164
139,149
37,52
78,111
4,170
19,26
49,126
43,169
74,88
36,156
6,17,198
49,130
67,68,83
4,137,147
157,197
80,118
24,155,184
4,161
17,61
26,103
92,94,165
19,190
31,35
24,71
165,189
137,161
33,130
4,11,53
1,100
118,145
49,54,97
55,164
31,88
87,168
15,144,178
72,141
95,106
15,57,192
68,165
59,181
51,99
133,183,198
106,145
31,102,133
11,36
27,54,86
31,47
31,131,194
8,103
87,109,153
125,176
135,146
27,124,165
149,191
78,170
49,147
85,184
21,116
69,154,198
15,44
116,127
14,40
61,114
55,129
157,193
93,141,163
37,68,149
47,198
84,141,175
38,103
28,46
12,148
19,118,161
13,169
46,49
26,98,167
45,112,121
131,185
9,58
162,178
132,140
93,168
86,134
95,139
2,134
15,138
56,59
118,196
30,55
154,183
4,26
116,158,164
26,79,171
5,114,121
21,99,196
146,182
1,112,144
116,200
150,183
61,124
27,109
111,157
25,174
144,157,171
72,123
3,102
53,188
81,87
96,141
18,142,193
46,106
67,85,177
33,150
4,180
27,128
26,61
48,164
114,142
25,114
36,63
10,46
14,86,164
118,120,144
37,88
132,149
6,96,156
33,102
37,108
126,184
155,169
78,165
66,193,197
98,193
61,93,103
55,78
41,44,92
25,112
99,175
3,24,38
14,128
4,50,116
24,125,178
119,134
125,165
50,76
36,57
10,55,150
61,92
30,77,90
7,194
3,7
36,87
134,183,184
40,186
9,117,200
132,197
52,114
4,11,40
82,142
16,91,169
133,181
46,72,152
19,128,135
107,148,191
148,194
26,120,122
21,30
8,15
187,188
2,3,102
1,144
182,189
95,117,132
23,79
21,36,188
49,78
1,19,79
95,184
58,96,111
187,199
29,122,123
82,157
106,151,180
27,97
106,114,171
32,93,145
52,68
12,17,79
95,127
60,164
99,128,191
137,164,182
61,157
109,187
96,172
80,109
55,182
50,177
106,170
39,40,81
60,77,105
70,114,195
90,91
16,41
141,162
93,168
32,197
31,118
53,85,177
28,50,82
19,35
50,84
142,176
24,91,173
52,84
130,190
23,118,178
52,116,188
56,78,106
13,157
51,53,61
33,159,166
26,65,132
18,145
142,161
151,176
27,120
77,100
99,139
84,123
99,175
46,52
73,108,192
45,129,148
76,142
71,130
86,148,164
77,134,155
9,146
106,199
62,64
63,168
47,128,140
17,136
164,179
77,98
10,134
15,197
85,95
91,165
72,185
141,160
22,133,184
9,157,191
42,101
128,175
132,140,145
107,199
29,103,117
10,70
1,184
60,127
78,84
45,137
7,19
49,88
43,100,199
96,118,125
98,119
23,70
19,72
30,90,195
12,18,124
45,114
157,167,176
57,111,170
58,110,187
34,71,172
48,96,111
11,51
66,118
4,106
59,190
134,182
96,130
83,110
136,158
148,154
15,122
12,133
6,77,95
85,176
153,189
43,94,115
14,108
129,181
67,72
2,32
81,82
4,39,134
61,109
80,200
126,184
98,144
92,96
80,138
47,106
128,168,179
23,56
161,194
18,23
125,144
23,92,99
73,172,191
67,186
99,182
48,174
187,188,190
132,160,185
128,200
64,180
75,86,157
107,171
66,125
99,157,195
191,195
71,160,190
45,163
28,64,143
71,85,123
21,178
158,174
61,142,181
87,117
41,100
9,29,200
12,135
71,177
169,186
57,85
164,194
26,114
89,142
11,72
63,153
58,164,186
105,127
50,178
111,166
42,49
131,183
47,166
21,180
54,129
28,46,177
51,170,171
101,163
1,33,187
9,23
10,70
125,128
28,89
151,156
25,31,59
9,89,109
88,99
123,140
133,155,166
10,28,31
96,130,149
12,26,98
37,50
19,93,125
52,84
90,161
130,177
32,77
160,192
14,45
1,157
54,90
111,163
146,197,200
54,119
109,197
5,77,134
100,118
13,198
121,130,190
38,167,200
30,188,196
2,47,183
34,175
104,196
92,113,116
67,68
33,137
79,160,190
184,197
151,168
26,167
38,61
32,81
37,77
72,111
45,88
57,163
70,105
93,178
79,146
9,113
99,135
47,108
43,192
40,131
91,114,163
173,186
10,175
93,125,193
74,77,112
33,90,137
63,101,168
30,139
24,112,113
37,77
31,134
151,170
53,122,142
9,62
69,146
151,188
29,38,109
11,34,71
12,71
85,115
13,174
81,146,194
55,80
75,84,99
50,200
68,149
29,43,152
6,32,59
87,120,187
154,190
101,171
46,65
48,63
108,148,155
46,105
24,92
52,115
6,197
32,87,121
21,105,170
24,93
1,93,109
35,128
111,173,177
5,182
18,181,199
78,109,132
7,171
74,108,158
51,99
2,183
70,198
102,131,159
77,114,121
30,93
139,162,194
125,142
20,164
23,135,178
37,131,145
2,17,154
36,111,141
8,31,156
35,173
1,38
65,196
130,151
90,154
65,195
27,109,168
62,72
129,133
46,84
107,153,176
68,89
90,171
144,165
83,111
58,104
42,57,149
20,142
9,76,185
6,28
90,106
17,55,77
56,168
18,92
57,72
116,200
91,169
1,38
173,187
8,124,125
34,115,185
36,78,84
166,183
125,142
35,126,143
12,15
102,140
100,146
41,76
93,157,165
64,168
13,42
56,81,129
75,188
124,200
141,196
64,94,106
8,82
42,43,77
69,107,140
80,135
122,150
118,157,158
5,6,155
96,139
12,96,188
108,147
126,180
64,145
10,95
72,90
22,128
46,106,130
73,139,161
145,188
17,78,115
86,111
42,149
43,67
38,175
41,192
79,135
46,134
148,187
48,117
114,164
46,80,195
35,154
134,173
13,80,91
92,100,139
42,48
76,175
60,137
141,149
6,163
51,156
19,27
19,193
6,120
7,103,128
16,50
42,71
61,98
86,195
12,13
17,88
146,167,200
72,186
117,181
83,160
26,105
68,147,190
66,87,93
30,183,198
55,159
14,154
47,150,195
123,130
67,107
80,198
16,146,169
62,72
99,149,156
77,104,159
52,115
87,93
79,120
12,171,191
14,95,114
86,122
22,96,140
20,177,200
50,71,86
137,144
42,136
22,116
2,173,198
11,177
9,103
37,141,172
56,140
37,77
13,171
93,169
27,89
21,48,105
1,122
47,60
51,143
36,43,100
3,54,74
42,50,130
29,189
30,53
62,69,169
14,164
60,116,194
71,132
25,140
12,193
139,141
8,51,56
22,163
43,126
51,163
110,111
3,134
70,127
15,21
49,71
52,68
18,33,162
29,181
39,65
149,182
13,41,93
111,161
8,197
17,182
46,63,68
127,163
60,156
75,91
64,110,130
47,192
58,141,152
80,82,168
36,151
121,158
78,172
66,73,116
103,138
174,186
73,129,149
120,199
29,88,136
48,158
78,116
60,108
15,200
1,117,197
157,165
69,129,161
50,54
103,118
80,165
11,171
38,99
16,87
2,102
139,141,179
53,182
37,112,154
7,9
32,33,122
3,47
20,47,158
98,110,196
148,186
5,154,165
40,195
45,88,179
50,82
7,11
179,194
112,180
15,98,167
129,195
22,111
113,123
70,170
117,120,178
50,139
5,20,58
74,90
41,125,184
12,41
106,129
38,97
8,127
20,21
31,182
69,74
124,125,181
75,187
91,147,157
42,176
17,40,104
80,87,142
102,129
121,194
33,71
20,81
118,128,142
1,93,168
117,178,200
101,146
38,96
40,88
143,156,167
68,178
89,157
39,194
38,187
62,87
47,74
109,146
15,62,90
130,152
160,175,177
63,67,143
11,84,126
6,66,189
12,165
20,74,90
9,98,125
71,172
40,99
15,171
139,192
37,131,165
78,123,139
9,38
9,109
15,144
16,153
35,133
23,121
46,175
4,29
20,56
131,168
82,163,190
80,92,167
34,64
120,171
115,186
11,53
61,66
93,167,200
115,149
31,81
58,83
24,192
49,128
94,124,170
17,24,183
45,174
39,86
138,178
8,9,41
45,95,114
35,40
101,147
9,16,107
67,69,187
177,180
76,83
133,135
63,131,200
134,158
120,177
121,127
4,76,187
90,164
105,145
30,39
6,34
32,49
156,163
20,129
22,113
12,92
118,124
48,123
32,86
26,117,165
128,135,167
1,12,98
5,33,122
157,181
26,89,109
5,182
1,5,84
45,108,194
5,95
38,92,125
56,85,189
29,98
175,183
12,26
94,170
113,153,167
75,84,126
11,118
76,175
130,151
16,144
133,134
38,77
12,200
31,105,137
102,139
49,71
109,146,167
48,80
88,113
60,77,95
4,63
99,160,163
115,150
88,182,183
12,98
58,178
9,94
41,189
43,93
19,146,193
124,189
100,144
5,187
31,129
9,24,101
27,111
18,35
43,51,180
65,141,149
11,88,186
112,127,136
43,139
123,125
78,126
69,184
78,124,162
9,44
13,120
49,141
96,147
13,174
107,113,153
25,36,132
21,65
59,114
62,156
10,21,138
21,85
80,176
28,152,156
128,184
48,53
25,198
10,121
11,160
3,90
31,149
30,122,159
48,193
18,111
101,173
71,94,156
56,68
151,159
86,96
55,77,192
1,182
47,133,154
27,176,196
72,153
140,163
41,107,189
13,109
41,121
1,92,153
6,25
87,99,104
72,132,175
87,99
2,12,116
11,80
30,40
6,10,173
77,151
53,64
39,59,112
45,74
124,144
11,65,111
34,37
112,137,182
70,172
12,24
31,115
35,94
91,169
45,87
12,118
164,194
74,134,198
131,191
34,52,175
137,147
76,162
97,138
97,136,199
48,85,163
31,183
28,96,116
59,74
13,160
59,140
88,179
34,85
41,77,141
34,51,149
43,53
5,22
8,177
51,65,196
37,52,67
13,124
28,72,180
145,149
67,132
147,150
12,113
64,140
53,71,162
24,96,173
21,119
113,165
22,53,180
32,149
90,195
38,100
128,157
108,194
134,177
101,126,154
78,118,122
63,64
34,163
2,112,145
103,113
6,39
85,111
75,83,152
65,91
23,146
41,61,109
30,69,136
149,162,170
48,158
28,40
37,40,144
40,150,195
130,131
70,176
53,72,162
21,25,195
102,165
20,39,96
59,179
109,184
42,47,123
79,112
16,43,157
126,152
3,134,174
69,166
31,78
97,190
58,172
36,106,115
24,154
80,200
2,74,122
23,47,52
96,159
8,13,91
26,165
31,37,88
125,184
154,183
29,167
55,59,159
69,192
64,78
141,177
2,122
51,82,152
101,184
103,183
7,57
45,164
72,82
36,86
10,92
135,146,163
100,141
116,148
123,141,189
97,138
111,116,177
25,119
65,82,190
50,72
175,198
64,82,149
97,103
115,171
14,183
93,144
44,86
51,126
11,65,156
1,128
118,157
23,100,109
147,170
37,153
37,131,164
74,150,182
32,199
44,52
11,53
97,175
141,160
57,99
147,184
70,139
130,196
19,107
49,166
174,188
22,132
48,189
76,163
5,105
47,93,133
81,89
138,153
3,64
54,129,139
16,126
108,192
37,138,198
126,188
39,96
116,143
65,164
8,157
81,166
26,128,142
52,180
38,135
8,23,124
75,126
9,80,140
42,182
6,45,192
44,178
74,102
113,124
54,90
73,90,98
67,120
22,57
34,152
56,195
29,66
24,65
154,158
102,133,150
50,116
70,104
31,127
55,58,84
29,41,197
50,194
102,111,157
65,98
15,93
29,176
15,48
2,82
50,67
41,80,109
65,118
100,135
56,84,96
23,87,165
5,152
72,154
36,188
8,92,113
9,63
26,30,127
88,141
3,60
41,120,178
3,81,90
116,132
58,115
14,148
103,159,160
175,183
144,168
32,183
19,73
91,106
65,196
64,160,162
67,81
63,146
17,84
116,143
118,134,150
69,105
79,179
13,24
20,72
6,54
76,145
129,172
170,184
98,176
11,57
44,153
52,182
127,160
65,78
137,149
119,169
18,24
32,177
73,107
64,71
24,131,165
95,129
27,174
63,113
65,85
84,151
60,154
42,78,195
81,139
102,104,155
20,46
85,198
54,127
55,200
54,77
83,176
118,200
80,101
100,181,184
114,128
74,116
135,146
54,166,186
96,110
104,114,158
78,149,163
111,138
75,98
66,88,112
10,39,59
35,110
52,132,172
69,70,155
13,157
20,186
91,122,138
97,194
47,59
36,80
35,65
6,148,161
46,58,144
2,26
101,143
50,199
53,114
17,20,102
22,139
60,102
60,183
59,75,153
23,113,124
7,97,199
116,141
83,152
51,53
66,179
103,108
19,96
14,129,192
141,170
41,43,133
93,178,179
22,147
20,91
23,37
18,149
12,104,191
31,45,102
63,141
28,48
138,191
53,115,141
132,156,175
27,38,109
110,156,196
162,177
136,183
100,165
61,91,101
16,66,135
49,94
89,167
16,152,169
85,180
14,137
19,29
58,143
49,94
59,90,148
136,143
86,153
48,140,199
10,86
81,126
26,79
79,124
24,193
37,58
19,171
19,46,126
4,88,139
64,78,162
5,47,159
90,119
35,94
9,199
93,135
123,162,167
1,60
169,189
11,64,180
18,44
108,173
89,168,189
10,152
68,88,105
55,140
23,41,199
83,160
65,99,175
56,130
133,150
173,188
61,92,171
18,98
94,132,156
65,155
62,103
23,179
51,193
85,185,196
9,43
121,192
6,168
109,155
9,120
62,72
54,86
119,164
35,37,86
13,180
56,150
92,157,171
64,85,188
53,160
53,75
114,192
85,145
120,135,165
11,87
14,148,174
127,154
10,134,194
124,125
93,145
73,194
55,122,134
14,37,55
72,143
42,52,145
42,196
92,189
83,112
164,175
115,122
25,154
10,142
93,138,146
36,54
83,167
89,176
6,104
25,104
159,182
51,170,177
75,167
99,143
97,107
59,95,192
23,58,189
27,119,128
52,195
121,131
18,93
35,119
94,124
154,189,200
44,114
53,163
3,183
8,113
44,182
79,93
5,181
29,71,170
13,181
10,161
2,114
17,119
46,75
19,200
3,31,182
103,139
9,157
61,103,142
115,163
9,80
73,174
64,76
8,194
37,148,186
9,16
80,195
28,62
26,146
105,122
118,153
84,116
27,93,176
9,13
14,116
120,196
85,101,120
133,149
5,80
101,128,157
49,140,170
113,173
97,165
17,161
170,196
23,37
77,174
30,150
2,16,18
24,92,135
54,189
23,144
1,157,184
60,134,195
9,116
136,174
55,182
76,196
126,143
70,197
64,160
52,57,190
91,167
37,70,75
26,181
171,199
123,198
80,128
150,154
2,174
89,125,135
47,148,193
15,153
3,35
31,161,186
81,98
94,145
78,90
63,82,180
46,99
7,42,106
73,121
63,67,151
108,154,159
9,173
196,200
20,186
63,84
23,103
43,183
51,59
62,111
105,197
65,167
12,26
7,26
114,186
43,85
6,102,131
45,57,58
30,45
86,141
52,58,196
148,149
47,122,136
15,160,183
85,93
19,97
14,81,198
53,156
4,62
136,194
133,140
9,151
107,117,157
7,107
10,89
107,144,178
1,16,200
67,111,172
11,179
40,164
153,193
76,151
70,140
47,83
24,178
123,192
42,123,176
3,117,188
15,80
104,136
103,128
80,98
36,160
125,157
39,73
25,150
127,158
6,61
85,148
37,159
17,47,73
4,102,112
67,147,163
36,79,97
20,74
28,67
114,134,164
6,192
73,183
43,67,88
160,196
73,148
45,77,150
67,187
43,170,195
1,107,181
124,147
89,105
104,136
55,117
93,143
18,67
54,121
110,188
34,36,56
42,175
175,196
18,144
27,87
43,71,82
95,166,174
7,41,200
47,150
5,135
27,41
146,171,184
13,26
69,194
106,148
62,145,149
50,149,191
5,118
23,24
44,135
141,154,199
57,110
97,190
134,189
39,157
11,62,96
49,50,90
62,113,125
63,71,191
7,38
55,164
125,140,185
81,166
143,156
128,184
44,83
167,189
128,132,146
160,188
55,129
54,60,81
128,198
142,153,193
92,100
15,176
77,118,169
27,57,118
34,53,99
10,67
7,8
169,183
109,177,181
45,151
48,72,140
9,12,107
42,76
63,65
104,151
119,129,139
31,98
108,140,169
10,39,104
12,47
124,196
49,129
6,35,186
4,84,141
109,189
98,152
33,73,95
68,75,126
26,144
59,175
121,140
34,110
33,107
35,134
5,153
30,76,178
127,173
40,147
99,117
21,64,177
65,116,172
156,170,175
29,103
38,157
120,170,189
44,160
3,45
26,27,181
67,163
8,127
136,183,198
6,131,150
2,37,158
18,114
74,86,122
87,117,197
9,12,200
18,37,78
18,97
90,105
83,94
25,35,173
1,29
164,179
88,128
22,36
88,161
39,70
73,110
92,171
182,198
65,198
54,90
108,147
95,187
153,180,200
59,155
145,160
70,104
109,113
130,152
111,163
22,140,149
55,108,150
64,105
149,188
111,177
108,151
49,111
4,34
51,60
138,158
94,153,156
57,61,190
3,30,155
121,180
74,123
18,107
12,89
7,124
120,146
36,188,191
18,151
41,101
140,158
52,133,199
173,192
44,150
1,135
27,92
7,101,135
18,109
8,97,184
95,175
136,154,161
123,171
107,129
172,190
135,143
89,102
39,154,192
91,101
10,59,68
33,82
35,57
85,99
55,69
36,178,182
130,184
59,184,187
81,145
29,93
8,23,38
51,58
52,177
7,193
15,198
78,143
50,86
47,70,159
132,143
9,31
79,103,181
143,164
66,184
86,150,155
9,157
8,193,195
63,84,175
81,177
27,103
68,134
11,105
79,134,186
49,120
81,139,150
1,12,146
3,5,59
41,197
1,111,195
95,183
39,89
17,131,182
64,76
38,74,157
18,87
54,70,122
95,141
101,104,169
9,138
3,26
15,79,97
139,188
92,154
91,93,165
72,110
22,126,188
134,148
53,61,196
39,40
179,189
9,125
18,194
99,175
77,122
13,109
20,32
50,65,71
16,107
20,40
165,194
132,198,200
70,86,194
102,150,174
19,146,197
106,141
37,121
106,147,180
100,189
14,173
134,193
99,188
75,170,185
18,120,193
33,177
10,31,173
31,137,174
7,113,120
48,150
1,40,90
125,133
86,166
80,113,122
70,73,137
55,86,98
99,110,140
15,87,146
79,125,171
80,145
27,176
7,23
59,173
59,159
176,181
97,184
38,181
75,106,179
25,177
64,156
8,87
155,172
11,17,96
68,123,126
159,180
118,125,146
41,120
26,178
112,174
11,142,168
4,34,111
36,79
5,47,129
63,185
89,105,124
9,115,174
61,124,125
120,171
52,148
51,194
90,179
14,161,195
94,96
48,116
98,184
79,100,167
1,167
9,23,91
115,196
51,129
133,163
38,56,109
103,185
92,124
69,81
8,41,144
55,131
97,167,181
51,65
46,187
70,179
43,187
147,163,190
85,143
88,158
53,110,160
62,111
37,45,121
7,13,66
34,158
94,183
4,62,126
68,152
157,163
32,159
11,58,62
32,134
9,147
69,139
6,103
137,175
1,153
26,27,168
94,147,172
12,103,168
14,40
141,145
194,195
79,124
30,114,129
19,184
27,169
128,132
11,29
14,62,165
78,185
32,95
17,122,166
17,148,166
68,182
48,102
132,160
22,94,141
122,198
113,157
31,40,77
42,46
9,61
84,172
146,168
80,133
68,103
137,170
1,80,197
23,93,200
52,146
37,134
28,34
9,29,193
16,80,97
17,77
132,152
153,167
40,95
1,29
26,168
47,135
96,140
62,185
72,82,84
55,70
73,90
56,163
32,129,197
139,164
9,44,100
38,159,193
149,163
32,137
63,71,159
30,112
84,177,185
49,99
50,147
93,110
121,148,183
53,163
16,79,138
119,161,186
20,67,161
48,180
53,68
25,47,105
9,126,173
16,145
147,161
52,82,160
7,66
7,79,200
129,142
34,115,190
155,158
109,122
23,108
54,118
139,165
144,168
59,161
23,147
20,78
40,64
10,114,154
46,191
4,63
19,27,79
81,134
32,135
25,34
68,162
55,59,182
16,118,153
135,197
43,152
60,92
150,183
121,158,186
44,122
42,141
62,128
10,29
16,157
117,124,165
56,83,151
55,86
152,174
25,43
73,182
53,67,130
7,171
7,58
129,175
91,178,193
96,99,177
35,39,47
5,195
3,127
24,79
25,148
52,140,175
113,192
9,144
159,177
164,172
6,40
76,129
51,111
102,119
19,71,103
43,140
52,81,141
14,41
21,34,168
39,112,192
85,116
23,66,135
52,56,64
21,78
2,19
5,195
78,85,105
111,152
4,147
59,116,132
68,94,147
7,20
71,115,130
51,151
70,134
157,186
105,172
68,151
101,174
56,99
40,148
17,35
19,43,67
11,62
101,199
142,147
74,87
103,128
49,145,147
61,62
178,199
15,18
37,136
38,115
98,193
99,192
86,188
64,123
37,182
5,94
82,161,188
29,89
5,82,138
61,153,190
14,155
28,62
21,56,170
126,162
105,160
133,137
20,164,194
76,99
51,85
5,164
52,185,199
58,64
155,157
101,169
22,53,115
47,136
141,143,151
80,107
72,103,164
2,19,89
75,140
9,47
107,169
81,148
117,118
67,92
128,186
155,170,194
22,64
100,104
113,198
45,93,193
124,190
29,191
60,155
54,114
23,150
37,89
88,187
109,189
132,186
30,47
44,152
35,79
61,93
50,71,143
47,87
58,126
51,106
74,114,177
26,91
170,183
42,94,143
39,50,53
41,74,109
177,190
86,133
45,174
56,58,111
33,140,169
50,123,156
84,103
2,25,60
20,42
34,100
1,13,197
52,173
184,197
31,51
49,123,162
75,175
35,179
61,135
16,138
35,155,159
98,193,200
162,187
43,67,143
3,30
64,82
75,144
75,147,152
8,23
105,197
59,82
10,179
46,56,151
9,180
23,135
8,178
97,117
27,43
95,182
4,48,172
119,146
18,80
17,119
114,183
104,155
11,101
158,181
35,198
33,127,192
23,107,183
13,71
119,159
106,188
104,173
74,183
3,131,198
31,81
6,131
36,89
94,99,170
107,109
4,177,180
68,188
127,184
70,90
64,143,180
112,150
21,77
11,28,75
9,199
5,183
121,132
37,112
35,83
19,36
20,77
119,154
71,115
166,198
9,76
38,103
11,35
22,49
34,49
92,126,186
90,125
61,172
46,53,160
5,112
140,168
20,25,112
40,194
48,58
45,129
47,103,192
82,84
24,199
116,152,191
12,79,178
19,61
44,97
42,126
131,139
23,189
32,178
18,41,128
51,140
3,19,155
1,114,133
1,13,200
22,49
67,82,123
70,102,158
82,149
83,99
57,62,175
50,139
176,199
131,135
20,31
125,128,181
69,182
117,188
123,130,162
78,83
77,111,147
20,54,102
31,90
65,107
108,183
13,175
118,121
109,141
39,45
1,91
145,158
47,154
2,188,198
11,83
185,196
89,91,193
9,98
1,176,184
56,63,190
55,77
37,161
3,86
166,178
15,178
14,114
15,91,168
57,104
141,199
77,137
58,75,187
72,96,175
56,63
38,145
101,167,183
29,153
54,107,193
103,144
128,200
71,111
142,181,197
111,151
89,93
98,107,200
12,168,181
6,99,116
55,155
123,164,187
80,120
50,145,183
13,44
18,124,128
12,107
39,102,136
34,57
130,145
61,140
10,194
102,173
30,42
30,78
114,119,192
82,170,196
129,154
2,32
84,139
3,10
112,191
164,184
21,141
94,110,162
30,32
46,170
17,35
13,118,124
115,140
41,160
162,177
26,100
27,29,98
104,108,121
118,142
30,122
97,175
50,107,164
87,110
35,194
11,49
97,117
173,197
127,185,188
22,108,155
16,80,97
166,198
4,176
151,170
46,151
27,146,189
19,139
158,185
64,78
5,14,55
102,129
2,33,179
16,154
84,105,123
51,190
74,173,192
52,83,160
13,103,184
150,194
88,122,161
157,178
135,144,168
74,119
74,129
20,67,179
83,179
132,196
28,140
24,88,117
84,152
24,27
36,197
79,140,199
8,44
3,186
39,77,166
18,143
81,108,139
7,10,141
137,173
68,74
2,45,166
26,92,195
21,36
10,33,154
16,157
56,80,178
28,177
14,115
89,118
43,49,143
48,139,155
33,150,179
68,102,191
14,151
127,133
115,168
165,167
17,35
23,109
92,113
42,84
1,9
7,107,124
171,192
13,147
22,52
172,173
59,154
38,109,138
119,167,169
51,103
48,76,156
3,32
70,166
56,102
28,107,187
160,187
44,74
53,83
11,49
82,116,188
161,198
158,171
74,124,172
30,195
46,96
23,193
2,70
145,152
127,195
64,117
2,17
61,97,199
31,77,150
20,69
8,120,169
135,146
43,65,163
14,29
161,175
158,171
35,147
168,176
45,156,174
84,143
125,154
77,88
98,153
156,167
120,128
11,144
110,160
56,58
113,118
32,108,182
20,105
53,127
17,102,141
130,172
57,164
10,47
98,156
41,98
100,125,128
155,183
177,191
108,127
1,32
96,196
28,90,195
12,117
30,133,155
32,77,137
37,86,119
100,154
39,74,108
120,165
34,133
104,155
36,105,140
156,187
56,185
16,47
21,162,163
44,193
34,72
36,67
