39,97
89,169
136,182
78,111,135
142,145
20,91
2,89,107
148,164
117,178
56,110
39,57,194
107,128,198
28,138
118,143
48,65
55,157
54,62
70,72
69,138
47,160
3,143
91,147
88,150,179
59,64
97,146
66,78
10,87
47,61
59,120
25,81,113
79,110
56,96
65,72
38,197
60,120
145,150
53,173,185
4,48,133
21,156
16,48,151
16,152
49,104,127
112,131,180
24,56
12,37,196
51,140,176
15,35
118,159
136,140
1,11
33,158
84,164
171,196
72,173
102,198
14,128
30,174,178
166,198
15,32
38,163
91,147
3,94
93,125,191
125,142
11,105
19,171
64,108
55,181
144,158
94,169
4,129
95,131
66,122,183
95,117,149
31,67,187
72,82
11,107
113,154
37,63,83
102,128,187
29,65
29,72
138,188
102,169
4,87
15,106,141
159,176
5,31
16,189
158,180,186
160,195
38,66
12,36,39
85,159
23,163
127,158,180
56,121
48,108,114
45,68,90
47,64
50,93
6,88,133
47,166
130,141
93,111
71,123,146
64,184
2,122,185
17,165
84,161,164
95,158
138,193
51,59,82
22,154,170
128,151
61,199
8,48,96
60,111
9,165
36,153
17,135
3,176,177
5,143,148
47,100
8,197
12,63
89,185
64,103,190
109,136,172
40,121
24,86,188
96,132,187
99,109
51,107,151
35,174
30,173
4,11
53,65,186
158,197
104,113,155
107,181
167,197
33,110
4,23
139,157
137,194
120,163
30,60
17,128
95,199
124,172
33,61
129,193,200
3,69,101
113,181
42,104
84,109
29,60
9,72,77
60,66,133
51,63,71
87,177
112,189
133,158
139,163
63,125
39,83
41,140
54,110
166,187,193
48,108
48,109,164
15,133
16,101,144
72,143
41,76,189
60,122
51,196
31,35,199
46,137
32,144
18,159
35,113
65,186
45,63
25,138
6,49,112
3,126
23,106,182
40,176
149,188
98,190
8,151
84,154
23,72
115,126,138
163,169
58,164
56,123
29,89
88,94,135
26,49,185
83,146
146,190
73,121,150
41,128
142,154
17,18
94,150
86,156
19,65,124
11,24,28
26,117
182,191
17,144
104,113,183
75,126
13,96,191
6,135
66,104
114,200
121,189,199
85,100
25,40
40,101
67,156
46,75
42,63
27,166,168
51,67
120,148
86,132
90,185
50,66
76,96,118
16,62,80
105,133
96,138
9,19
97,124
56,108
14,59,140
7,122
36,184
13,23,103
58,154,187
107,141,174
71,146
10,115
4,200
160,171
74,88
81,127
88,152
11,16,96
40,177
45,76
49,72,102
10,78,173
2,106,149
92,132
144,185
117,144
12,33,157
26,89,144
77,84
2,122
65,142
72,90,198
8,108,145
16,165
55,66,160
101,175
123,137,150
17,103
128,138
30,149
10,26,84
76,150
28,184
1,172
169,182
18,199
51,63,137
187,200
14,69
22,27
90,117,163
29,164
37,193
48,85,179
28,146
63,66
40,97
109,167
154,191
12,195
50,183
152,159,200
139,174
97,127
24,116
153,158,167
1,34,83
3,88,188
105,116
78,161
66,87
129,193,197
11,114
15,49,62
11,152,179
149,158,167
10,116,129
47,83
65,124
30,135
13,163
141,170
38,174
66,112,197
1,64
31,125
53,134
101,112
62,92,130
36,88,130
18,86,87
88,151
8,13,48
73,93,196
96,114,121
14,15,116
79,196,198
12,149
169,182
58,60
29,62
110,146
85,200
86,118
60,161
1,36
28,74
59,192
45,92,107
40,60
109,111
84,175
67,111,137
79,186
145,158
85,138
48,121
68,173
57,150,187
129,150
31,113
37,69
102,109
130,170
59,197
7,62,127
153,179
65,132
7,105,183
10,157
33,157
10,75
27,32,173
16,96,105
92,150
38,101
95,104
84,154
49,125
1,83
118,132
49,93
156,158
55,68
178,185
42,44
167,181
47,143
70,192
94,148
44,155
8,145
99,120
149,156
113,122
83,89
69,173
87,107
9,15
163,172
77,84
90,102
191,198
5,21
47,59,93
169,191
83,187
83,96,183
55,130,185
43,122
96,100
77,131
156,169
7,11,34
104,146
137,143
19,169
32,191
77,94
51,127
54,99,178
14,143
19,61
82,86,169
21,174
24,30
108,166
21,193
35,37,181
95,127
28,179
37,119
85,158,196
2,30
163,186
100,135
91,147
120,148
50,190
32,126
11,88,151
35,50
58,185
40,52,157
49,98,174
75,131
192,195
43,192
12,89
53,135,185
39,134
164,170
54,105,178
21,171,177
16,17
59,98,177
97,101
63,123,190
71,160
80,155
147,149,158
60,177
89,109
17,33
27,84
71,159,161
7,12,50
93,122,158
32,109
6,145,151
119,155,161
11,115
69,98
98,141,154
138,155
8,25,100
23,169,173
10,37
46,51
61,62,170
124,182
78,120,169
17,191
127,188
16,100,197
36,122
5,6,55
158,168
92,125
142,195
27,133
114,184
34,40
32,61
60,123
51,74
126,200
56,57,116
37,55
60,193
39,67
56,105,162
95,127,146
80,147
2,91
5,55
82,145,192
22,23,75
28,198
48,150
77,165
7,128
54,62,71
1,94
17,165
42,197
58,84
11,107
79,160
107,158
45,130
35,127
11,105
4,18
29,54
34,41,197
68,146
87,189
24,73
140,190
5,98
82,184
90,175
76,153
99,112
54,131
2,168,184
151,179
50,70
64,71
52,66,103
39,122,158
27,109
109,164,178
36,45,123
64,119,130
145,190,197
9,27
8,110
82,125
88,189
24,135
27,135
29,61,117
156,177
71,98,146
16,28,57
24,54
122,153,183
28,133,155
2,24,168
123,130,131
52,68,103
54,172,185
28,151
149,179
74,108
78,144,181
191,198
64,79,101
33,34,134
10,62,198
9,198
67,149
105,173
30,122
15,175
164,177
39,55
70,194
49,117,170
23,156,158
13,116,200
123,183
107,188
74,165
29,120,136
111,120
75,171
169,198
59,134
87,198
90,141
40,129,168
1,35,127
11,150
139,181
49,148
71,143
24,105
27,109
82,122
61,96,166
93,122,199
96,158
141,180
68,81
132,184,187
138,167,193
105,135
99,103
174,195
68,160
137,190
6,195
27,180
97,149,164
47,48,174
35,54,97
2,148
7,19
34,146
41,53
41,189,200
20,44,145
23,61
26,53,99
142,155
107,149
136,197
149,184,186
140,182
54,131
29,93
61,93,165
87,99
83,199
17,52
132,134
19,188
87,129
19,32,198
100,179,197
86,109
19,94
92,94
37,70,153
79,112
70,124,156
182,183
29,108
36,91
131,180,184
116,141
42,148,149
17,94
50,53
36,190
10,172,185
94,111,136
45,56,147
151,197
37,142
66,153
56,149,152
23,75,117
30,32
160,181
99,102
149,166
135,172
77,169
71,154
46,134
72,99
17,68,159
96,115
2,112
11,21,100
41,159
34,54
78,120
70,147
159,184
22,83
66,95
11,28,145
80,88,145
142,164,176
139,182
12,72
99,139,186
144,173
3,17,113
113,118
43,144
80,193
4,34
42,91
5,30
27,53,72
23,73,93
59,143,192
47,117,146
89,135
55,176
4,200
77,144,188
13,25,138
22,80
101,125
52,135
115,161,197
2,185
135,136
153,181
164,173
2,167
105,148,167
69,157,192
19,56,166
146,176
96,147
14,171
112,148,189
130,199
58,72,154
57,100
69,127
59,196
21,195
19,178
49,191
108,129
56,132,188
5,138
91,155
17,135,136
13,167
173,186
63,141
31,54,183
8,176
51,163
3,34,55
38,66
54,98
36,171,174
149,155
2,25,66
1,46,157
129,149
47,57
2,43
87,107,200
74,128
11,200
97,110
75,93,186
61,70
95,113,134
152,158
23,190
55,101
18,91
46,98,99
25,105
23,191
75,191
29,60,107
7,54,125
118,149
42,140
6,51,68
34,54
131,195
142,152
57,184
61,135
12,176
179,189
27,165
126,135
62,155
112,126
64,122,171
118,127
114,133
82,167
35,68
72,170
155,157
71,79
171,182
135,141
166,167
119,136
73,183
114,126
156,179
5,69,190
78,88
26,138,182
1,138
34,94
102,123
50,71
24,51
57,155
85,138
9,92
23,178,186
80,157
167,187
17,123
35,75
133,176
3,36,171
64,125,134
5,37
56,114
67,188
24,162
8,168
22,53,186
53,169
2,90,164
138,167
132,148
160,170
98,193
20,179
41,106
48,84
109,194
46,157
23,70
122,125
87,156,164
61,176
52,81,146
17,53,75
66,193
75,135
99,109,185
65,93
1,51,52
17,148,165
114,183,184
19,178
122,175
191,198
91,104,108
18,82
127,140,170
47,66
77,84
48,124,138
7,101,137
12,122
6,128
79,134,174
94,112
25,48
26,155
92,145
30,172
143,165
124,143
14,47,62
89,102
148,191
94,163
29,77
61,158
2,121
56,183
36,185
100,144
48,143
51,171
8,100
27,173
82,171
16,100,165
167,170,197
20,149,187
87,191
2,99
106,195
91,99,135
20,21
90,117,173
79,131
14,118
11,108
115,166,167
104,182,190
6,52,160
143,167
43,102,186
21,198
30,111
77,197
37,112
144,164,185
23,162,164
112,166,168
92,114,132
67,82
126,189
6,154,157
41,99
152,184
151,154
136,169
54,194
118,135
25,125
47,130,183
71,106
5,160
148,154,191
78,142
40,120
127,168,191
15,90
109,136
126,188
25,187
6,160
119,199
25,192
3,51,131
78,164,198
116,179
37,199
18,143
79,184
15,58
8,76
85,153
79,134,199
188,197
1,44,88
2,83,94
173,175
24,106
47,87,96
23,65
20,88
5,58
152,158
9,41
1,7,71
12,111
25,51,117
107,175
66,98
13,96,100
57,166
63,113,190
38,85
88,166
33,64,130
125,160
44,76
39,48
46,161,176
40,98,137
65,111,144
82,137
73,85,88
31,43
114,124
77,163
55,70
48,68
28,126
104,109,171
95,125
102,165
23,75,94
55,122,176
83,181
79,135
58,83,163
77,170,178
52,88,157
46,52,83
172,180
28,76
58,114
78,151
16,77,115
138,142,172
37,96
75,154
89,188
106,112
103,156
59,170
3,83
63,69,76
2,90
37,54
29,61
12,32
67,127,129
43,116
44,162
20,100,121
21,47,51
19,124
30,156,168
119,183
107,147
26,75
123,140
24,121
30,62,178
35,134,139
15,49
20,143
47,68
131,167
56,108
19,115
170,195
68,177
23,192
57,149
13,196
117,137
58,141,154
17,23
69,183
29,118
9,81
1,64,146
133,197
55,140
72,170,173
114,155
88,118
119,183
55,174
18,29,112
107,133
22,117
6,104
16,50,138
38,71
126,197,200
47,140
92,138
61,157,161
71,101,190
29,163
142,153
77,99
29,93
124,185
40,49,169
32,107,178
50,70,179
162,189
46,174
43,79,136
40,130,182
116,151
2,86,122
117,170
64,84
114,179
174,183
92,132,133
24,82
9,164
40,128
35,141
104,196
59,101,183
19,172
40,177
60,146
36,137
12,138
81,125
32,42,154
176,190,197
115,171
20,56
7,50,134
47,66,171
6,37
9,186
26,165,191
165,192
87,197
39,64,82
77,136
102,154,163
33,53,62
15,57
37,92
62,65,110
66,172
37,139,189
111,126
71,160,199
54,63,158
17,23,198
20,136,151
102,164
10,141,148
134,164
3,95
2,187
44,164
53,94
15,27,49
49,77
139,157
23,144
29,157
36,82
90,173
24,44,67
100,135
87,157
77,102
74,175
85,106,162
89,148
14,21
18,80,159
154,196
16,30
75,89
120,180
32,154
8,124,199
26,94,99
80,116,188
16,47
124,180
160,179
175,199
24,156
133,168
66,141
27,45
65,87
12,101
2,92
42,67
71,177
94,114
48,169
42,156
17,164
62,117,186
2,48
10,191
112,192,198
25,187
65,111
144,191
78,129
51,174
137,198
73,132
5,122,166
7,35
15,103
128,137,183
65,176
18,151
69,177
118,162,189
56,87,193
58,186
115,138
3,174
53,170
16,106,156
60,130
18,113,153
48,80
27,49,93
53,84
132,189
25,154
1,39
19,53
63,139,183
19,120
53,120
120,191
11,31
76,131
106,138
61,191
21,137
45,82
17,23,173
7,192
70,110,171
43,54,104
49,138
96,112,189
38,94
34,104,191
43,144
24,85,167
20,91
16,22
60,95,119
119,148
36,188
86,106
9,77,102
81,146
58,123
35,47
62,135
36,177
18,74,133
28,140
45,77,119
37,79
11,24,150
10,130
118,156
38,117,172
111,175,177
10,17,185
10,56,99
8,162,188
89,163
16,118
45,108,121
104,183
2,74,149
18,115
60,192
124,128,199
156,162
176,197
5,183
9,175
94,145,197
35,39
8,167
41,112
38,47,130
31,118
8,145
20,22
11,192
52,71,182
12,153,176
1,35
161,177
37,169
24,86
91,200
4,159
69,81
117,168
87,132
87,144
29,61
42,71
52,95,171
27,56
83,192
40,43,60
71,130
28,159
10,15
150,172,192
27,29
188,189,193
100,155,159
36,93,110
102,191
13,18,112
16,149
17,102
144,169
26,178
27,96
35,98,166
133,167
138,174
144,180
12,22
56,145
58,102
15,26,72
133,167
82,119
78,102,140
52,74,151
28,92
52,63,137
15,174
13,46
30,53
5,128
52,180
67,106,155
23,178
58,94
108,116
9,159
98,103,194
139,148
86,107,138
32,71
63,83
138,148
183,189
7,133
12,14,143
30,47,111
101,123,192
124,176
66,83,118
5,175
50,57,97
27,137
125,163
34,103
106,108,188
57,70
19,151,171
5,142
22,30,117
15,102,185
32,169
19,26
30,110
134,199
40,127,128
4,88
24,46
159,169
41,90,116
136,154
93,186
76,173
163,170
74,91,158
102,173
27,93
25,161,200
10,88
24,171
29,62,183
102,120,164
105,106
30,85
101,104,122
18,57
23,123,130
54,180
161,193
140,171
26,99,169
25,36
120,136
41,161
67,116,158
36,94
106,189
54,180
129,188,189
104,146
83,103,177
2,147
53,163
70,190
57,74
106,147,152
68,87
96,187
63,131
38,191
13,198
128,181
17,94
3,59
127,161
51,101
6,7
10,153,186
73,87,121
28,161
12,60
55,84
76,115
66,171
17,19,93
21,47
32,171,185
10,19,148
26,91
4,118
1,17
13,92
12,40,112
102,181
22,198
35,79
138,184
80,187
88,144
50,97
47,164
1,31,96
159,198
75,190
82,93
64,103
40,103
44,114
12,130
143,177
161,162
34,123
69,123
83,125,186
56,145
118,132
92,115
75,187
105,163
31,130,194
49,102
104,140
44,128
138,185
44,46
88,104,161
7,131
84,85,189
55,66,157
132,166,187
126,183
80,132
12,21,64
29,180
66,131
124,169
117,144
64,168
94,170,198
40,100
72,154
84,121
151,159,199
155,192
21,103,182
8,115
40,169
26,47
121,129
60,95,189
134,183
35,99
20,28,96
25,28,152
41,42
18,56,158
66,97
4,108,145
9,120,176
91,131
110,149
95,134,153
66,157
51,70,193
62,165
12,51
78,136
3,47
27,185
3,173
1,62
39,118
96,108,133
60,116,132
17,36
68,139
24,73,76
170,173,198
2,46,95
124,153
64,135
90,112
8,76,98
12,158,191
28,94,130
41,184
88,108,132
106,183
71,113,183
13,129
8,18,147
13,128,181
27,30,53
14,109,188
124,186
10,159
25,39
26,58
41,107,188
9,170
144,148
48,62,184
46,101
61,64,124
4,81
52,144
42,76
42,45
52,139
57,86,96
67,73,184
6,183
58,94,154
67,159
134,176
1,123
38,53,154
182,188
2,86
18,85
32,141
8,105
56,88,132
28,46,137
72,117,180
106,157
23,65
84,131
10,20
129,152
2,6
152,197
120,144
11,28
80,100
27,75
38,181
43,133
43,98
26,117,170
194,195
4,138
132,145,150
34,104
160,196
11,74,126
21,59
126,147
6,154
138,194
135,140,167
103,184
61,64
42,48
51,104
132,169
32,72,198
127,174
156,171
14,81,82
133,187
65,163
76,152
128,129
6,105
27,185
63,82
91,175
92,187
3,49
75,186
3,119
3,71
101,140,194
41,191
17,73,174
75,163,164
176,191
84,93
106,118
30,61,185
27,146
40,49,123
25,80
69,140
57,80,106
65,135
25,52,162
135,178
29,181,187
102,120
47,162
98,131
85,129,161
130,177,200
117,136
26,166
151,171
147,162
17,46
76,166
57,178
52,96,148
68,146
137,195
159,168
55,142
12,103,139
74,168
23,185
32,120
24,110
34,143
30,163
41,150
23,49
16,80
6,182
157,158
42,116,188
29,90
36,113,139
76,106
61,67
24,141
45,124
31,78
175,198
20,92
105,118,193
92,129
48,167
62,83
140,149
16,28,80
47,199
16,161,175
44,114,188
77,172
31,66
135,190
112,141
53,185
74,85
75,172
22,93
165,186
91,150
12,42
72,154
18,76
30,67,200
85,154
4,156
119,198
108,118,166
52,195
52,119,123
116,167
40,124
26,186
88,150,159
129,198
31,198
22,75
17,67,112
13,76,152
47,146,171
68,118
25,106,161
107,138
61,191
96,129
11,57
14,166
57,165
33,96
26,99
36,141
67,118
27,124,163
51,87
6,51,125
43,50
27,141
58,62
46,116,186
13,20,80
126,197
41,52
2,126
38,55,95
78,94,124
42,179
17,124,144
180,183
118,184
12,52
23,30,58
47,92
117,172
28,185
17,100
126,165
74,132
11,113
39,43,192
31,123
3,115
53,84
2,87,193
62,172
127,194
81,97
44,181
71,153,196
28,67
36,199
24,91,108
12,123
38,124
35,130
22,79,125
13,87,159
69,190
23,93
23,185
110,178
62,165
2,122,138
27,169,170
18,199
22,133,134
167,177
45,154
105,112
49,180
42,145
13,69
18,61
76,187
4,175
49,71,104
90,120
88,188
40,100
2,86,114
36,181
122,139
118,149
72,86
18,25,167
35,123,133
68,138,149
23,72,170
25,143
117,124
51,64,71
163,185
90,136
71,83,103
148,162
56,104
9,135,170
88,153
23,39,131
135,188
29,113
30,99
130,139,160
72,99,154
33,59
41,73,116
35,103,190
68,121
31,132
26,117
156,184
151,186
40,69
31,163
57,85,112
12,103
129,138
66,132
4,97
34,186
55,191
104,180
63,182
163,185
58,157
63,199
62,124
80,121,140
16,169,200
28,188
28,115,129
5,60
169,172
36,168
73,90
102,148
1,92
34,111
42,44
98,195
19,49,90
34,146
81,185
47,86
107,110,170
28,193
15,120
45,166,182
13,85
135,183,186
111,187
34,40
105,121
99,154
50,72,156
115,128
35,164
146,147
11,155
13,138,151
94,158
44,87
74,88
46,100
82,134
106,108
39,125,197
54,183
152,200
81,90
1,83
64,103
57,177
155,197
167,168,188
7,14
136,169,172
25,168
9,117,164
17,124
62,180
58,149
42,62
8,97
31,162
142,170
4,75
53,173
58,173
84,120
25,116,184
25,42
9,17
2,45
18,112
145,186
68,161
32,154
27,30,99
26,155
65,119,129
73,159
5,102
66,93
99,175
89,191
93,151
18,57
123,170
27,165,195
117,163,186
62,190
3,9
29,120
78,170,178
94,149
32,61
52,64,143
4,118
25,133
41,89
118,167
53,88,160
43,88
61,89
38,54
84,94,148
7,83
74,133,200
48,114
19,22
151,187
29,53,163
21,172
3,177
53,84,172
51,54
30,186
20,107,126
68,130
27,111,144
91,187
109,120
53,133
33,55
80,191
141,156
150,158
96,147
52,128
55,177
90,163,180
3,29
125,137
61,67
62,84,154
2,88,155
152,182
27,58
42,74
5,34
73,126
21,48
56,108
18,150
15,141,173
33,113
75,141
141,144
49,65
115,167
67,120,184
3,98,139
24,189
79,130
126,198
112,196
41,162,197
16,129
139,199
111,119
65,144
15,69
160,171,174
16,107,138
26,178
166,200
89,102,164
143,145
42,86
49,143
48,119
35,139,168
3,58,73
37,95,190
85,151
98,140
32,46,180
39,183
12,63,162
73,96
22,72,94
3,27,94
19,29,89
60,137
70,157
44,168
90,142,170
95,189
8,94,189
53,136,141
52,176
8,55
119,192
24,171
63,114
31,43
38,101,146
21,54,128
39,60,113
72,169
67,115
34,85,167
20,99
107,109
36,143
23,75,155
172,186
6,47
106,147
21,68,149
109,170,198
4,54
18,134,168
123,179
62,102
15,148,173
122,189
62,185,191
47,176,196
9,65
48,101
151,153
9,117,172
41,93
48,200
124,141,164
138,143
11,42,189
91,179
103,140
159,182
22,49,62
58,102
72,77
104,170
8,52
44,48
3,31,38
102,193
43,199
59,157
130,200
15,180
81,113,174
51,146
27,99
153,171
54,95
2,16,193
112,155
156,157
81,125,196
5,26
143,147
62,120
104,113
5,96
154,196
19,110
115,149,151
136,154
15,93
8,116,155
23,78,111
66,139,153
176,190
126,135
2,59
32,122
36,104
126,192
170,180
170,178
60,122
16,133,159
63,136
109,164
84,148
147,200
16,112
45,75,143
39,104,171
134,182
18,43,49
16,112
18,76
30,61
78,168
72,78
65,70,116
78,164,185
4,18
111,170
160,183
25,157,160
77,120
30,176
14,86,153
46,169
43,146,192
75,185
117,172
106,138
65,135
112,159
46,195
4,31,76
58,94,164
101,157
58,98,151
39,195
8,184
8,159
49,53
72,165
42,82
96,156,186
16,193
42,182
74,106,161
79,197
12,95
34,168
41,83
15,19,124
49,53,114
26,127
80,148
21,195
1,130
21,66
105,132
110,168
67,157
27,185
19,60,184
71,97,128
136,172
86,98
66,174
95,96
52,195
108,177
146,176
109,169,191
18,187
49,140
65,139
76,92
7,38
130,160
46,100,106
42,76
124,136
56,161
2,4,145
102,109
25,78,174
70,130,182
25,107,147
144,162
108,152,179
24,96
79,125
16,67,168
79,99
32,54,74
67,121,133
88,93,111
24,28
32,117
17,102
119,179
79,101,195
71,158
121,145,152
25,28,37
1,47
78,109,186
119,146
127,176
10,109
113,196
57,155
37,81,127
4,184
65,180,198
40,63,95
18,88,147
58,75
44,91,111
27,36,113
58,89
3,69
26,124,173
78,190
80,174
151,173
59,199
66,125
91,169
189,197
21,28
157,161
18,106,107
47,132
6,71,157
28,105,179
23,27,65
91,179
83,139
65,86
103,176
108,167
49,56,141
73,88
64,83
44,57,158
94,169
3,183
26,190
155,180
6,58
34,41,50
56,191
30,99,135
61,94,111
98,197
35,77
79,87
27,186
50,157
69,97
30,46
164,178
53,172
135,175
12,58
38,192
1,35
127,133,181
41,147,184
36,98
30,65,109
18,20,79
13,188
8,100
5,149,176
76,88,145
27,154,172
122,140
27,72,94
44,57
27,49
3,171
178,191
16,198
29,60,195
156,167
14,33,52
33,176
12,55
53,84
20,38,132
37,47
48,128
170,178
48,167
80,105
32,164,198
63,128
48,73,145
4,91
72,134
26,54
33,59,82
43,196
12,33,146
56,71
43,48
112,129,159
152,168
23,117
81,83
91,112
23,110,126
36,64
14,68,143
165,191
26,84,191
175,188
54,186
63,108,118
26,163,191
102,109
46,59
10,17
36,175
4,166,167
15,170
26,109
15,123
58,90,102
32,100
99,165
21,100,181
135,152
93,171
23,102
72,165
14,20,71
137,171,194
52,176
95,98,140
21,122
1,68,157
45,50,101
37,181
36,77
25,115,151
75,169,180
138,149
118,156
138,198
82,91,177
96,124
118,133
2,8,24
43,199
35,148
39,120
104,139,177
39,50,160
60,123,155
60,131
61,196
11,165
43,71
162,187
25,116,175
14,47
81,128
114,170
48,96,200
82,107
24,140
44,172
47,66
101,171
43,52,194
101,106
60,140
54,158
2,13,74
33,130,194
3,121
143,182
6,49,101
103,114
23,32
138,156,189
23,84,124
94,142
5,45,119
38,66
93,103,160
38,105
79,181
139,194,196
16,175
12,50,199
29,48,123
16,96,132
22,111,186
139,193
6,18
50,80,101
68,71
93,151
62,164,169
39,182,192
99,109,156
98,183
14,127
70,97
7,21,140
53,145
79,104
72,181
13,78
152,187
114,129
2,5,24
137,165
70,139
42,138,149
48,76,80
84,127
23,26,171
84,99
53,89
12,137
67,74,97
14,181
22,72
61,125
143,194
108,145
40,153
26,141,185
74,129,149
61,163
117,134,148
169,170
80,96
48,86
67,71,126
19,22
38,199
10,26,84
78,173
31,46,139
63,149,178
45,47,83
31,200
43,153
69,159,161
49,162
26,198
67,116
154,185
53,126,179
55,88,164
90,144,180
17,61,125
58,67,148
22,118,192
63,84
2,85
45,112
76,115
112,149,198
15,94,144
58,93
129,200
75,200
41,167
44,188
63,194,199
43,98,137
28,141,166
61,94,124
21,69,104
122,190
9,10
53,135,178
43,127
8,23,165
114,173
122,147
111,115
24,85
31,107
162,190
20,58
8,37
68,100,120
25,95,136
25,161,188
14,119
99,148,170
82,83
38,77
35,65,99
41,108,145
51,79,177
104,142
5,157
34,110
96,176
22,154
19,144
18,119,158
46,64,123
154,172
30,61,94
92,185
17,109
68,104
65,136
163,170
113,139,160
43,83,177
3,32
92,193
109,122
20,91
118,159
9,72,100
85,145,147
28,161
6,185
119,153
28,82
44,189
100,129
5,191
83,149
37,63,125
87,197
28,114
71,137
2,85
9,28
9,146,155
2,114
9,22
24,79,187
48,150
78,83,109
164,184
56,74,92
108,112,184
80,93
12,76
64,125,199
115,149,185
30,141,180
78,180,186
18,142
39,66,133
32,94
22,102
30,94
9,185
104,118
172,185
51,196
69,104
68,83
114,136
5,199
42,166
88,114
73,154
94,198
12,137,193
107,168
124,170
117,155
25,68,148
119,176
75,89
113,138
6,46
7,43,110
29,148,163
154,155
10,17,109
43,79
68,194
23,109,173
140,159
78,126
82,94
67,137
45,71
3,46,174
82,109,132
27,29
148,171
77,111,180
98,161
167,189
7,179
29,57,173
102,185
31,51
72,133,188
69,83
109,187
55,139
28,69,167
127,155,168
34,199
25,150
4,24,159
133,175
59,165
81,131
79,146,174
98,172
36,70
35,142,190
55,127
8,88
7,182
138,188,189
22,31
144,148
55,159
17,121,141
16,152
40,162
57,61
146,178
24,174
2,162,193
29,171
43,127,192
116,184
5,162
60,195
37,67,161
13,60,100
60,122
44,112
99,198
131,162
38,119
116,154
27,172
51,102
81,128
86,132
107,161
3,97
56,82
159,181
8,175
8,73
72,97
78,137
2,20,91
28,69
54,190
16,28,161
18,74
24,53,89
138,158,166
40,62,159
52,94
5,20
126,197
44,92,132
44,45
125,184
59,166
82,169,199
105,178
32,109
130,164,197
74,184
8,199
118,132
175,179
29,65
8,155
18,41
72,77
147,161
15,165
16,134
163,165
41,75
49,50
184,199
4,9
20,28,42
168,188
32,124,191
124,135
53,100
12,157
23,51
38,50,87
98,131,181
105,179
132,178
173,191
76,81,125
120,167
78,137
99,178
13,176
115,132,145
100,108
37,45
147,171
27,84
32,99
27,77
36,125
79,103,181
108,129
136,169
61,96
48,61,102
3,68,199
32,58,170
110,183,197
117,124
73,161,168
91,146
30,186
22,155
13,57
1,88
97,141
19,191
35,66,177
55,89,112
8,91,151
88,152
2,8,197
49,65
99,111,191
48,127
30,119
74,100,193
39,132
112,172
131,177
36,133
18,116,132
43,157
63,136
47,193
129,197
58,172,180
26,124,136
75,144,178
67,118,159
14,129
53,170
11,120
11,77
22,136
9,75
81,101,108
36,104,146
92,105,121
31,130
19,34,126
67,87,147
68,134
96,145,187
12,143
92,126
130,196
133,168
109,135
130,194
152,159
129,174,185
16,114,121
62,97,126
17,65,120
119,194
2,196
122,123,128
31,82
58,127,172
31,199
2,197
36,110
2,40,55
31,91
65,178
66,95
101,134
37,91
151,187
8,116,193
51,92,95
11,49
137,171,190
80,81
14,66,137
106,179,184
23,89
78,94
116,155,188
72,173
23,148
109,190
85,147
90,165,178
16,24
93,178
161,194
93,180
71,183,196
92,193
10,109,163
118,151
13,48,132
19,122
158,166
68,160
27,117
95,119
16,132,184
80,149
68,174
84,147
118,184
143,181,199
94,143
94,150,187
100,170
190,192
8,126
10,11
89,126
90,94,163
140,197
29,72
49,178,191
59,140
3,43,128
16,126,138
127,198
23,99,117
2,100
65,90
47,182
51,139,153
157,159
98,165
19,117
129,162
117,124,191
36,83
65,72
59,63
50,142
76,134
41,110,182
89,123
32,180
112,131,157
100,112,131
81,96,193
48,121
36,144
21,51
96,193
18,152
102,148,191
3,47
90,124
156,200
31,82
79,184
115,126
36,60,182
83,111
41,105
61,169
39,83,125
113,116,175
37,78
89,94,170
66,81,199
28,162,193
67,189
9,19,117
46,95,101
109,172,178
34,153
78,165
109,117,180
78,180
6,27,76
122,125
20,179
25,63
10,15,120
96,147
15,148
40,81
143,153,193
57,158
136,190
29,165
35,63,181
41,79,181
95,142
95,156
148,173
171,196
38,73
192,200
13,192
21,49
29,127
93,96
27,166,178
101,116
51,160
151,188
78,178,186
91,132,161
65,131
87,117,174
28,114,175
24,100
49,165
45,128
58,109,136
45,94
82,125
186,198
53,154
2,76,197
88,107
43,168
58,169
119,169
76,80
89,120
32,186
51,119,134
63,157,188
23,62,154
3,6
39,150
81,89
34,41
51,157
121,144,169
36,153
74,178
1,103
61,120
8,23
16,170
17,22,26
132,185
24,133
159,161,162
38,46
48,136
27,144
16,44
9,77
22,178
55,182
55,194
22,75
7,134,195
23,42
111,149
53,93,173
17,82,88
167,191
40,55,68
7,196
41,158
169,179
25,102
116,148,174
19,78
62,89,198
92,167
117,163
73,108
127,131
91,166,197
106,160
86,115
89,185
48,176,185
119,196
69,137
10,62,65
132,157,172
157,184
114,152,193
4,121
84,164
105,162,175
150,173
65,165
12,34,45
142,181
117,146
12,17
117,171
69,142
51,80
142,186
137,190,199
31,47
77,96
125,157
116,184
62,197
4,8
153,160
7,101
173,186
72,141
154,190
58,143,163
78,84
18,35
121,133
105,115,130
66,101,181
12,171
38,97
170,174
85,162
29,58
132,166
60,145
28,106
50,171
110,157,171
30,78
67,105
21,178
109,164
31,79
9,53
18,107
37,110,190
51,160
3,47,183
36,75
54,137,145
2,158
58,185
133,169
8,13
136,193
42,91,189
21,31
77,173
26,180
64,155
41,92,156
72,101,199
81,103
28,42
6,31
74,90
74,170
87,148
36,45
124,168
33,122,135
4,120,200
151,200
33,68
28,132,151
92,114,138
6,45,69
140,142
18,88
9,17,93
9,72
57,59
10,64
94,154
6,37
47,198
133,150
76,175
90,111
29,72,135
152,182
27,30
6,50
21,68,146
3,33,137
39,174
62,109,185
120,160
31,107
84,140
104,119,199
42,79,132
67,116
118,166
93,152,157
43,105
10,169
81,160
13,152,200
105,156,177
6,79
41,60,186
36,66
72,120
31,45,122
77,167
2,116,132
73,161
28,115,189
56,107
34,40,89
81,145
113,122
20,80,105
15,69
86,161
120,154,169
33,142
9,117
101,171
119,196
117,187
165,178,185
14,115,143
33,101
48,73
127,191
17,65
23,148
51,89
46,70
29,174
32,62
100,156
48,97
91,133
94,111
41,188
61,169
40,48
62,170
184,193
37,64
23,57,116
13,42
22,34,142
40,50
43,51,110
10,48
95,134
23,161
44,85
19,164
59,150,171
101,144
25,155,175
90,186
1,78
80,178
15,154
113,122
10,83
77,116
58,178
40,125
114,155
17,65,154
33,34
57,167,184
12,117
45,127
13,142
7,148
67,101,158
4,152
84,196
48,95,109
8,114,118
22,67,177
39,110
158,159
57,162,193
22,123
72,128,131
51,178
67,82
31,36,153
60,79,106
97,158
26,41
11,138
45,102
8,96,185
97,104
25,131
56,80,91
119,145
32,94
49,112
48,120
64,153
