1,30
4,11,27
12,26
3,91
10,114
2,5
1,136
1,6
1,145
1,73
3,52
3,58
2,68,86
20,62
3,28
23,138
3,5,20
13,38,88
26,115
9,116
3,75
19,77,93
3,43
6,15
1,90
1,4
4,130
2,139
3,25,37
4,59,134
2,63
4,7,96
7,35
4,103
5,14
4,36,120
9,46
1,11
1,3,14
3,81
3,79
17,41
2,23
47,108
5,124,149
8,98
10,36
1,7
4,19
2,23,66
60,67
8,84
3,31
3,135
3,4,7
1,4,15
2,7
16,19
18,45,129
1,11,39
2,71
1,27
70,112
1,2
72,126
4,107
32,104,105
3,57
1,7,9
1,4,110
15,48
2,18
2,10
16,29
2,87
2,144
2,132
2,140
106,142
3,30,32
21,82,127
95,148
1,49
1,4,117
1,44
7,43
4,78
49,51
1,42,65
5,14,125
4,8,18
21,92
4,17
3,47
2,9
44,76,89
2,146
1,46
45,147
13,22
1,3,4
10,94
54,80
14,121
24,29
8,128
6,16
11,28
5,111
34,61
1,4,150
1,6,33
2,21
4,40
3,97
2,131
1,8
1,7,33
2,101
1,137
6,74
10,133
3,123
13,56
2,53
2,83
3,20,22
3,5,12
2,22
1,3,7
40,122
1,3
11,42
50,99
12,118
41,100
2,13,109
12,25
4,64
2,143
69,141
8,15
6,24
31,85
2,113
1,5
6,37
1,55
9,119
34,38,39
3,4
4,6,102
2,48
17,35
