5,16,78
2,5
7,53
8,10,18
1,6
19,82
3,12
9,26
71,112,142
58,81
2,6
4,28
4,75
3,148
3,69
23,107
11,120
50,67
33,66
3,25
19,144
1,28,110
8,21,39
30,65
15,102
13,93
3,27
3,26
44,109
14,17,139
13,100
6,23,37
18,43
35,94,125
8,11
20,44,70
11,15
17,119
1,7
60,145
1,103
24,84
127,147
2,7
34,36
22,51,143
12,88,91
16,49
74,80
8,59
13,29
1,140
2,34
26,42
8,42
96,129
30,98,126
2,18
7,12
5,15,19
20,128
33,137
6,77
18,40,76
10,49
23,57,136
9,52,111
48,123
28,45
32,108
14,24
38,85
4,8,132
12,73
2,138
16,61,90
21,118
25,124
10,25,48
5,41,121
32,116
6,20
14,40,56
5,68
97,104
36,86,141
12,54
1,133
1,72
10,131
4,15
10,101
1,37
11,21,64
99,149
6,146
3,55
4,134
4,5
7,9
22,51
2,17
27,47
38,135
1,3,7
24,83
5,6,122
31,62
50,95,150
11,27
3,45
1,2,63
7,79,115
43,87
106,130
9,46,105
1,113
17,29,89
9,92
16,117
9,41
47,114
22,35
2,14,46
31,39
4,13
