1,30
7,8
3,91
5,94
9,108
7,53
5,26,29
5,8,109
1,2,125
1,6
22,47,126
3,122
21,24
9,18
105,142
2,13,24
7,80
19,77
5,14,89
10,57,104
2,45
3,148
1,33,101
6,9,87
14,43
3,118
1,2,116
41,78
56,137
3,7
16,43
4,84
103,117
5,83
11,17
11,98,147
4,7
1,3,131
2,13
2,4
9,106
4,76
90,92
47,111
42,75
1,12
6,145
2,48,54
113,129
7,67
3,16
2,12
60,114
5,40
4,16
4,20
37,68
22,95
52,72
7,26,127
139,144
3,44
3,9
15,121
2,130
1,93
1,34
5,30
1,2
1,10
1,26
1,132
8,10
1,100
7,150
15,40
1,20
2,18
21,86
14,102
1,4,110
6,11
6,28,65
5,8,73
13,21
50,124
1,49
2,81
22,74
8,27,134
7,34,146
3,133
1,44
4,17,59
1,31
4,6,58
8,19,36
18,31
2,135
10,138
6,10
1,128
12,115
2,61
2,46
6,20
6,16
4,6,25
4,149
1,55,88
64,120
38,140
1,24
11,19,70
12,46,71
3,5
5,66
39,141
10,17
1,13,82
7,9
14,28,63
1,3
4,85,119
5,27
7,33,62
32,107
15,23
7,29
12,41
3,6
16,35
3,37,38
11,42
4,6
10,96
5,79
8,23,51
13,45
99,123
12,36
4,5,25
2,3
15,39
4,112
8,143
15,25
9,69
18,97
4,14,35
1,5
6,17
1,2,23
3,13
9,32,136
1,8,11
