27,47
16,29,39
9,17
4,8
5,42
24,34
2,35,45
36,48
16,21
2,23,25
2,11,35
1,21,40
1,44
21,27
8,41,50
25,30
4,39,45
24,33
43,48
24,48
26,38
19,28,45
29,50
12,50
7,8
8,16,48
24,27,38
39,40
22,32,42
4,44
10,27
2,25
30,32
34,49
1,21,40
9,28,31
25,49
21,26,40
2,44
29,43
10,37
10,26
26,40
26,47
2,11
9,16
12,20,48
6,32
3,10
28,44
5,32
35,42
10,20,44
34,42
6,42
14,24
22,23,32
23,32
6,11
16,20
40,43
17,19
12,17,41
2,12
10,12
18,25
48,50
18,20
23,28
5,28
4,10,22
2,11
9,22
7,12,30
22,39
5,6
23,38
17,50
24,26
13,29,41
15,18,28
5,37
35,42
25,32
16,17,43
41,49
16,17,49
15,17
15,32
26,30
35,37
30,34,36
25,37,50
2,3
22,45
18,25,31
13,26,47
11,13
18,28
40,43
7,20,49
29,31,47
4,18,34
27,36,45
7,47
47,48
31,37,42
10,38
8,41,50
26,31
41,44
16,19,20
21,38
19,26
8,20,30
34,45
39,41,49
18,45
23,24,42
6,22
10,28,32
19,49
13,40,46
6,48
2,9
21,44
17,36
29,35
10,14
8,44
39,41
30,34,48
15,45
25,28,37
24,33
33,46
28,32
20,24,29
18,29
6,24
5,45
24,29
1,13,26
20,39
3,38
2,9
2,22,35
23,32
1,44
6,9,35
6,32
33,46
31,37,38
1,27,46
14,33
15,27
12,50
29,34,48
15,31,44
14,19
11,18,35
16,49
1,44
7,14
7,8,23
1,19,42
18,45
36,49,50
26,40
20,33
10,35,46
8,50
3,26
15,48
20,35
4,48,50
17,36,50
2,19,33
8,17
15,16,34
5,15
22,45
10,28,48
2,6,45
46,47
17,27,44
19,38,48
12,48
14,26
2,9
10,19,50
29,34
2,23,42
6,11,47
28,42
1,24,28
17,29
1,44
17,22,35
20,29
1,39
3,24,27
12,43
15,22,39
17,31,32
12,21
13,21,27
27,29
28,46
9,30
29,43
24,33
4,43
19,30,50
4,7,30
3,24,38
18,31
36,49
6,39
20,46
20,32
10,30
5,28
32,38,50
25,48
15,23
4,12,36
2,9
24,47
20,43
7,42
23,25,32
14,45
6,28
10,25,42
6,41,43
18,30
12,19
3,25,31
33,44
10,35
29,31
10,49
5,37
9,25
24,48
5,28,37
14,33
4,10,49
2,37
2,15
25,50
1,27,46
17,24,41
32,37
8,39
26,33,47
13,29,45
13,22,37
1,39
6,31
3,33
9,20,32
25,44
2,50
14,35
7,48
1,27
27,37
3,36,48
5,22,25
6,31,35
19,36
5,9,23
15,22
20,41
29,43
13,33
13,14,27
15,22,49
29,30,35
21,24
9,28
1,21
10,14
30,35
21,34
19,20,29
21,35
38,40
20,34
24,46,49
5,22,32
16,42
14,27
32,41
29,34
24,30
8,9,14
20,49
1,46
11,45
20,50
27,35
12,34,41
2,37
25,46
1,29
27,41
6,15,25
21,49
29,36
26,46
6,8
18,38
19,47
10,20
13,27,44
23,38
4,20,41
16,29,34
15,22,31
19,20,49
6,18,31
24,50
17,41
28,29
17,50
35,41
28,29
5,49
11,41
3,12
22,28,30
24,27
6,31
16,30,34
40,41
13,46
34,48
34,50
12,17,29
3,13,33
9,46
23,25,42
28,49,50
5,35
6,27
6,18,37
1,32,42
5,25,28
3,21
41,46
34,44
25,45
23,26
3,34
4,32,47
18,34
2,5
5,11
3,25,35
10,43
36,41
22,35,50
1,10,23
16,18
5,45
8,16
10,50
8,42
7,29
14,15,48
2,5
6,32
1,13
3,14
13,18
35,49
34,40
23,46
12,16,33
8,14
32,38
4,50
19,25
12,44
1,46
20,46
4,9,29
9,14,25
9,23,37
11,17
18,29
30,34
19,28
24,26
2,9,42
46,49
5,32
43,47
13,38
34,36
1,17,46
19,20,34
21,41
5,25
13,27
8,41
19,30,50
29,49
2,30
8,38
27,48
21,37,50
18,35,44
1,3
5,31,37
25,49
5,11
13,19
8,19,43
14,33
17,22,43
28,32
9,30,37
11,18,32
17,24,42
30,45
4,44
12,20,35
40,44
16,34
10,49
39,48
3,40
35,42
2,12,40
11,35
8,16
35,42
1,14
33,38
26,40,44
14,41
20,30
14,21,24
31,40
12,18,22
16,41,50
13,27
3,14
22,28,45
4,29
20,40
9,42
23,44,49
8,16
30,37
25,32
2,9
9,49
13,23,45
2,11,23
16,19
21,28
1,14
22,23,35
26,46,47
5,15
36,40
7,34,41
17,43
10,17,34
22,25,42
3,21
4,17,50
5,42
1,3,46
10,47
39,50
16,44
27,49
30,42
21,24,46
26,49
9,39
4,7,48
8,49
10,29
12,38
3,24,33
27,31
13,26
18,35
24,47
9,42
18,27,50
13,34
1,33,41
10,16,48
21,27,40
5,6
11,23,41
8,20,27
4,38
1,24,46
23,35
17,43
1,13
5,22,46
11,47
22,37
20,25
27,48
2,5
3,33
2,32
10,12
2,11,25
24,26
22,37
26,27
18,28
10,41,49
23,32
1,6,13
30,33,48
34,35,42
8,19
18,23,25
26,33
11,15
7,43
10,39
29,39
7,21,36
2,35
19,36
12,16,39
15,22
26,46
22,45
24,35
2,11,15
26,39
30,44
10,44
10,43
30,34
14,16
9,11,44
20,21,32
4,36
1,40
1,33
12,37
11,40
15,35
25,45
5,6
27,38,40
35,42
3,26
11,23,25
2,45
12,47
12,20
5,15
6,22,48
26,46
12,23
39,43
9,36
25,48
20,50
41,43
7,16,17
30,50
19,20
16,22,44
24,40
39,40,50
17,45
27,40
1,48
17,23
41,50
3,22,43
7,41
26,40
39,41
33,46
9,22,45
6,32
34,36
24,46
17,41
10,14
11,17
11,12
17,41
15,28
21,33,38
3,7
1,25,39
9,15,24
8,16
39,42
28,42
1,24
2,10
1,24
35,43,48
5,6,28
14,38
1,8,15
13,41
20,29,34
15,20
21,33
14,36
26,44
23,35
20,27
20,33
1,27,44
5,27
11,25,37
7,41,50
6,11,31
6,33
23,28
17,50
10,37
13,24,26
15,42
28,46
11,19
16,36
24,27
7,14,43
1,26,46
12,36,47
34,48
15,37
13,14
1,47
3,25
16,23,24
16,43,49
11,33,46
18,25
15,22,32
1,3
1,14,46
11,32
18,37
27,46,47
5,9
12,48
4,11,32
4,39
8,22
20,36
3,23
3,33,47
10,39
24,33
19,30
12,25,36
6,9
4,20
9,18,23
2,32
6,9,22
17,49
28,32,42
29,49
2,25,32
35,36
25,26
1,22,40
8,11,44
36,50
5,22,49
17,29,30
32,48
5,23
21,32,36
18,27
1,44
15,32
3,40,46
6,31
10,17,48
23,50
31,42
12,29,41
2,13
19,20,28
19,26
14,44,47
17,23
24,27,46
23,34
31,42
2,5,42
8,22,25
6,25,45
23,32
8,33
9,31
27,50
5,25,42
14,21,24
1,27
18,22
17,20,34
15,37,45
6,9
6,22
19,35
12,19,34
7,8,41
24,46
7,24
2,41
10,17,34
4,39
3,21,33
12,19
15,45
6,34
18,25
11,44
2,11
36,48,49
3,44
5,36
5,14
18,31
1,33
11,28,32
15,25,35
7,24,39
16,43
12,34
4,20,43
21,48
34,49
17,27
2,18
6,22,35
1,14,24
1,13
8,41
27,33
4,47
28,42
21,40
24,26,42
1,12,45
22,35
43,48
46,49
2,45
18,49
10,13,31
11,35
7,50
26,47
15,40
3,46
14,49
16,17,34
14,28,30
15,23
12,16
3,18,47
18,32,46
36,39
25,37,42
6,32,45
7,10,50
40,44,47
20,46,47
39,49
22,28,41
13,21,47
33,45
17,24
33,40,46
8,21
27,47
5,7
30,41,49
10,39
18,42,45
21,23
