8,13,47
21,36
13,22
13,15,30
29,32
3,8
35,37,46
36,41
22,46
8,18,28
2,42
1,4,49
19,25,48
21,44
10,37
17,34
3,26
20,35,47
13,30
8,18,28
2,7,42
1,8,15
10,50
1,29,49
24,45
10,22
11,23,33
16,19
11,20,40
7,31
8,15,21
24,35
5,27,45
31,40
35,40
7,22
32,48
21,33
20,50
18,28
5,32,49
33,37
14,16,50
12,47
45,47
6,39
1,8
27,44
15,23
6,37
8,11
9,19,25
6,37
8,12
42,48
2,33,50
15,20,47
21,28,33
10,42,50
26,32
12,21
27,34,48
36,46
4,43
33,49
26,49
25,45,48
10,39,46
9,45
8,12,33
11,28,33
2,38,39
12,37
1,12,23
31,34
22,41
22,29,31
8,18,24
14,23,26
26,28,36
10,31,42
31,40,44
20,37
10,43
2,10
13,30
15,39
44,46
35,44
14,44
19,27,45
7,45
17,34
2,31
39,43
1,5,25
17,29,32
40,45
38,39,42
14,38
7,44
20,33
3,36,43
3,5,29
9,20
8,13,23
16,46
23,27,32
5,30,44
2,31,39
38,44
13,37
13,48
18,33
8,30,47
24,50
5,29
25,46
35,36,43
2,43
6,10,36
27,29
13,32
33,41
12,15,28
26,47
35,39
13,18
6,22,40
14,33
35,43,46
9,17
12,47
15,30
5,48
34,45,49
21,36
18,28
9,27,41
16,27
12,15,21
2,7,31
11,12
12,47
13,32
17,41
39,41
11,28
4,16,17
11,23
3,36
13,24
2,26
34,44
2,42
2,14,43
27,34,45
7,37,43
8,12
32,34
33,47
22,38
11,21,24
7,46
10,43
32,33
3,8
4,17,42
25,45
8,24
8,23,30
11,24,30
17,45
12,26
32,41
6,24,36
21,47
37,42
11,12,20
11,12
6,22
26,45
42,43
20,33
17,26
34,43
31,35,50
14,35,50
13,37
12,23
4,49
2,22,50
10,31,35
5,20
32,34
40,43
12,20
1,8
10,43
12,34
24,35
16,46
3,25,26
13,15
18,23
14,41
9,33,50
24,28
7,22,36
11,40,49
34,41
8,35
17,19,40
8,28
3,26,48
5,26
9,32
24,27
23,24,33
9,45
7,22,40
23,30,47
5,18,41
5,48
9,19
8,12,27
3,33,44
4,37
37,40
16,26,41
2,22
6,22,50
32,36
5,29,49
28,47
27,31
6,27
14,30
35,41
40,43
15,41
6,37
5,20
10,16
8,23,28
5,48
3,16
10,14,31
18,23
8,34
7,9
17,41
15,16,46
7,39,42
33,50
5,34
15,23
38,45
23,28,47
11,30
4,32
16,32
3,8
7,42
2,39,43
17,26,41
14,22
38,44
7,11
15,30
9,19,32
2,44
2,15
33,43
35,46,50
4,27,48
1,12,13
2,49
1,23
10,22
8,24
16,32,45
28,48
6,40
40,44
41,43
1,12
19,33
9,27
26,30
5,19,27
5,32
15,21,36
4,11
7,42,44
12,28,48
21,29
10,31,40
3,16,17
3,25
1,5
1,47
25,26,27
27,41
3,34
17,29,34
19,27,34
2,5
19,29,34
9,34
15,23
40,46
26,45
17,34
25,44
14,25
12,24
5,9
7,12,17
3,16
36,46
35,37
19,25
32,34
40,50
16,50
44,50
6,7
10,34
10,29
35,46
25,48
22,47
16,31
12,30
2,24
22,41,47
14,31
2,22,35
16,39,48
8,28
4,16
5,16,45
29,41
26,41
33,35
11,30,47
19,25
9,26
2,41
15,47,50
16,17
39,40
36,43
5,9,29
13,23
3,4,34
31,37
20,26,42
3,6,23
19,32
3,12
37,43
18,24
29,30
17,23
32,46
40,43,49
3,17
25,26
28,50
13,24,49
23,47
2,8
17,39
13,20
6,37
9,23
22,46
27,48
33,47
11,12
14,42
9,16,17
15,20
16,26,48
9,19
5,16
32,45
9,26,45
36,45
8,22,27
8,13,23
10,47
19,25
8,23,26
16,41
21,27,30
23,47
11,13,20
19,23
2,36
6,39
36,37,44
14,23
11,24
4,17,48
5,17,49
31,42
31,43
9,49
13,23,24
8,24
10,40
3,5,48
20,24
24,26,48
8,20
31,43
19,34
20,37,38
2,7
26,50
15,21
1,33
3,9,41
2,45
7,40
2,44
24,30
7,11
24,46
5,9,45
30,37
7,31
8,21
21,33
20,28
3,25
40,45
11,47
13,23,47
7,28,46
4,18
20,28
27,49
20,30
15,33
8,23,47
8,21
2,33
9,23
3,26,45
37,50
3,4,48
17,47
32,46
18,23
17,34,48
21,24
31,40
4,20
17,48
45,48
27,32
12,20
9,21
5,9
5,19
21,24
18,29
42,49
3,19
10,26
3,9
3,5
4,5
24,32,47
23,32
16,43
3,9,41
2,28
35,42
8,11,21
12,33
5,16
11,33
14,27,48
25,49
6,50
29,41,49
7,31,46
7,22
22,35
4,29
23,24
7,46
8,45
7,22,39
9,29
1,7,39
3,29,34
2,7,50
6,13
19,26,29
19,26,40
21,38
25,26
16,17,48
13,35
44,50
33,34
5,8
39,40,46
17,46
30,47
29,32,45
20,21
20,28,38
12,13,20
11,18
16,27
20,33
4,44
29,31
27,36
12,47
2,31
36,40
12,39
8,13,47
5,26
46,47
1,20,23
36,46
30,47
3,16,49
13,18
12,28
1,18
42,44
6,44
8,21
7,31,43
15,26
35,50
18,23
17,19,48
25,26,48
9,16
10,37
26,42,46
7,39
15,28,49
37,40
32,50
18,28
40,46,50
27,34
31,35
36,37,50
4,42,46
3,25,30
13,24
31,42,47
22,38
14,37,46
6,22
2,10,39
6,37
12,21,24
9,15
29,34
16,35
3,49
20,30
8,11
8,20
21,23,47
25,45,49
33,38
1,11
21,35
1,8
28,48
41,46
6,36
26,29,45
11,47
5,41
8,11
2,6,39
27,32
11,40
41,48
10,36
14,22,36
20,21,23
38,40
11,21
24,44
13,28,42
22,28
11,33
3,5
35,38
43,50
1,33,47
8,28,39
10,31,36
28,47
1,44
34,45
12,38
14,42,46
5,35
39,47
16,25
8,11,13
20,21
1,13,33
4,38
21,28,32
9,49
18,33,47
16,26,41
7,37,46
28,33
20,23,30
42,44
2,40,43
15,21
19,33
6,17,45
21,45
29,49
4,32
8,22,30
25,34
10,50
9,50
20,36,50
2,11
1,33
12,18,30
5,36
20,21,24
3,5,36
34,44
19,34
12,13
8,24,39
1,11,33
4,38
2,18
13,30,33
5,48
4,29
31,38
3,5,34
12,36,39
13,28,33
17,27,48
4,37
23,47
29,42
41,42
8,11
10,37
35,37
4,25
2,6
6,37,39
42,48
4,36
3,9
43,50
15,38
22,37,40
31,42,43
13,26
9,25,41
1,11
18,41
14,26
9,28,47
41,48
11,19
9,25
3,5
21,30,47
28,47
40,42
19,32,43
8,48
5,26
7,46
1,15
32,41
21,47
16,29
1,8
31,36,50
11,20,28
8,13
2,39,44
39,42
5,19,45
4,8
40,44
40,42
9,37
43,44
12,40,44
21,36
31,39
15,18
35,42
39,42
38,39
38,40
29,41
12,14
29,50
12,20,33
5,26
14,32
6,26,36
32,45
15,41
8,12
25,39
14,36
36,39,40
39,46
45,49
20,21
1,8
26,49
8,23,49
6,38
11,24,28
12,18,24
12,18,23
25,38
13,15,21
38,43
9,33
20,24
4,27,32
39,47
14,47
4,12
5,41,45
11,49
4,19
9,17
3,9
6,46
32,49
18,33
18,26
34,48
16,19
14,17
39,49
28,43
13,15,21
1,44
23,28
33,47
6,36,46
23,33
22,38,39
7,31,50
35,36,40
9,26
13,31
6,14
43,50
21,37
42,49
20,23
6,38
16,48
29,49
20,40,48
27,38
40,43
43,50
25,31
7,22
5,19
17,45,49
12,26,34
27,37
38,49
12,18,23
8,13,21
28,50
