9,15,26
36,42
45,47
23,29
27,32
6,13,42
7,8
7,27
13,26,50
28,31,45
6,12
6,18,50
18,39,42
4,9
28,37
34,35
1,3
9,40
23,47
41,50
23,47
11,46
9,40,46
30,46,50
12,18,33
10,41
23,37
1,23
25,32,48
32,35
1,19
5,42
16,27
14,46
36,39
26,47
1,29
30,33
22,33,49
25,30,38
9,17,47
18,21
1,19
28,39
11,17,21
27,32,47
8,15
8,23
35,47
26,43
1,13
6,27,36
40,44
3,6
2,45
2,40,47
14,41,50
14,21
4,10,11
22,40
8,43
32,40,46
9,28
9,25,28
12,18,24
12,16
13,24
3,23,34
12,41
33,35
23,27
22,32,41
16,46
2,31,47
7,47
23,41,42
24,39
34,46
18,22,30
15,43,47
32,38
15,50
4,9,16
15,28
7,43
9,39
7,27
3,6,42
4,36,37
12,25
1,45
3,16
26,47
22,31,49
27,43,47
10,30
5,13,45
16,34,45
26,48
15,28,38
9,43
8,47
1,3
8,23,48
38,45
26,29,40
27,45
40,45
9,28
1,6
34,40
33,50
27,43
8,15
5,32
24,30
27,47
8,16
1,34,46
12,22,30
28,46
11,26
23,26
7,15
7,23,26
16,17,34
15,17,18
22,45
25,45
29,38
35,41
16,31
10,21
10,35
20,31
40,45,46
9,25
12,28,42
4,33
5,26,37
18,36
9,11,46
21,32
13,49
14,17,50
18,33
8,27
2,37
9,28
15,47
17,21
4,34
3,13,29
1,32
8,27,46
10,44
37,47
30,42
1,35
23,43
8,23
28,29,35
43,47
15,43
14,31
8,26
23,24,34
7,13,47
24,39
39,42
10,29,37
11,32
36,38
5,50
23,38
11,38
7,26,27
1,2,5
8,27
45,48
7,27
31,32,49
19,32
4,25,48
2,34
17,26
25,46
31,48,50
21,25
6,10
17,30
10,37
12,19
11,16
7,42,43
13,17
27,48
22,33
23,48
13,17
11,19,29
4,17,21
16,34
16,29
7,48
24,31
14,27
12,22,39
2,31
9,46
5,6,27
16,39,47
28,36,44
22,39
3,29
1,46
15,47
15,19
13,34
10,23,37
21,31
6,42
17,39,42
14,36
34,44,45
1,35
16,46
12,36
30,35
3,12,41
15,26,43
23,48
1,31
17,35
8,26,48
1,28,34
4,42
21,24,41
26,43
31,35,38
5,26
32,35
8,38
8,15,23
11,35
5,44
1,43
43,45
5,49
14,18,35
44,46
6,21
7,8
26,43,47
8,43
10,48
9,13,44
7,37
16,17
17,30
28,41
43,47
6,49
18,49
37,38,46
36,41
30,32
6,29
39,40,42
3,9,22
3,23,47
19,25
20,41
17,22
1,34,46
2,25
8,15,23
4,37,44
35,38,44
3,30,33
18,24
15,27
8,27
4,41
36,42
14,42
18,29,50
3,21
8,31
13,34
25,28
17,24,33
11,22,33
1,5,13
13,35
2,4,9
19,24,49
19,25,29
4,5,30
23,43,48
15,47
16,23,40
14,36
20,36
20,22
21,30
15,41
6,17,20
5,10
15,48
13,24,27
10,15
26,27
21,44
18,29,35
20,47
34,38
11,34
9,28
40,44
35,47
13,35
4,29
12,21
25,46
32,43
15,49
2,17,33
7,43
17,48
7,8,48
6,14,41
7,15
8,15,48
1,4,19
16,35
14,30
24,31
23,43
12,32
3,24
28,29
13,23
37,46
14,17
47,48
11,50
42,46
12,35
22,49
26,43
9,37
1,34
26,27
37,39
31,50
21,23
17,44
13,19
7,48
43,47
19,21
23,26
47,48
3,6
12,16,25
43,47
21,46
22,25,46
14,34,47
11,31
16,46
19,33
39,43
3,5,9
26,36
34,36
7,43
8,48
23,26
18,32
15,26,45
4,36
7,15
1,22,43
5,44
6,8
19,40
6,48
12,18,42
29,34
8,45
14,32
22,40,49
1,8
43,47
25,34
13,35
30,37
18,49
8,32
2,16,35
12,18
15,47
18,20,41
13,26,44
19,33
48,49
17,49
3,23
15,43,48
10,33
43,47
14,28,45
14,41,42
4,5
21,30,42
24,30
22,32,49
18,40
11,37
37,38,40
15,45
23,26
5,9
8,23
2,18,41
12,14,18
24,32,40
8,26
3,37,39
30,39,41
1,25
22,30
25,36,39
34,39
1,9,19
7,8,47
3,10
17,18
8,23,47
31,45
26,43,47
5,48
32,47
4,26,50
14,32
3,6,21
40,42
23,32
39,49
7,33
25,45
12,14
8,15
21,32
13,19
29,46
9,10,29
14,20
15,48
10,17
9,19,40
31,33,39
11,35
1,23
3,20
21,37,48
8,15,23
7,50
9,35
23,43
2,32
15,16,19
1,23
7,47
5,45
15,21
2,19
20,40
25,37
17,33
9,32
2,16
1,5
8,14
9,12,50
17,37
13,46
4,10
35,47
3,30
20,46
23,44
19,38
25,28
20,36
1,44,45
35,44
18,22
21,22
3,21,31
11,32,40
7,28
27,47,48
14,18,33
22,32,33
37,48,50
7,8
2,28
24,33
13,45
6,34
7,34
15,23,27
39,44
30,31,39
4,5,11
6,14
33,41,49
5,34,38
1,5,44
1,32,33
21,22,31
14,44,47
7,38
37,45
10,19
20,36,46
47,48
22,24,31
14,17,36
23,26,48
7,48
10,35
26,44
8,31
4,43
41,45
10,14
22,49
15,27,47
2,6,40
4,28,46
32,42
25,44
19,41
8,27,43
26,27
19,42
43,47
20,36
22,49
23,35
11,33,42
3,12,33
2,35
36,42
8,43
18,35
4,19
8,27
24,32
17,25,42
24,31,50
16,38
27,48
21,24
1,34,45
35,42,49
26,34
25,26
41,49
17,40
35,47
6,49
8,48
25,38,41
12,13,44
14,21,30
1,37
2,5
9,36
11,13
9,45,46
5,9,34
8,15
15,23,26
35,39
19,35
34,50
7,43,48
23,36,37
3,4
10,38,40
13,22
22,50
26,27
32,50
7,48
22,32
7,15,48
26,45,50
22,27
7,26
23,50
17,24,39
20,28
19,32,39
45,46
8,27
9,23
33,45,47
29,36
12,37,38
7,26
13,50
14,49
8,47,48
26,27,43
12,14,38
37,45
7,8
23,43
8,43
8,26,27
8,15
41,42
26,48
35,38
27,47
23,43
18,39
17,36
18,25
6,17,41
16,28
1,25
4,7,25
11,39
9,14
23,27
18,37
38,45
6,21
21,24
2,9,34
1,13,35
36,41,45
36,49
3,18
25,36,47
36,43
2,6,29
29,50
11,36
11,45
1,9
5,13
2,8
7,15,23
7,19,25
20,39,49
12,30,37
26,27
20,41
1,50
20,37,47
2,5,35
6,20
30,32
13,34
28,38,46
3,49
33,34
39,42
41,44
1,40
28,37,42
22,41,49
5,16,42
37,44
16,34
4,42
29,38,48
33,50
8,23,43
9,16
22,33
15,49
6,49
5,44
15,47
19,29
10,34,45
2,34
23,39
15,27,43
2,40
47,48
16,36
12,21,49
2,44
13,41
3,17,21
14,21
20,30
17,41,42
35,37
1,8,18
6,18,41
32,38
12,15
1,11
13,25,46
19,32
3,50
30,31
7,26,48
16,18
30,32,36
37,46
6,48
20,30
4,13
2,12,26
4,16
8,48
23,48
8,16,28
6,21,33
30,38
11,35
3,21,22
12,18
33,50
35,38
15,46
15,27
6,41
44,45
8,43
31,34
16,39
28,31
21,33,41
30,32
25,34
21,42
9,17
15,47
39,50
18,20
15,47
33,35
41,42
30,34
18,46
25,29
37,44
12,22,49
20,22
9,35,46
1,35
9,24
26,31
18,22
6,13
10,37
11,34
3,23
7,8,48
20,39
40,45
5,31
9,19
33,44
3,10,43
21,33,36
3,14
9,25
10,44
4,40
2,42
7,15,48
15,43
1,23,42
29,40
33,37
40,43
25,49
4,44
5,19
12,21
27,49
12,40
6,18
31,32
23,39,42
16,44
