15,20,31
22,24,49
31,48
27,47
16,43
26,31
4,40
5,35
33,34
12,14,16
26,30
14,38
1,6,46
9,35
11,43,47
10,18,39
5,37
6,19
8,33
32,40
5,9
2,10,27
2,14
40,41
2,42
28,29
14,31,43
21,29
24,28
17,35
3,20,35
23,49
34,46
17,27
2,49
12,35
13,30
1,5,50
45,48
13,46
9,31
5,20,33
2,7
20,27,46
19,34,46
22,31
3,24,30
26,38
26,31,37
10,40
26,35
20,36
34,36
3,30,37
23,46
30,41
5,6
7,39
19,40
26,34
7,47
32,34,46
16,22
8,46
33,42,50
3,24
28,29,33
21,31,35
28,32,42
24,28,33
18,34
25,34,49
6,28,31
17,25,38
20,37,48
35,36,42
9,17,30
13,21,45
4,28,31
29,46,50
27,39
12,41
6,11
5,29,46
26,38
14,39,47
20,25,42
15,24
18,41
29,34,50
22,49
36,41
2,4,11
9,13,21
2,10,39
4,39
11,38
11,16,44
8,38
18,38
27,38
4,10,27
9,17
10,38
36,50
1,34
18,49
21,35,37
9,35
25,40
24,35
23,43
28,33
38,43
24,47
16,18
35,36
22,34
15,34
15,23
3,17,26
27,43
32,33,34
26,29
15,17
7,25
23,25,44
17,32
25,37
29,36
30,35
24,42,49
6,23
18,41
17,26
13,31
9,26
2,4
40,49
13,17,21
11,43
22,42
3,16
15,23
5,14
16,47
7,12,19
1,15,46
10,43,44
8,40
11,18,38
5,41,46
33,46,50
5,22,24
17,39
6,21
29,46
20,26,44
28,33
25,34
9,18,21
5,25
25,32
22,30,42
18,38,41
25,29,33
4,45
28,36
10,18,39
16,50
12,42
29,30
9,15,17
3,22,49
6,18
4,32,42
33,42,50
2,39,47
26,37
12,17,34
6,36
1,10,42
1,16
34,41
22,50
19,49
21,37
30,45
4,8,33
26,42
16,17
26,45
20,50
3,23
17,22
15,17,39
36,42
41,45
9,36
37,42,47
11,41
30,48
22,48
45,48
21,27
36,40
34,49
14,40,44
35,37
11,38
29,31
10,27
17,31,37
17,48
24,50
17,30,45
5,6
20,34
6,14
16,41
5,29,33
28,33
4,14,43
12,41,47
24,31
42,50
17,43
30,48
1,42,50
28,32
7,47
29,42
13,35,37
11,48
17,31
8,22
30,36
9,24
5,7
36,46
34,49
24,36,42
16,29
5,38
7,11,44
6,22
7,41
13,18,30
34,43
30,37
15,44
10,18,38
11,44
3,21
1,20,22
11,50
24,36
3,23
6,32,34
18,19
1,33
9,14,15
12,38,44
10,44
1,32
32,38
5,42
16,38,44
37,38
5,32
11,18
11,47
22,44
2,4
21,48
2,29,34
7,38,40
25,36
21,30,45
39,46
3,17
12,33
5,29,46
21,40
36,50
21,24,39
1,47
17,35
38,43
15,28
17,26,31
19,28
15,36
2,4,14
14,41
38,39,44
2,18,44
6,36,38
44,49
25,39
17,18
4,14,16
3,37,45
19,43
45,46
14,19,38
8,45,50
3,40,50
16,50
36,41,42
3,9
4,14
3,45
1,46
7,33
1,46
20,34
29,36,49
6,34
18,47
9,26,37
28,50
20,50
30,48
2,40
5,47
30,37
13,26,35
3,20
29,42,46
5,36,40
26,29
17,26,35
30,45,48
9,13
11,16,39
25,33,36
30,31,37
15,36,41
13,31
30,35
9,26
5,35,44
30,35,45
3,26
5,32
8,37
40,48
4,19
38,43,47
5,32,49
5,30
3,13
38,39
7,22
1,50
25,27,45
15,20,50
3,37
12,18
2,18
30,45
16,33
20,23
6,15,23
16,39
4,11
10,33
3,26,35
6,22,36
7,10
15,28,34
13,33
1,21,33
26,48
16,36
28,50
24,48
2,33,49
8,15
34,40
13,32,46
30,31
8,48
11,42,45
9,21
33,45
12,21,42
3,28
11,12,18
6,17,25
11,15,28
2,7,40
12,38
3,41
10,22,41
31,35
31,40
2,4,16
17,37
21,28
7,16
42,46
23,39
18,38
15,28,34
16,28
20,22,23
4,10
13,36
11,13
32,46
3,13,45
4,27,47
11,40
18,41
22,45
21,26
12,41
42,46
2,11,38
10,16
16,47
42,50
3,8,48
17,26
4,44
13,24,39
1,5
18,48
29,42
13,26,35
27,30,50
4,11,27
12,50
12,27
23,29,46
11,27,38
11,17,26
5,36
3,8,30
9,14,23
19,40
7,39,40
12,30
45,48
14,38
27,38
18,24
8,14
7,40
39,41
22,28,42
17,30
15,23
20,22
28,46
1,13
9,31,37
14,27
32,46
3,36
13,21
16,36
11,13,46
28,32
42,44
15,20,24
2,22
4,12
34,40
9,11,18
20,25,49
9,42
15,46
27,39
8,43
44,47
2,19,27
7,11,32
4,16
5,49,50
12,35
43,45,47
10,31
4,16,41
11,13
7,27,42
38,48
3,17,21
7,38
22,34
9,35
31,35
1,41
32,50
3,8,45
15,25,29
11,15
9,30
34,49
35,47
8,26,30
35,50
10,39,41
20,37
20,22,34
9,31,45
5,29
6,22,33
8,35
25,33,50
15,43
4,11
30,44
28,40
31,45
14,39
19,41
38,46
11,18,41
10,33,39
29,34
20,30,44
9,16,31
14,16
13,47
7,18
7,34,43
29,32
12,23,32
26,37
16,20
25,28,42
13,17,48
13,48,50
26,48
6,24,49
3,42
33,44
34,46
21,35
19,27
12,14,47
29,34,50
1,5
11,41
1,42
36,49
4,43,47
21,30
14,27,47
5,36
11,27
37,41,48
2,4,24
38,40,41
7,40
26,35
36,50
7,27
15,40
13,26,31
5,16,20
3,9
1,22
2,8,46
2,11,16
6,34
17,31,35
3,17,35
22,42,50
1,20,25
9,27
19,43
4,10,13
3,48
31,35
9,39
4,38
15,29
20,25,34
29,32
21,37
1,44
2,10,38
11,36,48
6,10,13
19,41
33,34,50
5,29
30,38
1,47
5,46
5,34
26,50
33,34
10,22,26
1,29
15,43
3,21,27
38,41
2,3
4,16,40
14,17,30
9,13,45
26,31
2,39,44
5,25
2,19,42
9,30,35
10,13,48
23,46
30,33
6,32,40
24,36,46
2,14,47
19,35
22,34
19,33
20,50
21,22,34
33,46,50
29,32,50
32,34,49
7,43
8,35
14,18
13,23,45
18,41,47
1,30,41
13,25,37
27,40
45,48
11,12
28,33
12,40
13,30
3,49
9,14,32
14,41
5,24,39
6,50
30,38
24,25
30,41
10,40
14,16,19
22,29
22,36,49
9,36
3,27,41
32,40
38,39
9,21
17,33
17,26
10,42
5,7,12
13,28,44
8,13,48
3,34
20,28,29
11,16
8,30
11,43,44
13,17
24,37
3,17
27,45
8,21,30
15,23,46
15,23
19,42
14,47
10,11
6,26
11,23
20,35
13,35
1,36,50
5,23
15,40
3,17,35
30,45
18,31
24,29,42
6,15,42
9,11
27,47
22,32
7,40
5,20
3,8,37
26,35
31,37,48
22,25
11,45
4,33,43
32,33,42
8,9,31
11,41
1,23
48,50
6,23,28
33,34,45
7,12,39
15,22
31,41
8,35
18,32,42
18,49
1,28,49
1,26
5,22,50
3,26
12,19
9,10,42
9,37,45
31,45
7,38
11,45
31,48
8,12
41,47
6,33
2,27,39
16,21
8,37
20,25
25,44
5,32,34
7,19
14,38,44
21,37
20,36,50
5,26
3,37,45
16,39
14,44
21,31
16,31,38
5,36
25,34,46
5,39,49
26,30
44,47
11,32
3,13,37
26,37,48
40,41
5,22,28
17,39,42
16,18,38
1,20,49
18,43
11,38,41
13,30
25,35
14,32,44
14,38,40
3,21
9,13,15
16,17
7,27
14,19,24
6,17,37
12,42
2,11
35,45
14,48
25,33
10,41
32,34
17,26
18,22,29
4,7
15,28,32
15,18
2,14,38
22,25
24,32
10,46,48
12,20,38
25,49
17,31,37
18,27
3,13
16,25,49
13,38,47
40,42
40,48
28,40
21,31
3,26
17,20,26
4,16
37,40
17,38
36,42
