12,31,124
2,35
605,635
26,780,782
136,178
52,132
99,704
21,951
247,988
288,434
23,52,66
62,836
22,186,903
135,398
3,8,950
12,580
66,253
21,298
591,675,986
9,994
3,4,82
5,919
13,49
65,237
211,431,616
24,25
133,829
3,295
12,15
139,555,910
4,259
10,414
124,193,561
4,64,883
5,905
21,183
435,503
7,84
11,207
20,133
99,599,819
81,579
6,87
1,396
85,523
191,314
332,810
44,473
55,671
939,997
4,174,367
34,128
224,267
15,62
94,194,241
83,89
1,626
13,67
113,130
1,56
313,699
6,492
34,979
3,232,323
71,554
19,171
721,863
529,544
20,540,923
59,268
45,309
16,52
645,680,712
68,190
21,40
105,324
14,643
27,286,433
10,821
42,264
105,461,495
21,73,127
361,666,843
216,275
56,134
228,305
5,519
3,74
31,37
311,346
41,123
122,286
740,779
858,925
617,893
27,582
6,517
19,311
89,277,792
533,726
97,115
45,215,857
64,117,667
85,92
26,835
175,781
333,386
140,184
29,244
242,830
62,308
20,73,102
71,94
3,27,662
17,20,25
9,104
24,959
124,585
64,345
26,61,83
1,309
130,631
87,265
13,758
158,539
67,121
256,659
53,569
28,200
11,29
336,826
131,960
35,209
258,627,656
4,38,105
110,789
104,973
13,306,369
10,280,899
56,121
36,137,206
16,385
94,101
91,173,188
9,481
11,800
5,88,489
50,248,284
80,962
27,850
118,590,943
158,424,802
58,990
110,794
4,19
43,155,537
18,384
1,119,144
109,118,210
12,106,123
11,182
48,231
32,845
51,568,982
3,8
330,444
3,99
24,301,638
16,563
6,147
50,217
13,89
70,119
328,614
7,16,334
2,259,931
496,692
241,318
111,465
2,26,300
70,257
97,623
29,130
24,691
108,401
3,510
1,28,163
1,714
58,145,716
207,612
7,21
3,11,235
121,687
3,963
26,119,164
19,23
7,466,727
7,362
12,279
208,937
9,132
8,73
51,494
3,355
88,166,468
132,669,909
41,67,397
78,650
2,4,641
36,47
28,54,292
8,733
138,785
248,300
278,287
8,41
153,171,824
80,885
9,38
7,112
14,742
18,77
33,372
1,2
156,277
2,28,93
2,76
88,263
456,738
18,116
167,187
114,965
4,24
366,793
8,578
123,706
14,22
374,723,748
549,702
166,272,622
115,644
2,111,209
7,343
823,956
60,339
157,609
10,65,390
40,210
11,21,834
718,998
324,577
247,312
139,174
12,936
13,35,103
17,174,588
114,664
65,208
37,51,138
72,884
10,429
235,917
44,769
32,668
14,28
90,663,698
322,474
39,387
875,984
231,847
15,18,205
22,739
710,934
14,24,705
22,98
20,773
14,415
122,260
159,413
41,48
8,840
7,249,657
14,298,601
267,976
332,422
148,418
13,53,639
6,50
252,902
304,412
4,148,855
352,809
11,12
5,23
5,68
101,647
6,487,890
69,165,480
357,886
25,44
22,338
24,421
18,51
33,64,140
132,196,497
339,971
4,161,469
43,904
1,220,234
51,122
26,720
11,57
34,56
2,90,159
173,753
135,304,862
377,536
49,833
278,310
108,245
106,138
1,584
2,762
881,906
175,176
130,636
4,935
160,958
9,606,679
147,195,226
79,204
21,113
224,294
74,395
5,46,156
5,33
1,23
46,611
6,115
222,256,274
274,953
112,171
16,290
16,20
33,276
84,153
250,551
9,678
63,347
12,403
15,499
3,223
180,454
512,648
14,37
44,315
12,59,918
240,383
7,281,949
797,838
5,148
6,195
78,912
290,331
29,293,865
8,120
5,17,849
18,735
289,556
14,269
29,848
331,425
46,103
22,48,477
255,337
28,39
69,392
3,12,86
14,262
285,594
14,239,552
19,150
25,297
1,5
41,746
3,52
93,608
307,846
23,379
173,475
49,341
103,319
150,889
316,749
25,268
258,557
4,16
6,393
16,458
634,975
192,942
446,447
55,219
5,164
11,15,798
177,273,326
93,202
109,141,313
15,731
514,570
64,993
10,189
356,763
35,72,449
462,658,764
30,553
71,729
7,9,139
13,520
152,162
30,70,995
358,610
17,448
10,37
97,751
60,142,335
15,783
28,42
3,54
74,752
15,112,182
38,85,254
1,58,246
368,754
8,333
89,162
14,391,940
65,70
226,660
3,237,946
1,11
90,382
22,88,125
81,202
195,341
23,33
47,728
47,788
86,222
34,478
882,991
270,445
236,651
19,78
114,765
23,778
146,245
23,45
53,77,161
35,364
31,212,837
78,124
67,521
7,71
4,99
10,212,323
128,952
137,498
62,724
112,805
63,538
6,109
509,968
69,371
878,916
117,128
8,402,677
6,42,546
18,288
9,479
1,22,866
129,183,441
55,62,133
7,133
45,467
646,820
128,225
2,56
306,430
20,79,151
168,187,272
11,70
30,602
197,796,827
79,404,945
50,158,351
140,832,913
3,4,111
189,238
6,567
19,23,317
40,53
20,528,825
90,110,199
22,442
16,29
694,795
47,120,187
34,243
11,185
9,911
25,57,316
149,686
20,974
53,96,929
168,399
129,697
1,653
3,842,1000
13,68,234
2,35,297
170,192,964
77,406
12,97,525
4,269,470
27,107
98,615
77,261
83,922
2,204,400
81,113
59,236
26,37
20,978
7,74
1,3
2,22
5,565
29,126
43,571
19,640
46,246,254
455,861
169,215
80,95,969
1,35
87,711
2,709
64,581,996
114,276
12,312
9,232
618,880
326,595
513,534
84,198
16,853
27,191,427
4,141,483
54,98
543,684,745
131,432
7,43,178
8,13
74,490,619
33,127
228,464
108,117
17,58
249,894
198,301
5,109,172
76,242
59,961
9,12,471
72,125
287,299,484
15,822
49,72
31,593
253,598
46,67
283,325
335,693
69,342
160,193,548
7,39
42,535
2,628
2,218,572
203,261,806
6,47,120
10,463
2,4,27
59,131
2,17
6,57
6,89,265
23,85,443
15,363,417
344,828,900
303,681,767
8,869
136,285
29,42
155,921
532,624
6,57,159
168,188
30,154
126,992
14,851
41,163
15,932,983
147,327
7,683
1,766
5,166,741
36,772,774
63,116
41,96
9,856,864
5,134,589
13,370
16,169
407,410,423
3,9
4,841
20,65,155
1,16
199,522
22,349
31,701
476,652
30,896
223,336
157,670
10,213
18,36,61
143,325,655
32,66
157,163
7,76
47,938
65,196
257,775
5,302
28,54
102,119
27,88
172,450
1,105
175,330,948
15,107,318
8,221
31,365
75,637
768,887
77,107
376,518
275,314
45,201
1,6
126,688
282,334
46,690
125,967
24,734
35,192
95,713
151,674
13,302
10,45,755
113,115,897
68,78
2,262
2,151
439,559
3,750
299,307
18,86
60,149
134,488
12,381
4,10
56,149
17,28
251,506
9,21
82,416
18,68
7,185
516,562
17,203
5,586
106,633
10,72,181
604,625,924
43,817
31,40
131,907
3,21,185
34,233,629
43,63
11,62
95,172
25,844
117,317
69,122
32,240
40,985
85,98
25,54,482
40,214,337
10,229
14,573
161,177
898,944
39,42
531,676
145,194,732
96,162,176
21,743
181,420
4,305
5,9,37
21,803
8,707
1,491
587,790
5,167
485,486
3,73
26,44,46
502,852
271,493
12,25
8,40
82,811
6,8
18,165
9,125
17,134
184,695
206,980
295,453
3,205,736
4,58
5,38
45,111,696
405,989
315,928
6,32,620
217,583
472,799
22,700,816
50,888
19,24,201
129,784
152,550
4,160
60,91,867
30,196
15,101,607
1,76
19,30,57
80,227
6,322,933
17,654
116,915
44,51
2,100
50,169
13,230,294
24,44,79
25,93
839,854
7,37,564
127,180,320
1,38
135,197
48,142,200
685,891
438,440
82,144
69,100,987
13,719
23,33,283
7,61
52,82
30,632
20,747
213,218
354,575,725
66,190
5,26,266
177,270,451
3,9,104
16,818
36,61
87,319
771,876
83,186
55,170
189,927
284,542
273,437
60,80
360,874,920
6,787,966
86,167,182
8,179
179,957
11,281,804
2,791
1,103
49,250
156,786
100,255
5,145
92,501
2,296
511,603
359,812
350,770
63,373
25,126,127
66,280,914
38,776
17,574,872
31,142,144
38,48,630
214,892
24,409
233,291
7,744
12,102,955
394,560
19,592
320,428
90,252
19,879
164,541
452,977
28,143,348
11,84
7,340
29,596
16,178,220
118,460,901
27,50,179
6,152
459,871
95,649
86,91
15,211
375,999
6,500
17,251
154,530
11,14,143
12,20,621
1,457
67,123
33,34,129
39,118,282
30,193,378
737,760
10,13
49,61,191
2,4
7,289,972
180,296
8,682
328,380
30,55
1,92
13,68,221
47,524,761
43,508
121,722
42,292
36,597
4,708
75,181
120,244
263,600
13,61
54,94,184
327,436
3,8,715
101,801
777,870
4,17
2,9,279
150,527
419,930
31,100,110
21,39
76,146
12,32,266
4,48
108,227
10,83
5,10
507,941
15,92
27,39,73
52,895
18,504
36,66,526
505,672
264,860
38,260
19,75
9,310
3,661
408,757,873
10,104,947
6,137,926
8,808
2,32
1,186
146,230
321,908
216,868
877,970
32,165
2,239
36,53
7,642
10,63
353,673
338,411
26,176
188,426
321,547
96,303,576
31,170
340,703,814
219,515
291,759
48,756
107,689
308,665
18,26
1,11,34
91,271
8,141
81,229
730,954
37,389
60,75
57,225,238
106,153,815
197,807
6,329
8,91,116
87,190
58,75,243
813,859
1,14
84,388
558,981
11,194
59,81,102
136,329,717
154,566
2,183,545
5,49
29,55,79
3,11,71
293,613,831
