122,836
53,65,271
2,711
5,722,782
9,26
17,164
4,31,95
115,145
136,293
16,786
27,194,974
199,393,439
49,312,338
91,721
53,75
95,614,658
40,347
3,127
99,353
127,849
16,18
1,653,966
94,931
227,435
47,773
59,838
5,220
57,196,459
87,317
25,218
8,147
10,29,167
16,61
10,116
8,31,802
164,301
3,78
117,339
38,41
5,13,85
33,975
81,878
127,383
9,114
80,99
65,556
8,893
20,319,481
76,953
149,282
15,58
37,166
1,617
59,717,842
6,13,55
179,730
428,565
44,901,933
5,132,189
95,928
16,54,674
1,215
6,923
181,203
18,85,736
4,465
20,176
46,375
44,81
28,29
6,56
19,20
11,30,227
28,781
151,204
48,229
7,112,930
8,53,175
17,98
10,118
2,34,335
6,940
43,55
41,123
20,712
9,39,476
3,55,274
286,749
125,698
51,172,950
60,856
207,988
109,724
708,741
21,92
15,67
10,841
44,159,535
63,178
52,558
166,492
1,380,753
42,772
7,27
29,93,572
177,888
143,687
176,929
32,126,987
119,783
90,206
22,196,293
163,622
113,737
6,138
29,277
107,666
265,927
12,188
51,823
53,426,791
321,509
343,425
72,245
115,884
20,139
43,390
7,121
23,664
169,363
83,635
196,734
21,198
19,34
430,503
7,89,728
49,496,897
4,25
17,174,471
78,444
6,54,353
118,334
27,31,275
74,396
106,163,747
14,87
313,494
35,197,600
27,302
179,285
4,19
119,182
4,195,752
447,870
307,948
66,68
24,610,986
156,852
65,566
11,943
15,519
33,89
3,8
26,485
50,807
2,344
351,602
183,504
118,355
88,384
37,128
7,456,804
42,251,825
17,397
52,62,638
88,824
36,750
128,231,238
38,187
43,108
54,703
44,86
78,82,451
14,60
5,120,328
10,14
4,9,324
103,165,316
16,67
25,192
241,631
9,235
32,133
124,334
32,72
243,832
42,234
9,860,993
2,695
131,934
49,603,611
84,691
86,718
8,112
216,968
5,7,20
10,877
479,639
62,240
5,37
37,422
59,745
4,116,457
110,246
2,91
4,144
22,119
183,994
2,883
17,65,434
7,86
3,814
314,579
35,78,577
1,9
21,615
4,24
14,22
38,102,147
153,189
70,98
46,627,965
5,697
7,958
36,68
163,652
3,298
11,411
16,157,868
159,680
41,84
2,62,542
197,513
31,148,876
9,224
304,686
161,862
18,24,173
273,298
5,251,903
54,64
141,330,748
41,100,120
39,110,789
64,461
15,176,932
108,129,805
19,53,61
6,552,605
18,325
247,260
103,949
26,477,864
66,97
35,438
80,85
87,184,243
49,194
98,201
189,502
10,75
67,193,254
20,264,433
26,134,302
2,14,268
104,106
6,980
16,21,182
84,275
40,951
412,667
25,114,817
45,61,944
161,165
210,352
7,21,989
70,417
2,279
4,981
105,654
9,40
4,265,319
83,155,963
57,205
857,921
31,168,324
168,462
34,693
3,12,174
11,12
58,320
5,41
11,82
14,48
7,214,648
167,517,593
150,865
1,47
134,880
154,613
146,524
51,926
1,306
5,100
142,336
7,159
96,762
60,811
209,785
337,911
1,499
40,77
5,578
131,137
63,66,474
38,72
6,178
11,16,237
233,322
21,22
701,779
206,692
119,313
254,276
14,486
148,576
64,420
23,372
626,769
52,110,550
50,544
4,26
80,248
28,105
12,649
19,103,663
776,875
55,432
11,516
19,109
8,69
53,95
96,368
20,885
11,867,917
410,716
149,399
56,145,299
56,272
137,195
97,303,672
9,143
288,967
15,73
7,327,757
10,690
18,534
22,129
71,924
266,497
2,101,660
29,191
56,69
7,287,689
26,131
105,360,866
71,160
10,17
2,51
17,641
32,38
2,58,585
5,19
30,295
22,114
540,612,913
9,307,874
262,919
13,437
104,623
23,682,766
23,223,270
10,253
151,168
23,172,609
6,142
26,73,290
96,533
96,744
17,177
19,976
23,407
205,904
3,5,323
77,185
114,941
4,74
32,694
226,676
608,673
4,53,126
93,659,914
70,104
1,44
13,101
4,91,250
97,337
18,632
188,863
58,282
835,895
99,190,198
10,88
11,43
27,236
25,101,102
116,157,720
6,21,50
73,102
305,755
10,37
23,125
38,294
28,204
312,574
19,333
6,360
131,859
269,278
65,76
7,679
568,815
249,902
498,546
22,846
122,296
228,247
9,318
3,58
12,141
71,113
301,886
1,267
14,790
14,125
292,831
2,54
233,898
678,973
46,795
21,30,68
158,448,915
35,771
511,569
21,985
17,156,249
12,288
101,274,899
24,77
90,290
160,938
30,139
29,46,480
152,547
45,50,75
1,200
1,10,47
6,11
83,323,891
37,278
21,252,707
12,55
386,809
15,110
55,946
121,170
1,20,215
26,186,493
4,8
43,780
5,58,997
359,405,727
35,75
48,367
217,240,723
3,56
34,260
244,394
115,1000
4,423
21,295,436
194,620
5,169
28,77
160,326,371
10,155
38,128
121,136
16,45
92,920
42,49,452
85,102
23,44
79,122,415
134,241
28,732
154,483
26,816
162,709
59,90
6,32
151,171
11,32,170
29,922
24,896
277,311
104,798
1,2,541
137,310
41,58,696
6,661
185,537
12,960
5,365,525
28,40
6,199
30,63
93,232
329,427
126,845
255,561
91,201
9,113
35,557
224,908
345,387
42,94
21,23
17,37,325
76,132
11,263
2,555
65,342
1,332
12,64
46,122
1,181,553
34,86,398
17,236
16,23,177
5,16,100
352,500
77,340
9,86,850
2,564
1,3
1,3,203
98,202
218,351
24,331
27,187,916
30,225
57,79,889
8,15
29,44,244
329,575,843
46,49
93,133,213
16,629
20,996
84,285
6,39,964
9,18,69
3,770
33,82
336,792
15,180
79,327
103,123
183,760
137,549,715
3,203
184,333
1,376
50,309,582
26,258,379
108,704
78,518
3,146
33,475
349,395
15,96
43,624
27,36,455
22,79
9,214
252,468
32,283,855
25,175,956
52,778
22,46
73,200
48,60
306,370,589
105,803
291,595
531,640
170,685
81,522,763
165,364,421
2,13,261
264,361
49,82,174
61,68,71
34,76,796
532,588
18,88,418
3,253
3,64
128,144,729
111,167
538,767
50,68,86
221,284
259,303
401,545
5,580
179,775,871
374,523
135,358
267,460
4,121,681
305,740
1,117,406
5,166
90,173,573
220,304,340
342,942
4,18
320,651
75,221
8,256
55,330
13,392
57,416
2,300
58,133
64,890
3,9
272,936
27,36,656
453,597
73,98
24,318
100,969
2,675
123,861
49,112,315
343,389
225,316
158,269
82,130
81,281
10,872
120,289
700,962
7,255
47,959
8,827,978
25,188,208
61,68
14,45,644
26,33
844,990
3,765
74,309,746
8,65
6,15,646
71,89,117
59,826,848
13,38,466
388,751
57,79,645
1,219
39,70,245
12,195
33,539
36,350
39,99
18,73
87,818
5,11,92
45,586
3,377
23,27,35
14,108,345
472,743
592,764
135,235,584
12,276
5,8
118,155
10,191
22,52
13,837
51,199,280
24,47,246
9,192
3,47,551
85,830
464,912
138,331
347,910
11,879
25,242
19,250
24,66
2,34
48,894
478,787
30,925
29,563,945
126,952
21,198,642
139,161
33,83
1,346
56,263
14,133
619,819
20,192
94,408
22,84,222
223,341
7,172
355,515
11,62
39,907
185,655
140,731,847
10,41,759
123,469
135,650
75,821
16,354
74,378
37,184
6,294
43,829
402,702
115,548,570
529,683
7,918
51,164
82,287
11,87
22,403
373,979
314,706
13,559
5,8,42
19,970
12,25
57,124,232
6,8
256,484
135,487
25,26,136
279,834
628,906
8,937
130,139,202
366,665,799
48,124
171,259
43,350
138,881
12,583
61,171,774
31,202,230
231,670
10,506
248,684,784
74,228
32,356,362
52,332
88,794
20,833
34,150
8,45,109
93,590
17,273,536
27,130
33,100,219
788,882
17,382
80,109
10,71
554,900
38,132,226
349,999
72,813
213,391
335,409
31,508
50,169
13,33,38
9,482
31,284
149,400
242,714
8,24,699
18,53,705
11,111
47,258
35,840
1,326
16,668
69,801
36,63,346
454,892
4,56
1,130,491
80,268
1,887
348,800
92,296
4,67
39,152
5,6,39
31,630,793
20,207,606
3,187,470
208,633
76,181
80,150
7,27,905
39,154
63,148,339
8,186
4,94,230
354,935
143,180
13,77
62,140
102,604
14,441
94,238
28,193
52,57
12,562
70,283
30,60
190,443
15,939
625,998
12,24
36,125,445
64,671
490,820
348,495
33,152
2,34,51
28,48
35,182
11,178,637
7,369
3,463
6,15,828
530,726
32,62,822
2,19
2,31
344,446,955
22,29,50
3,756
13,45,162
180,909
40,449
1,25,190
30,66
29,54
4,42,222
1,3,853
212,851
37,297
13,40
489,858,995
24,984
45,212
6,46
311,315
3,234
39,458,567
76,262,528
1,40
11,72,140
158,328
310,560
280,286
30,107
89,153,947
636,739
55,146
10,15
27,97
157,510
57,972
2,62,271
292,777
7,738
7,14
13,587
41,70
10,153
9,11,30
31,591
36,735
13,162
54,526
34,147,594
1,31,725
22,28
488,733
28,971
12,385,419
3,257
7,197
37,40,657
74,357,507
8,357,359
12,338
44,54,97
1,18
839,954
69,473
23,719
2,144
32,669
83,289
25,961
2,200
8,186,982
5,83,991
48,142
89,806
81,297
111,404
107,977
42,193
66,742
601,713
59,381
308,317
2,120
4,134
106,596,810
67,92,300
24,47
112,175
211,270
111,308,521
2,761
358,677
36,60,63
19,431
132,261,505
40,69
23,116
9,621
643,768
13,41,59
8,56
8,797
43,662
429,581
15,514
32,33
21,688
2,42,229
85,99
95,414,607
124,239
9,145,204
10,63
28,440
14,59
4,20
217,957
599,869
12,14,61
216,239
4,9
201,754
15,356,616
15,51
6,19,424
18,26
7,52,501
13,241
17,79,136
129,281,520
78,156
45,321
17,266
67,598
44,113
35,101,527
91,450,571
512,808
3,467
291,322
106,210
11,173,237
18,129
5,710
72,209
191,413
442,634
30,81
25,138
29,84
127,992
1,543
18,299
211,618
14,854,873
36,141
60,107
16,90,117
257,983
7,812
46,647
341,758
