30,191,696
54,163,294
62,85
22,262
73,245
132,635
6,46,653
3,192,238
432,898,963
76,174
9,26
10,584,938
22,980
111,380
1,55,112
202,205
107,260
399,547
903,926
12,495,778
119,155
391,854
104,160
143,383
33,49
32,182
13,589
205,662
19,749
19,628
67,996
13,49
5,56
18,738,919
24,95
62,775
36,117
23,96,368
4,21
1,49
147,266
34,140
137,664
42,77,161
208,677,693
20,133
1,366,830
233,329
11,430
14,80
4,16,893
64,163
17,562
38,752
9,337
588,979
32,39,962
4,982
41,54,259
18,105
11,16,141
2,843
8,17
220,415
85,211
26,83
94,264
28,148
70,230
11,12,716
126,974
7,424
6,327,905
271,633
32,120
1,725
11,39,277
29,654
21,46
84,159
12,156
50,103,194
1,90,172
7,600,981
48,310
593,816
6,923
37,846
39,509
89,98
151,866
62,924
95,941
35,992
272,651
128,482
34,158,921
18,849
108,176
41,123
72,77
783,932
10,18
30,86
30,125,230
171,275
299,707
44,477,970
105,238,966
136,476
88,441
196,847
21,69,160
34,149,891
203,307
249,533,770
4,33
306,908
272,774
3,15
55,95
11,308,556
185,297
30,195
19,320
7,189
10,35,293
259,514
34,454
3,91,114
1,98,345
9,548,572
201,550
98,969
156,426
53,134
310,579
8,24,203
468,734
340,515
4,24,99
9,443
901,988
32,67,403
13,44,277
9,51,138
5,193
174,452
60,620
39,48
4,25
104,412,907
145,219
123,617
2,524
377,595
218,227
12,38
1,28
139,511,558
22,404,842
5,48
16,87
30,45
763,779
19,379
17,71
12,613
53,124
69,110
72,118
17,688,720
8,243
28,933
93,384
25,373,726
7,255,288
9,869
15,130,171
26,889
144,445
226,594,608
13,335
587,865
124,520,955
31,73
38,307
1,271
374,794
126,189
59,129
151,500
9,63
27,461
257,792
18,65
6,17
5,9
221,256,268
133,143
139,834
2,586
65,180
489,754
63,840
435,478
6,394
74,100,187
13,81
161,931
6,575
9,35,607
28,224,258
23,45,348
1,2
501,629
3,128
15,493
152,405
17,71,809
25,68
35,183
17,74
124,132,365
460,951
21,710
486,946
24,125,626
1,47,67
120,743,922
27,70
12,181,282
11,361
118,526
2,267,637
7,195
4,9,56
52,54
48,104,351
333,828
146,363
29,36
27,175
16,55
16,703
36,58,508
295,340
290,319
6,153,387
14,704
40,76
64,695
200,417
113,234,875
41,390
2,319
2,185
33,50
207,292
43,89,855
252,483
20,172
36,43,202
263,712
2,75,355
427,458
381,456,706
40,311,529
10,82,670
27,79
68,416,475
84,278,413
10,656
32,45,66
33,47
34,147,328
235,661
20,250
1,106
96,206
140,163
3,206
53,247
27,46
8,159
260,807
5,41
81,353,881
11,82
70,208
11,640,872
18,285
62,213,814
2,83,204
10,22
7,105,331
31,98,663
78,131
89,423
12,85
564,822
631,639
14,64
37,832
108,138,494
16,45,201
80,698
3,333,496
12,322,503
7,23,61
9,537
160,264
49,130
36,303
175,745
210,284,868
31,169,927
21,288
17,480,648
145,687,771
186,265,296
57,975
95,110
45,282
93,602,863
2,821
6,73
35,490
8,420,560
190,216
100,750
57,173,623
24,43
6,86
113,313
395,723
40,154
269,305
37,760
18,22,334
13,997
6,75,504
344,618
29,32
13,184
11,78,787
31,741
225,746,953
15,673
50,135
90,332,622
2,61
3,80
101,219,685
23,244
25,274,736
143,364
1,33
15,41
844,939
88,466
5,31
36,453
236,934
197,825
170,252
51,59,323
28,545,566
3,85
167,176
28,727
114,894
72,557
479,542
37,44,867
2,316
13,369,513
4,392
193,699
568,624
11,15
171,330
33,576
17,304,768
2,10
85,200,449
24,42
251,301
19,467
6,7
23,206,398
84,188
62,270
410,419
162,324,338
35,62
68,207
55,79,122
47,107,124
1,5,227
273,649
24,94
34,146
33,97
67,879,961
5,69
8,229
137,781
261,465,987
52,94,769
315,343,906
80,258,644
197,247
15,148
67,229
386,657
26,400
232,713
1,110
77,610
183,523
722,929
303,972
182,949
2,574
254,559,947
33,350,895
7,96
20,122
39,464
730,839
31,767
216,357
50,253
19,106,422
18,168
228,237
2,54
157,945
166,201,256
321,614
43,761
27,122
23,137
29,281,553
604,675
118,797
666,748
565,973
157,755
251,669
267,837
14,388
21,262
80,197,983
581,888
191,474
48,51
2,318
44,455,826
4,209
428,505
146,245
113,683
77,92
1,40,596
5,567
93,278
20,21,845
265,989
6,144
235,302
25,127
53,740
26,172,325
492,563,731
114,194
166,402
148,295,599
25,57
14,954
339,864
41,287
26,134
31,127,204
1,77,186
22,181,732
1,47,336
47,115
101,652,765
23,29
46,106,896
36,78
1,239
36,72
116,179
164,200,283
3,66
207,296
11,627,918
12,193
24,351
527,625
49,753
488,658
87,848
2,75
306,578
91,481
7,804
3,135
471,487
4,291
25,378
5,79,762
92,234,597
66,850
684,985
14,29
15,314
3,170
8,157
431,964
151,189
50,301
108,857
2,30,609
90,102
8,74
318,976
21,671
27,107
53,994
3,299,764
3,911
442,641
112,785
53,967
46,100,141
64,117,418
308,370
55,59
8,421
50,192
57,294,297
51,910
84,217
6,332
309,773
17,543
11,279
191,965
154,429
68,647
61,290
119,250
23,213
516,862
549,892
3,28
204,221
102,532
13,39,72
129,499
25,59,539
61,121
342,890
448,940
149,158,856
33,619
5,827
16,187
125,681
215,302
37,273
60,280,859
19,111,904
281,372
3,928
9,39,349
164,358
5,91,156
16,917
76,211
14,24
16,24
103,289
129,336
29,91
5,27,75
97,177
26,407
43,930
20,134
57,570,780
87,99,188
5,16
45,105
339,679
217,440,913
2,48
12,50
66,546
345,590
300,708
38,223
346,439
36,242,334
34,142
44,76
27,198,815
52,341
231,287
535,541
26,112
12,173,212
19,371
131,144,183
4,92
63,802
13,451
138,152
22,936
268,642
195,521
37,697
3,20
4,20,69
3,81
15,133
58,78
58,878
55,284
167,680,995
81,915
177,536
246,436
82,115
40,702,993
71,790
554,835
8,140
300,871
22,841
3,37
180,335
10,60,184
32,280
10,109
56,188
4,51
26,772
88,788
83,175
92,131,356
22,38,777
11,425,717
15,469
21,47,218
30,116,819
803,886
155,739
63,357,408
199,292
56,86,192
244,998
9,243
179,352
28,231,352
6,11,632
25,29,347
16,376
41,956
166,766
473,552
57,360
71,165
7,66,348
14,82
164,692,737
40,634,887
178,914
12,276
83,551
121,125
10,150
40,249
86,127
47,186,248
169,382
709,735
20,194
116,353
21,32
1,15,818
60,831
4,329
525,729
130,275
389,462
237,344
42,502,630
3,21
349,806
2,356,860
9,472
2,15,248
40,90,198
28,60
59,147
110,991
35,86
91,331
1,512
401,789,950
11,682
212,437
242,309
8,10,64
25,79
38,87
573,784
49,236,711
149,215
612,686
37,1000
396,605
106,199
203,555
74,101,121
13,700
5,42
1,968
15,43
7,46
19,457
7,20,877
54,153
321,323
115,224,986
99,616
3,123,406
139,701,801
823,978
6,8
18,254
30,241
25,438
73,354
897,925
44,162
10,35
316,882
22,233
38,45,367
102,162,615
23,74
4,385,534
591,883
304,747
41,580
103,154,884
3,23
64,320
3,68
5,75,694
7,32,342
2,733
1,173
3,343
16,902,960
298,507
5,7,70
5,33,104
132,719,791
31,285
222,491
10,71
1,42
38,168
56,145
8,18
73,796
350,544
39,676
51,53,952
58,948,971
506,800
510,744
63,190
49,65
99,223
54,362,824
13,459
34,798
67,885
161,786
2,14,87
17,37
24,177,812
5,101,158
4,56
93,463
114,571
34,870
48,538,811
286,937
109,776
484,829,957
6,20,30
52,810
42,220
94,450
79,582,674
69,107
128,170
32,311
27,45
169,518
6,65
4,718
253,409,874
6,298
433,852
19,261
291,920
168,643
19,184,999
16,646
13,103
65,226
4,325,354
1,209,836
3,583
109,577
12,959
58,944
180,222
174,447
20,31
8,10
54,152,315
167,655
97,808
314,355,876
393,540
102,176
232,721
1,46
14,83
411,833
6,279
7,10
111,606
35,61,209
255,522
18,51,126
126,899
44,705
26,56,198
210,228,759
38,71,668
4,136
498,916
179,751
17,293
22,61,561
78,178,497
82,375
7,190
27,724
130,326
57,129
1,88,239
660,756
44,202
96,119
150,958
23,225
13,118
63,76,338
9,119,359
8,20,22
128,214
2,4
12,347
136,569
23,326
444,470
328,690
11,89
689,900,977
8,122
142,678
2,853
1,41,263
60,592
14,42
127,935
2,838
115,141,150
165,667
645,817
48,270
26,799
531,757
66,517
187,636
4,17
6,18
14,15,322
90,240,286
52,153
43,52
29,240,485
7,317
55,108
2,312,414
246,758
1,795
16,313,446
21,346
8,181
18,21,672
12,19,28
34,274
214,530
182,714
47,210
121,603
69,88
397,585
46,782
165,241
109,178,880
31,135
89,155,257
5,14
81,813
84,858
116,196,208
70,269
2,97,851
24,715
317,691,820
39,196
8,873
665,742
1,14,40
4,9
43,305
327,805,990
35,621,793
58,330
29,117
185,659
117,728
25,598
28,112
266,519
19,113
12,120,341
142,205
10,70
199,943
638,909
42,984
283,434
59,159
9,861
30,312
1,601
13,123
289,324
120,276
912,942
65,68
337,611
52,111,528
100,650
