1,720
6,738
80,104
17,30
31,353
7,22
262,538
13,75,203
162,809
4,10,56
25,289,344
3,208
177,576
19,204,211
336,424,751
384,787
14,304
181,655
69,931
125,684
48,917
29,121,478
47,172
38,73
185,623
245,691
72,952
41,330
16,885
2,71
89,109
52,88,945
28,668,735
238,697
73,191,514
290,956
96,967
31,48
89,562
83,628
11,584
200,772
5,544
18,793
87,581
572,857,874
89,447
109,737
66,143,269
152,813
9,31,307
15,58
4,5,23
7,749
8,324,451
553,987
94,171,568
131,170
94,958
138,243
1,808
317,612
119,834,955
13,111
228,332,494
60,89
293,474
179,528
15,163,627
42,465
258,365
7,689
61,545
18,223,841
34,44,615
4,639
305,597
12,768
1,873
52,454
86,662
117,437
6,479
35,153
306,540
222,446
8,81
79,670
63,192
2,392
26,255
15,56
19,281
57,183
41,965
159,854
7,124
14,113,695
23,62
187,413
12,963
1,564
476,984
5,203
106,896
165,890
2,922
19,262
37,99
6,88,255
14,926
237,433,888
67,124,184
92,785,848
213,328
260,593
1,265
11,34,693
198,638
15,754
294,508,972
98,129
7,777
77,96
27,846
46,129
692,719,983
19,243
10,90
127,694
4,7
4,25
32,35
64,378
2,13
7,269
265,618
26,224
66,74,976
72,786
37,880
2,39
116,215,533
22,32,116
21,79,121
50,118
59,82
284,828
41,60
73,385
9,491
5,871
9,968
16,55,263
555,778
3,8
14,118,996
45,654
116,511
107,115,148
151,250
16,53
28,567
30,296
37,326
50,275,989
1,17
112,570
495,647
5,27
288,648
14,29,850
92,132
430,801
42,126,792
21,466
58,84
11,187
55,227
93,112,409
89,101,492
35,835
65,161,259
156,166,305
16,431
58,415
14,108,509
61,732
7,472
249,561
13,382
9,452
3,42
20,76
12,57,123
40,209
13,20
8,68
81,140
70,268
18,77
10,53,716
102,699,916
1,124
1,27
150,421
56,271,449
351,951
100,146
21,205
1,614,859
440,596
19,529
25,671
26,299,456
6,932
3,546
39,549
9,83,114
2,225
464,608,877
270,634
14,113
6,9
602,747
126,291,530
18,138,994
29,36
122,816
43,301
166,253
42,913
5,746
104,434
10,56
7,137
123,226
54,486
12,13,125
61,900
21,626
558,831
879,960
13,377
23,893
1,244
12,212
219,320
22,98
19,44
7,418
195,273
34,252,298
104,106
47,280
22,403,629
2,59
199,334
289,362
10,729
17,120,560
54,971
23,473
213,588
4,17,744
550,599
38,71
13,178
28,176
67,303
39,388
77,294
229,889
19,58,206
118,368
338,374,687
230,910
83,110
19,853
397,457,849
28,582
9,92,714
69,619
282,794
43,663
175,176
15,102
842,918
7,30
1,23
281,760
59,91
31,53,534
56,110
263,531
2,162
24,39
245,500
15,387
141,428
23,174
156,791
1,100
26,589
95,630
73,852
308,328
29,32
4,78
49,170,679
107,603
78,920
10,690
21,84
422,869
145,537,669
76,134,136
267,579
22,313
20,143
49,63,743
80,771
498,512
10,17
2,285
8,9,295
29,84,301
109,302
352,949
1,33
38,74
71,396
54,73
41,95,883
12,218,235
242,286,953
144,875
83,497
23,241,798
67,314
5,463
13,36
100,651
23,259
36,42,1000
168,914
52,146
111,163
40,217
15,247
82,594
45,943
34,127,325
375,419
520,969
117,640
48,154
21,64
97,600,711
3,4,10
91,611,770
148,156,575
315,823
28,587,592
7,361
326,837
1,583
149,554
103,414
35,58
50,54,240
83,820
96,543
50,390
28,349,919
3,884
112,462,924
13,97
4,318,489
233,936,985
69,441
36,310
37,975
85,721
8,986
26,911
3,705
1,30
7,62,66
37,47,927
78,625,887
85,88
61,135
2,196
683,957
1,359
635,704
257,866
85,636
32,325
7,35
86,343
159,231
2,961
64,356
355,867
77,762
63,74
251,264
127,147
29,158,475
27,317
408,680
5,471
6,11
6,838
94,586
686,775
82,145,923
347,682
214,285
67,521
2,664
188,405,485
5,150
80,142,724
40,197
70,235
48,186
115,155,161
24,839
16,33
8,764
24,448
468,756
3,826
108,902
14,38,906
17,51
20,60
5,169
34,311
2,181
4,210
21,102
168,363
16,954
319,590,661
7,313
18,84,205
126,216,678
117,149
6,868
22,27,130
5,573,941
4,188
20,75
266,622
67,122,147
105,234
4,221,797
44,114,158
37,765,904
183,217
222,297
28,32,929
790,800
1,621
57,496
10,41
649,674
12,335
11,298
8,930
22,167
176,458,459
18,973
14,106,585
340,532
32,85
10,578
9,55
20,990
16,43,658
39,810
92,977
10,997
71,312
53,129
13,822
25,157
38,116
51,322
565,934
41,69
60,370
11,79,146
184,467
111,126
6,541,773
323,799,908
86,164
81,726,851
16,49,316
3,100,713
3,557
2,309
11,502
118,193,394
248,966
253,425
2,136
507,730
33,51,322
5,8,133
138,814
30,641
204,398,480
164,242
26,277
6,55,490
24,369
16,307
288,962
1,12,151
57,499
49,57
282,766
258,264
7,27,358
4,46
28,63,70
59,87
34,230
40,206,504
199,734
17,503
5,10,518
33,432
642,656,753
13,299
175,223
321,767
63,65
1,321,516
8,323
94,240,513
10,101
439,580
189,856
28,52
2,12,72
386,700
45,228
2,17
47,246
2,426
21,44
239,429
17,181
114,266
90,308,761
61,788
681,725
82,106
17,22,208
23,169
131,399
20,886
18,119,665
442,755,979
7,201
42,342
165,183,991
38,198
178,921
14,278,300
229,493
3,27
189,372
12,192
55,667
19,26,51
2,410
21,605,981
5,15
11,832
71,207
833,845
276,525,706
295,731
286,346
139,142,153
712,947
60,210
88,244
536,727
469,784
140,899
60,946
147,160
109,123
2,20
7,27,412
46,241,978
13,964
3,33,236
43,104
11,52
96,376,843
42,139,367
7,132
444,915
5,39
5,8,646
44,598,950
653,942
41,935
62,337
559,610
12,175,220
280,707
124,173,174
36,291
173,304
19,177
1,6
15,16
3,49,327
6,15
148,350
133,272
76,90
34,819
142,279,364
380,400
1,443
4,47,256
2,750
11,574
3,201,776
2,194
122,274
25,676
267,329
12,527
37,108,782
2,633,948
74,114
128,327
314,522
16,52,616
226,292
44,65,796
11,62
357,624
21,207,980
67,366
752,815
3,306
1,3,733
251,389
236,571
121,237
24,64,218
501,836
249,666
51,110
55,903
24,812
87,99
1,99
33,739,928
70,103,115
3,379,523
92,862
759,805
34,959
13,817
8,40
15,91,111
39,70
5,54,78
179,882
22,123
93,677
135,650,970
136,155,539
24,407,453
26,470
143,257
4,120,137
130,166
25,171,601
53,78,125
20,68
381,688
50,718,895
591,824
45,134,238
51,200
93,202,723
7,672
3,195
177,371,637
35,482
3,659
43,65
49,70
6,63
68,214,239
72,98
6,91
9,15,324
95,460
93,840
3,774
331,445
18,268,276
31,51
172,300
144,477
17,312
202,224,569
6,829
29,186
81,806
65,69,75
49,65
33,701
39,77
18,43,645
108,196,450
72,542
97,606
18,101
6,94
180,858
81,254
30,160
1,5,154
170,847
141,736
48,169,179
607,881
24,64,290
526,620
9,25
2,416
248,319
1,144,232
9,90,103
9,296
30,53
27,45
15,406,461
9,157,261
566,891
182,220
190,524
105,510
117,703
9,31
260,272
91,455
58,128
149,708
145,898
270,275,827
6,54,211
153,551
134,825
1,802
86,98,105
818,844
740,998
107,128,297
4,62,160
2,95
122,154,872
821,999
3,303
1,3,110
50,71
33,436
62,944
315,320
113,709
287,613,652
246,617
3,360
157,161
345,604
42,644
6,172
68,897
5,30,548
27,82,250
8,31,779
4,22
1,152
401,643
48,168,745
76,120,411
197,209,273
47,87,164
8,190
130,696
75,710
36,484
193,505,506
22,173,247
80,348
37,933
23,167
87,595
19,483
88,938
310,435
302,807
6,311,861
2,18,860
233,354,937
318,660
90,863
2,182
3,11
8,698
2,4
30,113
133,283,702
4,232
29,563
86,132
40,159
152,254
44,995
4,46,878
45,717
74,939
741,982
79,487,556
48,427
52,992
535,748
103,339
293,423
84,105,225
191,789
3,24
1,46,341
174,685,783
21,43
2,227
35,69,781
121,715,925
8,632
137,333,417
5,515
14,120,901
20,131,728
40,182
28,101,141
25,261,864
278,519
47,99
25,32,631
5,10
61,163,180
31,940
1,795
20,830
17,33
24,178
393,757
41,279
34,274
6,68,993
25,26,112
79,552,912
3,150
95,373
234,894
66,283
26,32,68
23,46
139,316
6,284
36,76,876
287,517
12,57
292,673
14,59
4,675
1,7,66
29,609
16,59
31,974
6,547
66,758
256,577
194,404,438
5,402,742
9,870
38,85,158
271,769
216,309,855
119,167,184
64,165,722
4,395
102,865
10,140
32,36
11,151
38,277
35,420,657
2,803
481,905
488,811
125,162
56,75
93,107,909
12,804
14,40
46,119
155,185
8,212,892
135,763
10,221
97,171
11,50
45,115,383
80,219
4,252,988
231,907
215,391
180,780
