290,861
106,140
13,62
135,196,945
1,196
61,129,221
618,654
99,218
709,746
27,86,121
120,391,486
870,966
1,126,857
264,285
302,492
355,636
96,127
20,71
11,178
1,596
133,946
20,26
6,877
446,609
28,137
509,728
2,82,160
42,50
25,67,802
51,401
33,147,556
2,521
4,102
12,213,756
17,200
25,28
87,134,411
4,21
26,74,118
1,289
27,767
4,192
85,263
102,183
101,124
79,859
47,152
50,291
7,292
3,354
39,66
68,369
949,965
287,714
4,155
18,177,389
12,13
17,24
84,213,669
54,120,935
206,504
119,639
7,31,936
57,167
157,508
25,690
45,170
6,396
117,540,732
350,593,755
65,791
123,130,320
12,39
11,195
123,329
11,85,205
29,124
12,126
22,54,301
40,123,520
141,434
4,518
4,23
9,392
24,164
11,560
3,50,522
43,114,140
55,529
45,361,785
29,260
867,975
1,185,647
127,275,358
112,356
75,121
8,84,374
7,64
37,39
24,53,181
71,897
25,763
92,104,339
8,382
17,38,138
139,477
10,304
12,145,955
3,815
718,910
279,428
8,348,527
174,700
30,715
6,66
275,807
234,833
22,381
192,514
19,83,637
84,98,803
49,519
172,266,757
17,163
7,20
410,766
71,94
104,136
6,162,696
52,587
161,216
148,852
3,6
331,831
10,80
35,346
8,496
17,35
85,212
62,111
25,37
9,16,50
22,45
54,479
53,473
8,132,591
20,104
13,28
10,367
38,462
22,393
10,547
12,94
21,69,808
5,90,613
39,48
409,727
57,686
124,405
691,895
142,335
53,171
394,901
24,199
67,151
1,22,781
24,78,561
4,8,199
83,301
18,81,937
16,49
65,447
156,478
26,414
500,964
72,93
55,943
13,193
32,82
3,8
134,363
40,328,351
12,319
262,889
224,711
41,75
50,474
17,258
49,64
16,919
298,882
4,30
35,140
2,22,371
38,109
20,72,121
890,976
151,286,300
5,34,366
10,403
1,134
32,72
56,454,583
288,629
11,53,159
55,88,179
21,236
3,91
27,586
9,76
7,47
77,313
112,308
307,471
19,862
4,69
58,698,788
465,644
90,356
109,229
59,291,575
14,140,422
2,91
3,42
12,448
48,58,149
6,64
2,256
27,43,71
30,614
8,125
72,85
834,849
1,2
3,94
26,93
4,21,550
7,423,607
1,312
110,480,487
23,265
6,51,241
3,38
40,869
9,149
21,79,982
29,107,608
25,41
7,41
96,221
73,97,707
113,792
94,681
3,14,29
12,87,192
79,105
127,269,366
56,208,745
546,932,962
98,302
92,694
5,13,240
31,418
2,128
36,41
48,99,574
51,330
16,507
231,736
53,362
67,222
1,37
39,572
268,370
1,281
169,334
41,353
432,615
16,38,61
251,564
258,408,702
10,626
63,282,346
66,101
47,56
39,259
32,105
6,37
12,40,211
15,124
12,18
16,996
371,868
8,731
9,59
15,81
36,772
384,933
58,915
142,296,306
22,780
91,948
14,203
20,77
27,242
63,144
7,45
7,152,272
18,92
208,316
209,339,786
16,906
9,438
28,118,145
12,51
37,93
53,230
70,333
41,871
7,148
287,463
173,227,357
23,64
515,734
7,25
14,17
66,144
42,347
22,229
15,765
1,21
11,12
404,782
12,90
57,710
158,211,324
29,328
220,523,576
60,476
15,244
9,460
34,75,634
57,87
84,712
116,461
230,322
6,21
3,444
180,687
39,997
33,86
21,55,777
10,113
212,340
15,115,499
23,290
40,77
16,64
71,738
13,86
26,879
32,83
11,295
50,308
34,60
8,164
56,999
9,10,95
83,359
101,315
37,114,980
53,674
3,162
26,62
13,56,101
71,372,678
13,278,914
1,23
6,115
91,798
35,600,958
2,92
120,818
44,872
47,232
7,267
43,482
15,178
137,336
35,650
109,992
5,45
1,100
9,198
95,853
59,76
7,24,44
99,445
14,60,185
5,249,610
31,633
60,630
8,213
27,33,43
27,197,299
36,81,451
26,631
224,228,912
214,611
64,839
5,36
338,795
42,809
25,187
14,174
8,24
198,725
132,345
78,974
28,112,934
32,70
2,143
22,114
111,231,850
5,29
22,855
201,888
155,216
49,126,840
14,15,126
592,953
5,19,97
13,590
6,55,209
156,724
6,416
273,456
157,182,483
62,468
5,77,344
74,102
3,10
20,643
185,989
80,278
14,23,105
96,215,298
48,190,900
723,836,902
26,29,98
25,191
5,30
450,878
46,660
134,145
6,36
129,207,911
155,311
130,207
28,45,119
168,679
11,13
18,693
51,288
733,825
113,219
119,646
32,685,969
46,896
56,73,705
51,113
13,286,498
57,84
68,125
37,85,184
6,31
130,343
132,166
14,293
81,884
99,276,318
10,37
8,947
11,54,332
17,48,956
80,136
171,261
18,181
2,54,161
27,543
74,125
327,437
22,875
796,892
28,42
37,220
11,194,247
65,442
719,944
9,589
372,373
19,26
271,821
51,232
23,33,188
100,296,355
24,263
49,167,922
80,147
3,87
8,12
297,525
13,144
100,307,484
505,680
103,158
8,138,790
39,239
18,77,632
10,34
111,383,978
199,667
2,87
24,116
38,173
67,810
2,82,562
3,53,59
15,30
7,15,704
12,117
19,573
17,61
5,150
2,203,552
6,257
11,866
39,58,264
13,433
49,595,988
138,139
21,50
64,649
130,927
180,305
15,819
1,959
44,363
26,960
112,427
150,925
88,97,349
6,938
33,41,45
35,374
271,330
28,172
11,32,801
153,314
65,110,209
7,78
762,826
7,252
17,22,352
48,533
157,530
32,331
33,98
475,971
81,97,289
12,60,166
68,73,74
223,941
28,47,86
36,967
2,66,160
21,155
2,665
72,151
36,313
42,173
908,916
368,513
4,42
168,370
4,132
47,183,761
18,28
236,449
65,67,176
60,827
28,195,257
40,294,429
123,402
8,751
174,894
407,752
14,50,176
117,692
34,377
33,784,832
76,219,420
329,532
15,141,154
4,128
13,347
20,107
34,243
1,842
73,341
47,247
362,381
89,202,395
1,375
542,612
10,874,876
186,284,373
218,249,893
238,255
3,283
215,793
135,865
5,31,764
21,23,655
48,62
25,74
7,74
568,824
303,322,627
66,323
2,6,351
306,898
94,103
337,909
52,666
30,128
599,729,800
191,205
2,309
46,847
19,43
30,175,216
85,805
9,240
69,152
20,99,606
34,73
80,377
66,517,984
84,581,657
6,35
246,539,682
14,495
177,466
5,604
15,75,154
16,200,549
188,221
55,80,97
42,61,497
23,24
464,744
4,116
1,82
58,217,270
3,281,848
19,43,312
297,316
160,619
3,211,651
268,324
169,742
7,104
6,12
210,652
23,913
2,147
18,721
19,201
101,168,891
49,299
87,145,226
78,343
20,488
6,26
98,111
32,924
1,843
1,133
27,928
70,93
9,886
648,860
146,334,565
2,18,82
165,930
601,830
6,78
72,524,864
69,349
526,536
46,138
10,30
157,171,625
19,829
95,491
59,60
142,580
51,130
10,164
118,121
3,380,659
39,677,981
13,553
47,602,806
203,597
76,342
3,24,858
2,942
4,18
13,528,541
115,397,814
750,954
11,143
18,854
24,753,940
54,102,579
8,204
269,293
3,4,108
34,36
89,135
27,108
7,413,417
46,55
5,48,318
387,453
27,124
96,337,963
5,153
24,248
282,837
15,114
26,200,929
63,436
773,920
303,365
58,114
20,260
21,838
197,571
59,135
34,44
75,365
6,16
10,120
76,841
77,656
9,635
34,159
7,15,68
5,126
45,161
58,270,638
14,35
83,713
57,341
43,375,770
52,69
95,350
41,47,70
22,284
175,926
18,128,136
570,688
3,244
20,31,353
31,59
17,117
16,376
605,991
248,340,670
545,699
41,72
149,455
21,158,198
222,228
103,360,516
55,357
48,193
9,259
1,43
175,176,354
19,485
9,194,481
215,242
254,968
184,443
44,326,511
35,673
4,534
294,641
7,177
45,204
127,266
131,139,994
30,52
44,716
1,151,950
21,361
137,531
5,91
4,14
36,676
21,310
31,672
27,133,319
11,17,671
283,961
5,907
106,661
60,116
51,501
822,983
1,99
70,202
162,578
25,46
95,535
75,162
110,115,179
336,585
31,82,190
9,430
4,233
335,689
9,68
7,250
6,8
5,10,187
88,1000
1,510
128,210,555
16,378
45,979
388,439
489,622
2,115
46,759
112,120,169
43,326
13,153,683
105,219
617,844
20,125
56,206
309,563
17,95,208
538,768
88,794
17,46,52
30,152,603
52,163
19,899
252,274,741
194,851
775,863
2,23
189,663
8,494
29,490
33,225
160,835
10,165,769
360,369
311,811
20,276
93,783
2,100
108,125
38,352,620
2,904
11,255,273
40,44,737
86,166
18,159
52,348
5,730
64,379
25,62,234
204,903
31,90
61,69
1,459
2,44,440
5,358
154,214,952
63,197
12,69
61,63,797
180,251
23,156
11,182,675
146,300
40,116,640
9,36
5,31,245
108,137
38,238
19,52
142,386,828
32,37
2,165
623,726
218,776
18,110
100,817
16,139
262,277,739
11,133,161
17,320
65,708
153,154,789
26,567
19,760
261,378
150,364,588
44,217,642
122,225
8,179
210,385
2,186,285
40,89,323
5,15,441
104,918
1,9,182
42,598
141,995
321,551
38,758
40,237
20,31
15,149
233,883
1,79
54,70
235,905
4,170
93,122,881
566,985
79,102
425,658
4,990
88,119
628,787
136,147
109,856
2,10,327
367,972
73,159,267
122,747,923
38,415
421,951
472,846
277,845
131,368
117,380
32,106
10,720,778
14,695
44,54
61,621
5,18
13,616
148,406
8,14
16,30,227
156,223
119,146
106,321,740
9,11
317,325
39,223
5,29,717
90,804
108,246
29,503
118,548,735
186,206,577
129,345
1,457
37,191
94,193
35,279,338
342,359
584,880
9,212,823
4,163,668
1,143,624
30,55
14,167
17,23
105,183
390,931
33,993
3,65,653
11,493
1,26,129
57,184,554
27,41,292
107,113
33,88,917
235,703
79,195
29,129,569
20,187
14,452
63,107
202,987
34,779
196,272,748
76,973
43,90
559,754
4,426
100,250
24,106
23,189,701
158,315
36,122
4,89
19,56
3,16,170
68,77
34,63,412
22,89
11,131,706
22,245,512
131,645
23,103
59,237
143,469
16,50,594
49,52
435,684
56,664
42,222,226
83,220
1,467,722
317,419
61,799
28,458
25,256,502
424,774
4,816
333,506
2,32
54,310,957
201,364
97,146
89,148
15,217
67,771
214,998
205,304
27,239
253,470
15,33,141
58,75,121
81,254,379
241,887
12,295
40,109
53,122
76,253
3,400,813
274,885
10,91
29,47,86
14,103
35,986
19,537,749
49,662
92,96
10,188
2,98
8,873
25,431
398,820
9,96
73,172
3,163
16,46
33,190
178,939
24,57,78
67,280
558,743
6,10
243,344
70,697
111,977
48,62,376
181,207,582
13,123
28,68
65,110,189
7,107
3,63,314
46,144
92,127
74,118
71,399
38,62,280
25,812
325,332
19,265,970
150,921
1,305
544,557
