114,225
14,351
12,16
3,13,73
830,864
77,756
15,41,53
158,565
6,19,108
26,524
204,777
18,136,352
74,474
5,181
10,50,806
2,26,923
14,349
160,632
11,75,100
13,49
116,307
144,336
6,205
100,484
18,45,916
471,495
326,790
95,557
72,883
27,208
199,314
4,102
18,157
4,21
10,79
38,430
595,966
248,503
90,94
3,843
11,146,389
24,287
3,967
76,788
82,354,676
34,696
80,386
60,84
60,203
17,579,888
17,24
2,258
3,114
97,277
54,275,847
41,279,835
42,91,813
57,75,626
116,152,260
14,71,138
17,314
3,275
4,115
21,46
58,344,458
16,186
157,650
6,53
44,637,975
169,657
20,804
5,138
278,434
1,734
103,868
65,927
32,629,665
32,110,131
6,381,541
147,164
58,342,946
29,302,712
166,961
193,292,816
218,287
630,904
209,552
301,551
1,479
6,215
429,714
109,999
1,111
67,763
289,655
1,63,155
24,663,988
30,37,631
34,57,295
188,585,840
8,108
41,608
80,94
35,153
1,729
10,18
60,856
172,848
7,486
21,896
9,875
122,826
83,88
82,235
63,155
23,62
50,918
11,36
12,63
510,746
49,117
13,137,170
1,391
7,9
66,102
188,339
68,87
51,687
28,119
13,136
106,162
25,88
80,525
27,174,522
7,971
115,357
3,13
249,512
106,339,554
86,606
22,418
53,64
72,112,814
3,59,686
25,85,604
3,39
170,909
59,348
40,489
4,95
1,28
180,392
99,243
12,40,83
31,113,408
107,165
37,76
18,76
17,26
23,771
9,688
112,318
5,871
214,619
190,693
29,858
107,954
6,84
15,265
22,29
22,77,502
29,115
14,563
14,177,508
7,549
4,31,96
133,899
71,79
186,841
60,377
20,99
18,38
28,191
11,69
88,132
55,72,431
87,271
23,75
44,223,648
5,10,118
169,645,803
2,8
16,51,262
273,334
232,870
141,345,529
316,874
245,441
282,934
14,905
530,550
94,200
280,677
46,74
239,380,600
52,113,146
5,210,259
299,599
16,168
137,253
20,110,323
55,498
251,308
38,95,182
3,355
263,935
7,51,799
224,767
91,769
54,250,436
48,74
44,121,159
19,468
165,984
14,66
68,288
20,384
10,97,205
3,167
76,267
44,276
54,56,872
92,613
869,997
130,246,867
59,176
106,735
20,42
1,108
7,29,56
49,88
40,768
132,144
140,200
149,240,573
294,306
29,482
16,37,721
1,20
23,55
10,202
83,388
72,261
58,772,833
20,70
66,69,879
43,151
143,330
5,415,851
69,73,320
89,421
6,27
52,196
40,442,929
57,85
20,611
162,234,922
33,269
221,375
14,978
5,11,97
47,286
39,572
17,556,705
23,890
117,229
52,615
13,985
3,53,78
130,690
196,894
5,21,52
89,139
2,298
13,244
29,31
105,134
9,338,374
222,398
14,48,66
84,299
487,492
31,44
54,382
22,199
426,539
173,562
27,692
46,491
3,116
28,72
322,795
850,880,950
201,296
252,321
89,344
99,583
27,59
25,437
12,143
36,45
2,59
24,121,420
8,476
7,272,290
2,79
17,200,983
7,36
40,298
100,249
171,365
1,35,217
16,43,104
125,478
38,50,488
40,699
5,23
802,895
10,974
124,152
5,68
32,37,105
38,571
41,300
35,537
120,236,278
211,545
75,853
53,184
33,265,711
14,124,891
22,691
138,150
19,614
25,31
88,807
41,312,513
327,787
40,224
234,514,634
272,679
92,93
85,141
92,304
44,328
497,727
30,36,201
10,81,647
23,81
15,930,931
12,18,196
257,863
11,994
28,49,862
63,98
129,290,439
50,67
24,153
123,336,670
256,820
10,210,238
56,190,331
15,21
5,33
43,270
30,35
347,828
128,231
14,81
61,738
48,939
43,142
39,54,214
29,566
280,882
10,147
533,906
159,239
6,671
37,329
26,49
279,837,912
542,616
3,285
111,260,361
3,678
15,112
128,288,829
70,751
56,921
28,405
104,416
212,596
42,133
4,231
407,543,730
12,39,187
12,205
1,137
284,718
73,372
116,713
216,368
359,827
17,28,101
1,33
15,41
84,161
28,126
5,19
1,5
16,151
723,990
8,32
93,123
15,659
245,323,667
10,253
32,65
20,30,51
8,567
156,164
21,493
225,668
66,861
39,724
266,347
2,356
24,952
19,62,925
1,25
17,77
101,309,335
127,754
174,725
36,784
4,580
12,446
59,358
52,540,652
1,29,208
189,305
1,576
6,30,39
169,198
105,276
25,180
17,610
26,59,185
3,597
54,794
50,271
45,120
9,58
11,23,32
18,181
7,332
6,101
35,49
6,360
174,598
3,114,310
10,87,317
791,976
45,80,197
106,124
207,651
4,13
34,48
1,30
5,445
11,481
250,331
19,82
50,189,319
187,370,435
141,901
5,120
51,776
4,43
15,29
37,168
2,698
4,126
11,157,633
45,47,704
16,125
47,750,866
17,158
4,32,911
243,255,792
9,902
42,472,822
140,849
104,227
18,857
16,195
338,591
121,742
14,774
2,248
286,428
13,399,998
115,230
15,102,590
96,175,873
19,588
15,30
7,29,207
114,244
191,198
19,516
681,900
16,1000
1,485,760
46,52
281,507
12,758
40,324
70,317,363
92,111
70,76
413,955
40,965
8,133
135,139
11,76
2,64,945
898,986
61,84
73,184
149,242
50,311
38,83,897
86,393
12,353
7,764
27,54,70
71,252,496
47,115
269,424
2,67
5,163
23,29
8,337
91,147,192
9,656
203,716
93,117
22,63
33,42,83
148,511
110,201
22,91
9,450
34,262
2,26,229
98,190
13,411
1,739
109,152
162,709
6,35,577
247,480
11,106,119
38,719
12,60,846
5,264,958
118,283,682
65,154
213,839
6,12,37
202,743
103,369
55,831
9,578,817
26,675
131,171,367
6,301,755
215,451
42,255
186,194
5,36,163
38,368,673
12,134
7,16,564
28,325
45,71
8,261,720
30,355
126,521
155,254
4,175
24,61
320,409
12,394
51,111,432
90,192,238
5,14,100
44,219
42,561
477,695
72,102
36,45,86
1,740
34,379
135,865
179,733
47,270
13,35
86,501
69,103
16,30
21,141,680
293,327,926
76,311,433
47,142
30,128
89,877
11,889
214,625,979
47,534,601
4,422
13,506
31,126
26,73,623
30,39,419
4,447,942
27,117
25,459,810
10,449
43,129
4,9,25
48,49
132,183
7,15
55,154
8,13
4,396,438
104,127
15,187,664
2,26,78
2,977
67,153
13,26
125,315
35,48
766,785
213,726
1,82
350,937
84,367
54,842
33,258,982
22,358
64,66
7,640
46,67
92,569
3,226
50,100
130,150
267,732
51,362
69,457
17,666,759
42,528
21,148
6,208
11,351
4,707
85,148
40,136
103,289
10,74,107
10,33,312
11,118
140,206
1,809
11,494
23,41,183
35,654
18,46,281
107,172
53,274
4,53,285
14,32
2,366,783
26,825
58,845
335,797
33,834,920
48,517
123,653
31,122,193
592,798
69,212
305,981
7,593
145,627,893
49,340,800
302,815
143,195
72,747
21,462
1,363
2,886
63,685
144,515
17,400,855
3,15,885
22,92
91,860
70,284
165,254,972
61,131,700
75,175
34,127,136
56,683
531,602
7,364,917
8,907
22,93
3,4,108
2,35,969
116,146,586
2,216
17,333,574
5,36,793
661,812
70,90
10,144
341,350
20,43,233
37,151,315
7,989
689,770
8,113,127
39,646
173,460
36,256
139,166
21,948
96,322
28,483
68,71
15,176
22,51
6,228
79,283
27,143,209
78,463
147,594
211,669,892
25,38
47,77,992
3,151
354,359
13,818
67,546
44,77
1,6
8,13,247
56,128
123,475
97,440,454
82,346,887
21,24
58,179,397
24,808
7,641
8,89,326
46,928
12,222
156,452,844
177,555
80,140,444
18,86
3,34
47,621
9,259
18,264
16,117,674
8,15,41
60,185
9,47
55,197
41,624
78,161,313
3,560,736
27,194
79,628
584,956
12,527
19,154
52,341,947
156,371
227,919
93,343
2,25,89
109,308
161,319
74,114
11,62
14,313
3,178
90,297
5,71,251
268,292
168,337,353
48,64
64,88
142,221,702
20,155
182,241
18,532
360,412
98,124
383,773
56,366
87,526,941
329,333
8,300,490
25,152
55,160
33,91
15,443
192,346,819
45,150,364
46,178,960
28,139,559
6,99
2,68,324
395,469,638
2,24,213
3,4,73
3,41
18,130,523
53,694
33,605
318,963
2,518
570,823
154,854
277,959
662,878
49,94
32,64
232,293,753
11,23,962
79,81
58,83
57,268
80,109
56,660
7,970
39,263
78,98
6,60,547
24,240
17,20
36,762
5,121,465
57,780
22,57,824
119,607
3,237
104,701
9,778
145,915,968
202,951
303,356
73,74
16,59,295
21,26
61,464,636
4,178,206
120,146
65,706
43,77
3,5
98,728
209,217
801,881
62,210
57,180
18,618
34,96
132,425
21,57
108,137
15,75,135
241,964
63,122
352,996
6,149
129,203,757
102,133
4,8,134
54,204
2,118,204
34,274,348
42,940
2,96,461
9,31
52,57
28,226
378,582
8,179
188,617
31,672,744
3,19
29,548
4,189,228
118,182
362,644,745
1,67,466
66,710
39,158
4,113,789
22,107,125
9,167,237
6,172
25,406
176,949
2,44
2,31
448,752
273,782
211,953
36,456
43,821
66,924
33,40
2,306,321
20,257,297
455,500
17,21
45,349
5,82,97
568,609,943
46,715
12,191
156,876
294,658
642,643
220,340
581,987
68,167
38,749
35,65,520
206,748
5,361,765
20,470
3,4
27,110
5,90,163
64,731
65,81
2,30
8,233
48,195
17,112
27,164
13,936
345,796
62,103
101,220
19,87
6,325
2,4
5,80
6,145
12,39,197
14,42
10,43
63,101,913
86,291
9,24
65,620
4,9,401
44,53
9,761
93,310
55,64
8,589
13,153,786
504,741
14,38
1,993
219,304
95,385
45,836
1,61
453,980
4,17
68,183
95,903
198,376,933
37,332
119,932
3,25,41
148,303,365
99,536
473,811
173,218
87,417,603
33,42,973
94,171
62,342
37,467
67,185,649
32,212,343
34,129,328
46,296
55,81
330,553
78,105
11,81
32,805
31,111
1,832
23,414
74,77
28,34
23,79
134,266
236,944
427,717
13,52
37,142,703
16,56,781
2,19,402
9,78,85
242,639
48,223,697
7,60
14,246,722
410,859
135,390
27,199
8,75
19,138
193,282
10,235
334,509
7,612
4,9
22,27
16,61,357
32,737
7,544
838,910
14,535
181,373
170,575
58,908
11,635
24,230
150,159,291
1,16,145
109,112
194,404,558
85,207,914
5,31,995
19,519
110,852
51,538
26,105
131,160
15,316
122,991
423,708
11,50
166,684
62,90
62,71,177
9,12
69,387,775
1,587,957
10,149
61,505,884
8,113
184,403
10,65
19,622,938
8,309
12,779
307,499
