3,263
4,54
109,468
10,35
85,379
9,103
55,112,289
29,124,416
372,436
112,449
44,76,130
170,211,318
17,90
7,113
16,28,249
16,36
59,93,154
99,118
15,241
5,178
86,476
18,325,439
9,46
17,369
19,44
19,266
7,23,40
14,16
6,323,470
8,36
145,168
242,424
4,49
37,101,138
12,166
103,410
1,34
24,95
98,497
2,172
23,97
3,42,111
9,64,440
122,311
3,46
34,296,367
138,480
37,415
4,70
63,88
365,390
13,21
56,65,195
20,107
41,253
47,222
27,477
9,142
37,61
11,422
94,420
248,347
23,394
31,419
6,34,278
25,147
3,345
2,295
12,90
21,71
319,489
2,247
5,68
58,151
2,82,149
7,23,84
12,13
14,25,321
18,101
21,26
2,124,456
294,378
100,464
8,73,404
3,5
1,3
48,66,299
77,227
232,360
155,228,461
17,433
348,462
45,78
10,33
1,65
230,423
2,40
286,342
24,48
83,110
91,199
31,216
30,131
83,234
42,86,340
63,122
16,405
7,60,270
2,45,382
15,44,79
4,465
3,28
3,148
39,237
88,331
4,23
142,475
67,330
33,172
10,275
52,102,155
11,219,466
30,96
133,215
246,458
50,115
51,120,397
24,90
7,25,145
2,393
74,161
49,374
38,165
26,101,257
51,140
3,42,337
265,400
1,36,104
85,305,494
217,453
8,179
1,41
165,288
35,107,384
53,118
8,302
2,16,298
8,11
24,69
16,81
1,71
27,162
27,84
52,313
15,467
20,349
10,25
146,190
9,20,198
68,75,455
22,116
20,31
38,363
55,444
2,93
157,398
10,18
30,86
80,350
2,18
78,125
76,339
4,129
12,22,412
6,8,169
27,346,371
2,287
9,40,176
3,18,411
6,15,283
52,55
162,356
84,300
7,39
60,73,89
1,3,139
1,45,335
6,26
14,16,57
4,206
1,97,116
2,29
1,115,174
7,11,125
11,17,486
29,54
3,274
4,500
22,78
175,421
425,495
33,62,94
4,73,273
4,12,32
59,225
1,133
1,258
34,57
12,213,471
70,353
12,327
5,7
22,389,414
48,53,499
30,79
69,95
2,105
14,177,282
264,385
1,22
9,68,102
43,280,441
82,167
99,334
407,490
24,83
139,245
8,121
135,431
28,478
2,10,204
3,6
35,290
30,47,191
22,40
2,214
28,39
3,164
19,24,59
23,50
1,113
50,354
19,62
89,126,152
11,19
5,31
9,119
6,137
3,13
7,260
35,409
8,269
183,361
7,8
9,156
161,207,210
5,193
6,231,484
123,326
9,20
20,96,98
203,357
44,169
5,488
1,10,20
4,7
13,25
11,17
1,58,482
100,111
3,156
31,452
104,341
3,10
87,148
12,131
4,18
97,438
8,434
181,445
22,25
160,380
75,306
26,66
13,146
10,126
100,279
4,41,178
11,413
2,108
220,324
7,91
49,105
55,277,442
31,129,352
88,197,202
5,6
13,212
23,56
1,16
2,10
2,27
1,370
1,8,338
11,64
35,239
10,20
2,20
8,180
69,267
3,297
243,392
35,54
1,74
5,13
22,61
13,285
66,336
8,106
7,29,150
3,99
174,185
31,60
284,457
1,159
136,144
26,57
17,57
45,134,151
9,32
3,5,320
18,128
14,96
29,364
15,17,24
5,177,498
5,43
135,293,368
141,309
8,163
28,62
30,240
92,188
63,254
2,14,18
8,87,430
8,221
53,281
39,85,152
160,272
58,437
2,37
166,187,473
5,27
2,201
11,27
399,454
47,56,250
9,150
432,487
59,196,358
7,276,388
4,5,39
15,451
34,426
209,428
38,218,304
108,120
229,395
3,21,167
47,182,233
114,344
5,7,171
1,110
22,24,376
6,51,359
333,417
7,41,70
13,29,77
12,26
25,362
19,33,387
46,61
29,450
4,50,80
28,255
4,316
192,314
10,32
4,52
23,114,291
1,186
98,226
15,259,391
5,23,244
307,408
6,15
33,343,448
92,396
19,208
72,153
1,13
136,315
60,459
15,61
1,21,483
4,406
19,127
16,308,493
6,30
16,82
20,377
6,144,479
26,67,140
3,194
38,123
3,301
21,322
328,383
5,157,496
6,64
9,21
2,173
14,79
4,119,447
12,137
127,292
21,32
12,76,256
18,77
4,189
44,252
62,463
37,117,474
81,106
14,46
149,175
24,366
6,43
40,72,159
92,132,171
46,164
51,223
1,329
72,312
11,67,268
158,472
12,19,143
75,418
94,262
2,49
1,481
14,435
6,10
54,89
71,147
5,36,121
47,163
12,19,402
238,261
460,492
13,14
11,58
351,446
4,491
91,132,469
43,173
10,375
2,21
1,36,381
38,317
11,235
65,168
4,403
21,42
154,236,427
37,184
63,134
6,109
15,56,200
17,271
3,429
25,485
27,53
1,14
2,373
74,170,332
34,310,355
32,303
17,80
6,401
28,130
43,87
2,45,176
18,42,95
158,224
26,143
32,81,251
153,386
17,48
36,141
9,41
15,443
33,205
1,16,93
13,117,128
