3,263
6,99,182
68,212
114,350
8,444
21,47
27,112
77,274
35,72
43,91,282
29,380
13,98
1,164,301
7,165
109,475
143,178,498
278,484
162,309
28,238
7,67,168
8,148,150
325,346,357
34,63
17,85,235
2,224
2,479
254,407
41,51
24,28
30,497
19,61
16,147
388,395
3,450
252,385
408,486
204,268
191,227
4,49
1,71,398
2,130
3,389
6,62
299,428
49,58,69
6,121,312
74,89
1,50
122,201
33,38
214,453
90,289
10,26
15,334
52,65
76,310
6,67,487
45,172
7,469
271,294
94,215
3,133
23,317,366
30,131,159
125,302
21,68
6,243
64,106
145,414
86,166
66,257
12,164
37,228
8,30,426
3,160,438
285,481
250,458
382,477
1,163
2,152
3,24,200
1,326
59,249
18,463
32,55,71
33,60
61,328
3,8,187
13,446
21,127
5,339
32,123,307
3,5
8,17
7,100,110
4,35
62,151
6,7,9
3,117
19,139
82,150,440
4,5,71
19,104
34,157,383
18,48
112,490
87,298
10,231
2,9,14
8,330
5,135
62,122
1,56
11,45,87
85,120,177
52,86,118
10,55
39,72
5,10,106
79,239
16,405
4,17,461
194,292,478
34,499
36,474
34,35
1,115
7,331
70,133
5,77,93
129,377,416
14,52
63,361
81,218
13,111
4,23
37,146,500
39,216,471
2,85,369
53,460
28,313,364
167,365
69,78
14,105,432
21,354
84,128,220
5,184
43,82,287
36,144,270
11,22
21,400
12,372
130,447
49,141
11,237
84,134
101,196
37,52
11,33
1,264
4,100
37,171
89,132
16,27
1,82
113,258
1,77
124,451
6,168
6,431
129,404
53,232
4,135
34,41
65,89
1,280
344,399
91,375
273,415
20,31
116,255
2,93
12,57,393
57,76,198
2,304
35,40,66
18,352
46,73
6,161,423
44,480
62,96
88,171
2,19
7,119
16,260
3,335
1,57
73,333,368
211,379
40,145
22,42,265
30,208
3,353,384
9,90,418
102,162
3,16,396
13,40
13,43,363
157,337,387
17,19,27
5,84
156,390
5,7
11,494
57,103
20,48
83,121
20,153,193
20,97
5,41,284
58,376
2,17
43,288,347
23,25,42
3,419
68,167
25,202,308
10,80
65,69
22,113
26,149
3,367
50,206
3,470
4,275
1,245
49,50,125
6,25,102
25,120
10,48
1,54,195
1,4,16
207,244
3,13
6,22
60,72,430
26,425
7,24
9,126
29,442
51,233,466
60,323
47,108,262
1,45
75,180
1,4,31
47,64
11,424
28,340
136,246
76,165
142,159
12,19,343
4,6,22
55,223
75,94
277,397
12,27,54
22,58,345
1,13,226
362,456
1,158
8,91
181,329
39,149,436
15,131,348
5,80
186,351
401,496
4,147
23,492
7,32
14,42
95,197
222,448
1,118
15,190,392
5,18,48
15,454
15,16,44
7,17,42
61,96
24,355
5,413
46,142
4,74
269,429
3,409
266,373
40,54,459
296,371
3,445
116,156,341
10,27
33,105
203,434
6,36
14,70
90,286,491
24,169
2,20
16,70
5,139
6,95
7,98
1,146
38,300
3,8
2,213
28,59,79
8,12,81
21,43
2,9
4,11,253
44,56
3,281
12,251
28,324
74,319
10,26,394
2,161
11,31,88
5,356
51,482
2,45,73
24,38
138,378
4,15
9,151
123,185,465
103,107
5,108
6,22,37
6,29
2,24
101,247
2,83
9,41,170
1,80
63,136
20,305
148,321
170,217
137,143
9,188
1,119,315
31,68
12,66
4,267
1,134
386,422
39,433,439
92,160
2,20,46
12,336
32,137
75,279
18,35
11,14,99
7,175
109,455
10,32
47,210
41,107
9,42
14,30,163
6,128,229
8,115
10,18,489
18,420
60,69,473
9,46,402
1,3,21
5,297
1,4,241
1,13
19,358
15,29
110,166
5,83
44,59,144
39,403
23,78
2,63
374,476
11,311
2,327
2,205
36,306
4,10
234,272
179,236
29,53,242
36,155
6,64
7,67
29,87,199
1,8,381
92,155
30,219
176,192
40,78,240
11,322
9,221
64,126
154,261
3,154,173
1,124
15,51
3,293,435
117,256
2,318
23,114
14,46
44,66,209
2,132
140,189
17,23,26
138,140,295
7,111
81,332
56,417
9,65
8,485
411,495
31,55
412,457
79,488
12,342
370,391
33,427,441
31,45
59,61
290,467
283,483
25,230
152,443
27,38
462,493
3,169,259
97,316
1,8
47,338
248,464
276,406
4,7,26
2,53
104,320
141,153
56,127
9,410,452
4,32
86,449
5,25,58
2,158,360
67,88,291
10,472
38,225
92,468
1,174
183,437
303,349,421
50,314
54,359
