5,452
13,54
5,68,86
21,138,436
115,254
15,257
12,16
67,345
22,88,145
1,18,25
330,398
31,79,317
9,19,159
47,417
18,122,245
19,93
49,194
24,342
44,370
3,130
11,326
23,193
73,444
28,57
26,39,355
28,247
6,268
156,319
278,312
3,33,68
63,124
261,465
168,392
19,44
4,248
6,471
9,152
10,12
17,486
9,170
92,500
295,334
28,454
10,41
2,264
35,142
1,48,408
18,298,385
21,215
14,19
50,361
92,283
134,305
10,71
4,106
35,136
22,202
14,61
10,59
6,199
2,280
15,314
2,59
1,145,152
1,118,287
13,21
8,16
10,79
1,49
24,341
3,72
6,76
7,494
6,34
14,17
25,353
276,360,364
1,225
8,149,310
12,253
3,4,46
20,137
1,2,165
303,456
5,12
286,427
228,299,358
42,70
3,33
14,462
1,21
3,5,136
6,41,191
84,296
14,59,141
153,396
82,382
64,161,223
34,73,171
1,70,137
3,5
25,368
213,337
87,387
36,232
27,69,490
16,284
2,22
64,338
42,155
3,45
6,21
2,15,206
27,33
11,79
1,65
1,9,390
4,115
8,143
23,27
76,175
5,388
233,491
23,484
41,242,322
13,333
33,430
16,267
2,142
8,413
15,167
2,5
51,58
10,55
150,255,453
29,187
6,7,24
85,129
23,189
166,205
26,196
17,42,49
62,384
3,36
14,302
365,369
46,131
11,78
131,432
26,239
74,344
9,349
11,133
9,19
40,135
38,40
144,176
9,44
156,347,466
33,127
47,148
1,12
27,437
39,114
160,450
21,114
4,116
61,83
234,407,487
77,122,459
9,106,117
250,404
10,36
7,64
1,77
2,36
24,43
28,166
6,15,184
1,103
26,99,143
28,274
24,216
7,13
15,16,46
17,167,472
8,132,496
14,69,403
42,279
8,10
71,173
8,124
8,31,92
2,10,269
14,372
19,105,309
25,26,227
88,410
4,10,25
7,11
18,340
17,291
21,25,107
188,420
13,186,339
47,380
289,325,391
25,441
16,297
172,318
8,282,293
7,108
45,147
20,105
38,203
4,15,35
30,66
7,229,374
73,467,485
109,405
1,78
63,65
11,17,126
22,154
15,422
1,252
97,376,449
20,48
28,179
15,479
1,22
80,429
23,98
30,31,414
3,10,409
89,272,428
1,55,335
7,19,316
5,157
31,58
4,45
13,117
90,416
46,127
52,451
1,400
33,457
27,246
21,61
32,38
47,134
241,481
32,200,367
5,19
381,389
6,258
19,150
10,15
16,262
14,116,493
58,172
2,15
6,22
3,4
29,169
57,307,458
3,23,125
17,60
16,55,259
140,275
11,29
13,86,320
74,87
101,149
48,211
176,439
304,497
7,311
24,87,94
138,141
14,221,446
20,162,373
20,328
5,43,75
37,210
9,20
3,174,343
57,313
6,14,41
4,84
110,288
12,107,426
13,16,54
2,4
2,359
61,192
7,12,83
3,10
11,331
16,321
4,18
22,469
59,224
17,68
10,300
1,84
2,43
12,71,158
3,34,164
27,85
2,20,35
24,98
45,104
30,34,346
29,155
40,421
13,31
4,31
32,263
5,110
9,37
354,424
37,243
7,63
9,201
11,419
1,146,207
1,17,435
5,6
18,67,101
1,16
18,42
88,244
20,70,151
15,113
2,273
9,447
72,147
24,169
95,256
2,20
2,81
12,56
26,477
93,140
113,402
11,111,120
51,154
7,204
32,77
1,489
46,393
32,82,177
3,37
2,39,96
271,348,357
55,65,74
119,478
31,220
7,34
36,434
178,433
7,50
22,226
8,128
6,415
11,52,78
18,21
8,332
29,183
43,431,445
163,290
26,58,135
6,217
51,266,464
69,406
26,30,40
17,22
18,53
23,82
12,75
1,80
13,30
6,474
118,160
99,129,350
41,336
315,468
4,473
5,81
180,470
5,20
76,285
19,168
91,363
4,219
56,62,438
2,173,480
108,498
17,231
15,25
62,218
30,43,175
11,23,324
5,9
12,208
308,375
60,128
29,100
162,163
37,95,394
80,378
1,30
8,56
8,35
85,249
10,123
6,198
4,104
8,60
174,230
119,260
7,133,418
12,195
16,91,411
5,39,292
14,52,103
2,39,130
51,102,240
18,112
14,23
8,185
356,383
1,90
50,182
6,90,91
11,24
14,170,362
54,440,488
83,121,161
12,397
5,386
171,281
3,301
8,72,475
60,499
1,11
28,53
22,495
66,111,238
1,39
139,144
4,329
123,265
54,146
49,121,425
64,126
29,40
7,86
9,48,139
3,102
89,412
8,366
4,401
2,132
13,209
1,32,159
148,197,351
2,214,483
120,125
1,9
38,277
3,53
44,482
5,62
8,222
63,89
27,94
35,47,327
36,75,448
45,455
9,67
3,13,21
1,236
2,379
7,100
12,460
27,38
21,50
442,461
57,443
4,6,10
5,7,151
7,11,352
44,212,323
165,377
2,492
13,423
13,153,395
53,181
8,270
2,96
2,306
18,109,190
52,235
66,399
23,476
81,251
2,16,294
19,158
17,97
20,112
37,38,164
3,4,56
34,157,463
22,237,371
