4,63
27,56
9,71
6,14
74,240
17,57,164
23,89,197
8,118,244
4,31,469
5,38
42,210
113,180
157,378
19,25
11,440
2,73
12,31
165,347
4,126,407
20,41
79,202,300
17,121,238
26,405
33,169,314
26,325,361
7,309
91,200
13,63,356
20,77
4,34
161,229,286
35,40
21,35
12,21,136
18,92
10,23
14,16
19,28,39
74,90,141
4,5,47
2,23
11,65
4,124,168
9,29,90
143,168,181
8,25
24,162
33,332
171,429
4,72,150
2,66
4,94
31,198
1,62,408
72,76
3,57
45,82
30,62
4,21
44,51
42,49
22,46,76
8,19
93,370
3,92,284
12,24,109
3,137
14,341,428
3,22
110,434
45,211
25,353
135,139,367
5,224
45,79
67,392
13,387
84,296
4,149
51,174
208,466
37,180,478
1,46,379
33,38,112
331,496
8,488
3,54,175
263,419
221,436
3,114
22,96
17,190
4,425
1,3
1,106,107
7,29
147,490
29,182,247
6,38
28,95
5,195
127,322
58,204
53,283
14,186
69,374
65,95
69,141
112,246
7,226
51,54
8,97
31,487
33,376
36,44
58,384
98,452
245,343
10,55
6,178
35,474
10,13,193
32,311
26,32
52,116
61,340
1,48,373
93,402
13,177
480,484
25,51
4,12
138,160
216,354
10,282
8,17,19
9,147
16,316
172,334
148,412
6,446
22,86
29,395
7,48
36,399
19,307
17,52,60
7,15
1,207
38,40
73,234
5,454
1,86
53,158
6,499
9,146
94,250
34,404
9,19
29,44,50
13,103
68,151,155
40,46
1,12
1,75
22,41
15,163
42,264
37,67,100
6,115
201,443
10,28
130,315
7,182
372,413
326,329,371
156,176
94,299
11,254
34,75
87,280
5,114
3,74
78,465
161,493
4,138
15,306
52,270
19,498
220,394
27,93
75,403
71,173
21,33,423
50,59
4,42,66
18,20
2,82,152
1,3,6
50,59,67
3,101
66,321
17,23,352
295,417
7,20,22
10,35,225
70,218
320,455
25,39
2,6,48
47,68,468
105,289
2,380
32,317
47,101
7,12,328
7,27
28,71,255
11,18,162
23,39,302
23,97,117
87,184
8,297
25,398
61,199
5,7
369,437
11,203
5,15,99
3,21,43
10,17
19,196
4,5
3,30
22,33
8,28,258
5,18
2,335
11,304
11,18
3,6
5,9,391
8,433
88,409
21,489
129,276
1,40
11,16
166,215
50,91,427
49,176
9,43
89,420
1,5
2,118,365
3,13
4,460
40,410,475
3,4
178,223,448
3,22,274
57,170
8,32
44,110,219
45,160,483
77,338
1,342
1,337
2,6
13,28
36,73,344
3,11
10,153
84,386
9,20
77,155
63,125
16,20,68
438,444
61,102
233,319
13,95
8,54
11,271
140,463,479
2,13
9,294
15,57
1,6,7
10,13
14,157,351
185,205
40,303
25,497
17,177
17,23,327
1,92
91,388
79,103
15,78
32,115
119,288,492
3,11,323
4,16
9,209
15,71,456
16,132
3,213
15,154
88,471
13,44
9,24
2,406
1,18
275,495
11,30
2,382
9,121
5,6
6,148
15,40
26,145,360
17,23,34
22,349
46,145
120,256
12,20,21
10,257
6,36
222,482
2,20
42,368
16,102
26,477
58,165
1,266
60,122
18,49
1,5,81
82,183
8,291
63,154
1,29
3,83
50,135,217
158,174
6,18
7,52,363
4,166
7,34
44,60
70,85
5,43,237
16,47
6,16
27,383
39,108
146,251
32,375,441
20,281
3,19,252
8,70
100,435
36,235
30,476
9,10,123
2,88
116,206
28,150
19,103,104
30,56,381
23,41
14,35,36
16,65
6,29
43,108
2,8
2,37
1,80
2,83
45,401
5,261
152,287
1,36,47
56,140
2,35,55
8,18,171
10,491
26,345
5,9,80
1,143
100,416
56,442
49,104
5,24,27
4,470
30,136,308
7,38
19,242
4,64
5,9
3,101,424
39,120
30,75,105
14,333
6,37,142
28,169
12,74,415
9,127,494
14,422
6,214
10,305
12,22,324
56,128
14,183
31,134,461
16,86
3,122
133,134
228,397
5,366,396
13,52
377,426
175,239
10,293,449
2,3,313
6,48
1,267
7,472
39,464
6,15
98,117,279
14,54,62
69,260
38,447
45,123
137,359
4,85
64,139
60,459
96,411
4,39
90,179
2,27,107
106,249
7,298
12,362,430
18,188,431
4,126
163,269
99,130
1,179
43,99
29,72
3,167
151,451
33,187
12,78
1,11
9,350
41,500
8,111
4,5,24
18,41
9,38
33,227
15,285
14,230
1,131,132
4,31,389
7,24,34
6,13
385,473
21,31,32
13,172,418
2,8,48
54,97,129
2,310
128,248,265
2,76
104,236
259,262
2,16,153
25,47,189
125,457
8,26
23,55
24,336
14,46
3,21
2,167
67,68
7,12
2,42
6,11
64,290
12,142
7,111
11,35,37
458,481
8,450
72,81
4,51,159
212,393
10,17,32
14,133
5,61,70
11,66,73
3,53
31,43,358
8,27,30
7,339
6,10
131,243
55,173
25,59
5,58
85,355
6,421,453
232,485
20,96
2,21
346,348
8,26,364
1,11,21
80,330
1,24
46,62,192
1,3,41
1,37
7,278
5,15,22
1,83
98,156
16,432
102,194
14,55
5,34
2,53
414,462
69,318
9,13,277
144,181
2,16,20
15,486
57,81
49,109,467
301,357
9,12
53,65
5,27,144
10,241,272
2,149
15,34,113
89,164
25,59,231
24,124,439
268,390
48,119
24,400
84,170
87,191,312
5,273,445
12,292
6,37
64,159,253
