306,479
41,331,357
26,30
2,56
19,36
37,136
10,24,484
19,223,255
189,366
5,70
102,163
10,99,395
69,128
55,93,180
1,471
69,375
3,23
62,443
5,440
45,219,500
12,44
155,211
3,21,295
33,50
73,136
94,229
29,226
44,368
10,36,43
101,402,498
12,20,147
33,61,95
14,18
89,124
22,416,420
13,194
4,42,63
7,56,308
344,475
124,430
303,490
187,485
2,23
29,89
106,373
12,17
15,37
16,157
1,411
185,451
85,184,421
6,63
8,20,322
19,151,429
8,84
140,317
50,204
12,51
9,22
3,54,87
1,42
50,58,169
2,208
8,233,427
217,462
64,87
4,350
83,125,127
166,249
2,127
105,156
13,163
68,394
15,41,183
231,425
25,84
76,167
18,31
2,135
14,62,435
4,492
3,237
49,293
5,12
168,274
28,61,139
4,459
119,172
44,264,452
96,432
33,35
1,16,104
298,299,326
27,60,461
7,17,51
13,128,177
5,77
51,123
14,97
7,287
21,100
29,300
11,122,166
12,52
7,266
5,59
15,434
17,99
20,165
2,22
30,49
29,119
32,453
69,202,398
71,241
4,57,377
4,5,41
3,45
141,224,354
3,444
43,358
34,47
23,441
23,439
24,51
114,278
53,482
38,247
40,100,328
3,57,66
3,19,32
1,56
6,53
8,134
168,246,275
48,301
5,57
61,329
98,332
42,251
7,51
2,145
52,450
54,98
4,158,469
10,83,428
4,68
22,86
28,29
24,55,277
2,23,86
10,103,195
103,268
1,8,20
142,448
1,207
16,43
9,35,153
59,210
19,81
72,445,495
20,25
6,67
13,59
1,12
130,174
6,73
21,142
63,132
66,324
11,65,130
172,262
164,431
2,437
27,176
22,82
390,433
147,302
2,28
47,494
47,95
8,171
9,71,243
39,449
3,19
2,36
92,248,417
1,57,125
35,69,230
115,478
31,37
17,33,348
15,149
64,188,414
157,213
34,339
77,150
11,145
18,144
3,159,446
18,20
1,141
8,20
52,254
2,370
3,360
27,265,401
25,43
152,222,353
11,460
161,470
6,103
30,41
37,109
334,497
8,9
5,39,65
14,37
4,154
49,400
1,46
2,31
120,382
16,48,473
4,206
65,153
16,37
15,129,257
84,126
5,28
40,45
7,27
14,121
11,28
35,38,113
7,144
5,63,81
7,290
47,271
92,486
3,73,87
15,242
4,7,156
11,25
13,55,148
101,225
69,137,140
340,381,418
12,173
161,216
143,376
333,423
67,88
7,27,165
90,283
5,240,415
48,68
21,29
29,318
10,11,123
12,321
27,30,267
3,139
171,349
98,389
3,13
32,53
4,378
10,314,391
15,343
12,42
9,108
181,406
9,31,38
36,383
2,30
71,472
309,489
8,32
1,18,76
1,94,143
25,386
1,15,270
4,28
3,11
7,447
9,81
32,65
1,33,285
23,38
114,335
33,476
62,116
10,13
1,18,160
2,359
110,345
71,90,176
13,292
66,115
1,117,307
44,79,105
27,52
193,196,336
10,179
356,426
67,152,155
54,190,405
35,403
22,162
25,320
4,341
32,404
10,11
9,236
78,85,99
58,438
1,7
12,407
39,182
2,44,158
5,55,138
10,39
16,442
9,24
327,397
72,118
91,170
2,14,337
8,371
1,304
18,58,173
3,409
79,477
2,108
11,70,238
11,30
346,491
4,159
18,76,362
62,83,186
3,120
60,91
14,131
102,212,466
118,150
21,410
5,13
3,24
227,305
1,74
78,296
107,393
40,413
1,228
17,46
6,392
4,5,13
5,11
36,75,175
116,454
18,192
64,463
252,399
41,82
26,244,468
49,164
34,86,276
6,29
75,245,483
2,8
19,112
37,467
9,205
8,96
2,14
30,74
5,6,111
342,464
43,273
31,75
66,133
6,100,284
9,47,58
23,26
28,110,146
38,88
122,162
347,481
45,281
34,48
32,154
8,35
5,6,59
135,203
14,263
53,197
77,137
1,234
198,351
36,102
21,24
34,134
4,52
17,282
9,42
39,121
9,132
22,31,258
68,250
4,11
13,487
60,178
131,496
4,39
19,34,259
129,330
14,77
48,76,177
13,45,480
7,499
6,419
104,312
30,97
218,372,465
3,50
7,60
1,369
31,46
46,80
82,113
14,26
22,85
6,64
20,384,408
19,138
24,75
28,175
5,174
96,291
7,17,26
6,13
361,493
1,126
31,78
90,261
17,25
9,17,474
8,10,214
74,288
12,33
25,422
74,201,424
80,412
17,93
40,239,436
8,280
2,34
6,89,294
2,61,352
21,91
16,107
27,54,191
160,311
26,44
2,289
4,24
16,23,151
380,457
97,272
7,35,385
73,365,458
21,235
14,313
92,364
15,367
79,220,310
3,286
22,88
26,111,388
363,387
6,200
49,315
5,256
167,260
1,297
9,112
18,46,72
43,355
7,16,56
1,8
72,209
17,101,325
95,374
16,133,170
19,117
16,40
6,109
10,221
15,316
45,70
5,70,253
11,50
379,455
26,80
2,15,53
40,199
36,279
146,148
23,232
78,169,338
41,106,215
6,323
21,94
2,149
10,67,456
20,319
38,396
42,269
32,488
12,93
