9,25
28,31,77
1,24,36
19,148
56,57
30,72
34,73,106
21,37
1,6,28
104,126
5,62,110
3,95,120
64,139
1,91
74,105,122
4,97,146
20,108
14,93
3,87
3,21,53
3,132
43,51
4,42
22,125
8,43
8,11
90,103
2,11
75,89
1,36,68
118,136
20,29,33
10,39
8,116,143
47,67,144
23,113
96,107
1,18
138,149
41,60
39,86
17,22,40
38,42,88
18,140
70,115,121
2,26
16,54,131
7,101,147
26,49
4,78
44,85,135
2,19
25,84
63,83
31,114
9,55
80,99
10,109
65,117
24,33,34
69,150
38,66
11,52
2,46
7,27
9,45
124,128
29,30,41
35,119
7,81
13,15
17,32,134
129,141
5,71
23,79,133
6,61
6,94
27,137
13,123
10,14,127
111,130
1,50,112
4,32
5,100
12,98
15,82
1,40
48,92
16,145
37,142
12,59
12,35,102
58,76
