1,30
10,56
73,143
34,60,95
20,86
5,117,140
3,12
1,84,139
11,21
4,27,97
2,25,103
21,99
10,112
23,57
24,30,108
14,82
22,104
16,41
10,13
4,28,135
2,150
1,23
119,142
3,42
52,101
14,16
8,69
19,94
37,125
15,137
2,36
1,25
2,98
16,79
6,63
45,62
4,49
17,77
53,76
2,130
3,31
50,92
38,89,105
17,66
5,47,114
34,118
11,20,91
26,124
1,87
36,67
8,18
51,88
80,129
32,68
72,123,133
83,146
59,147
7,11,122
8,26,55
1,9
100,107
1,29
18,109
13,121
35,75
12,64
32,144
48,81,110
93,106
1,74,132
12,90,96
27,120
31,65,127
35,71
1,17
136,138
29,111
4,33,40
9,19,39
6,14,15
33,145
22,149
6,78,102
28,85
58,148
7,128
24,70,115
116,134
43,44,113
9,13,126
5,141
7,131
15,46,61
3,54
