12,18
91,148
11,109
11,46
5,128
1,7,13
5,21
2,6
33,39
2,45
24,145
3,98
139,150
68,133
1,86
4,119
3,77
2,35,69
8,13
13,95
32,55
1,62
11,22
143,146
1,20,129
9,138
3,124
3,26
4,42
4,127
2,52
2,4,56
1,43
2,75
23,51
15,37
47,71
22,66
6,58,101
114,123
31,78
14,22,41
7,90
26,40,104
60,115
50,118
12,33
6,28
63,102
34,108,113
8,132
19,24
16,106,142
1,5,27
8,87,134
3,9,131
2,16
17,111,144
18,29,81
5,54
17,97,100
103,147
10,135
11,21,65
14,72
76,116
8,9
9,36,141
16,83
7,10
20,99
2,57
1,17,136
15,18,53
110,126
2,38
36,130
8,105
7,20,30
21,82,120
59,88
1,37
7,49
19,73
6,79,149
15,93,121
19,64
29,85
1,3
96,117
48,122
25,94
61,125
6,70
4,32
2,14
2,3
5,89,107
9,28
23,34
10,30,112
35,44,137
12,25
1,80,140
74,84
5,31
3,4
12,27
10,67,92
