65,147
10,110
1,32
7,22,62
26,145
3,12
37,53,79
17,73
1,3,46
12,16,111
5,131
43,129
34,71,109
66,114
4,85
32,106,107
14,38,47
14,119
83,150
18,19,40
33,144
56,98,126
130,149
15,16,59
28,120
6,8,54
4,5,78
1,148
2,122
75,105,139
3,20
1,2,29
74,101
5,15
8,51,60
35,70,141
2,69
3,9
27,39
1,93
57,113,125
1,10
11,30
87,127
7,91
80,99,108
24,27,142
6,23
52,143
4,21,117
82,90
41,67
4,88
3,5,134
1,9
26,31
2,19
36,86
13,72
13,17,18
14,24
64,146
76,116
4,30,104
89,137
2,94
23,63
31,81,112
2,128
21,103
7,140
11,102,123
20,33
44,115
1,8
11,25
6,61
3,55
7,9
96,136
5,42
2,121
29,95
68,132
50,100,135
13,45
4,6,9
12,84
118,138
1,22,92
8,15
49,58
48,77
28,124
10,97
25,133
