10,19,88
5,7,54
9,23,78
45,79,93
47,57,100
23,64,79
37,51,92
77,85,94
14,47,52
46,50,70
12,15
45,89
16,23,58
57,69,75
31,83,86
10,14,32
13,35
3,56,71
53,61
14,57,68
14,27,47
33,42,95
4,26,37
27,66,96
61,72,90
4,24,96
57,72,92
13,53,96
34,75,95
36,48,98
14,92,100
23,41,74
8,71,77
27,74,98
2,10,67
52,68,78
31,34,84
47,51,66
59,79,83
32,35,74
8,21,62
40,48
12,84,86
3,81,88
64,67,98
11,48,63
10,85,100
36,43,60
54,65
21,68
8,62
1,80,95
2,90
4,63,85
19,66,71
13,19,73
37,51,94
32,100
1,7,68
16,19,34
14,68,92
20,25,50
16,73,80
22,86
3,26,97
17,40,64
24,40
47,85,97
27,28,97
81,95
3,30,52
37,55,68
10,70,98
70,71,77
4,43,47
34,35,54
30,84
2,21,61
1,28,46
6,11,20
3,51,97
16,74,95
26,38
27,51,87
75,91,95
14,38,52
7,11,41
47,96,97
9,40
66,78
30,49,81
38,46,96
39,61,67
24,76,97
27,78
40,41,64
12,53,83
42,73
39,86
33,37,58
57,77
80,81,82
30,62,76
78,99
11,54,58
20,57
16,25,65
11,43,91
13,42,88
73,82
35,63,82
25,27
57,68
38,47,87
6,66,82
10,53,64
1,34
70,71,90
19,25,71
6,28,35
43,92
13,17,65
38,96,100
92,96,100
67,79,93
3,77,83
19,88,95
25,89
37,47,56
4,6,47
42,87,90
3,7,74
49,69,98
17,56,74
60,62
35,84,86
42,95
25,70
3,10,29
28,34,81
29,91
6,21
32,54,65
30,61
15,61,62
24,87
51,56,87
68,72,94
45,93
46,74,79
21,88
11,19,35
47,51,78
51,65
42,88
17,32,36
11,42
66,77,78
3,56,92
66,94,100
24,57,85
14,47,97
88,99
64,73,84
21,30,45
30,76,99
19,93
31,44,70
25,27,40
41,65
43,56,77
11,66,90
75,87,90
43,77
53,64,67
3,33,95
14,87,97
10,37,46
4,57,72
36,45,89
24,66,72
3,85,97
19,66,83
39,62,70
5,19
4,63
14,51,85
51,85
18,27,63
17,45,49
5,11,42
47,56,92
16,58,97
6,21,76
14,63,68
13,32,80
23,42,82
3,14
24,66,97
1,28,79
38,43,61
49,62,86
12,93
25,65,82
2,86,89
26,56,78
37,56,72
77,94
4,14,38
20,34,41
18,19,50
13,25,74
3,87
13,22,23
18,30,92
39,60,69
32,78,100
45,69,83
2,24,61
30,64,76
6,23
41,58,75
15,29,45
27,38,72
4,65
10,69,91
55,56
12,36,39
4,43,72
24,62,64
18,43
37,66,87
72,77,87
3,14,56
5,16,46
85,96,97
17,59
5,73,82
3,14,78
32,35,82
58,97
45,90
66,77,97
11,89
14,29,30
55,86
16,29,57
63,73,80
14,68,72
44,45,90
35,50,76
5,19
17,51,69
24,37,38
60,68
33,54
16,28,50
4,55
48,80,99
63,96
13,34,85
9,31,62
5,66,81
41,75,90
31,76,93
3,14,57
20,81
5,25,47
20,95
26,27,87
7,13,60
63,68
14,51,84
33,65
16,87,92
5,66
10,15,89
15,59
32,88
32,73,75
9,93,99
6,53,61
18,22,97
39,55,71
35,84,92
39,62,81
4,43,47
5,7,42
16,17,26
5,11,35
2,33,56
66,74,99
9,40
49,90
8,39,55
5,11,73
20,90
3,27,94
39,54,78
34,37
60,66
4,14,87
66,100
35,44
28,74
26,63,85
13,46,74
24,96
9,56
51,87
44,55,83
8,30,44
6,57,76
22,33,75
14,63,96
20,54,73
14,88,98
35,36,77
53,82,86
24,93
14,47,66
36,44,86
35,42
34,58
23,41,58
56,63,68
1,6,58
6,40
11,19
5,6,80
39,42,76
23,32
19,23,41
23,27,38
39,76,79
40,61,76
11,58
24,52,55
8,12,40
13,41
18,47
45,85
23,44
14,66,72
84,97
28,54,95
66,75,96
14,52,94
3,24,74
35,41,65
68,70,100
20,43,48
13,100
3,17,87
8,48,99
4,57
5,22,58
46,90
17,43,85
22,25,81
6,13,33
14,38,72
8,89
21,39,99
19,26,34
14,68
9,45,91
69,76,79
12,69
5,17,74
8,12
1,74,75
13,80,95
7,18,46
42,71
7,25,42
4,57,87
16,35,58
24,75,79
67,69,72
51,63,85
59,61,79
39,40,59
17,82,87
1,10,56
29,55
6,23,41
55,62,84
39,44,66
17,55,84
7,22,54
16,80
63,66,100
46,62,75
46,74
58,80
23,71
6,54,71
25,80,82
21,39
11,13,98
35,65,82
10,30
32,70,91
41,58
29,55,67
19,46,74
55,79
36,88,100
5,32,75
16,67,88
16,34,88
26,88
10,61,62
12,20,78
25,75
38,40
12,26,84
34,73
4,24,52
37,87,100
15,21,43
62,92
71,81
15,83
22,23,74
23,82
21,39,48
71,90
1,61
21,48,83
57,77,97
29,52,85
42,82
27,52,57
18,43,51
8,86,93
44,82,85
42,52,74
62,71,73
14,56,78
61,62,90
11,42,75
32,43,96
21,44,45
58,88,97
30,42,70
17,59
37,58,69
16,23,32
43,49,51
26,84
50,54,80
17,49,69
27,78
19,22,54
8,68
26,56,86
19,35,73
53,97,98
25,74,91
46,48
17,60
86,89
71,81,99
21,30,59
16,61,93
20,50,54
14,27,66
25,38,84
14,38,95
20,25,58
38,58,82
3,53,77
9,53,67
12,49,64
2,20,79
29,63,84
12,53,64
55,96,99
19,62,99
44,64,75
62,76,93
33,82
14,56,85
43,74,86
21,45,70
21,91
38,77,92
2,17,64
45,76,89
38,40
19,65,82
26,52,66
2,58
14,52,66
39,53,90
37,45,49
44,62,69
76,99
20,88
37,43,47
43,66,94
27,77,90
5,17,49
18,19,52
8,12,76
22,33,74
5,39
19,42
41,42,95
5,23,34
10,21,30
18,78
45,67
34,44
16,18
43,51,85
38,63,77
30,53,59
27,51,85
3,43,76
17,22,37
7,75,80
9,40,61
13,15,64
44,48,71
3,33,75
30,89
5,32,34
30,62,69
31,61,79
79,94
67,70,88
8,79,84
13,82
10,37
21,46,53
33,100
39,84,86
34,41
27,32,73
29,67,69
59,75,78
41,53,57
12,45,91
26,37,97
9,36,99
45,70
28,50,58
26,45,63
36,48,53
3,38
12,31,91
60,69,81
66,77,85
60,68,85
56,96,100
53,78
1,23,88
5,12,66
5,49,64
14,37,98
40,49,89
31,49,83
34,77
21,39,98
32,65
1,35,73
10,23
2,43,100
29,62
28,100
20,28
26,42,89
