8,55
2,19,761
51,850
17,60,365
11,600
26,219
66,134
51,126
204,934
47,694
5,53
14,494
89,158,788
69,362
4,320,419
7,55
52,70
102,149
59,186,433
163,181,297
3,21,22
215,406,447
202,355,765
294,990
82,875
71,336,874
370,807
24,25
44,488
9,39,833
74,80
33,131
36,136
446,709
50,76
4,102
582,993
68,111,120
5,742,973
7,353
253,753
321,924
43,525,755
4,155
21,773
22,47
93,439,854
13,579,835
1,55,237
45,49,186
24,36,67
33,479
208,461
9,779
236,331
19,28,324
1,612
58,160
16,52
187,296
125,357
77,741
83,410
22,23
451,795
17,199
1,718
127,568
16,702
9,228
72,551
37,895
257,680
12,99
33,107
11,142
256,691,710
130,324
8,27
7,61,614
4,247
8,20
17,180
43,48,109
149,800
440,786
21,896
130,682
7,260,287
196,248
14,130,898
182,230
10,477,537
75,151
101,572
11,590
878,889
99,281
9,405
146,297,825
239,504
272,683,861
23,321
593,985
3,153
46,565
33,996
202,519
242,780
16,25,764
188,195
6,22
9,39
189,441
109,200
11,29
352,943
699,959
31,34
6,28,169
71,701
1,258,885
66,115
12,196,218
129,616
6,14,598
204,482
4,341
4,44
295,325
189,201
286,915
52,80
6,28
14,902
6,58,214
31,178
6,98,846
69,164
293,757
21,316
42,44
44,982
74,808
35,173
25,243
16,53
47,234,775
286,311
7,194
54,113
135,282
61,183
17,63,801
38,200
351,423
1,17
122,758
1,271
37,78,220
142,852
13,148,244
4,30
672,727
26,686
29,125
32,57
16,60
322,358
125,138
16,67
32,133
221,301,455
5,9
513,969
41,644
24,35
44,339
3,173
87,394
7,931
21,269,913
32,863,880
89,469
18,638
10,54
6,941
58,390
2,63
5,218,359
259,543
131,176,474
19,388
597,911
8,23
6,886
15,17
359,647
34,85
37,59
172,176
35,687
13,15,17
2,132
122,493
11,239
33,311
31,51,784
142,151
4,24
7,666
1,395
29,197,443
76,213
42,343,648
224,275
14,522
35,172
6,9
42,79,925
57,261
21,160
3,319
63,182
47,797
28,208
65,71
69,976
1,269
55,653
230,871
8,527
290,420
34,403
10,56
45,306
58,124
62,171
21,348,361
317,320
46,383
156,293
10,67
47,234,665
505,816
27,823
26,53,106
12,61
180,384
1,34,87
14,203
358,640
3,103
122,891
8,437
13,16,770
8,523,790
25,731
3,414
69,96
167,361
15,759
2,18,37
37,119,849
30,830
64,133,332
20,211
599,626
4,50,635
19,29
231,254,592
126,207
776,804
13,240,901
73,84
13,296,998
65,432
64,667,914
24,157
14,193
2,79
232,356,601
93,514
18,368
1,106
327,620
17,344
11,603
294,748
141,314
9,179,339
81,206
79,201
5,41
11,71
20,503,766
916,987
56,927
4,435,740
11,22,346
27,245
221,231
10,55
552,696
38,72
249,472,677
79,963
34,642
739,883
9,18
326,624
14,486
5,806
12,61,581
3,162
1,86
25,229,711
3,18
85,105,841
18,179
1,264
303,868
8,18,78
16,675
8,69
70,166,246
24,302
116,645,970
88,186
1,108,349
180,732
75,314
3,900
2,18
651,737,946
769,948
61,305
8,257
227,992
5,530
107,333
15,81,536
3,51
48,72,83
448,860
6,659
55,553
29,150
11,141,161
45,811
51,510,921
5,7
25,213
10,17
1,237
6,545,670
66,347
46,103
46,68,460
594,630
145,223
58,68
578,945
1,5
17,298
121,408
183,256
119,161,588
10,134
18,123
10,689
6,270
15,100
1,5,30
64,762
34,117
143,374
255,796
114,673,876
14,50
23,47
93,606
3,484
149,531
4,16
1,7
516,928
92,884
75,822
132,157
1,50,226
7,15,60
483,529
690,831
268,692
100,247
45,307
95,310
150,152,163
16,52,348
253,726
12,92,111
11,90,862
120,212,596
307,401
1,463
124,241
15,393
30,54,104
16,155
22,166
87,520
252,335
122,169,544
8,338
169,284
13,70,156
4,25,255
17,716
116,937
48,162
73,178
53,268
3,138,515
1,30
6,46,881
30,105
15,20,28
16,86
34,134
29,389
23,181,802
5,24
9,591
33,145,534
9,58,274
27,205
88,771
112,733
20,61,101
322,413,481
618,793
2,205,559
2,58
5,289,674
111,345
24,36,352
14,222
119,210
25,376
26,240
10,34
26,147
2,318
34,108
450,922
98,129,944
211,217
2,289
5,191
9,56
18,555
49,633
7,71
139,859
37,107
132,209
28,507,688
1,917
39,813
1,56,129
282,347
36,521
150,658
43,722
7,475
194,300,887
91,112,140
43,803
227,844
30,209
18,25,91
179,728
7,252
143,932
9,136,905
133,634
133,496
5,820
170,491
9,141
292,325
82,577
96,154,499
193,330
46,280,407
4,30,190
92,509
118,309
168,622
35,172,380
203,342
12,17
88,372,584
45,177,350
170,817
147,304
27,66
35,136
171,308
28,40
9,391
32,456
15,106,724
1,2,22
88,706
40,181
2,754
9,113
7,65,966
42,94
15,497
11,422
354,387
40,308
194,471,586
21,130
14,235,557
205,972,999
15,888
74,629
30,140
101,299,641
166,480
183,425,933
4,10,57
250,632
794,799
59,161,778
174,254,751
12,478
15,621
67,105
14,470
31,302
26,174
192,1000
101,201
36,74
39,78
21,663
27,703
26,910
33,845
114,772
22,462,847
356,774
24,650
33,810
39,299
2,8,995
17,25,95
5,53,947
21,155,492
13,26
229,265
219,417
195,743
10,791
1,935
226,698
68,704,834
42,59
3,146
7,13
208,377
6,12
62,679
132,223,542
18,20
57,295,424
21,148
90,381
84,85
204,333,506
11,46,121
8,73,283
29,210
39,126,428
20,44,56
12,151
182,918
3,48
68,98
37,984
65,991
14,50,346
12,244
53,950,964
137,313
332,415
35,124
5,54,453
107,526
89,220
27,89
22,40
54,97,965
15,82
11,103,382
98,135
121,541,662
12,34
38,540
242,961
86,191
243,416
28,329
24,197
109,159,326
7,602
16,199
13,17,60
6,114
38,508
366,940
251,681
2,429,873
225,678
39,538
768,952
32,734
192,272
10,853
154,890
238,342
6,745
18,697
104,284,958
85,402
90,476
72,623
31,561
203,262,750
77,168
189,281
70,167,923
392,842
31,613
2,654
2,273
164,304
2,20
110,821
19,611
639,957
31,625,713
165,174,777
317,343,345
341,951
431,459
137,140,929
14,467
3,8,656
40,93,968
84,589
158,787
64,178,318
111,637
77,278
4,99,563
763,894
54,855
13,16,986
38,466
53,695
28,248
91,144,576
83,177,323
26,87,157
1,6
7,52,146
4,316
4,52
22,90
42,717
458,819
184,818
270,671,956
94,241
38,63,664
4,10
32,117
116,264,858
12,78,191
41,573
95,185
23,81,82
14,22,23
128,305
2,49,364
19,285,357
102,792
2,88,228
43,700
2,43,912
8,38,815
66,118
19,454
65,919
81,102
5,865
5,59,67
3,8,84
12,45
50,213
80,353,615
13,94,123
11,62
16,258
48,569
21,411
277,328
9,73
51,97
20,306
44,444
2,21
30,533
75,158
1,29,212
216,225,287
37,427
355,744
404,500
2,892
104,210
3,983
3,73
3,115
60,485
15,39
12,25
323,438
6,8
113,903
49,173
9,125
24,309
131,175
26,164
52,188,399
7,15,159
273,518
9,195
426,942
23,580
7,40
52,798
7,828
566,893
79,300
25,86,100
51,144
33,652
3,336
3,468
4,87
13,42
10,12
217,782
385,627
29,112,575
165,979
36,595
4,20,71
21,657
12,756
23,949
57,233,338
35,45
72,882
4,81,127
2,19,434
36,558
6,22,729
38,75
118,369,907
609,693
274,554
19,331
19,51
18,56,631
27,266,301
5,28,396
145,562,848
10,843
215,412
41,646
267,975
34,42,962
12,838
275,604
13,319
214,262
643,967
185,714
3,59,375
74,126
9,840
48,60,96
27,165
89,980
70,974
43,266,660
517,735
360,548
20,175,267
80,327,524
127,567
154,684,826
10,337
148,212
78,168,897
5,436
9,19
263,409,549
33,279
36,198
7,54,187
11,276,760
1,676
1,730
20,502,809
207,313,367
33,535
607,879
288,655
206,781,851
22,920
8,10
83,128,371
19,190
15,86,206
95,487
116,329,418
2,19
6,103
153,259,585
5,351
27,184,473
2,31
152,669
10,65,291
63,617
207,334
99,190
235,857
40,954
137,610
4,113
131,349
7,340
24,260
4,283
18,24
386,720
4,55
310,997
3,501
11,232
12,199
31,62
38,628
85,430,864
163,303
110,135
1,245
36,340
42,265
171,583
162,872
49,936
45,80
17,104,397
49,118
139,457
50,827
5,10,57
23,814
29,76,668
3,69
110,564
37,200,276
8,705
48,222
63,66
30,400
25,123
47,539
23,159,532
124,328
32,251
11,48
14,442
77,115
2,11
28,121
27,495
41,298
10,955
127,571
465,546
39,90
5,13,263
115,829
114,153
44,498,528
30,45,106
8,202
144,719,752
233,685
72,608,994
198,511
2,9,59
41,185
22,192,236
238,292
837,953,981
83,92,147
7,277,715
112,452
13,198
49,832
26,57
4,214
117,312
13,143
108,187
24,215,547
8,570
35,70,97
1,67,725
3,315
177,184,334
939,971
20,315
128,290
82,767
108,152,824
20,32
449,738
32,560
337,869
23,279
62,587
97,120,421
16,445,489
20,22,32
271,747
123,839
13,105,707
14,224
27,32
41,46
363,866
378,989
6,330
19,280
138,749
188,193
7,46,288
4,216
11,37
556,877
12,619
156,196
16,77
19,278
867,908
91,708
76,856
17,36
2,490,736
11,129,250
335,783
354,512
176,661,723
464,904
36,56
44,812
23,40
344,373
43,574
4,249
100,899
21,91
246,960
31,978
18,20,139
3,870
17,31
175,379
285,712
47,128
6,836
64,109
3,19,360
10,94
3,96
31,117
68,92
8,170
1,649
29,76,605
64,120
14,40
26,291,312
1,636,930
6,50,350
160,197
13,211,785
5,398,938
28,41
35,127
906,909
110,721
29,84
62,805,977
23,26,988
119,746
6,41,261
43,49
167,550
15,35,209
789,926
