61,622
47,71,765
3,376
49,121,295
130,540
69,953
50,379,845
9,26
5,131
27,205,931
14,936
93,855
18,804
3,4,333
138,372
16,162
4,50
397,683
42,697
266,390
13,317
41,51
2,12
184,615
9,77,646
160,182,311
47,414
23,508
43,56
68,111,213
161,283
2,141,603
162,363
58,62,400
22,91,268
114,185
264,419
3,994
70,86
72,140
15,608
10,15,127
305,991
3,133
76,194
35,62,108
104,536
28,71,156
81,133
40,277,932
304,793
6,317
78,96,782
34,94
249,451
649,899
6,49
15,62
1,492
112,285
32,109
260,815
229,969
265,958
80,559
2,345
12,849
21,502
74,85
50,611
223,491
17,566
325,511
52,685
31,108
17,830
24,110
22,39,45
64,92,871
24,73,79
4,145,154
4,835,972
44,675
143,605
175,674
34,831
227,583
117,482
513,872
154,506
5,22
10,24,631
142,564
96,157
16,64,515
65,208,952
29,777
166,847
65,84,328
1,107,130
55,747
13,107
7,34,169
23,123
27,582
23,720
368,968
60,128,920
2,16
10,885
6,260,907
196,589
662,684
309,530
28,272
4,9,51
136,296
20,922
36,115,524
186,415,750
26,38
148,816
38,783
36,171
13,911
2,964
54,642
213,740,850
1,391
436,878
54,67,769
97,249,598
38,44
132,677
43,240
85,349
32,95,241
60,189
48,82
30,35,286
5,146
219,288
96,104
14,329,518
80,242
7,37
32,214,651
32,691
41,503
25,281
46,57
221,606,894
96,539
207,385
8,320
315,981
293,614,686
19,34
3,895
5,17
13,84
5,17,24
63,339
4,7
40,489
1,93,132
29,59,703
25,51,180
78,558
126,569
22,36
10,52
2,412,776
35,334
175,495
2,562,918
48,157,712
9,83,347
5,21,46
6,222,488
4,44
50,537
6,28
179,206,560
68,404
56,202,460
4,15,33
161,320
38,921
53,891
263,467
2,344
281,944
210,247
28,681
30,66,399
87,193
45,81
132,360
291,648
184,193
31,251
31,115
54,113
39,312
70,144
442,950
267,634,644
20,695
35,652
41,120,172
16,37,48
487,881
61,526
7,21
34,198
22,80,973
35,118,736
27,81,138
12,66,618
33,86,626
3,866
99,207
8,73
139,667,876
17,275
13,486
3,235
3,63,405
34,367
7,14,167
2,166,868
5,15,718
13,27
113,120
13,721
1,244,284
9,38
56,499
100,240
2,204
22,77,304
1,2
58,89
18,59
3,4,42
12,245
10,202
20,128
66,68,114
1,45,192
224,454,986
209,790
57,925
24,36,88
31,165
19,33
104,523,604
464,588
331,678
89,118,199
256,359
101,341
322,821
52,877
1,755,834
259,318
19,449
29,69,75
74,218
38,976
91,182
35,211
38,842
36,343
9,692
147,516
9,14,95
478,557,645
16,136
152,294
253,593
93,500
25,98,159
2,65
40,829
17,19,974
272,447
209,534,561
70,163
128,133,147
1,262
408,941
18,181,433
14,28
72,233
53,86
13,377
11,625
547,682
134,201
17,43,122
27,177
1,17,383
204,741
738,906
74,271
75,79,788
74,98,364
123,124,978
61,92,832
55,70,401
4,375
11,348
3,438
225,333
34,243,365
31,110
148,393
21,801
11,12
21,280
505,711,912
42,44,156
40,638
313,975
7,44
6,102
748,772
11,26
5,195
142,752
12,406
38,475
1,293
88,504,555
24,992
246,851
16,64
459,863
194,429
26,757
16,856
43,276
13,41
11,78
23,67,99
19,168,725
113,119,719
2,970
159,579,957
11,929,984
426,568
43,265,798
18,24,152
16,382
60,413
7,182
14,81
31,859
16,20
15,178
8,76,971
1,468
31,480
4,78
74,269
490,594
355,407,567
42,57
2,61
2,56,175
17,70
164,956
1,532
37,735
62,91,512
79,979
6,8,679
39,44
9,658
129,655
27,200,248
21,146
63,861
5,19
30,57
282,520
151,308
4,378
21,226
19,98
1,45
29,753
9,261
25,60,89
41,102
94,225,732
19,310
699,869
13,791
32,65
6,794
18,392,864
14,50
13,927
629,796
457,836
46,828
3,95,298
371,766
45,328
100,230
54,255,773
261,301,386
122,529
183,326
3,466
110,337
177,887
2,10
369,552
32,730
6,577,841
1,19
5,267
170,176
66,71
70,640
107,745
10,398
20,43,897
574,669
18,131
762,988
257,554
14,16,421
47,121
61,111
44,417
125,195
47,636
39,56,576
7,14,196
1,10,980
92,321
32,46
40,52
20,46,654
38,77,601
6,463
1,144,880
17,937
2,597
6,97
279,587
129,714
9,160
88,289,580
46,69,343
27,698
16,41
544,810
13,20,327
39,933
27,205
184,853
35,82,833
420,676
52,88
93,168
5,314
1,69
15,22,59
16,100
3,49
76,80,119
112,130
14,904
9,286
107,118,246
48,143
4,82,731
12,90,102
85,244
37,549,806
75,337
4,768
3,26,307
578,724
12,97,963
110,302
203,297,452
25,26
8,354,494
7,26
300,310,437
5,361
10,21
24,152
277,754,820
88,742
39,180
287,624
410,961
11,76
324,462
23,25
61,84
41,680
12,203
289,661
14,954
23,341
45,338
7,72
6,959
531,767
197,800
169,705
13,90,322
5,31,35
3,479
79,90
181,935
2,220
131,476,888
573,728
145,919
155,336
72,910
11,422,797
89,91,840
9,450
13,19,553
62,200
14,95
55,613
47,68
100,119
4,42
236,314,805
23,756
173,201
102,903,928
10,125
11,231,948
21,115
211,643
3,138
7,8,639
60,275
259,983
191,241
40,617
7,51,198
616,940
12,134
146,330
7,751
58,144,190
227,660
274,315
18,893
21,336
58,239
117,485
25,74
45,57
23,119
2,22
43,127
15,914
11,49,602
346,469
1,4,116
254,571
50,155
46,71,116
26,550
9,353
27,136
11,839
934,942
28,726
11,250
431,439
133,584
54,253,269
32,926
67,153
44,481
630,716,982
123,149,394
4,279
29,99
22,77
22,340,668
19,161
48,53
15,338
659,670
295,858
150,563
73,838
64,280
1,565
20,34,930
27,147
26,42,65
33,967
30,183
20,424
465,633
230,428
14,917
946,951
9,48
208,458
121,916
19,28,332
6,795,909
33,432
34,185,188
30,103
30,59
15,56,59
1,252
20,48
30,962
7,95,159
114,296
2,17
6,8,221
381,799
21,266
16,792
67,545
3,64
16,32
7,33,41
15,71
109,250,990
10,402
114,303
29,124,461
108,223,875
292,879
63,77
137,176
93,151
52,112,171
592,947
174,192
10,76,445
3,290
26,41
122,129
35,174
2,171
14,803
24,80,262
30,775,889
2,270,965
5,6
57,898
7,173
40,48
17,141
5,818
105,127
17,135
23,178,814
572,585,997
12,73
3,311
26,276
150,519
8,729,739
54,299
270,274
26,247
4,51
9,985
18,21
18,50,657
216,312
19,28,258
1,105
116,509
72,781
4,52,153
20,496
63,325
924,949
140,143
30,217
8,641
1,15
79,117
26,254
26,527
228,389
290,787
1,867
226,288
51,63,298
11,42,238
21,24
3,854
79,301,977
29,535
123,258
4,172,237
1,10,169
178,411
120,313,590
556,865
30,330
167,179
4,744
632,688
25,222,237
33,344
52,297
8,637
28,53
56,65
443,673,819
380,709
5,700
31,707
8,358
25,177
36,687
42,340
9,472
167,329
37,154,778
128,483
9,187,733
20,892
71,287
342,600
370,702,993
53,326
2,21
170,760
3,51,99
335,960
62,846
39,291
157,231
92,862
53,149
12,623
2,306
59,214
5,31,149
6,8
13,63
16,23,49
701,857
2,30,715
37,282
323,716
12,19
13,989
25,245
54,126
8,83,229
40,746
121,998
13,76
31,292,441
4,87
723,913
234,324
49,94
170,235,430
32,64
470,596
101,316
11,60
8,106,216
6,173
65,113
1,824
10,127
321,883
3,37,126
55,168
33,546
45,103
94,215
78,813
111,186
45,306,938
7,162
22,995
5,242
3,789
22,396
29,53,811
3,33
57,848
84,232
28,758
148,158
29,874
142,802
8,29,78
34,163
23,43
10,809
6,350
51,215,366
36,514
6,48,264
50,822
11,477
75,484
2,5
42,808
15,696
238,923
331,621
18,943
8,90
236,345,591
3,7
188,627,663
105,817
435,551
339,423
183,905,939
134,387
187,581,807
139,172
8,356
2,58,770
47,217,220
11,55
15,713
212,268
1,116
20,29
24,27
97,425
239,890,896
24,81
14,323
21,115,137
117,232
6,103
2,31
86,446,825
5,158
1,46
28,64
33,40
67,96,609
165,351
206,427
271,440
145,542,586
82,189,647
44,87,164
37,498
44,191,786
5,118
4,522
46,945
29,58
72,129
47,166
4,55
24,37
49,55,283
104,160,448
30,135
38,628
3,49,689
22,106,212
388,694
15,151,219
19,327
28,124
156,318,727
3,4
75,89,342
84,759
58,59
252,827
12,722
334,395,570
1,10,39
27,501
9,150,619
165,900
25,543
23,374,737
8,174,473
125,507,785
303,373
106,228
105,823
3,307
9,453
18,199
24,108,774
17,23
94,335
66,665
17,68
47,955
493,1000
2,11
455,987
43,137,319
25,54
3,109
83,87
210,409,456
2,3,525
126,179
43,650
45,85
83,124,812
538,672
34,779
2,352
35,73,884
16,38
541,996
416,717
497,666
18,653
11,575
27,109
23,34,533
66,278
30,285,908
36,73,780
17,164,444
234,708
41,77
671,860
5,10
309,852
135,706
69,273
130,528
4,886
36,693
18,35
15,18
25,53
131,190
75,141
37,233,710
27,32
32,33
83,612
256,690
98,101
51,901
1,90
68,610
158,743
47,91
50,153
251,319
155,255
19,656
103,224,873
20,882
25,308
22,300
60,771
12,843
36,181
1,85
36,42,284
39,197
10,69,844
362,384
18,82
55,176,316
18,734,915
12,299
132,273
517,704
40,761
10,31,302
120,474,966
67,607
3,332
595,784
7,111
106,418,837
125,434,599
2,180
20,163
3,870
294,826
61,248,664
5,62
28,112
5,122
4,33,37
97,763
28,86
29,218
510,749
14,40
471,999
139,548
140,620
11,243
92,521
1,357
87,403
8,101,263
39,902
46,257
56,278
4,49,635
6,12,39
7,305,764
