27,35
59,97
7,34,234
35,619
46,117,987
68,108,279
29,390
159,450,869
30,127,202
119,387
9,111,413
3,71
552,917
425,911
3,26
10,551
50,946
10,694
14,18
18,38,200
15,41,308
73,92
6,122
103,521,629
23,284
44,335
364,928
7,28
99,380
21,177
31,493
111,253
37,74
299,713
64,542
68,316
1,179,773
6,202
27,32,65
170,549
3,299
149,794
124,295
1,131
37,105
10,448
21,79
3,114
119,639
4,499
102,414
10,707
16,66,78
65,998
5,729
350,578
128,222
4,17,688
4,10,288
26,586
30,44,670
122,903
4,518
15,202
22,112
121,318,569
15,35,175
130,190
88,668
459,840
296,886
10,460
2,363
2,863
3,779
67,253
3,622
29,281
1,517
34,66,923
6,168
115,487
52,206
11,778
10,18
196,318
34,59
495,590
247,544
84,853
509,997
55,737
338,399
22,381
66,199,725
82,355
26,38
112,589,848
4,453,524
54,56
314,567
319,498
6,217,365
32,347
4,45
111,243
76,137
53,134
23,248
16,39,981
596,920
490,802
12,167
92,346
29,208,270
306,356
70,360
457,640
16,205
8,262
2,846
113,583
18,865
36,971
5,17
6,519
8,604,625
71,719
2,144,939
5,335
5,29,171
31,106
1,28
212,701
73,327
577,799
2,43
8,427,887
1,85,406
3,71,703
14,49
107,527
93,235
46,624
34,118
74,617
148,174
16,49
9,99
191,475
187,297
420,743
23,95,657
12,298
228,612
62,391
443,940,960
43,763
57,970
8,15,42
22,29
71,103
48,114
127,839
22,159
18,94
40,141,823
19,44,217
19,293
339,754
35,989
11,69
62,428,716
12,26,198
21,484
4,402
31,207
8,407
6,58,575
83,825
8,178
47,403
25,379
167,183,860
68,141
156,636,867
27,461
13,52,179
39,88
250,421
218,262,786
19,23
699,947
627,789
91,791
22,164
10,38,75
29,48,108
61,535
1,2,167
17,38,171
21,80,229
3,76
34,90
49,398
20,76
8,29,58
155,631
161,178
7,112
210,400,650
143,285
19,188,455
27,76
201,659
22,31,275
54,242,291
3,38
15,160,909
25,200,260
7,439,881
9,65
1,9
1,409
96,546
16,53,580
18,502
3,613
53,344,776
6,20
2,128
150,219
6,189
1,37
315,796
41,203
38,753
71,474
157,709
28,140,633
4,11,355
61,537
303,341
7,247
238,859
123,146
112,522
2,99,294
1,201,783
9,172
15,20
27,101,880
58,273
4,199
25,230,936
53,584
22,33,229
19,769
33,50
85,286
11,338
177,815
213,606,910
41,214
133,205
820,831
32,153
329,893,915
209,556
176,238
57,305
13,16,84
34,152,163
7,313,344
330,884
184,194
100,117,132
4,347
261,278
58,496
196,273
607,943
4,163,431
515,734
6,50
30,621
15,985
2,485
50,847
31,724
2,46
30,310
48,817
81,164,528
32,46,98
27,250
33,47,598
18,223
48,91
196,759
449,772
116,334
6,967,990
6,21
180,185
43,958
91,780
36,44
11,611,944
7,31,147
180,242
119,129
1,673
63,361
55,878
842,962
369,644
30,96
218,370
102,507
138,188,198
113,295
68,313,677
115,182,190
1,67,257
16,124
252,287,634
376,525,641
9,130,361
256,822
34,111
24,39
142,165
5,731
99,187
305,787
5,45
103,204
5,747
123,320
72,92,161
17,42
6,41
64,116
46,61,511
40,60,93
104,126,165
301,655
324,351,706
3,149,988
2,993
10,628
25,37,105
35,599
25,307
5,36
40,762
59,128
23,97,145
78,138
114,292
3,70,874
7,647
179,185,246
70,157
53,520
6,276
422,696,872
83,868
56,144
118,329
9,52
75,914
24,554
15,125
8,264,508
195,251
4,38,807
25,562
277,656
5,44
42,80,468
90,337,547
473,870,959
7,24
1,127,280
72,283
63,359,429
302,811
66,222,685
12,49
20,52
12,664
6,259,260
10,64
125,152,996
146,452
137,437
30,80,785
28,209
215,471
95,268
451,620
189,241
118,592
5,44,630
154,858,952
17,523
5,312,616
741,979
5,97
8,108,972
24,198,926
145,456
9,735
25,191
126,328
37,87
10,27
27,760
17,26,149
210,767
41,73
249,324
77,676
1,19
12,60
120,907
12,308
39,69
45,307
477,573
29,436,948
14,362
333,492
21,120,463
15,282
50,146
42,211,283
16,47
33,97
55,122,653
186,513
289,950
15,337,663
10,916
5,921
17,55,864
432,856
98,162
19,553,672
98,304
228,752
17,236,757
23,339
2,14
13,614
6,101
233,529
2,357
25,278,669
2,9,33
3,54
55,161
3,62
11,481
20,122
12,912
5,104,416
23,276
27,150,174
72,871
94,383
2,35,623
207,336
469,892
113,478,689
22,43
6,272
67,861
58,999
5,343,982
142,447
64,85
78,816
237,352
13,187
35,797
95,417
17,18
10,98,798
17,885
136,384
15,30
13,24
29,804
287,588
26,343,418
2,632
245,705
24,46
203,366
175,326
410,736
14,33
2,131
20,181
17,223
33,352,605
74,107,317
4,86,354
121,139,231
20,446
135,139
3,60
56,127
38,94
23,72,375
14,433,550
5,134,558
73,137
1,480
26,48
37,309
102,106
39,251,765
686,698
957,984
206,505
193,405,728
154,197
32,678
19,901
36,57
652,866
230,328
32,330
204,593
40,130,342
6,268
35,288
74,159
13,813
14,296
392,572,582
171,286,877
16,476
21,89,579
19,793
38,687
89,340
61,894
67,176
245,594
37,240
22,255
152,205
6,882
40,919
22,170,289
170,173
51,934
21,790
36,489,690
40,60
36,74,424
24,61
26,395
19,151,637
180,181
37,193
31,219
3,113
94,692
8,964
4,65
9,704
82,675
11,844
26,121
65,587
2,22
282,764
3,108,341
6,14,792
9,16,39
116,720
169,215
8,322,595
221,828
12,27
2,55
20,557
602,646
6,319,357
7,166
115,158,711
84,444,665
43,57
64,808
3,28
63,188
19,955
608,938
79,682
15,41,809
39,345
68,464
23,24
301,945
37,300
34,651
14,257
4,79
1,12,635
11,40
140,526
76,183
28,51
184,935
90,100,102
8,441
7,13
316,532
27,353
31,768
24,96,168
109,908
16,227
63,70
16,109
10,927
33,258
22,131,368
36,139
148,153
7,39
100,332
151,259
14,47,291
150,642
6,26
1,57
85,134,323
168,396,980
1,78
1,133
8,21,181
32,160
12,26,237
36,156
311,322
2,426
81,941
8,968
298,744
13,275
2,48
20,834
45,56,571
74,310
1,114
2,75,309
1,827
80,733
4,351
256,889
12,93,983
78,254
5,77,533
514,531,918
3,110,749
5,38,358
5,53,133
30,423,758
63,77
25,129,220
3,5,534
24,54
8,91
397,482
649,681
43,274
20,27
48,812
29,166,292
63,732
7,963
52,800
11,723
232,261,393
49,105
4,212
57,898
11,186
358,374
70,306,378
58,300,715
193,873
220,883
28,54
5,895
13,992
26,560
12,207
139,274
249,372,830
49,52,782
17,22
13,28,965
29,77
42,143
14,43,801
47,315
3,151
18,293
5,186,195
110,876
31,304,896
34,97
9,34
11,645
6,15
84,117,991
1,13
19,277,961
83,224
17,977
30,34,371
11,190
248,850
37,430
13,837
4,10
40,49,271
8,18,236
90,119
78,267
23,252
61,462,643
9,21
56,65
18,41
12,1000
87,126
15,17,788
54,712
106,314
21,239
18,336
8,79
3,12,166
32,906
2,953
49,695
11,615
81,178
26,101
68,751
2,192
22,601
52,739
24,564
4,597
16,44,434
243,761
172,226
136,563
203,272,667
81,115
147,265
833,949
200,905
162,806
408,538
62,302
145,931
42,233
60,438
5,350
84,182,925
93,748
755,818
6,683
89,216
147,770
214,932
154,854
41,585
69,331,745
206,561,603
9,28,45
14,16
326,479
1,829
55,771
82,648
654,671
12,756
327,401
43,110,540
5,264,969
10,810
131,263
156,176,227
1,140
64,458
201,726
13,38
8,349
332,465
16,66,100
34,803
211,891
33,120,136
75,89,951
44,419
39,59
51,566
231,333
1,221
96,142
42,53
128,280
91,197
323,841
29,85
101,241
46,50
281,501
129,239,404
95,412
194,208,244
8,20,924
7,16,530
104,638
216,805
35,266
331,888
50,986
135,710
47,177,225
1,56,832
4,98,169
72,334,700
69,138
18,30
61,213
4,486,565
63,385
14,109,976
126,937
124,674
46,47
81,95
18,819
246,693
746,994
58,70
1,82,199
35,618
12,297
25,367
37,69
134,491,506
64,68
3,19
9,360
9,781
107,172,516
73,591,750
116,225,263
2,7
1,43,162
60,191,879
87,279
51,163
104,610
29,123
5,342
86,209
51,740
30,75
10,143,973
284,348
24,189
36,658
4,92,153
48,73
3,11,164
67,340
46,125,954
18,120
158,470
79,155
3,110
20,30
17,472
41,42
24,777
9,11
345,766
11,708
23,255
22,117
28,290
346,836
86,173
9,144
165,900
25,40,135
17,79,995
86,568
155,294,913
45,77,271
626,702
290,838
10,235,539
7,123
28,54,59
57,354
31,442,727
494,679,930
1,92
2,8,184
270,349
541,978
62,148,353
35,197,581
13,899
67,483
141,974
132,415
14,814
60,736
234,890
51,843
75,826
11,394
9,933
76,240
4,488
32,862
28,36,62
13,80
53,325,440
32,71,904
4,714
21,39,72
204,232
25,160
83,106,195
11,852
311,504
77,388
25,182,454
25,503
1,51
69,124
3,32
35,169
36,87
50,285,680
7,902
59,137
33,90
7,12,194
23,59
33,312,445
20,784
226,435
118,661,956
15,18
821,851
6,51
14,183
1,929
2,303,359
2,497
66,130,774
88,691
2,32
7,536
86,730
10,510
742,824,855
1,9,467
125,269,325
23,129,775
348,966
21,386
267,942
36,373
109,600
44,135
7,56
31,555
20,411
192,559
28,192
15,21,660
4,27
136,320
5,543
121,208
45,54
258,356,722
19,107
42,382
684,875
24,666
47,132
14,89,132
266,609
13,466
21,897
545,857
40,269,718
88,93,94
4,88
317,662
20,321,377
52,105,389
845,849,975
224,254
45,87
31,185,795
7,66
13,14
19,138,835
133,512
23,158
13,548
33,574
173,175,922
4,174
103,576
30,721
82,157
62,717
2,3
45,570
2,96
11,244,500
10,65
55,67,697
83,265
321,738
