1,87
1,120
1,150
1,209
1,355
1,409
1,489
2,17
2,24
2,87
2,90
2,129
2,196
2,235
2,249
2,356
2,482
2,496
3,179
3,250
3,265
3,295
3,491
4,29
4,38
4,74
4,147
4,202
4,209
4,215
4,288
4,290
4,361
4,479
5,121
5,232
6,17
6,166
6,329
6,375
6,478
7,11
7,55
7,355
8,21
8,82
8,150
8,170
8,397
8,472
9,41
9,135
9,200
9,206
9,217
9,243
9,263
9,295
9,345
9,360
9,416
9,423
9,455
9,475
9,496
10,17
10,27
10,56
10,188
10,220
10,267
10,396
10,410
10,437
10,447
10,461
11,59
11,74
11,172
11,275
11,295
11,395
11,420
12,121
12,220
12,230
12,316
12,342
12,418
12,465
13,135
13,161
13,296
13,328
13,338
13,438
13,468
13,470
13,497
14,155
14,310
14,340
14,482
15,106
15,132
15,178
15,187
15,270
15,354
15,419
15,473
16,62
16,147
16,189
16,221
16,372
16,447
16,459
16,465
17,28
17,31
17,120
17,154
17,285
17,302
17,416
17,469
17,496
18,56
18,169
18,177
18,322
18,466
19,30
19,36
19,39
19,47
19,74
19,112
19,143
19,290
19,305
19,343
19,349
19,365
19,387
19,390
19,443
19,451
19,455
19,456
20,140
20,156
20,221
20,471
21,63
21,101
21,170
21,249
21,257
21,266
21,287
21,405
22,117
22,186
22,217
22,253
22,317
22,373
22,393
22,423
22,436
23,46
23,51
23,162
23,216
23,273
23,343
23,362
24,177
24,303
24,316
24,400
24,444
24,472
24,484
24,487
25,211
25,447
25,459
26,56
26,62
26,80
26,101
26,135
26,146
26,358
26,384
27,86
27,162
27,356
27,397
27,412
27,472
28,43
28,54
28,106
28,149
28,151
28,224
28,226
28,235
28,261
28,273
28,411
28,437
29,31
29,64
29,110
29,130
29,142
29,154
29,164
29,219
29,302
29,326
29,336
29,381
29,396
29,417
29,433
29,462
30,41
30,120
30,179
30,241
30,306
30,374
30,452
31,42
31,101
31,139
31,172
31,177
31,183
31,236
31,266
31,366
31,369
31,380
31,413
31,420
31,469
32,85
32,91
32,135
32,147
32,190
32,213
32,268
32,345
32,352
32,380
32,420
33,118
33,160
33,175
33,177
33,279
33,309
33,337
33,456
34,41
34,107
34,277
34,290
34,321
34,330
34,430
35,94
35,256
35,365
35,383
35,420
35,421
36,40
36,87
36,95
36,105
36,147
36,217
36,224
36,366
37,50
37,92
37,108
37,133
37,148
37,188
37,234
37,243
37,249
37,287
37,344
37,401
38,52
38,327
39,80
39,92
39,120
39,185
39,199
39,361
39,367
39,393
39,424
40,77
40,168
40,401
40,460
40,468
41,84
41,91
41,130
41,134
41,160
41,164
41,168
41,258
41,262
41,306
41,468
41,469
42,134
42,165
42,168
42,447
43,172
43,212
43,231
43,303
43,323
43,385
43,482
44,77
44,126
44,152
44,168
44,226
44,245
44,275
44,287
45,89
45,180
45,247
45,289
45,340
45,346
46,78
46,113
46,349
47,124
47,195
47,224
47,242
48,136
48,184
48,252
48,324
48,351
49,74
49,255
49,422
49,486
50,77
50,82
50,113
50,123
50,160
50,163
50,277
50,294
50,486
51,87
51,254
51,292
51,450
52,68
52,89
52,225
52,311
52,338
52,384
53,62
53,102
53,145
53,166
53,208
53,253
53,351
53,354
53,464
53,475
53,488
54,204
54,216
54,333
54,376
54,398
54,423
54,432
54,464
54,487
55,155
55,165
55,174
55,266
55,383
55,409
55,410
55,422
55,431
55,457
55,462
56,58
56,155
56,212
56,216
56,232
56,369
56,433
56,473
56,475
56,487
57,151
57,225
57,299
57,352
57,366
57,378
57,480
57,490
58,255
58,347
58,358
58,458
59,123
59,140
59,142
59,190
59,214
59,252
59,303
60,78
60,90
60,102
60,164
60,193
60,402
60,403
60,460
60,469
61,154
61,158
61,289
61,396
61,494
62,150
62,156
62,189
62,314
62,425
63,122
63,275
63,284
63,313
63,327
63,421
63,490
64,254
64,294
64,397
64,449
65,133
65,336
65,470
66,278
66,291
66,436
67,74
67,121
67,196
67,207
67,305
67,392
67,410
67,442
67,460
67,486
67,500
68,102
68,162
68,184
68,256
68,261
68,377
68,495
69,78
69,149
69,239
69,440
70,295
70,367
71,126
71,201
71,274
71,281
71,297
71,315
71,473
71,480
72,233
72,359
72,395
72,437
72,473
72,493
73,87
73,112
73,164
73,202
73,204
73,353
73,417
73,422
74,118
74,212
74,232
74,301
74,344
74,422
74,431
74,464
75,181
75,243
75,262
75,302
75,433
75,458
75,471
76,91
76,105
76,121
76,148
76,260
76,414
76,431
77,145
77,209
77,250
77,292
77,493
78,184
78,193
78,231
78,251
78,274
78,290
78,332
78,378
79,226
79,273
79,329
79,444
79,468
79,494
80,117
80,124
80,303
80,334
81,209
81,310
81,317
81,372
82,220
82,245
82,365
82,392
82,408
83,101
83,173
83,200
83,343
83,424
83,425
84,104
84,164
84,177
84,281
84,319
84,364
84,442
85,86
85,200
85,340
85,374
86,97
86,238
86,239
86,297
86,338
86,368
87,100
87,136
87,156
87,193
87,244
87,249
87,305
87,323
87,371
87,437
87,490
88,105
88,141
88,183
88,189
88,239
88,332
88,362
88,384
88,485
88,495
89,119
89,206
89,276
89,354
89,417
89,426
89,431
89,467
90,126
90,177
90,242
90,328
90,339
90,429
90,441
90,481
91,130
91,135
91,280
91,292
91,399
91,443
92,167
92,211
92,217
92,401
92,419
92,477
93,170
93,192
94,173
94,211
94,265
94,277
94,286
94,287
94,290
94,327
94,331
94,342
94,388
94,403
94,418
94,423
94,495
95,105
95,159
95,241
95,267
95,361
96,114
96,160
96,165
96,187
96,194
96,491
97,156
97,168
97,246
97,257
97,287
97,290
97,291
97,325
97,335
97,347
97,437
97,444
98,126
98,127
98,157
98,166
98,237
98,251
98,271
98,341
98,374
98,387
98,497
98,499
99,237
99,319
99,334
99,349
99,398
99,427
99,486
100,384
101,168
101,216
101,280
101,315
101,432
101,460
101,493
102,172
102,210
102,222
102,224
102,266
102,351
103,149
103,195
103,277
103,370
103,387
103,426
103,445
103,455
103,485
104,118
104,145
104,203
104,228
104,302
104,353
104,379
105,134
105,248
105,310
105,331
105,483
106,176
106,211
106,227
106,241
106,497
107,168
107,210
107,328
107,430
107,486
107,493
108,138
108,194
108,215
108,297
108,300
108,445
109,121
109,279
109,332
110,344
110,345
111,170
111,200
111,230
111,251
111,254
111,389
111,451
111,478
112,125
112,126
112,166
112,238
112,305
112,440
113,154
113,221
113,322
113,361
113,413
113,417
113,435
113,455
114,124
114,131
114,185
114,230
114,235
114,248
114,273
114,369
114,377
114,378
114,379
115,132
115,142
115,261
115,376
116,128
116,141
116,143
116,226
116,314
116,350
116,352
116,353
116,355
116,357
116,378
116,409
117,126
117,135
117,229
117,282
117,402
117,440
118,283
118,293
118,325
118,380
118,413
118,451
118,454
118,500
119,213
119,254
119,369
119,432
119,462
119,499
120,298
120,308
120,348
120,353
120,462
120,495
121,272
121,276
121,300
121,478
122,303
122,329
123,137
123,152
123,189
123,311
123,336
123,484
124,127
124,318
124,359
124,373
124,386
124,402
124,460
124,471
125,178
125,308
125,333
125,383
125,390
125,398
125,409
126,178
126,181
126,201
126,305
126,312
126,325
126,445
127,145
127,241
127,334
127,361
128,189
128,222
128,329
128,427
128,496
129,310
129,318
129,346
129,477
130,148
130,213
130,292
130,308
130,344
130,400
131,146
131,176
131,219
132,173
132,281
132,383
132,497
133,194
133,224
133,251
133,268
133,301
133,302
133,306
133,397
134,194
134,458
135,147
135,210
135,232
135,242
135,280
135,315
135,350
136,138
136,188
136,392
136,437
137,268
137,300
137,314
137,382
137,426
137,440
137,494
138,205
138,282
138,289
138,326
138,446
138,470
139,145
139,185
139,192
139,224
139,233
139,294
139,342
139,345
139,401
139,423
140,154
140,164
140,168
140,176
140,219
140,223
140,228
140,386
140,500
141,173
141,338
141,466
142,146
142,351
142,442
144,251
144,286
144,329
144,393
144,482
145,146
145,147
145,168
145,367
145,442
145,483
146,226
146,342
146,397
146,460
147,183
147,327
148,280
148,340
148,480
149,301
149,343
149,346
150,172
150,178
150,180
150,210
150,271
150,452
151,186
151,187
151,188
151,261
151,289
151,437
151,447
152,239
152,314
152,369
152,379
152,400
152,464
153,201
153,228
153,276
153,404
153,444
153,449
153,468
154,198
154,210
154,295
154,403
155,374
155,398
156,274
156,378
156,456
157,210
157,217
157,226
157,399
157,400
157,461
157,485
158,221
158,301
158,351
159,213
159,388
159,434
159,438
160,393
160,417
161,198
161,295
161,434
162,264
162,322
162,424
163,171
164,193
164,219
164,270
164,308
164,478
165,187
165,224
165,381
165,395
166,167
166,180
166,191
166,236
166,247
166,293
167,204
167,258
167,266
167,360
167,465
168,199
168,233
168,261
168,476
169,172
169,206
169,212
169,264
169,267
169,336
169,391
169,432
170,184
170,195
170,310
170,345
170,400
170,458
170,462
170,472
171,210
171,292
171,346
171,355
171,379
171,471
171,483
172,262
172,267
172,426
172,483
173,228
173,287
174,273
174,468
175,202
175,228
175,241
175,261
175,342
175,379
175,408
175,435
176,226
176,238
176,263
176,281
176,327
176,443
176,457
177,213
177,251
177,252
177,283
177,362
177,376
177,492
178,254
178,262
178,426
178,427
179,213
179,224
179,227
179,292
179,380
180,287
180,338
180,470
180,486
181,304
181,320
181,341
181,399
182,196
182,313
182,395
182,396
183,243
183,396
183,411
184,280
184,284
184,335
184,432
185,345
185,426
185,430
186,199
186,256
186,271
186,443
187,253
187,269
187,323
187,349
187,436
187,464
188,233
188,256
188,273
188,405
188,473
189,220
189,410
190,192
190,203
190,210
190,213
190,294
190,327
190,342
190,388
190,462
191,297
191,394
191,427
191,463
191,464
191,476
192,219
192,229
192,246
192,267
192,344
192,413
192,433
192,490
193,194
193,247
193,292
193,300
193,349
193,441
193,444
194,255
194,372
194,373
194,401
194,416
194,428
194,435
194,463
194,466
194,475
194,484
194,494
195,252
195,268
195,318
195,336
195,355
195,360
195,373
195,414
195,426
195,466
196,256
196,273
196,285
196,298
196,369
197,216
197,242
197,247
197,310
197,340
197,348
197,394
197,497
198,386
198,473
199,220
199,301
199,335
199,365
199,454
199,462
200,260
200,324
200,378
200,400
200,430
201,233
201,240
201,291
201,315
201,383
201,495
202,261
202,316
202,406
202,478
203,323
203,485
204,221
204,246
204,252
204,460
204,479
205,275
205,284
205,341
205,446
205,448
206,214
206,218
206,332
206,341
206,414
206,445
206,447
206,467
207,273
207,293
207,411
207,493
208,220
208,316
209,239
209,380
209,456
210,259
210,292
210,321
210,377
210,382
210,434
211,306
211,387
211,447
211,464
211,470
211,485
212,289
212,302
212,323
212,351
212,352
212,385
213,222
213,244
213,261
213,289
213,296
213,328
213,401
213,426
213,479
213,500
214,271
214,289
214,345
214,480
215,265
215,286
215,287
215,303
215,326
215,336
215,345
215,369
215,388
215,393
215,404
216,222
216,239
216,251
216,273
216,287
216,335
216,354
216,366
216,390
216,392
217,233
217,342
217,390
218,250
218,269
218,428
218,464
218,490
219,267
219,402
219,415
219,454
219,484
219,496
220,231
220,354
220,355
220,370
220,387
221,322
221,341
222,308
222,334
222,390
223,251
223,356
223,385
223,390
223,425
224,372
224,415
224,462
225,325
225,349
225,428
225,438
225,498
227,232
227,257
227,259
227,394
228,356
228,425
228,451
229,296
229,371
229,380
229,397
230,254
230,257
230,277
230,325
230,372
230,408
230,446
230,471
231,292
231,299
231,354
231,362
231,410
231,419
231,489
231,491
231,493
232,263
232,313
232,452
233,324
233,371
233,389
233,421
233,444
234,251
234,316
234,488
235,271
235,297
235,318
235,324
235,447
235,475
236,435
237,239
237,298
237,465
238,272
238,279
238,329
238,346
238,358
238,363
238,450
239,339
239,380
239,408
239,458
240,291
240,420
241,265
241,276
241,304
241,431
241,477
242,289
242,348
242,381
242,430
243,265
243,267
243,398
243,489
244,263
245,287
245,308
245,369
245,432
246,328
246,331
247,381
247,447
247,480
248,283
248,346
248,379
248,402
248,454
248,479
249,264
249,464
250,289
250,393
250,414
250,437
250,497
251,256
251,267
251,339
251,381
251,437
251,446
252,311
252,427
252,429
252,470
252,476
253,306
253,368
253,374
253,404
253,422
253,436
253,482
253,484
253,485
254,322
254,346
254,357
254,375
254,412
254,493
254,496
255,307
255,354
255,397
255,463
256,303
256,459
256,477
257,317
258,281
258,442
258,448
258,478
259,358
259,382
259,407
259,474
260,282
260,310
260,313
260,347
260,410
260,439
260,480
261,274
261,439
261,453
261,492
262,374
262,379
262,387
262,404
262,427
263,284
263,300
263,385
263,450
263,481
264,357
264,383
265,314
265,407
265,419
266,286
266,399
266,434
267,297
267,396
267,421
268,287
268,421
269,404
270,327
270,407
270,413
270,414
270,420
271,393
271,492
272,276
272,379
272,492
273,366
273,412
273,421
273,432
274,277
274,337
274,481
275,359
275,448
275,479
276,307
276,349
276,412
276,417
276,419
276,467
277,441
277,467
278,280
278,319
278,337
278,362
279,294
279,368
279,381
279,403
279,407
280,314
280,330
280,406
280,426
280,499
282,320
282,337
282,437
283,331
283,352
283,403
283,454
284,375
284,392
285,292
285,298
285,322
285,323
285,412
286,308
286,407
286,424
286,454
287,335
287,337
287,450
288,322
288,385
288,442
289,311
289,313
289,318
289,333
289,346
289,393
289,445
289,495
290,294
290,313
290,321
290,326
290,452
291,363
291,438
292,293
292,306
292,322
292,360
292,467
293,295
293,452
293,454
294,304
294,321
294,337
294,365
294,492
295,297
295,351
295,425
295,466
296,315
296,342
296,415
296,422
296,434
296,489
297,442
297,457
297,489
298,332
298,351
298,385
298,499
299,333
299,349
299,404
299,412
300,323
300,494
301,309
301,315
301,416
301,426
301,439
301,450
301,458
301,460
301,488
302,346
303,370
303,381
303,457
304,356
304,405
304,410
304,413
304,478
304,482
305,359
305,382
305,421
305,430
305,432
305,472
305,486
306,349
307,358
307,438
307,459
308,318
308,374
308,447
309,326
309,359
309,401
309,423
309,458
310,429
310,451
310,457
310,489
311,447
311,460
311,483
312,347
312,402
312,412
312,422
312,435
312,491
313,340
313,406
313,419
313,422
314,326
314,367
314,401
314,448
314,451
315,393
315,396
316,422
316,431
316,439
317,321
317,346
317,406
318,354
318,415
319,453
320,356
320,466
321,359
321,363
322,365
322,405
322,409
324,368
325,406
325,422
325,458
325,477
326,418
326,420
327,351
327,379
327,439
328,399
329,405
329,457
329,470
329,478
330,407
331,332
332,398
332,457
332,494
332,496
333,408
334,413
335,392
335,415
335,448
335,450
336,350
336,375
336,386
336,402
336,444
336,500
337,354
337,389
337,477
338,428
339,440
341,417
341,483
342,412
342,453
343,346
343,396
343,412
343,458
343,487
344,363
344,372
344,379
344,456
345,433
345,439
345,497
346,385
346,500
347,411
347,458
347,466
348,419
348,426
349,412
349,416
349,438
349,481
350,377
351,399
351,442
351,444
351,476
351,482
352,364
352,388
352,423
352,483
352,494
353,416
353,456
354,359
354,365
354,377
355,362
355,432
355,468
356,390
356,392
356,473
357,374
357,449
358,412
358,428
358,448
359,422
359,432
359,460
359,472
360,381
360,444
361,444
361,484
362,368
363,403
363,448
364,447
365,371
365,479
365,499
366,371
366,466
367,377
368,372
368,396
368,419
368,480
368,494
368,497
369,371
369,445
369,458
370,427
370,434
370,464
371,378
371,407
371,445
372,429
372,482
373,377
375,424
376,418
376,465
376,472
378,412
378,444
378,495
379,462
380,391
380,417
380,418
380,446
380,469
381,470
382,395
382,424
382,426
382,448
382,462
383,406
383,430
383,451
383,472
384,489
385,457
385,471
386,456
386,462
387,391
387,488
388,442
390,406
390,471
390,478
392,476
392,479
393,412
393,485
394,484
394,486
395,416
395,431
395,436
395,459
396,447
396,476
397,398
397,419
400,452
400,465
401,415
402,436
403,420
403,478
405,458
406,411
406,486
408,448
408,459
408,474
410,453
410,457
410,465
410,480
411,440
411,448
411,496
412,491
414,416
414,488
415,433
415,493
416,425
416,428
418,452
419,496
422,424
422,479
422,497
423,439
423,468
426,432
426,464
429,478
430,441
430,461
430,465
430,472
431,458
432,473
434,438
435,440
435,469
436,447
437,452
437,453
438,443
438,496
439,448
439,462
441,458
441,487
442,489
443,448
443,499
444,453
444,468
447,496
448,472
448,477
449,481
449,482
451,454
451,455
455,463
456,497
459,499
460,470
461,490
462,487
463,489
463,499
464,470
464,475
464,485
469,485
470,473
470,500
472,484
472,489
475,482
476,488
477,479
487,493
488,492
1,176,205
1,180,355
1,189,467
1,212,348
1,231,360
1,388,398
2,19,403
2,57,333
2,68,299
2,153,264
2,324,411
3,180,457
3,299,463
3,302,398
4,26,353
4,64,403
4,103,296
4,127,147
4,146,159
4,186,467
4,215,456
4,349,376
5,128,362
5,211,250
5,271,298
6,7,389
6,58,136
6,216,378
6,239,346
6,264,383
6,390,487
7,329,452
8,27,410
8,251,333
8,267,499
9,183,281
9,259,414
10,25,489
10,310,475
11,67,142
11,100,256
11,150,479
11,244,275
11,475,488
12,86,96
12,129,276
12,179,257
12,260,381
12,371,493
13,120,270
13,127,246
13,425,473
14,182,396
15,23,432
15,46,408
15,71,429
15,173,446
15,218,224
15,234,473
15,324,425
15,440,493
16,25,61
16,129,161
16,140,473
16,212,289
16,225,456
16,247,499
17,47,410
17,76,272
17,317,419
17,370,425
18,58,240
18,59,168
18,176,181
18,238,381
18,343,437
18,448,450
19,34,283
19,90,320
19,120,456
19,142,248
19,168,442
19,244,354
19,294,455
20,68,424
20,217,264
21,87,366
21,90,249
21,106,162
21,207,309
22,288,346
22,340,488
22,410,436
23,69,347
23,109,380
23,156,375
23,227,305
23,274,377
23,424,487
24,363,424
25,86,178
25,192,451
25,252,431
25,323,368
25,464,496
26,115,213
26,135,433
26,144,262
26,164,204
27,49,269
27,72,429
27,174,320
27,256,440
27,320,369
28,126,279
29,195,483
29,220,490
29,236,351
29,364,436
30,34,154
30,41,402
30,179,202
30,198,321
30,215,454
30,351,426
31,136,337
31,199,367
31,417,439
32,42,351
32,95,124
32,102,228
32,115,131
32,143,470
32,165,486
32,196,213
32,198,401
32,219,387
32,382,435
33,41,342
33,95,159
33,108,357
33,113,209
33,262,453
33,342,423
33,361,435
33,432,482
34,44,138
34,131,215
34,177,262
34,209,423
34,215,403
34,246,336
34,254,372
34,380,442
35,44,359
35,110,274
35,206,324
35,245,420
36,49,161
36,113,241
36,209,408
36,314,330
36,324,333
37,38,359
37,121,431
37,135,314
38,47,492
38,69,288
38,92,191
38,116,246
38,209,403
38,241,388
38,317,463
38,370,463
39,73,344
39,111,174
39,127,281
39,140,192
39,159,402
39,175,336
39,274,291
40,72,121
40,83,226
40,159,439
40,349,413
40,465,481
41,99,262
41,169,361
41,185,334
41,216,288
41,229,361
42,107,423
42,110,468
42,280,308
42,413,417
43,47,464
43,119,436
43,234,327
43,338,496
43,374,402
43,396,398
44,131,216
44,134,246
44,170,284
45,86,368
45,92,278
45,148,370
45,185,295
45,195,252
46,58,138
46,59,284
46,126,141
46,132,337
46,138,238
47,247,488
47,323,491
47,348,416
47,374,448
48,52,410
48,55,194
48,60,271
48,85,306
48,181,382
48,194,306
48,345,497
49,72,366
49,87,450
49,101,156
49,107,459
49,126,163
49,251,487
49,275,441
50,55,192
50,169,380
51,54,346
51,63,258
51,74,138
51,77,90
51,152,461
51,248,395
51,274,449
52,72,170
53,173,182
54,82,320
54,156,274
54,161,277
54,254,324
54,400,408
55,349,370
56,89,182
56,166,425
56,169,424
57,188,251
57,304,437
57,365,383
58,63,273
58,159,455
58,195,446
58,201,333
58,275,430
59,110,186
59,116,169
59,158,451
59,184,260
59,397,441
60,70,389
60,78,284
60,99,375
60,120,145
60,168,379
60,219,270
61,232,385
61,289,381
61,321,417
61,412,499
62,109,476
62,203,304
62,208,384
62,262,316
63,288,394
63,316,363
64,84,104
64,114,399
64,369,456
65,102,325
65,185,417
65,262,309
65,267,318
65,331,382
65,360,368
66,104,346
66,133,249
66,163,472
66,408,466
67,185,327
67,234,408
68,126,245
68,176,471
69,76,246
69,92,178
69,195,297
69,333,477
70,158,437
70,183,247
70,184,376
70,191,360
70,295,340
70,429,474
71,178,291
71,294,323
72,90,339
72,125,408
72,126,479
72,138,329
72,163,339
72,273,274
72,290,460
73,131,351
73,277,453
74,125,429
74,383,408
75,200,378
76,154,324
76,220,463
76,268,376
76,271,370
76,414,463
77,277,444
77,283,401
78,114,136
78,176,358
78,200,347
78,284,294
78,458,481
79,126,304
79,234,275
80,84,279
80,298,414
81,161,485
81,214,349
82,216,372
83,197,469
83,207,288
83,249,313
83,394,455
84,198,209
84,244,262
84,292,312
85,116,185
85,121,492
85,129,475
85,250,468
85,300,457
85,416,488
86,180,231
86,355,431
87,156,163
87,230,392
88,96,214
88,190,338
88,365,418
89,111,138
89,144,428
89,243,340
89,302,463
91,96,148
91,101,202
91,198,290
91,265,417
91,326,434
91,407,423
92,123,137
92,464,494
93,112,155
93,123,160
94,110,470
94,114,237
94,140,468
94,187,302
94,221,418
94,469,483
95,157,169
95,351,456
95,407,453
96,134,469
96,138,349
96,180,360
96,197,247
96,224,240
96,280,393
97,169,247
97,256,449
97,279,489
98,119,271
98,144,483
98,269,464
98,300,457
98,332,398
99,165,275
99,242,425
99,283,326
100,121,422
100,148,237
100,368,371
100,445,459
101,263,270
101,289,485
101,365,437
102,145,328
102,198,236
102,206,430
102,224,353
102,267,309
102,280,321
103,278,312
103,387,426
104,118,453
104,137,415
104,140,426
104,229,331
104,271,390
104,402,443
105,134,204
105,179,343
105,186,265
105,199,330
105,203,264
105,204,215
106,201,478
106,288,474
106,315,349
107,119,487
107,193,483
107,204,442
108,111,184
108,289,310
108,360,387
109,144,476
109,183,425
109,216,242
109,276,492
110,159,192
110,309,415
111,142,484
111,215,466
111,227,424
111,249,353
111,259,316
111,281,346
112,212,370
112,232,238
112,298,488
113,158,367
113,318,326
114,131,267
114,209,407
114,261,342
115,291,467
115,326,455
115,377,417
116,240,486
116,296,334
116,296,417
116,350,418
117,268,394
117,325,440
118,123,379
118,206,284
118,247,254
118,318,399
118,342,418
119,310,397
119,438,475
120,265,403
120,309,423
120,387,388
120,401,417
121,153,216
121,193,384
121,367,463
121,411,414
122,167,302
122,211,374
122,250,373
122,314,497
122,429,479
123,145,309
123,444,453
124,149,332
124,234,497
124,265,470
124,473,499
125,149,329
126,141,282
126,173,400
126,203,247
126,219,333
127,134,296
127,146,229
127,342,500
127,451,454
128,144,476
128,257,379
129,189,497
129,197,237
129,307,349
129,409,476
129,462,477
130,266,286
130,403,415
131,224,280
131,265,379
131,301,455
131,380,443
132,254,371
132,281,365
132,448,487
133,164,249
133,246,283
133,297,307
134,137,418
134,139,157
134,153,159
134,171,315
136,259,477
136,371,473
137,148,266
137,190,453
137,242,421
137,395,407
138,347,358
138,390,408
139,153,283
139,367,461
139,386,469
140,265,277
140,328,380
141,156,369
141,263,441
141,317,322
142,206,457
143,159,168
143,477,499
145,169,296
145,241,318
145,279,483
145,415,439
146,217,436
146,229,500
147,172,423
147,174,207
147,177,379
147,231,276
147,345,350
148,196,418
149,333,466
150,263,385
151,255,409
154,158,413
154,279,321
156,273,413
156,449,486
157,266,294
157,304,354
158,199,332
158,293,324
158,319,402
159,192,204
159,224,404
159,293,382
160,220,341
160,249,272
160,253,419
160,289,317
160,347,478
160,464,496
161,167,374
161,395,409
161,467,495
162,234,472
162,339,393
163,181,487
164,215,290
164,308,344
165,173,302
165,212,288
166,362,457
167,446,459
168,169,301
168,241,376
168,327,455
168,367,451
168,444,469
170,325,420
171,219,470
172,186,195
172,285,316
172,336,461
172,338,353
173,177,489
173,184,479
174,421,458
176,210,462
176,239,356
176,240,329
176,347,430
176,465,475
177,367,403
178,359,405
179,216,439
179,221,294
180,182,447
180,298,332
180,368,425
181,213,353
181,222,410
181,230,375
181,247,252
181,249,258
181,284,389
181,335,481
182,214,374
183,254,336
183,272,393
184,244,365
185,216,422
185,297,332
185,314,373
185,360,484
186,277,301
186,327,439
187,231,323
187,332,381
187,410,467
187,433,447
187,494,495
188,207,339
188,354,450
188,364,462
189,348,476
191,192,474
191,252,397
191,278,360
191,384,396
193,359,471
193,376,410
194,195,495
194,257,437
194,433,481
195,204,212
195,211,438
196,369,493
196,423,485
197,230,467
197,384,489
198,265,365
198,455,482
199,263,428
199,326,407
200,306,458
201,243,300
201,274,359
202,217,298
202,316,335
203,247,397
204,331,469
207,422,446
210,267,417
210,274,295
210,330,413
212,219,400
212,398,416
215,219,224
215,324,392
215,399,469
216,233,356
216,313,392
216,378,494
218,276,307
218,397,495
219,372,395
219,382,427
219,439,456
220,276,311
220,445,480
221,263,440
221,353,500
221,378,414
221,386,443
221,458,467
222,324,466
222,351,382
223,347,385
224,280,320
224,393,406
225,338,397
226,235,402
227,257,288
227,324,424
228,277,373
230,352,470
231,266,287
232,375,429
234,291,411
234,321,470
235,250,367
236,443,500
238,273,477
239,293,463
239,478,479
240,375,466
241,275,375
244,288,366
244,337,474
245,408,481
246,345,377
246,397,484
249,257,286
249,343,466
251,256,452
251,294,463
253,268,326
256,275,338
256,437,488
257,264,366
258,268,389
258,411,416
259,263,371
259,316,337
259,332,494
260,321,487
261,350,388
262,326,401
262,342,460
263,281,474
264,330,464
265,281,391
265,343,398
265,407,453
266,267,331
266,270,402
266,336,353
267,308,460
268,275,282
269,280,289
270,327,451
270,336,353
270,409,499
271,393,409
272,372,488
273,310,434
274,394,446
275,310,422
275,324,405
275,343,452
275,349,445
276,409,430
277,332,449
277,376,453
277,392,495
278,345,362
278,384,431
279,283,398
280,417,480
283,431,470
284,406,449
284,408,440
285,298,491
285,300,412
285,459,480
286,309,433
287,392,466
288,407,469
289,298,412
291,358,448
292,309,376
292,436,459
293,383,399
294,296,442
294,319,434
296,331,469
298,357,480
300,381,409
304,329,472
306,360,489
307,387,476
308,397,408
312,467,494
313,406,484
318,402,461
329,360,492
330,413,443
331,469,489
333,429,445
334,403,418
334,454,461
336,367,463
336,455,483
337,429,486
338,431,451
338,445,499
339,363,390
340,445,496
341,384,441
341,457,464
342,494,497
343,385,413
345,418,462
346,365,421
347,378,394
347,400,466
349,370,485
350,430,485
351,436,495
353,386,407
354,383,422
355,362,431
356,371,390
360,370,414
361,380,500
364,381,398
376,414,494
377,434,451
378,405,428
379,412,418
380,426,468
388,401,470
393,424,469
399,407,444
403,423,443
406,408,430
412,427,476
431,445,465
450,472,473
452,457,465
467,472,481
