1,20
1,123
1,165
1,166
1,196
1,292
2,45
2,274
2,299
2,305
2,416
3,39
3,167
3,195
3,257
3,300
3,366
3,383
3,419
3,470
4,18
4,53
4,65
4,76
4,125
4,158
4,212
4,322
4,402
4,418
4,467
5,48
5,199
5,320
5,334
5,360
5,403
5,408
5,448
5,452
5,458
6,30
6,42
6,174
6,272
6,279
6,291
6,335
6,433
6,456
7,22
7,102
7,155
7,159
7,226
7,231
7,279
7,395
7,465
7,472
8,187
8,235
8,298
8,302
9,28
9,56
9,142
9,222
9,270
9,354
9,372
9,384
9,409
9,418
9,485
10,21
10,75
10,210
10,323
10,433
10,441
10,446
10,482
11,154
11,349
11,350
11,362
11,374
12,94
12,125
12,167
12,196
12,268
12,270
12,321
12,327
12,358
13,149
13,213
13,290
13,291
13,353
14,20
14,71
14,128
14,131
14,133
14,278
14,333
14,342
14,345
14,362
14,411
14,435
14,500
15,171
15,280
16,24
16,121
16,154
16,168
16,195
16,317
16,319
16,328
16,334
16,337
16,378
16,406
16,432
16,442
17,96
17,174
17,222
17,304
17,378
17,406
18,34
18,82
18,248
18,321
18,333
18,357
18,387
19,28
19,39
19,122
19,139
19,171
19,221
19,462
19,476
19,481
19,483
20,43
20,115
20,124
20,179
20,189
20,192
20,228
20,229
20,296
20,338
20,339
20,412
21,33
21,124
21,167
21,176
21,233
21,366
21,450
21,478
22,70
22,198
22,224
22,262
22,264
22,305
23,26
23,47
23,94
23,157
23,163
23,185
23,232
23,262
23,369
23,442
23,452
23,481
23,496
24,195
24,230
24,234
24,325
24,375
24,497
25,72
25,213
25,334
25,352
25,402
25,433
26,123
26,159
26,183
26,217
26,287
26,296
26,320
26,327
26,344
26,385
26,451
27,143
27,164
27,188
27,206
27,268
27,312
27,384
27,385
28,43
28,59
28,94
28,132
28,400
28,470
28,485
29,40
29,105
29,141
29,308
29,341
29,500
30,43
30,50
30,98
30,100
30,133
30,169
30,337
30,436
30,488
30,497
31,53
31,251
32,45
32,55
32,82
32,144
32,261
32,296
32,325
32,333
32,364
32,441
32,490
33,39
33,364
33,416
33,486
34,104
34,207
34,223
34,232
34,292
34,355
34,478
35,136
35,160
35,198
35,209
35,219
35,226
35,275
35,410
35,471
35,481
35,499
36,122
36,140
36,148
36,167
36,177
36,361
36,380
36,391
36,461
36,470
37,41
37,89
37,229
37,267
37,341
37,347
37,468
38,68
38,70
38,151
38,179
38,203
38,258
38,381
38,418
39,75
39,206
39,254
39,319
39,351
40,55
40,64
40,111
40,125
40,126
40,267
40,291
40,320
40,441
40,494
41,295
41,301
41,318
41,319
41,321
41,347
41,372
41,385
41,403
41,468
42,61
42,106
42,127
42,233
42,257
42,335
42,369
42,400
42,427
42,429
43,160
43,245
43,262
43,356
44,84
44,191
44,258
44,408
44,468
44,485
44,487
45,77
45,201
45,301
45,370
45,379
45,388
45,391
45,468
45,471
45,485
46,168
46,195
46,272
46,393
46,411
46,412
46,421
46,484
46,491
46,495
47,189
47,294
47,358
47,453
48,83
48,182
48,256
48,261
48,299
48,408
48,432
49,107
49,263
49,304
49,314
49,355
49,370
49,393
49,404
49,485
50,220
50,230
50,285
50,389
50,428
51,193
51,208
51,240
51,445
51,498
52,304
52,364
52,381
52,394
52,426
52,464
53,257
53,260
53,320
54,83
54,113
54,137
54,242
54,381
55,61
55,93
55,149
55,193
55,239
55,247
55,357
55,390
55,433
55,475
56,70
56,73
56,169
56,228
56,232
56,336
56,432
56,433
56,469
57,81
57,158
57,177
57,232
57,301
57,386
57,426
57,496
58,60
58,61
58,220
58,481
58,484
59,153
59,162
59,172
59,237
59,452
59,478
60,97
60,148
60,210
60,244
60,364
60,378
60,482
61,134
61,174
61,232
61,292
61,380
61,382
61,441
61,447
61,459
61,488
62,93
62,194
62,242
63,94
63,110
63,283
63,352
63,375
63,435
64,181
64,275
64,307
64,377
64,394
64,397
64,428
64,475
65,150
65,210
65,274
65,352
65,395
65,432
65,436
66,200
66,431
67,264
67,318
67,413
68,117
68,153
68,166
68,196
68,200
68,202
68,245
68,260
68,374
68,394
68,446
68,479
69,121
69,136
69,193
69,197
69,252
69,294
69,337
69,379
69,457
69,476
69,498
70,270
70,284
70,286
70,315
70,452
70,495
70,496
71,118
71,140
71,196
71,231
71,242
71,337
71,362
71,392
71,486
71,488
72,161
72,321
72,370
72,390
72,396
72,469
73,188
73,201
73,230
73,473
74,103
74,239
74,244
74,257
74,259
74,330
74,334
74,336
74,416
74,419
75,165
75,234
75,331
75,377
75,423
76,103
76,107
76,122
76,201
76,231
76,262
76,408
76,414
77,78
77,92
77,224
77,354
78,283
78,368
78,372
78,423
78,482
79,126
79,166
79,213
79,226
79,271
79,339
79,420
80,113
80,169
80,192
80,222
80,270
80,319
80,402
80,496
81,87
81,88
81,123
81,221
81,339
81,462
81,488
81,494
82,123
82,185
82,190
82,363
82,423
82,456
82,476
83,227
83,269
83,305
83,307
84,87
84,89
84,112
84,136
84,159
84,169
84,317
84,356
84,430
84,452
85,147
85,204
85,210
85,219
85,302
85,306
86,118
86,145
86,152
86,173
86,281
86,348
86,466
87,122
87,125
87,164
87,179
87,183
87,288
87,296
87,347
87,449
88,159
88,161
88,245
88,254
88,275
88,278
88,309
88,314
88,381
88,385
89,167
89,241
89,251
89,356
90,119
90,208
90,221
90,282
91,94
91,139
91,238
91,241
91,250
91,306
91,363
91,380
91,414
91,454
91,472
92,151
92,189
92,196
92,241
92,287
92,334
92,377
92,439
93,199
93,363
93,449
94,99
94,132
94,140
94,214
94,220
94,390
94,412
94,475
95,241
95,366
95,381
95,414
95,445
96,98
96,254
96,296
96,374
96,405
96,438
96,472
97,99
97,118
97,298
97,315
97,402
97,422
97,439
98,150
98,157
98,212
98,214
98,271
98,419
99,105
99,249
99,409
99,411
99,458
99,471
99,491
100,196
100,200
100,227
100,234
101,109
101,124
101,153
101,193
101,267
101,273
101,287
101,416
101,488
102,153
102,181
102,416
102,456
102,476
103,117
103,321
103,373
103,375
103,393
103,425
103,435
104,107
104,175
104,219
104,285
104,321
104,341
104,393
104,461
104,463
105,153
105,182
105,190
105,219
105,235
105,276
105,302
105,395
105,415
106,134
106,161
106,213
106,232
106,277
106,289
107,224
107,240
107,241
107,264
107,315
107,343
107,425
108,140
108,282
108,299
108,343
108,404
108,411
108,495
109,114
109,399
110,418
110,490
111,312
111,324
111,340
111,472
111,485
111,489
112,156
112,200
112,218
112,273
112,275
112,298
112,350
112,352
112,392
112,398
112,429
113,171
113,301
113,361
113,403
113,413
113,426
113,439
113,453
113,495
114,393
114,410
114,433
114,441
114,490
115,156
115,188
115,226
115,294
115,314
115,400
115,405
116,118
116,301
116,412
116,434
116,449
116,470
116,473
117,142
117,375
117,433
117,445
118,240
118,485
118,492
119,150
119,159
119,215
119,232
119,253
119,290
120,131
120,160
120,265
120,305
120,380
120,398
120,400
120,418
120,484
120,490
121,157
121,197
121,203
121,350
121,393
121,408
121,433
122,124
122,147
122,163
122,282
122,450
123,211
123,363
124,133
124,254
125,130
125,142
125,262
125,328
125,371
125,379
125,442
125,478
126,179
126,188
126,287
127,147
127,165
127,175
127,219
127,252
127,259
127,391
127,498
128,145
128,295
128,381
129,188
129,198
129,271
129,304
129,346
130,207
130,228
130,230
130,264
130,367
130,409
131,166
131,167
131,250
131,286
131,341
131,382
131,384
132,247
132,286
132,329
133,149
133,308
133,327
133,356
133,439
134,201
134,214
134,230
134,241
134,344
134,401
134,437
134,448
135,299
135,447
135,469
136,146
136,226
136,386
136,418
136,471
137,257
137,343
138,149
138,361
138,439
139,255
139,307
139,340
139,453
139,473
140,287
140,443
140,463
141,155
141,220
141,265
141,298
141,360
141,396
141,470
142,183
142,188
142,343
142,396
142,482
142,500
143,339
143,370
143,419
143,421
143,429
143,477
143,483
143,499
144,151
144,188
144,292
144,297
144,476
144,492
144,493
145,149
145,281
145,370
145,384
145,409
145,451
146,155
146,233
146,467
146,486
147,305
147,320
148,188
148,276
148,447
148,481
148,485
149,170
149,221
149,305
149,421
149,495
150,169
150,186
150,212
150,222
150,258
150,313
150,368
150,394
150,485
151,159
151,193
151,240
151,283
151,374
151,391
151,444
151,490
152,155
152,233
152,235
152,328
153,159
153,225
153,269
153,347
153,363
153,372
153,388
153,416
154,178
154,186
154,456
154,488
154,490
155,170
155,214
155,237
155,256
155,324
155,371
155,386
155,475
156,250
156,272
156,282
156,377
156,383
156,404
157,192
157,290
157,321
157,400
157,439
157,485
158,177
158,184
158,252
158,283
158,311
158,333
158,366
159,178
159,228
159,384
159,495
161,198
161,244
161,245
161,308
161,339
161,411
161,431
162,264
162,278
162,279
162,339
162,424
162,433
163,269
163,355
163,427
163,447
164,289
164,494
165,198
165,327
165,333
165,395
165,405
165,471
165,494
166,171
166,196
166,221
166,400
166,443
166,453
166,496
167,186
167,204
167,244
167,368
167,427
168,270
168,369
168,425
169,289
169,319
170,382
170,433
171,172
171,315
171,409
171,481
172,287
172,306
172,321
173,193
173,198
173,319
173,381
173,472
173,482
174,186
174,209
174,336
175,288
175,378
176,292
176,301
176,353
176,431
177,224
177,230
177,237
177,279
177,333
177,345
177,354
177,488
177,491
178,226
178,271
179,255
179,298
179,317
179,490
180,234
180,237
180,266
180,275
180,283
180,340
181,224
181,298
181,407
182,294
182,340
182,373
182,412
183,299
183,399
184,198
184,333
184,467
185,309
185,387
185,403
185,407
185,434
186,350
186,390
186,475
187,206
187,251
187,340
187,430
187,476
188,234
188,239
189,224
189,344
189,358
189,364
190,201
190,238
190,288
190,297
190,310
190,345
190,368
190,391
190,447
190,483
191,319
192,239
192,343
192,345
192,346
192,374
192,449
192,495
193,244
193,269
193,296
193,332
193,484
194,220
194,254
194,296
194,347
194,358
194,387
194,404
195,256
195,277
195,279
195,359
195,370
195,397
195,480
196,252
196,262
196,297
196,317
196,366
196,431
197,198
197,203
197,224
197,282
197,306
197,337
197,411
197,424
197,473
198,312
198,423
199,295
199,332
199,339
199,377
199,457
200,275
200,283
200,402
200,442
201,206
201,356
201,359
201,377
201,381
201,390
202,312
202,397
203,217
203,374
203,422
204,208
204,235
204,354
204,355
204,391
204,415
204,430
204,486
205,269
205,419
205,499
206,212
206,235
206,269
206,362
206,462
206,480
206,481
207,221
207,266
207,339
207,420
207,429
207,488
208,227
208,234
208,256
208,333
208,350
208,393
208,411
208,445
208,496
209,262
209,316
209,380
209,456
210,215
210,221
210,239
210,280
210,337
210,357
210,365
210,427
210,446
211,260
211,339
212,229
212,294
212,331
213,237
213,258
213,271
213,443
214,337
214,341
214,443
215,284
215,315
215,482
216,351
216,358
216,403
216,474
217,261
217,302
217,330
217,440
217,485
218,234
218,264
218,455
219,309
219,335
219,375
219,379
219,416
219,421
219,453
220,221
220,231
220,355
220,357
220,365
220,383
220,404
220,475
221,366
222,229
222,241
222,273
222,279
222,491
223,378
223,404
223,492
224,291
224,314
224,344
224,428
224,449
225,249
225,258
225,286
225,363
225,368
225,381
225,394
225,467
226,311
226,421
226,455
226,497
227,271
227,391
227,392
227,453
227,497
228,245
228,342
228,360
228,491
229,280
229,301
229,385
229,430
230,345
230,385
231,239
231,315
231,350
231,411
231,439
232,321
232,327
232,330
232,373
232,381
232,389
232,470
232,474
232,478
232,499
233,303
233,370
233,378
233,419
233,462
234,396
234,438
234,497
235,236
235,284
235,430
235,449
235,455
236,336
236,342
236,357
236,379
236,404
236,454
237,278
237,283
237,325
237,338
237,426
238,260
238,447
239,314
239,410
239,471
240,324
240,330
240,345
240,379
240,433
240,456
240,459
241,335
241,346
241,367
241,373
242,313
242,358
243,370
244,337
244,417
244,468
244,498
245,377
246,421
247,254
247,460
248,335
248,393
248,408
248,430
248,467
248,477
249,331
249,349
249,386
249,448
250,275
250,303
250,434
250,448
251,254
251,304
251,414
251,425
251,463
251,480
252,388
252,415
253,371
253,377
254,275
254,343
254,382
254,395
254,418
254,494
255,322
255,433
255,455
255,481
255,490
256,311
256,319
256,371
256,394
256,446
256,493
257,269
257,296
257,298
257,346
257,391
258,267
258,269
258,485
259,405
259,416
259,426
259,457
260,434
261,316
261,374
262,268
262,342
262,470
262,480
263,292
263,293
263,304
263,326
263,460
263,464
263,471
263,489
264,292
264,298
264,473
265,396
265,414
265,430
265,434
265,467
266,291
266,307
266,314
266,394
266,399
267,293
267,331
267,498
268,313
268,376
268,395
269,360
269,391
270,342
270,381
270,421
270,477
271,287
271,460
271,465
272,273
272,294
272,322
272,337
272,369
272,382
272,473
272,478
273,281
273,305
274,328
274,410
274,424
274,485
274,486
274,488
275,355
275,370
275,455
276,300
276,310
276,321
276,374
276,430
276,437
277,408
277,422
277,446
278,386
278,449
279,301
279,357
280,317
280,385
280,390
280,491
281,285
281,347
281,356
281,422
281,459
281,487
282,342
282,373
283,350
283,374
283,402
283,410
283,447
283,493
284,387
284,402
284,406
284,439
285,313
285,404
285,406
286,312
286,361
286,388
287,297
287,317
288,385
288,448
288,450
289,327
289,372
289,401
289,407
289,460
289,480
290,305
290,456
291,343
292,338
292,342
292,352
292,356
292,387
292,423
292,426
292,446
292,472
293,380
294,315
294,423
295,323
295,397
295,435
296,305
296,322
296,408
296,458
297,299
297,466
298,306
298,309
298,340
298,400
298,442
299,392
299,400
300,366
301,338
301,405
301,450
301,452
302,378
302,489
303,427
303,456
304,344
304,496
305,309
305,359
305,376
305,387
305,389
305,394
305,415
305,418
305,492
307,312
307,355
307,457
308,316
308,341
308,384
308,438
308,482
308,492
309,368
309,491
310,458
311,357
311,440
311,441
312,339
312,361
312,488
313,369
313,471
314,330
314,400
314,473
314,479
315,402
315,419
315,464
316,327
316,449
316,456
316,465
316,467
316,477
316,488
317,325
317,441
318,344
318,369
318,389
318,446
318,495
319,328
319,342
319,361
319,397
319,400
319,482
319,499
320,383
320,402
320,420
321,411
322,344
322,379
322,428
322,450
322,495
323,375
324,332
324,364
325,479
326,387
326,484
327,328
327,342
327,426
327,444
327,483
328,393
328,398
328,420
328,467
328,474
329,483
329,496
330,448
331,402
331,407
331,440
331,446
332,371
332,395
332,416
332,455
332,461
333,467
334,433
335,355
335,471
335,481
336,410
337,374
337,446
337,451
338,367
338,447
339,405
339,436
339,454
339,484
340,344
340,366
340,376
340,384
340,420
340,484
341,404
341,497
342,357
342,417
342,445
343,353
343,401
343,410
344,354
344,375
344,385
344,425
344,458
344,466
344,478
344,492
345,356
345,363
345,373
345,425
345,471
346,348
346,499
347,423
347,427
347,431
347,447
347,494
348,380
348,454
348,465
348,469
349,437
349,448
350,402
350,444
350,445
350,498
351,355
352,392
352,402
352,430
352,455
353,377
353,391
353,401
353,459
353,471
354,384
354,396
355,356
355,375
355,464
355,465
355,499
356,373
356,480
356,496
357,437
357,444
358,367
358,479
359,452
360,427
360,443
361,374
361,379
361,400
361,484
362,383
362,391
362,464
363,374
363,382
363,464
363,498
364,431
364,447
364,452
364,484
365,383
365,418
365,431
365,445
366,409
366,435
367,372
367,397
367,406
367,415
368,395
369,485
369,500
370,464
371,386
371,420
371,487
372,383
372,431
373,413
374,379
374,470
375,402
375,465
375,483
376,413
376,474
380,404
380,422
380,450
381,391
381,439
381,478
382,454
383,443
383,487
384,456
384,474
385,426
385,435
385,436
386,412
386,445
386,471
387,463
387,477
387,493
388,404
388,439
388,489
389,407
389,423
390,409
390,476
391,469
392,432
392,435
393,499
394,423
394,463
395,404
395,439
395,473
396,407
396,433
397,417
397,437
398,450
398,489
399,411
399,452
400,413
400,426
400,437
400,478
400,491
401,426
401,459
401,470
402,412
402,467
403,457
404,432
404,450
405,426
407,408
407,457
408,425
408,498
409,435
409,482
411,413
411,419
411,495
412,434
412,460
412,495
413,428
413,478
415,463
417,434
419,431
420,453
420,480
420,481
421,483
422,475
422,488
423,469
423,484
426,432
426,473
426,496
427,458
429,437
429,452
432,463
433,444
436,481
438,441
438,474
439,498
440,500
442,500
446,452
446,461
446,498
447,486
449,460
450,458
452,479
453,482
454,485
455,479
460,471
460,487
462,467
464,493
465,487
467,475
467,494
467,498
467,499
468,476
469,500
473,480
475,494
482,486
1,201,473
2,3,69
2,136,163
2,206,354
2,309,330
3,19,175
3,51,128
3,97,469
3,182,354
3,203,490
3,254,408
3,299,319
4,24,440
4,88,197
4,126,397
4,139,300
5,82,486
5,90,265
5,247,368
5,265,288
6,10,420
6,98,456
6,101,494
6,333,352
7,11,336
7,63,468
7,65,227
7,65,477
7,66,113
7,68,279
7,119,275
8,34,194
8,35,320
8,262,412
8,318,423
8,346,411
9,14,173
9,58,357
9,120,419
9,188,401
9,239,412
10,11,106
10,58,200
10,63,376
10,98,179
10,117,125
10,165,336
11,12,359
11,32,197
11,51,150
11,154,468
12,14,134
12,14,197
12,52,287
12,70,224
12,118,172
12,162,241
12,215,345
12,223,329
12,270,300
12,321,453
13,27,144
13,57,453
13,60,259
13,188,213
13,413,470
13,440,462
14,22,344
14,144,411
14,177,232
15,52,221
15,294,338
16,66,412
16,134,462
16,301,384
17,285,456
17,311,383
17,325,389
18,142,272
18,148,455
19,211,252
19,245,451
19,359,416
20,22,59
20,52,474
20,84,264
20,86,319
20,155,447
20,159,330
20,159,487
20,198,266
20,213,466
20,221,413
20,456,492
21,52,86
21,52,278
21,57,237
21,99,221
21,130,198
21,198,470
22,36,431
22,86,264
22,279,473
23,27,325
23,37,72
23,84,486
23,146,331
23,411,478
24,51,94
24,58,455
24,107,234
24,214,436
24,223,334
24,371,487
25,140,170
25,140,341
25,174,283
26,27,36
26,27,192
26,128,388
26,173,384
26,177,346
26,222,486
27,41,417
27,56,118
27,149,470
28,63,407
28,330,477
29,58,406
29,60,376
29,157,490
29,158,229
29,275,283
30,51,195
30,246,499
30,259,474
30,289,432
30,320,326
30,323,431
31,43,112
31,50,360
31,51,322
31,52,157
31,60,436
31,78,305
31,116,134
31,134,439
31,157,426
31,168,409
32,60,245
32,170,483
32,244,476
32,280,394
32,288,331
32,314,420
32,423,476
32,450,472
33,83,364
33,447,489
34,138,156
34,146,202
34,177,292
34,295,422
34,317,475
34,414,465
35,92,96
35,209,323
36,86,370
36,182,302
36,190,477
36,296,469
37,50,442
37,74,187
37,95,323
37,241,256
37,244,416
38,110,187
38,136,257
38,204,267
38,428,448
40,83,190
40,110,461
40,202,286
40,238,395
41,149,162
41,180,398
41,199,491
41,345,482
41,358,452
42,77,230
42,249,395
42,359,378
42,420,475
43,107,166
43,108,289
43,191,287
43,272,353
43,401,479
44,132,394
44,257,498
45,122,494
45,470,498
46,69,341
46,166,171
46,171,421
46,172,492
46,192,453
46,335,405
47,66,331
47,166,367
47,384,480
48,101,339
49,61,351
49,143,334
50,120,477
50,143,357
50,357,431
51,221,245
51,345,488
52,57,308
53,109,300
53,124,340
53,153,225
53,240,276
53,282,347
53,309,476
54,93,200
54,112,412
54,292,494
55,58,477
55,98,246
55,122,162
55,156,317
55,208,487
55,371,477
55,420,460
56,145,373
57,111,357
57,144,425
57,161,251
57,162,459
57,177,495
57,216,331
57,224,432
57,230,289
57,241,453
58,71,341
58,100,406
58,112,471
58,155,178
58,320,357
59,107,196
59,113,335
59,129,216
59,133,169
59,171,230
59,201,288
59,319,477
60,135,373
60,152,336
61,121,484
61,284,404
62,87,256
62,203,254
62,240,416
62,312,446
63,231,402
64,341,369
65,136,243
65,234,327
65,323,412
65,436,499
66,149,280
66,155,442
66,218,404
66,252,328
67,205,277
67,303,335
67,333,352
68,185,375
68,250,288
69,96,300
69,163,193
69,183,408
69,293,450
69,432,467
70,89,478
71,162,399
71,195,234
71,243,481
71,256,443
72,78,272
72,82,266
72,143,497
72,180,393
72,371,402
73,276,325
74,90,257
74,127,364
74,204,267
75,163,254
75,184,331
75,185,469
75,186,372
75,220,422
75,282,463
75,396,416
76,113,270
76,228,282
76,317,401
76,401,451
76,479,480
77,155,227
77,161,325
77,266,301
77,288,361
78,118,366
78,122,323
78,133,270
78,169,227
79,149,356
79,152,338
79,290,298
80,107,224
80,118,191
80,164,236
80,230,482
81,91,244
81,95,115
81,193,204
81,269,395
82,90,446
82,123,361
82,182,380
82,202,206
82,203,254
83,123,203
83,124,415
83,199,312
84,86,149
84,96,448
84,116,435
84,173,397
84,343,382
85,183,348
86,91,414
86,115,317
86,157,400
86,347,378
87,182,408
87,289,316
87,293,303
88,118,189
88,385,400
89,93,204
89,103,142
89,103,266
89,156,279
89,245,272
89,315,489
89,414,472
90,185,368
90,305,418
91,201,478
91,324,340
92,128,260
92,177,292
92,198,496
92,317,373
92,432,438
93,361,380
93,361,428
94,126,436
94,146,256
94,212,370
95,131,287
95,134,304
95,238,479
95,343,393
95,417,432
96,175,446
96,223,327
96,224,237
97,257,458
97,361,490
97,407,452
98,210,392
99,128,319
99,141,276
99,213,237
99,258,309
99,347,491
100,133,257
100,268,391
100,269,447
100,273,381
100,334,400
101,105,368
101,120,141
101,398,402
102,331,449
103,382,479
104,408,476
105,220,438
105,228,319
105,317,355
106,433,481
107,145,426
107,186,470
107,197,344
107,319,470
108,145,156
108,185,406
108,224,399
108,291,463
109,185,447
109,249,391
109,276,433
110,217,226
110,288,448
111,165,365
111,169,243
111,247,361
111,344,395
112,114,226
112,138,249
112,210,393
112,229,442
112,245,334
113,138,473
113,213,329
113,239,245
113,372,401
114,234,461
114,310,459
114,311,359
114,376,477
114,406,457
114,467,497
115,166,197
115,291,377
115,327,343
116,128,197
116,196,261
116,264,268
116,264,413
116,343,466
116,373,453
117,232,380
117,427,464
118,200,353
118,272,492
118,280,411
118,325,425
118,334,411
118,343,453
119,152,195
119,155,497
119,195,209
119,205,406
119,220,236
119,271,442
120,164,187
121,145,493
121,190,432
121,404,442
122,250,388
122,364,379
122,376,434
122,379,462
123,181,448
123,184,372
123,186,247
123,257,299
123,257,310
123,333,449
123,448,474
124,243,412
124,483,498
125,253,444
125,255,357
125,370,390
126,146,436
127,167,484
127,276,306
127,340,374
128,142,500
128,201,239
129,248,358
130,133,421
130,223,372
130,272,480
131,207,292
131,229,245
131,291,345
131,291,384
132,145,288
132,358,470
133,163,174
133,192,279
133,287,417
133,345,380
133,424,454
134,161,213
134,197,319
134,317,453
135,148,202
135,396,408
136,154,390
136,209,253
136,232,297
136,313,315
137,176,226
137,371,451
138,142,314
138,144,291
138,198,266
138,308,369
138,325,413
138,346,470
138,385,496
139,177,195
139,190,391
139,294,361
140,235,431
141,217,302
141,247,259
141,267,457
141,325,415
141,349,458
142,338,495
144,149,159
144,186,280
144,188,304
144,211,443
145,161,439
145,192,272
145,255,287
145,382,452
145,465,475
147,167,182
148,202,339
148,259,430
148,298,328
148,444,498
149,166,466
149,191,270
149,216,421
150,223,430
151,206,434
151,423,446
151,458,489
152,320,393
152,352,479
153,163,312
153,184,444
153,288,406
155,178,226
155,205,328
156,261,384
156,397,496
156,401,435
156,438,493
157,165,176
157,221,338
157,242,373
157,304,492
158,234,460
158,236,261
158,311,349
160,259,476
160,298,408
160,351,354
161,321,327
161,372,470
161,437,468
162,295,425
163,255,415
164,447,472
165,185,264
165,211,368
166,194,464
166,400,474
166,474,495
167,226,427
167,321,369
168,292,435
169,177,241
171,367,459
172,232,262
172,241,321
172,276,428
172,324,398
173,177,191
173,241,478
174,220,471
174,456,487
176,200,362
176,218,455
178,275,323
178,280,412
179,186,283
179,313,333
179,375,470
180,209,242
180,226,336
180,253,406
180,275,316
180,395,419
181,217,299
182,201,304
182,450,476
183,193,461
183,206,296
183,272,312
184,214,351
184,244,343
185,247,296
185,269,330
185,300,302
185,357,394
187,339,410
189,209,477
189,256,410
189,268,279
189,276,383
190,233,267
190,419,438
191,309,404
191,435,474
192,409,495
193,298,394
195,200,254
196,223,500
196,273,401
197,266,273
197,286,337
197,411,479
200,220,355
200,258,262
200,334,410
200,404,464
201,228,241
201,458,473
203,432,442
204,206,303
204,282,472
204,324,398
205,393,406
206,252,416
207,219,309
207,373,474
207,382,408
207,382,439
208,218,337
208,231,386
208,263,461
209,214,365
209,249,404
209,263,353
209,386,397
210,226,442
211,251,311
213,262,400
213,301,317
214,355,378
215,350,392
216,311,466
216,319,496
217,340,483
219,254,407
220,266,365
220,277,360
220,328,387
224,426,491
225,241,297
226,365,375
227,319,396
227,425,448
229,281,482
230,280,435
232,294,414
232,328,409
233,277,467
235,390,464
236,412,456
236,456,469
236,477,487
237,297,385
239,276,454
239,329,453
239,407,410
239,416,424
239,421,492
240,317,460
241,313,343
241,327,400
242,366,372
242,420,460
242,460,465
243,280,451
244,431,452
246,459,479
248,357,410
248,381,390
248,412,445
248,422,444
249,286,306
250,432,444
250,484,485
251,297,372
252,428,494
253,314,460
254,310,408
255,303,431
256,365,383
257,294,499
258,259,338
258,288,299
258,310,395
259,312,388
259,408,472
261,325,375
261,434,490
262,267,436
264,345,382
265,268,408
265,273,323
265,348,440
265,408,494
266,304,397
266,372,478
268,278,411
268,364,430
270,390,465
273,291,384
273,325,403
276,309,351
276,322,430
276,332,468
278,280,377
279,328,452
279,345,403
280,289,321
280,414,451
282,341,369
283,336,351
286,324,476
286,349,398
286,416,484
287,343,364
288,305,483
288,324,364
289,397,413
293,364,490
293,440,490
295,326,334
296,300,332
296,364,419
298,322,418
298,332,442
298,389,423
299,307,408
301,314,492
301,382,446
301,482,491
302,363,430
302,380,498
303,326,442
303,371,383
304,336,493
306,347,395
308,352,394
309,335,388
310,348,447
313,351,465
314,349,495
316,433,445
319,328,430
319,429,436
320,337,481
320,370,412
322,327,418
324,332,490
326,436,494
329,335,356
330,449,483
330,478,481
337,352,402
342,367,413
348,380,388
351,355,375
351,404,431
351,440,493
353,364,407
353,368,445
354,358,470
356,393,465
358,368,491
359,370,402
359,404,471
359,406,499
360,406,430
362,448,460
364,380,489
366,460,476
370,393,455
371,420,425
374,389,405
378,387,392
386,407,451
387,437,443
392,404,444
399,411,417
403,411,470
413,473,479
414,425,482
420,467,493
426,473,478
431,465,471
