109,123
19,31
184,308,398
43,58
118,133,325
291,368
1,461
39,300,314
292,483
149,343,367
490,494
4,404
287,364
199,373
95,121
158,215
46,169
136,287,400
343,386
12,383
27,492
165,495
228,266,331
82,119,377
359,472
314,456
23,226
99,108,314
362,433
99,125
52,428
50,273
112,361
110,212,397
55,328,377
20,176
11,151
63,94
130,287
460,482
124,127
83,88
4,299
138,177
14,152
39,208
14,141,395
252,326
46,461
104,282
390,442,456
1,151
435,492
79,217,259
371,395
217,339
2,411
231,325
82,266
48,67,262
113,335
237,446
45,175,333
44,318,492
33,307
309,411
331,435
300,387
60,67
167,214,366
388,465
274,404
203,437
126,203
196,462,484
322,414
152,404
266,418
65,147,317
230,451
76,308
219,469
63,72,477
131,393,399
294,373
63,425
263,348
94,489
186,193
58,492
32,77,347
239,371
211,304
204,338
215,391
2,253,284
53,467
147,151,371
34,96,296
162,213
64,363,380
214,305,326
100,427
178,496
164,460
243,432
378,382
265,272
343,416
189,342
105,138,313
9,28,133
90,133
48,483
250,299
130,199
35,368
281,308
304,346
272,414
1,352
9,84,90
14,229
265,355
320,491
359,499
210,253
155,160
207,375
73,88,415
68,341
20,167
231,367
188,211
26,270
194,389
72,306,407
32,475
153,272,468
182,269
69,309
109,470
178,350
129,480
320,326
469,497
208,215,319
6,327
28,114
23,229
96,400
156,216
40,205
191,461
409,424
209,278,454
64,314,346
2,361
161,270
32,252
100,479
10,92,169
213,229
214,486
282,456
184,207
173,266
189,498
211,300
51,69
118,185,186
185,287,417
24,453,499
153,328,398
119,157
99,260,359
95,125
69,261
70,115
45,447
321,447
173,217,413
146,331,467
83,258,295
146,477
85,488
270,395
218,245
390,485
314,451
189,260
252,366
109,348,414
385,414,470
39,418
165,263,420
197,257,370
45,120
18,282
262,395
358,456
101,119,241
16,374
38,255
6,29,468
62,315
269,433
86,301
140,200
239,252,456
316,318
271,376,397
42,145
213,347
144,402
5,143
331,430
316,348
151,263
158,331
242,495
141,264
136,390
166,175
15,138
97,127,148
34,249
117,143
9,367,484
52,122,337
202,250,327
91,160,226
312,485
115,274,360
19,342
204,450,459
111,341,467
256,488
120,133
26,382
4,231
67,183
209,393
220,221
63,464
150,310
157,197,404
36,449
273,337
429,494
26,355
166,365
17,59
72,394
73,104,277
23,396
316,337,372
123,353
446,459
20,60,97
42,51,389
96,241,257
76,360,384
106,116,337
209,355
214,423
84,343,467
194,336,364
122,180
14,46,418
1,245
161,253
16,319
304,451
131,462
148,490
31,204
333,468
139,323,430
141,404,417
57,182,423
250,283,498
137,222,358
180,193
201,303,458
266,372
118,481
134,447
80,173
247,411
71,348
404,491
188,193
77,284,314
222,311
16,221,426
66,327,441
52,268
123,151,283
55,262
161,189
357,373,380
179,272
95,218
29,303
88,165
184,198
85,189
15,389,488
234,348,395
151,193
343,488
154,157
236,339,388
76,445
65,210,489
246,378
155,200,376
391,437
249,354
184,338
192,430
112,418
228,419
274,405
138,281,367
82,102
25,445
104,350
230,236
169,490
211,449,499
164,205
376,453
62,192,379
169,187,341
344,446,468
132,169,382
79,292
42,292
97,340,472
36,290
442,468
145,485
105,429
169,384
32,298
401,406
17,156
229,353
9,312
132,374,410
7,362
27,194
175,333,439
9,215,443
39,110
12,187
298,310
34,282
247,448
432,453,462
73,207,428
193,209
198,476
15,131,181
8,316
367,449
123,299
169,311,442
49,145,485
134,345,371
47,252,326
412,478
15,76,265
357,497
24,500
248,307,432
452,483
61,475,487
277,289,402
304,470
19,470
383,440
322,342,349
96,408
136,493
73,141
6,157,197
22,201,324
193,244
77,349
81,283
135,316
342,418
174,478
138,498
70,328
114,340
121,293,434
355,476
243,327
228,268,360
90,165
155,377,470
145,161,282
183,394,421
293,331
64,255
19,26,206
244,265
5,429
47,493
10,265,323
160,195
52,88,269
476,481
62,419
108,233,384
303,386
138,207,260
74,95,279
128,326,410
92,111,404
70,482
159,178,233
173,430
161,477
98,331
164,371
197,479
26,339
169,485
8,116,293
178,182
116,211
51,247,305
182,401
374,376
89,349
196,246,420
35,403,405
24,105
210,331,402
270,309
238,320
30,81,466
53,149
19,327,349
208,343
58,291
280,494
128,375,488
32,425,487
151,233,254
27,457
107,221
10,93
1,71
9,466
106,289
107,272,325
68,187
45,320
30,34
32,50,314
156,329,479
306,452
2,69
184,318,433
266,473
142,203
41,141
130,239
94,108
109,209
252,345
135,264
183,440
448,472
90,219,265
354,464,481
68,254
107,249,377
159,268
167,255,290
130,443
39,395,490
39,284,341
78,110
148,411
63,113
33,376
32,118,163
41,186
184,397
54,175
337,425
127,343,486
99,435,451
13,85,192
442,447
139,277
144,375,458
91,125,447
400,454,465
62,111,129
225,344
278,436
350,366
424,464
7,294
341,354
5,109,409
150,238
247,389
181,448,457
70,358
187,202
158,301
325,343,357
158,182,212
281,337
162,346,401
313,465
371,438
88,450
3,386
197,206,257
191,462
73,173,222
20,115
253,388
173,384
117,184
137,490
68,448
161,313
54,389
348,366
44,403
91,263,329
105,264,404
218,277
448,475
379,452
85,116,404
207,289
58,157
51,289
92,288
137,139,240
287,372,483
232,405,435
62,394
115,300,410
247,422
100,107
63,328
123,490,499
273,393
308,428,460
41,44
161,351
29,166,244
7,450,494
159,188
112,410,415
87,146,384
32,183,458
139,287,364
128,325,334
415,480
124,244
116,435
166,365,477
50,400
52,145
287,305
35,92,375
226,355
89,290
315,320
167,229
209,321
2,220
246,253
242,418
58,88
5,195,370
115,357
116,401
26,152,487
62,403
225,331
20,27,252
63,288,306
411,485
52,173,411
156,233,479
39,181
399,450
40,401
311,415
274,465
129,174
45,164
233,459,473
186,255
138,351
220,259
421,487
134,182
9,79
252,332
152,374,418
50,339
360,393
202,465
144,487
24,143
90,289
4,38
249,386
187,350
131,389
92,390,423
20,418,495
241,444,500
55,244,313
240,378
81,142
20,411,444
112,463
101,491
68,367
124,377
162,407
211,401
349,492
49,350,357
228,343,377
55,453
277,304,420
111,298,390
115,143
87,253
28,89,359
18,172
299,356
375,391
308,338,470
51,253
90,194
40,120
118,481
27,81
251,388,421
140,403
457,462,499
17,131,466
43,457
286,375
28,224,307
134,251
81,114,304
48,166,216
169,211,267
354,426,440
402,457
134,271,464
47,119,130
294,492
193,376
226,357,430
241,329
164,183
306,451
198,348
348,440
70,276,357
127,136
114,120
79,343
112,269
17,357
96,152
9,65
87,406,420
320,365
413,425
45,292
174,364,458
13,280
206,308
55,424,483
301,402
54,417,466
43,122,140
25,222
159,237
86,256,445
35,416
192,293
215,353
117,120,134
153,165,234
4,254,266
74,457
294,299,388
29,69
248,398,446
147,181
9,241,261
101,299
153,318
126,353
190,402
429,447
282,287
165,496
207,311
39,59,445
86,142
73,223,470
409,498
153,328,488
204,208
178,342
12,114,278
61,185,482
25,300
9,48,210
135,177,188
95,412
228,445
341,345,380
214,267,444
138,164,440
134,254,489
184,270
42,200,311
254,455
126,365
21,277
324,342
94,277
161,190,253
343,366
210,290
70,154
34,268,470
42,48,402
242,460
426,466,475
126,438
240,414,428
204,222
404,422
179,227
69,210
161,251,304
176,214,422
29,398
24,99
125,438
90,119,379
219,251,276
66,86,233
263,304,358
20,163,447
110,396
206,242
223,494
24,366,485
1,451
322,455
81,103
40,89,302
58,498
178,284,337
264,321,381
155,388
10,311
213,433
169,364,367
21,460
189,396,404
190,444,457
209,496
378,455
31,53
232,401,430
138,314
232,290,352
6,101,308
41,62,414
76,390
10,98
1,164
162,447
288,295
95,186,340
43,192
7,217
287,337,432
8,445
12,204
1,138,328
219,450
25,265
14,28
19,188,464
69,285,394
44,470
102,307
168,176
63,220,438
77,320
353,388
81,374
330,336
227,443
25,342
191,329
252,406
173,404
152,399
13,232
66,220
72,235
112,164,209
334,461,488
229,372
183,424
375,498
111,310
3,258
46,97
53,435
225,349
231,236
71,372,413
53,230,360
320,446,461
49,376,463
351,371
42,157
11,310,434
217,410
210,322
1,58
303,360
153,279,484
109,122
345,494
41,118,329
103,377,429
289,330
236,455,457
196,394
127,485
64,189
47,122
98,132,422
43,401
108,456
13,204
66,90
3,43
78,414
306,438
67,424
366,486
250,393
98,152
107,304,409
232,491
90,127,327
74,312
258,279
279,329
443,445
285,382
90,149
236,320
279,372,412
259,269
177,199
135,427
299,361,491
161,479
62,357,491
125,260,284
45,214
7,451
17,54
51,107
279,369
58,260,375
50,149,380
3,302,377
321,371
162,492
220,261
411,500
22,180
425,441
179,390
282,324,330
140,481
94,273
269,445,461
33,121,424
120,184,456
320,488
166,422
7,172,384
10,170
41,457
354,438
157,264
283,284
180,352,401
72,409,475
63,481
253,277
299,436
1,428
10,420
223,275
321,354
197,423,427
125,491
181,222
56,218,455
241,385
140,463
9,246
131,363
53,362
59,165,240
42,290,466
301,415
133,222
75,123,389
140,415
240,400
180,383
148,423
16,78
220,330,448
206,365
177,404
25,301,306
14,42,261
36,277
407,426
38,400
92,142
212,313
60,458
4,256
257,361
116,370
314,428
18,176
13,192
155,431
126,321,460
128,414
98,347
408,418,432
100,189
460,480
1,302
157,247
320,352,374
68,311,460
157,225
76,217
109,115,335
111,198,433
277,478
121,215,441
181,361
431,497
131,424
197,466
46,231
95,193,308
4,153,484
331,484
102,114,205
161,420
28,479
39,329
102,318
211,331
17,339
19,186
34,292
141,458
44,296
108,268,488
79,136
10,83,289
54,97,380
405,474
216,465
6,279
8,286,492
228,252
297,358,495
386,489
235,328
104,308
151,390
115,352
69,426
4,347,451
16,209,306
201,237,482
174,257,371
150,493
161,162,401
18,258
110,180
69,464
103,163
158,376
383,457
149,169,466
273,326
105,166
110,139,314
338,406
260,346
172,351
90,431
183,357
362,363
95,328
128,196
119,248
40,91,435
103,274
268,433
86,166
201,329,421
273,427
72,186
203,285,424
136,294
155,285,393
117,153,404
221,242,483
415,444
2,100
50,396
97,277
417,463
56,270
48,121,214
95,451
61,322
58,260
135,421
306,419
73,468
236,332,369
120,348
174,406
160,318
134,392
342,494
141,270
313,494
145,255,294
33,231
170,225
313,355,379
18,130
85,359
27,147
395,408
39,203,240
177,379
80,103,474
405,456
64,436,460
154,480
78,325
170,348
362,371
35,132,413
311,394
77,108,365
27,251
144,348
15,165,172
458,473,476
454,486
16,61,312
99,192,284
73,300
130,390,469
362,372
213,216,392
298,363,437
347,349,463
341,376,465
95,273,414
444,491
56,81,236
463,468
391,485
53,245
87,273
134,251
78,370
109,205
264,325,498
74,125,150
318,443
39,494
227,270
269,321
5,476
214,355
1,387
120,260,346
117,256,320
58,87,152
40,274,302
21,123,355
284,443
5,455
4,314
201,340,373
215,439
76,99
413,467
63,171,254
170,433
463,482
271,408
319,438
246,304,437
232,328
150,179
56,172
95,162,320
220,438,489
289,335
213,363
156,497
176,246,420
194,355
121,248
143,277,470
291,369
221,386
97,118
45,197,480
43,398
129,334
97,312,457
214,388,457
443,483
407,476
282,286
23,270
83,134,187
437,444,448
176,335
170,370
193,424
151,420,439
37,320
388,401,478
45,160
127,226,384
292,399
15,114
39,204,312
20,470
131,182
133,476
56,71,165
383,401
47,190
268,275
47,164
152,288
13,306
81,320
283,430
6,268,280
69,134
163,166,205
60,255
28,105,240
206,249
195,427
196,199
58,80
162,191,398
256,484
100,450
230,405,488
165,336
273,308
364,408
321,462
57,111
159,293
251,367
47,61,174
429,435
143,226
165,170,233
118,252,301
327,465
11,218
9,190,422
215,227,275
74,188,492
133,468
83,90
143,384
19,200
333,425
221,301,324
151,497
269,344,475
16,33,352
112,171
29,345
268,276
66,461
82,120,188
274,492,499
159,173
448,488
213,389
101,189
286,337
66,401
140,285
97,246,300
61,113
77,488,494
88,116,367
276,323,478
125,303
264,313,407
145,154,317
187,199
160,491
72,178
57,227,319
141,347
248,321
156,240,263
111,181,456
65,158
132,486
303,318
81,499
198,261
100,292,386
190,253,366
173,239,324
309,444
86,101,120
270,436
5,152,350
123,172,500
24,363
4,153,203
146,274
100,181,308
83,246
193,405
14,372
161,188
320,345
91,102,120
101,279
4,466
6,83,282
220,221,406
315,467
142,150,276
66,310,390
55,245,254
72,249
322,442
369,381
269,355,407
105,337
110,301
130,276
70,424
320,375
243,385
360,483
83,300,423
116,272
18,476
271,494
79,119
203,228,430
42,200
9,192
97,111,489
127,180,303
105,467
172,199
336,446
80,300
21,226,386
373,374
280,430
1,349
30,227
132,141
36,241
138,478
232,461
271,352
94,267,479
345,360
305,329,350
47,110,313
313,480
67,98
162,316
3,405
12,313
239,463
442,481
191,381,444
326,418
126,206
56,270,455
189,438
21,69
20,326
302,325
23,217,269
343,360
37,191
221,386
349,362
62,152,415
42,171,367
322,349
189,398,435
1,462
247,380
32,181
58,203,279
56,296
202,417,439
1,302
313,330
363,471
199,406
209,377
82,111,406
126,481
100,381,476
313,374,399
49,81,191
333,338
190,255,277
218,388
15,483
235,285,319
212,286
118,179,354
160,347,453
216,368,495
94,128
206,476
125,293
45,300,431
8,162
58,332,401
18,181
97,282,411
63,73
208,282
237,423
76,86,473
94,212
17,306
81,305
64,307,337
325,406,496
105,245,437
28,402
115,224
113,427,453
127,130,367
56,107,380
361,369,443
22,125
37,301,385
49,103
147,185
52,421
481,499
178,363
31,158
121,134,280
77,491
273,310,442
476,489
192,434,446
72,77
19,164
157,245,334
268,416
41,205
72,393
106,202,350
7,278
368,402
347,392
33,107,382
2,221
32,202
126,223,429
101,213
66,328
64,240
70,426,448
267,420
82,256,307
77,159,375
101,496
25,408
42,333,456
13,150,467
178,385
201,428
222,265
9,31
62,291
50,83,493
144,271
36,339
215,419
60,148,493
131,181,339
145,199,247
18,395
36,343
418,483
40,77,307
187,278
84,258,330
271,448
105,316
134,431
197,419,440
321,371,458
210,402
187,189
273,486
57,86
84,352
32,396,425
175,189,448
399,414
34,178,266
89,120,314
3,198
6,121
306,419
228,266
268,337,494
132,347,415
376,489
93,106
13,131
494,498
70,349
265,317
440,459
79,132
110,168,374
31,370
96,331
35,141,385
227,424,479
12,348
188,259
92,491
181,239
118,403,477
259,423,481
352,440
132,204
194,236
175,190,211
273,400
85,342
84,121,197
6,86,284
6,74
333,369
22,150
463,477
93,321,482
141,357
117,237,378
65,290
303,490
68,104
248,398
156,202,231
28,272
344,493
176,194
45,68
8,46
248,337
19,336
112,311
247,256
164,165,426
238,259
187,264
295,358
281,375
370,474
206,344
121,137
126,242
261,275
86,429
331,401
292,423
17,303
280,412
137,243,457
386,421
430,486
77,211
31,427,450
129,397
304,378
409,468
324,421
248,315
60,292
310,398,461
266,434
78,311
317,406
85,490
273,310,328
115,247,464
16,216
174,374
442,473
263,400
128,228,384
125,310
242,329,431
378,457
189,473
375,433
342,364,396
298,339
94,416
76,158,311
147,476
187,404,482
368,383
121,212
183,353
314,382
248,456
365,462
296,324
6,41,117
32,41,352
219,266,476
42,152,235
185,459
146,324
55,321
180,272
159,256,308
389,454
122,141,385
11,104,299
428,492
312,338,455
16,113
53,344
80,144,197
74,129,177
45,62,222
192,359,484
3,87,360
74,350
148,282,387
54,208
225,363
230,393
103,341,432
117,184
118,281
60,89,456
43,166
193,220,352
19,61,403
104,107
6,468,496
18,52,440
254,295
173,445
215,335
418,485
96,203
76,423
85,312,366
35,119
35,140,401
137,286
177,396
31,39
229,281,326
9,86
43,178
220,225,304
7,199
112,202
216,486
99,405
212,313
325,354
56,329,486
322,491
82,405
475,477
2,18,337
23,172,320
49,440
105,252
171,381
404,454
243,350,351
51,131,255
292,331,491
268,331,437
197,333,334
48,495
151,221,449
77,345
9,134
50,249,437
98,152
13,146
51,498
247,432,479
282,330
62,496
70,379
27,180
26,313,323
297,361
75,261,368
241,253,500
150,274,349
232,451
346,386
145,395
12,367
57,476
240,312
22,72,296
258,395
196,211
121,396,436
109,308
96,338
154,476
78,217
21,259
103,263
15,21
272,481
387,461
63,223
400,435
266,413
29,313
80,217
50,141
10,109
112,403,469
70,282
75,442
48,486
329,344
199,202
6,309
249,324
86,219
13,350
400,498
95,150,484
57,222
69,345
391,441
13,368
58,74
59,110,403
89,298
159,236
31,319
294,486
5,183,397
327,348
228,245,304
67,340
28,168
165,350,463
126,168
259,425
149,500
216,400
21,118
128,222
276,322,494
102,291
39,283
14,312,455
94,374
10,403,466
124,427
26,141,258
336,485
148,468
346,468
407,419
216,254
28,168
97,134
68,326
210,477
196,340
229,430
11,323
1,268
385,438
86,442
91,410
59,138
142,344
111,488
51,124,209
253,258
180,338,481
21,108,217
94,489
119,310,392
137,473
188,369
204,221,323
15,295,330
58,496
330,374
328,332
79,157
117,192
195,355
188,209
4,378
53,116
106,294
23,461
257,323
57,310
95,189
177,178,207
107,332,437
7,320
1,252,446
7,491
121,347
202,340
25,35,460
146,252,270
118,200
11,479
56,176,466
75,397
74,193
212,226,391
48,251,341
150,234,284
359,390
117,337
341,402
71,436
163,313
74,146
296,475
110,283
388,455
29,63
23,70,88
171,398
142,404
202,250
31,79
151,389
91,287
278,467
26,397,414
57,293
290,462
100,173,371
141,482
94,398
209,364,379
64,298,331
262,370
188,322
263,463,487
102,118,225
385,459
279,488
149,267
33,115,312
168,370,413
301,452,464
12,93,149
246,261,417
129,251
238,315,498
226,442
42,61,409
241,461
60,385
217,262
226,479
342,401
81,106,353
13,53
272,324
39,454
56,261,330
206,414
3,95
357,388
176,380
153,263
201,246
3,162
207,314
249,356,421
36,143
126,475
145,432
91,414
13,405
41,257,427
471,488
268,492
439,500
64,206,378
124,209,431
304,366
264,324,386
190,215,444
232,344
214,401,430
114,500
10,21,32
6,189,437
273,471
68,259
234,474
18,166
256,260
93,253
395,454
185,320
66,153,276
287,354,454
228,345
87,149
18,87,400
472,500
179,471
76,141,394
265,292,409
21,500
117,371,372
102,360
69,163,459
241,407
288,356,459
193,310
134,257
469,481
203,392
144,293
7,87
33,364
1,84
20,81,237
39,40,252
337,342
205,305,327
191,356
203,322
355,385
19,102,190
3,385
72,271
424,441
203,436,456
13,212
19,296,424
137,469
340,387
355,451
29,488
12,279,335
323,424,440
7,237
275,295,500
55,226,347
59,448
143,315
3,268,443
86,329
50,130,216
234,274
204,352
21,418
186,459
233,273
433,492
165,377
12,371
259,487
218,309
111,137,177
55,408
3,45
320,344
188,284
193,308
68,196,222
67,292
19,398
409,470
143,386
256,286
27,245
7,488
344,485
257,328,384
31,136,181
48,329
174,383
223,367,403
169,317,335
165,170,210
55,500
147,497
124,125,127
135,207
15,191
102,279
264,282
39,327
216,308
401,455
120,473
126,414
244,258,420
163,370
165,437
307,390
164,475
95,375
87,430
9,227
127,329,332
304,318
191,283,334
155,319
138,405
281,331,351
61,304
162,335
153,334,412
28,215,299
220,226,393
169,295
48,251
165,206,415
71,137
38,83
293,410
378,380
168,470
53,217
124,205
293,401
44,57,487
148,190,245
94,377
32,139
341,466
82,458
49,270
114,463
122,209
148,354
264,272,418
41,84,379
377,410
356,377
269,405,443
112,126,195
205,301
70,133,470
101,338
329,432
74,187
150,252
209,437,460
205,466
23,218
134,413
328,366
428,441,463
98,296
195,242,452
374,403
75,335
133,180
11,336
63,135,172
186,373
259,361,489
80,217
93,239
146,215
340,479
418,484
53,138,280
213,337
378,497
225,483
204,231
62,170
77,281
311,453
172,264
77,234
206,406
100,410
62,322,325
51,333
160,338,489
30,293
2,415
12,83,432
95,331
341,466
242,445
203,295,343
103,251
161,257
59,137
129,428,487
5,138,204
64,77
180,291,323
312,469
190,283,366
78,133
310,478
233,465
4,310,471
142,252
93,280
102,114
164,373
345,418
41,170
102,390
50,96,304
282,397
363,475
21,439,456
91,238
158,477
392,477
130,350,483
33,444
181,460
350,392,439
311,479
14,138
49,231
119,190,483
182,239
89,371
7,444
3,76,346
453,461
142,318
119,120,455
90,103,454
346,358
96,493
22,174
153,268,344
355,371
148,380,500
117,382,385
288,454
161,397
227,241,373
280,346
4,85,445
93,119
223,322
111,272
49,195
156,383,418
139,231
40,331
200,348
217,398
222,238,363
272,394
24,284
147,173,492
47,107,326
328,372
118,119,207
106,318,336
77,94
64,462,476
7,151,433
103,231
5,237
36,149,358
28,60
166,259,291
80,460
2,250
82,96
44,249
92,298
273,333
32,202
190,466
30,215,294
27,456
75,193,273
119,178,314
223,269,325
186,215
30,465
103,232
380,381
418,468
210,247
306,307
175,339
74,299
22,107,259
252,447
63,204,273
261,425,441
190,244
46,389
423,482
154,399
29,125
85,178
370,427
228,335,396
146,176,210
305,315
222,269
232,272,449
156,378
64,284,331
244,362
120,266
485,490
152,458
89,129,451
466,486,500
279,298
26,226
282,426
139,199
171,436
157,433,456
251,258,358
255,496
50,81,278
137,161,368
137,343
159,301
96,282
241,341
130,458
72,219,356
359,405
126,498
53,426,479
105,186
6,171
206,482
87,450
57,313,322
213,257
70,264,291
174,186,470
131,305
54,236,490
89,143
191,248
192,341
111,124,307
92,228
34,283,323
40,120,394
33,477
247,389
60,454
131,180
24,132,249
165,276
27,56
63,364
6,312,500
270,402,444
53,76
177,454
66,111,293
120,195,430
292,352,377
209,235
221,452,480
236,422
24,101
16,480
192,343
184,270,359
184,372
299,315
89,474
108,328
47,374,481
7,310
104,203
21,68
189,391
42,153,399
362,377
275,316
258,294
90,187
20,48,388
45,421
315,370
137,227,449
114,248
128,405
176,356,372
335,348
362,462
144,163
101,355
195,421,480
39,199
205,470
255,363,377
316,470
268,328
58,82
5,135
337,398
265,499
128,319
32,73
43,178
155,460,477
150,330
100,125
122,493
363,445
100,166
114,378
161,389
77,127,369
104,261
263,407
468,473
142,293
206,263,402
87,333
313,437
203,392
11,139
227,432
253,270,422
200,303
123,139
217,269,338
182,418,449
38,181,455
164,343
255,287
184,256
331,363
21,454
71,91,131
109,312,361
225,363
20,299
347,447
44,339
125,471,484
23,35
81,439
30,49
19,375
299,493
244,448
64,436
245,375,483
105,307
80,235
173,412
185,355
30,374
61,134
384,471
9,326
245,363,494
247,346
205,301,356
107,336
120,494
25,428,482
86,349
191,228
131,258,417
210,462
35,63
140,432,463
35,50,140
56,149,439
63,306
21,155
471,487
177,293,446
347,438
306,438,489
176,432
149,354
118,163
299,422,466
88,453
97,346
112,195
1,63
119,176
138,395
62,76
80,240
123,151,196
26,146
425,435
140,219,401
405,413
207,254,291
222,247
87,278
268,447,461
231,408
169,244
99,125,345
442,451
86,283
170,480
24,492
264,312
37,79,98
306,385
227,366
29,156,288
65,113
148,213,274
362,398
79,411
66,456
22,307
123,208,465
43,346,459
401,416
65,215,317
24,492
235,416
438,451
151,279
10,178,337
25,379
46,265
50,151
460,462
181,383
60,71
102,331
218,415
169,218,277
169,456
166,423,452
257,453
210,282
151,335
114,169
192,496
318,469
193,302
195,369,425
98,206
119,360
12,92
10,88,242
353,383,448
100,127,190
69,374
155,200,365
164,280
284,428
30,287,332
4,108
2,112
33,65
172,392
420,491
248,268,359
57,70,410
301,325
144,276,428
117,124,435
179,266
375,429,432
79,148
390,396
144,390
82,216
145,251
72,462
370,381
64,224
110,183,370
196,431
145,422
43,61,241
135,324,365
64,116,334
175,339
8,43,101
109,259,313
11,51
329,348,380
246,357
92,189,281
8,369
61,210
259,269,386
98,297
41,171
282,458
27,197
138,203
64,362
26,122
229,447,496
247,500
411,432,465
32,369
63,354,374
191,405
106,147
366,458
333,441
208,220
204,464
61,301,361
49,261
297,311,322
91,238
62,112,192
109,113,340
261,426
83,90,497
16,73
186,412
186,416
81,127
42,114,162
31,234
123,254,439
204,249
128,157,177
166,221
310,347
230,280,431
5,409
153,331
34,162
36,250
91,260
70,406
85,121
51,124
87,326
28,413
148,465
101,188,446
164,451
176,194,339
84,463
91,493
355,386
72,459
439,465
260,328
119,230,345
105,178,360
41,185,487
95,230
160,237,296
74,496
141,148
111,137,483
353,380,495
195,363,477
10,21
143,312
33,88,99
12,71,83
141,447
6,327
79,168
305,353
240,309
222,311
35,72,149
41,77
41,416
78,415
225,474
39,224,343
6,162,316
92,384,492
65,421
111,366
284,445,491
67,97,472
9,15
274,314,345
19,185
145,210,380
84,496
213,333,417
106,297,422
382,458
297,318,347
118,263
125,169,272
321,364
248,364,469
321,477
313,463
10,57
47,203,273
50,486
162,479,487
97,112
359,443
252,306
148,405
25,100
6,207,318
88,174,249
115,422
228,299,425
212,292,346
343,393
188,328
181,240,367
13,434
379,388
118,127,454
276,406,447
85,365
338,402
20,287
16,112
73,107
237,418
54,417
44,203
227,445
372,434
92,306
5,460
48,403
55,350
173,330
384,478
10,476
28,410
186,196
229,302
112,174
196,295
307,339,491
14,23,454
47,356,489
79,182
421,463
207,379
370,426
204,460
79,369
287,499
148,196,218
395,411
361,399
27,49,364
62,385,413
78,425
168,321
120,280
157,323
50,336,449
39,238
4,484
177,442
374,383
83,388,436
244,408
150,162,434
100,230
80,174
168,300,464
93,98
18,131
124,373,480
21,65,111
106,253,493
214,495
41,62,377
113,128
39,71,199
116,144
238,451,473
156,417
65,84
324,420
270,413
14,105
378,411,477
85,181,393
87,396
8,75,414
126,163,370
125,478
54,377
5,480
283,407
99,230,234
269,434
2,164,385
158,460
32,73
205,475
367,378
12,179
421,444
7,82,449
99,401
372,446,492
8,138
61,215
225,428
85,480
156,425
362,492
124,152,393
314,319,368
44,370
372,440
81,300
250,351
37,355
48,307
210,218
99,120
30,500
97,265
98,480
50,358
231,417
48,149
273,467,496
268,437
75,289,486
342,474
114,375
253,478
102,314
186,291,445
97,340
209,276
139,243
159,349
121,340
246,343,366
252,262,376
421,452
467,492
52,324
305,376
25,83,387
161,248
239,301,407
20,71
47,419
169,404,491
286,435
55,322
371,464
121,163,274
143,331
205,401
114,237,334
293,334,360
410,435
11,458
222,350
146,224,343
367,439
233,392
149,497
284,421
151,315
66,100
103,314
98,489
69,148
9,146
239,296,300
17,240,263
329,366,493
69,100
367,379
304,447
144,321
110,450
93,156
69,297
48,123
100,375
370,381
86,222,334
81,432
401,412,428
36,445
13,98
138,449
12,427,477
296,325
13,244
169,347
340,455
153,341
5,362
435,461
63,325
246,256
125,257,289
243,398
69,428
10,183
64,435
50,130,330
44,155,180
9,241,278
174,382,416
253,436,484
63,190
80,180,194
140,376
150,233,339
27,215
77,147
194,196
68,378
94,240
457,472
349,499
128,138,349
155,228
75,234
91,188
92,142
54,136,341
181,294
24,162,372
11,118
111,228
1,120
348,366
22,342
39,147
54,310,377
361,364,387
76,319
94,399
204,220
1,95,162
202,281,391
9,155
79,182
73,155,220
300,394
51,188,199
12,81
408,487
255,409
132,291
39,312,351
343,380
13,61
139,251
306,498
41,178,345
54,214
3,85,464
140,419
127,158
117,123,292
5,217,407
413,452
91,136,372
113,487
177,192
