70,137,275
224,392
144,284
191,215
244,315
381,384
92,437
353,370
65,235
176,179,346
159,280,452
29,60
117,327
137,237
1,64,462
377,483
6,192
3,228
216,264
80,483
68,211
39,279
93,256,452
62,153,465
3,199
224,303
177,498
116,471
46,480
107,262
244,380
70,101,433
219,226
71,429
89,384
348,415
231,315
134,345
329,453
39,181
68,167,346
144,362
376,443
134,381
64,166,402
174,379
394,410
406,435,479
27,302
62,297,498
32,218
351,386,464
57,465
293,469
12,125,380
351,436,445
203,227,276
100,386,469
64,430
68,172,452
321,366,372
366,401
133,490
191,477
208,295
133,235,271
105,384,431
190,466
392,429
33,296,324
136,344
183,248,365
63,142,346
19,97,193
105,412
54,248
198,347,471
8,344,408
289,393
232,315
41,435
122,280,299
2,200
113,334
111,444
31,257
93,306
423,432,468
192,359
27,320,428
78,129
134,165,432
151,421
262,416
22,45,421
262,457,461
92,153,245
74,373
67,301
38,259
208,307,388
92,327
91,312
248,305
6,32,446
230,465
91,384
131,416
113,152
301,473
194,463
296,411
63,463
232,295,450
45,298
199,425
238,274
135,293
54,192
170,200
66,458
181,430
58,478
68,320
54,472
67,83,300
206,326,499
45,299
29,93,344
83,431
72,370,484
101,402
33,281
328,488
47,129,386
29,244
239,257
139,314
175,429
159,477
38,485
190,358
112,166
52,147,407
42,234,314
289,307
92,105
100,305
132,483
21,393
29,32
218,382
68,78
50,129
202,301,319
19,373
355,370,372
246,276,277
325,463
147,262,335
285,344
80,151
237,403
80,208,294
204,436,489
200,371,441
63,398
22,43
63,167,170
276,444
266,453
83,193,422
145,352,389
177,245,286
217,341,436
34,332,498
84,158,278
22,171
65,85
81,382,470
243,424
206,362
140,315,316
159,206
25,487
336,462
113,119
51,399
79,281
271,291
260,426
5,65,251
44,259,494
251,362
164,202
32,247
119,453
1,145
174,374
77,270
421,448
345,467
138,417
15,231,420
243,377
354,419
175,227,495
44,248
136,469
110,495
226,325,483
413,469
115,234
149,173,411
135,264,450
165,194
352,388,483
383,478
363,393,469
56,215,240
53,376,466
239,255
248,323,374
253,479
162,222
133,188
158,273
2,82
46,409,433
168,174
26,253,404
48,128
379,458
89,400
180,311
144,488
267,297,304
292,389,482
31,73,348
8,338
58,180
29,437
74,449
265,280,410
156,218
423,469
3,18
6,65,146
301,319
30,226
362,458
40,106
209,496
219,380
409,421
389,482
4,101
32,298
171,266,291
138,296
257,441
448,453
158,180,231
432,436,470
109,452
31,170
34,78
51,219,497
173,228,242
27,202,428
181,292,332
143,164,414
72,397
268,299
120,250
12,466
47,64,402
377,378
127,321
188,280
46,309
82,229,452
465,489
49,92
223,427
126,212
54,330,371
355,381
79,315
124,398
175,232,373
143,474
31,160
302,316
86,124,448
212,365
3,203
15,93,203
98,273
50,125,229
238,257
136,405
121,208,328
217,330,426
305,321
74,186
323,354
199,314
340,461,468
38,154
432,435
90,282,405
82,87
172,351
161,433
1,202,323
258,469,494
31,387,427
90,237
84,370
117,392
66,168,174
389,460
139,395
64,446
235,486
124,300
39,180
155,317
65,320,353
192,359
300,401,467
323,358
122,132,476
347,374
241,386,466
34,111
249,426
14,385,485
284,477
220,309
270,316
74,144,473
46,71,144
148,408,459
119,482
6,180
46,72,152
139,305
164,385
25,150,197
144,172,442
182,473
200,324
208,279
133,168
243,336
13,346
395,437
419,492
224,288
36,287
5,89,286
249,320
153,286,417
151,223
264,298
41,450
6,487
4,228,233
148,317
396,434,498
14,298
27,481
124,185,203
222,409
112,175
312,341
133,145,335
319,430
388,390
18,276
231,380,419
2,395,450
261,308
229,268,430
221,429
126,308
35,219
202,300
24,184
220,440
278,288
394,491
124,217
66,385,491
71,182
361,468
53,296
64,325
90,158,464
24,286
132,180,219
127,449
88,104,205
63,460
268,491
88,428
52,115,352
114,395,427
10,187
209,257,464
409,456
130,302
4,143
232,487,499
289,340,457
173,295
33,297
147,162,206
332,493
158,364
50,80,345
2,83,185
122,263
447,454
418,422,423
242,322
23,385
363,392
294,345,481
33,133
42,202
19,108
88,433
226,343
430,446
67,148
79,154,389
110,134
208,260
63,361
32,223
131,272
46,367
9,112,281
113,120,314
142,199,268
23,150,239
273,449
2,47
27,255
19,291
132,259,457
10,291
340,455
166,469
90,283,369
174,207,367
375,450
398,454
122,500
341,489
176,204,384
326,371
286,316
230,364
7,144
64,179
262,273,327
134,319,485
276,357
144,294
73,191
51,308,388
252,297
345,374
27,317,498
172,257,469
459,499
49,356
262,465
69,279
77,472,473
39,440
12,68
8,126,299
1,374
64,293
126,207
34,231
305,431
221,464
76,91,209
85,301
87,244,411
49,294,345
285,493
153,318,485
362,404
83,86
346,466
87,401
38,439
245,498
332,379
256,319
299,367,465
7,111,306
196,325
320,428,456
34,274,446
374,473
31,318,322
119,225,273
71,411
46,358,397
224,278
6,171,421
78,255,344
259,324
82,153
110,361
174,354
233,316
125,324,345
268,452
367,399
63,308
21,175
81,249
388,487
23,380,454
199,379
47,175
82,148
308,425
104,498
13,477
11,359
247,316
275,336
71,354,449
190,191,491
125,137
91,268
337,359,363
4,72
333,409
295,458
246,325,470
28,445
186,251
19,164
37,442
357,387
132,163
53,63
116,257
313,344
17,130,463
46,435,452
105,403
118,182,448
47,227,361
243,417
125,200,305
34,323
116,170,386
320,470
159,223
10,195,363
225,366,441
86,287,499
56,263,465
41,203
78,96
188,198,271
435,454
127,146
108,139,486
59,124
152,288,471
110,217,273
449,465
109,173
48,60,149
7,281
46,122
340,463
160,466
197,407
49,164
37,271
63,200
104,239
323,399
228,381,487
15,312,432
307,362
112,326
89,436
93,130,290
77,223,466
18,349
81,143,492
34,409
65,500
17,403
100,267,439
331,380,454
202,245
166,382
213,488
167,450
272,411
176,185
193,357,423
70,121,205
228,361
242,488
135,146
61,291,382
47,172,494
232,343
30,73
384,468
36,422
26,330
58,500
88,123,227
27,226,436
254,266
86,269
120,470
302,303
37,438
192,382
49,105,325
244,474
117,468
292,375
328,377
139,478
231,265
164,232,243
55,105,390
42,388,413
32,414
360,471
30,246
82,326,480
324,426
46,260
12,44
179,418
217,372
29,209,227
27,438
219,269,411
98,424
62,457
236,337,413
34,241
285,447
86,108
134,390
206,460,467
45,478
39,178
297,340
211,267,342
179,289
6,122
117,186
82,312
231,354
71,428
339,497
341,441
54,340,426
37,185,364
117,353
113,198
221,459
133,402
132,273
221,372
264,399
185,324,462
156,378,405
348,411
166,329
36,153
81,396,433
111,202
168,471
383,475
1,43
62,268,339
367,449
231,408
79,245
159,339
178,293
177,357,395
5,455
202,216,397
253,375,399
120,267
124,375,476
288,347,428
167,297
48,296
374,488
442,493
65,326
107,162
49,249
33,131,258
33,70
218,274,365
88,122
348,468
110,395
153,344,499
106,376,461
285,469
136,241,435
77,112,214
72,236,406
173,210
9,29,265
142,399
236,313
213,419
177,226
27,387,446
51,113
104,323
132,226,309
79,131,440
76,156
29,278
152,476
199,205
102,143,382
215,265
54,84
38,237,440
145,321,352
8,196,209
145,181
43,175
90,390
75,120
99,156,462
105,121
199,204,240
340,341
56,169
107,116
258,391
167,221,454
42,421,482
245,341
168,497
134,276,451
35,66,135
212,487
367,405
320,347,480
412,497
19,121,473
352,409
290,430
218,335,410
123,247
306,360,396
217,324
353,418
60,71
91,335,418
137,259,380
30,421
167,457
323,400
208,295
72,406
190,268
168,381
417,419
104,354,383
92,304,458
5,184
92,408
417,432
249,399
236,458
29,416
17,424
60,382
34,292,363
414,492
27,446
253,354
77,458
143,375
394,493
138,183,214
16,137,425
178,396
44,322
155,450
226,279
348,470,500
63,293
402,411
53,375
74,497
232,389
179,419
336,449
19,293,344
52,181,321
9,167
215,376
67,77,339
92,128,485
289,460
219,285,479
39,157,297
151,274
91,318
166,496
31,183
300,435
45,341
83,245,461
115,382
103,375,486
48,403
144,257
128,340
44,215
61,282
98,117
59,224,406
181,454,460
89,302
92,395,425
38,63
270,299
260,331,393
170,207
24,307,333
177,240
220,285,297
3,35
2,218,488
129,367
174,191
8,118
151,484
171,354,476
117,465
117,191,196
16,344
125,237,366
69,290
1,353
197,234
261,317,477
55,195
142,195
26,206,314
115,150,276
55,72,132
245,464
303,337,409
382,442
26,84,419
453,494
259,275
364,471
327,454
39,220
160,277
76,176
16,386
328,330,494
15,192
95,390,483
143,441
260,348
178,252,280
243,335
61,111,239
89,121
241,384
56,150
123,457
259,423
433,447
180,268,357
250,351,431
179,305
215,327
45,118
138,175
125,443
38,441
109,432,438
44,324,378
153,305
57,307
105,146,152
183,313
92,265,299
14,128
83,217
19,483
175,312
447,478
170,422
148,466
73,350
72,437
189,312,319
139,363
99,128
102,282,347
3,105,291
9,157
5,324
4,361
27,488
89,123
337,383
274,460
177,317,385
51,171
54,115
155,457
75,303,339
126,238
298,434
259,499
216,426
174,302,377
164,418,448
213,258
173,187
261,311,349
293,410
52,383
127,225
245,488
25,211,480
166,231
12,311
51,159,275
261,436
396,457
344,375
191,268,384
86,401
68,232
161,444
31,70,310
211,222,415
8,390
167,340
137,185,311
38,404
107,170
133,178
36,328
377,378
187,452
4,315,455
59,394
404,477
226,484
196,339
224,303
84,111
61,481
292,390
48,418,422
57,151,234
222,248
318,379
282,445
245,263
73,396
76,295
123,364,438
190,217,284
16,334
270,404,496
200,351
48,62,118
277,375
63,84,202
87,114,474
305,417
242,269,493
131,208,244
103,419
2,254
214,276
224,373
127,298
76,129,395
55,180
54,211,244
315,482
9,288,417
28,439
56,209
80,280
82,128
148,238
10,358,447
472,474,487
20,217,441
295,326,493
39,176
16,57,475
274,414,449
189,214,280
66,212
181,383,497
244,308,395
119,214
129,179,330
21,454,488
35,371
76,220
120,246,482
2,98,211
61,165,320
243,439
83,294,386
21,116
18,80,273
63,264
409,417
292,366
304,372
278,334
53,234
3,326
47,407,472
22,23,293
285,447
75,378
10,415
208,215
254,398
27,253
283,327,343
12,302
187,265
254,304,451
125,422
69,252
90,96
316,373
54,64,87
80,86
169,221
92,156
259,326
54,342,366
221,242
398,413
92,261,421
168,484
88,219
23,244,289
244,328,416
20,351
93,483
190,298
9,338,406
78,333
250,322,408
83,405
165,182
228,455,475
290,380
115,235,500
111,307,498
371,378
173,432
86,262
53,93,463
108,297
63,349
37,183
56,67,437
115,288,383
223,471
70,244,308
172,382
4,183,315
86,273,480
337,481
32,220,398
54,159
257,453,490
227,261
210,350
63,232,283
259,275,320
223,298
178,491
203,318,487
10,353
167,369,419
94,137
171,219,363
22,42
138,182
130,454,471
92,266
27,359
171,463
102,137
31,100
361,468
117,411
209,490
143,485
75,392
69,102,343
143,274
105,332
369,499
134,295,350
187,460
126,213
160,313
109,258
101,138,335
21,166,174
312,489
148,315
38,63
234,431
121,146,389
68,184
224,358
81,212,230
147,312
2,137
335,360
89,209,444
143,409
230,241
153,461
204,211
132,295
33,364
168,210
79,395
367,369
33,434
170,369,485
259,267,439
135,249,260
22,272
228,248
381,418,459
84,112,129
45,269
34,205,223
277,430
279,328
258,388
19,93
126,304
302,414
37,338
160,278
102,327,363
13,316
60,174,382
4,94,99
20,129,377
225,432
273,356
79,333
65,113
212,486
154,386
175,458
286,315,443
16,347,383
151,378
96,357
96,145
52,409
52,209
70,138
366,392
80,301
296,334
373,456
117,187,232
49,144
89,226
143,500
128,465
44,194
17,472
101,439,441
55,169
270,456
145,403
122,168
156,180,485
91,284
66,485
346,406,495
266,329
45,258
30,201,474
78,129
140,312
129,152
71,108
273,323,456
239,272
147,467
155,331
180,264
253,285
304,444
75,278
285,339
21,216,222
71,368
97,428
18,255,406
76,213
47,402
29,56
64,153
109,384,411
1,129
44,47
215,225
301,420,474
225,237
272,354,397
421,498
370,407,500
33,182
68,475
166,355
157,215
18,94
160,207,480
70,401
39,220
83,125
9,192
178,322
110,354
236,337
37,269
118,487
139,400
433,443
376,425
91,485
56,228
210,278
380,465
371,451
64,417
134,477
191,280
13,406,475
129,313
237,417
132,317,427
7,408
180,206,238
394,488
9,301
199,242
127,218,314
329,470,471
33,213,376
248,371
34,39
141,345
213,332
439,470
61,343
3,95,122
228,293
365,399
48,262
220,283
85,143
127,406,453
160,374
197,462
117,384
57,86,434
148,238
110,430
80,168,174
3,198,290
12,21,462
437,494
269,439
294,461
374,453
56,256
134,191,263
256,266,376
325,386
138,173,192
69,155,330
244,441
87,260
62,86
135,394,491
6,184
32,248
412,480
294,324,353
284,348,492
120,198,470
362,485
125,440
87,393,416
119,444
78,371,464
130,283
201,337
92,336,433
72,344
395,405
102,181
21,356
25,259,284
186,417
21,221,463
170,209
292,314
229,348
53,68
102,395
180,471
17,375
68,306
11,379
68,302
54,156
167,185
56,319,333
116,439
107,374
175,344
51,202,229
331,396
307,319
26,33,139
10,223,269
355,445,447
166,245
216,356
196,286,468
83,489
251,384
352,469
16,452
15,433
85,399
158,427
397,498
242,293,410
147,319,444
37,169
154,247
169,384
129,194,300
8,240
8,77,191
10,396
124,326
348,357,364
75,389
316,322,491
283,426
180,457
325,347
289,459
117,153,312
76,101
32,171,429
73,93
130,433,499
420,497
50,399
232,392
92,186
168,354
212,360
104,226
82,199
146,205
310,424
374,422
158,221
282,412
62,319,353
248,437
1,368
102,328
130,452
243,251,481
92,101,290
8,252,449
82,189,322
13,225
326,410
17,99
130,376,419
33,290
225,326,410
67,149
158,225,440
17,405,424
232,404
13,492
68,172,351
35,100,295
303,452
68,175,289
62,394
257,283
75,288
34,281,314
161,181
165,224
49,169,354
252,464
187,375
162,250
95,163
8,39
74,384,437
109,223
400,407
74,285,444
384,495
187,191
129,250
80,277
109,403
100,237
305,306
128,451
233,343
97,391
145,342,406
301,445
329,387
239,303
171,481
207,267,484
111,370
1,171
239,413,454
332,413
132,393,463
192,291
102,183
135,254
39,239,353
78,243,323
82,226
257,259,463
277,429
302,305,376
88,416
134,219
217,500
17,200,405
189,438
121,209,292
79,251,367
209,271
76,315
308,329,397
146,410
122,145
287,299,437
131,223,421
77,79,269
176,480
123,489
17,103
17,207
135,340
262,328
40,82
74,135,377
227,337
153,162,477
118,159,299
121,170
131,422
84,232,454
90,195
45,179
323,329
45,112
90,353,488
23,390
50,214,418
159,210,385
52,409
276,292
158,291
155,259
162,244
39,129
70,78,369
87,149,393
72,355,466
455,487
100,390
153,209,256
54,275
243,324,423
110,121,206
103,467
36,192
6,237
181,383
303,356
223,236,390
307,499
410,443
325,442
296,372,497
26,84,107
168,306,351
101,346
277,372,446
38,224
119,218
68,116,469
305,339
267,371
145,399
114,397,462
49,86,133
238,273
99,364
90,197
204,367
126,172
33,301
229,334
46,408,438
371,416
112,413
86,119
136,369,427
23,276
330,437
66,404
297,328
153,410
179,311
62,123,495
345,368,382
16,90,336
351,495
118,437
94,308,399
209,232
148,493
9,228,354
272,276
185,275
211,258,325
41,497
321,356
61,234,352
100,310
243,275
323,342
78,346,353
452,489
138,475
134,159
196,249
191,276,404
465,468
278,308
3,97
60,164
163,429
154,193
227,452
240,338
259,422
52,238,414
438,479,499
46,479
393,450
239,427
465,477
100,150
90,136
490,492
30,223,409
12,83
148,177,318
9,495
43,143
156,277,413
152,329
203,429
254,276
23,177
169,191
33,328
286,454
249,339
46,65,157
13,400,445
261,322
13,31,115
34,347
315,402
90,296
77,91,134
313,349
406,454
232,276
15,256,408
241,264
37,86
42,205
124,296,449
87,243,500
44,371
119,178
35,71
74,235,293
321,375,460
223,234,450
159,203
97,154
41,147
86,442
162,422
111,248,417
87,433
122,343
63,160,313
14,498
166,459
252,430
66,314
40,230,409
5,416,422
126,138,390
169,331
152,337
409,465
133,253
399,497
80,118,370
161,252
106,268,465
100,216,287
75,90
99,218
160,243
208,415,454
20,206,245
407,435
44,217,393
182,301
106,307
139,184,447
184,230,316
85,309,490
223,436
1,291
49,234,446
86,113
174,375,383
261,422
42,490
8,193
154,259
160,446
66,205,307
26,369
73,236
346,382
21,90
287,413,457
260,377
85,335
244,472
181,288,306
162,236,272
56,142
12,252
57,91,189
192,201,204
242,344
21,289
34,469
216,273
84,493
71,292,321
419,463
60,171,271
237,469
40,261,333
181,420
270,405
84,439
439,453
89,123
93,177,233
331,411
161,358
217,300
162,500
249,307,324
183,319
245,458
212,373
262,366
37,456
179,262,378
135,250
347,497
137,302
131,357,486
13,385,447
363,387
27,329,470
470,484
20,63,222
130,388
43,105
61,266
245,250,322
120,306,478
163,236,251
333,373
292,410
93,240,437
116,470
1,298
25,68,97
95,428
305,325
66,451
2,75,114
120,128
127,323,471
447,487
29,387
242,392
7,95,269
313,423
197,371,497
330,351
395,407
114,269
13,33,334
209,212
175,242,344
211,290
129,158
116,424
13,371
91,408
97,386
280,369
2,107,313
32,104
340,488
142,265,458
88,151,493
143,293
268,389
4,185,326
40,59
277,325,486
79,165
185,330
164,224
137,228,377
106,113
93,148
232,438
6,274,323
220,379,395
110,199,214
51,375
45,140
5,281
22,145,303
414,435
20,269,379
31,132,281
40,214,368
197,219
193,406
196,336
215,269
44,96
115,494
24,51
25,469
47,269
27,81
126,300,396
58,284
212,411
15,307,341
83,252,440
193,211,450
269,411
166,312
180,480
46,423
201,345
431,455
22,154,270
105,335
10,431
184,281,368
60,393
388,422
250,452
135,443
96,207
62,66,417
80,239,251
389,392,453
291,454,469
313,369
239,454
254,450,469
63,339
204,302
130,450
180,323,424
221,410,416
182,294
123,196,280
166,489
25,219
107,438
179,340
19,298
51,99
88,104
109,147
14,299
68,450
246,332,436
109,272
22,202,442
284,319,324
53,469
80,92
237,295
115,335
104,171
102,218
49,192,226
93,380,458
84,461
82,138,240
337,496
228,485,492
163,312
120,247,420
26,145,260
27,255,323
212,285
144,370,471
239,406
373,490
201,337
21,286,422
38,156,419
203,299
124,273
216,239
156,252,294
459,499
339,368
270,491
27,202
461,470
124,171,453
198,368
3,377
35,447
94,430
128,494
178,367
328,462
477,493
344,348,413
67,267
160,446
230,316,394
161,316
10,121
114,314
46,56,302
39,321
61,489
70,357,398
315,342
245,280,319
153,280
49,95
245,498
67,288
65,167
6,185
10,295
158,206
100,283
69,237,371
12,171,181
314,411
50,83,363
14,191
26,316
236,459,462
149,150,451
53,266
103,180,272
107,164
58,421,486
99,488
27,449
192,496
166,329
61,369
155,170
75,160,275
47,71,231
33,297,399
172,296,350
25,488
234,382,449
230,356
72,294,441
61,144,330
74,186,237
62,124
376,395
22,198
221,293,407
120,353
70,359
304,326
263,369
161,390,404
195,473
17,207
331,377
177,304
33,76
4,410,477
169,292
299,337
183,451
424,485
254,302
400,453
111,160,419
107,398,456
247,476
156,401,472
171,390
181,314
53,390
218,422
434,442
31,36,275
135,330
67,325,485
26,364
321,461
89,163
82,223
189,250,473
415,472
172,204
143,161,447
117,333
10,343
131,153,366
144,235,303
35,399
90,489
375,453
177,200
52,247
255,413
345,432
25,119,426
142,453,497
120,454
290,419
389,484
222,328
228,391,441
14,312
56,268,468
241,407
274,329
121,202,400
91,253
315,344,491
140,495
96,221
108,409,490
178,218
250,312,318
216,238,495
131,155,194
375,415
284,411
327,492,498
274,493
81,484
158,211
140,318
132,161,271
274,318
44,308,494
415,442
320,332
92,225
219,391,409
222,457,463
176,281
112,378
281,315
224,474
57,272
323,412,447
224,233
432,451
63,264,287
62,91
131,207
151,198
92,138
1,363
131,217,311
101,431
40,150,268
204,322
16,213
168,421
104,110,115
301,410
17,222,353
250,263
125,331
272,478
132,467
297,419
105,469
25,449
21,114
244,396
300,477,497
105,298,400
17,386
3,152,360
3,171,360
238,498
205,363
103,219,429
271,476
213,298,453
419,451
223,255
320,441
7,331
188,217
158,269,342
166,417
113,409,412
278,355
7,318
184,300
281,437
3,157,198
5,170
126,361
160,287,308
423,441
376,438
447,448
398,479
220,289
227,314
133,383
206,305
119,329
244,260,459
140,431
204,475
101,472
122,199,237
26,294
24,128
123,293
73,333,352
374,461
330,414,476
38,50
184,203
185,342
286,302
104,219,337
11,95,209
30,410
129,407
278,474
123,147,455
75,114
6,164
273,358
121,263,499
179,296
6,363
71,133,497
159,192
258,363
92,384
162,364
66,415
87,220,259
212,366
91,148
225,481
92,183
134,231
286,340
146,253,306
67,263
21,290
193,229
118,175,290
164,227,262
16,141,185
209,331
86,121
12,57,136
16,379,453
221,372
213,334
84,156
82,110,155
238,312
63,451
61,251
156,219,302
47,342
110,148,278
164,303,460
213,470
130,293
338,406
410,465
36,126,445
217,277
29,88,492
267,402
280,398,454
47,130,243
117,150,199
55,409
59,255
120,307
221,222
172,285
168,367
39,86
345,426,437
78,450
147,280
154,282,431
155,259
209,268
110,158,318
158,207,422
116,219,417
106,183
138,196,496
175,351,407
22,277
103,208
79,346
290,409
37,386
23,266,401
123,408
124,251
229,453
366,488
173,462
214,499
381,432
97,369
17,399,472
85,180,456
182,193
411,444
108,376,457
360,362
235,442
10,429
14,182
162,212
13,202
200,243
387,399
59,306,343
75,373
102,115,146
16,326
403,423
29,106
46,120
19,167
155,294
10,132
136,259
119,390
213,263,436
80,478
63,101,225
61,421
44,306,326
93,429
139,253
361,408
118,273,407
201,457
87,289
24,166,227
14,103,480
248,319
21,424
212,381
34,369
70,376
138,364
120,129,221
407,448
128,390
227,459
271,337
278,440
208,276
102,493
141,163
25,478
90,410
41,148,165
150,378
358,453
337,387
439,450
115,277
82,319
198,435
56,180
73,270
150,430
192,451
107,356,466
137,173
72,282
146,464
6,168,359
293,404,487
77,418
156,228
167,206,426
10,142
131,210
295,402
84,113,185
9,210
184,460
79,455
15,38,114
230,395,472
17,35,421
293,360
37,170
108,282,382
250,388,438
175,194
88,111,120
178,312
256,312
290,483
244,474
311,370
117,377
56,403
206,262,336
272,335,400
256,449
119,329
36,465
341,465
48,307,475
46,493
60,151
99,252
144,314
55,133
73,285
257,351,466
136,178
44,89,282
338,362
34,91,466
149,224
224,250
184,423
289,478
195,381
119,416
300,481
245,322
399,418,481
169,232,316
301,307
9,406
395,440,481
167,471
87,201
374,448
42,169
71,260
102,154
74,452
273,306
156,404
230,292
43,59,279
54,129
194,330,435
39,239,378
401,488
365,396
241,424
42,89,241
270,475
104,266
53,143,251
148,233
203,402,458
344,367
128,416,426
147,417
117,301,344
341,367
105,209,434
297,353
130,179
154,343,394
260,426
443,458
153,178
330,391
11,87
427,435
152,397,428
164,253,288
91,408
228,318
188,482
74,429
189,240
172,446
197,216,244
131,205
355,425
77,495
218,434
21,70,311
384,483
218,219,321
206,221,287
401,481
318,438
99,369,416
122,498
40,76,157
66,382
279,290
130,393
10,55,433
269,482
95,216
129,211
63,66
325,352,481
131,201
265,417
158,259
89,409
295,304
8,179,428
231,423
107,131,168
27,255
218,348,405
158,219
205,235
221,252
18,456
30,394,405
61,198,347
18,124,187
157,233
85,157
343,461
109,215,333
213,281,420
266,322
265,440
25,276
13,96
3,492
359,409,421
110,338,473
316,366
25,279
78,471
89,439
265,410
308,368
184,185
30,217,482
446,498
329,387
136,464
374,448
157,383
104,483
38,364
84,100
254,353,446
104,467
283,328,336
121,211
228,478
75,455
14,365
147,265,402
41,109,148
229,368
169,223,411
321,352
353,436
165,295,459
162,318,499
236,348
287,431
166,316
22,85,292
157,403
124,483
40,304
57,258,283
358,469
95,102
318,459
93,302
154,211
401,453
107,490
27,348,428
358,471
364,450,494
100,310
9,110,385
3,143,161
123,342
219,375
91,367
26,289
276,329
63,320,342
180,229,238
370,479
113,146
158,160,296
210,441
39,134
326,469
17,177
66,280
139,495
187,430
2,23,386
207,283
82,123,307
151,359
226,346
330,431
6,249
297,375
275,492
373,437
417,451,495
56,112,286
176,328
84,278
46,480
318,408
268,376
108,124,448
249,327
123,237
246,374,453
6,229
98,330
12,409
38,316,436
25,76
311,350
82,189
275,315,316
50,347
104,478
110,181
356,480
10,14,286
39,275
7,24,165
56,186,228
90,237,254
165,196,452
179,366,418
42,121,476
139,485
18,238
295,319,430
203,476,489
208,309
124,136
36,398
45,231
357,412
323,356
218,356
25,114,125
396,490
286,346
110,135,228
213,232,409
65,262,328
344,492
319,345
219,434,480
79,444
179,455
207,392
143,153
323,495
90,179,313
94,500
78,464
202,449
55,342
20,264
28,53
14,73,240
352,370,448
19,444
329,434
247,442
125,331
248,273
65,337,484
143,256,320
40,123
20,264
74,266,412
215,402
47,470
220,380
134,187
355,444
73,333
162,228
70,100
111,400
291,433
141,437
101,319
19,166
59,271,481
28,329
433,437
179,289
6,113,372
34,434
101,448
130,385
44,378
4,299
104,265
197,349
11,98,215
86,289
254,422
198,438
397,482
29,118,231
50,469
179,434
288,447
208,392
263,342,445
94,244
378,430
55,119,453
47,398
133,274,414
15,278
89,190
405,473
295,417,427
30,145,389
127,453
162,281,319
1,406
96,170
52,476
137,206,416
206,404
62,356
128,262,363
389,500
68,158
88,174,229
29,384,423
435,484
11,32
8,79
326,456
96,100,324
201,461
121,181,291
164,402
49,246,436
226,469
31,222
16,337
442,443
51,88
407,481
52,405
171,498
218,365
21,442
150,429
50,377
188,272,303
162,286,334
156,172,214
237,283
364,482
235,289
91,240,444
132,355,497
280,390
36,287
107,396,466
295,322,341
445,490
489,499
39,200
96,275,440
247,360
12,138,407
28,285
276,480
309,321
22,423
15,364
168,249
454,472
111,279
295,422
174,379,476
177,203
61,301
300,481
16,342
84,144
303,359
201,474
74,155
172,405
40,159,479
77,414
224,356
326,466
296,317
36,116
237,450
42,65,281
73,295
154,213
226,357,495
55,307
43,420
62,318
53,137
327,452
308,373
305,326
80,140
295,304
66,468
126,166
167,275,328
338,445
106,135,487
58,276,449
87,418
92,220
75,393
39,445
375,449
307,388
81,411,497
196,248
284,447
82,431
145,181
30,141,407
37,492
118,468,473
93,455
46,186
181,469
131,376
125,413
368,449
182,381
186,444
80,323,406
78,120,403
24,402
132,330
25,375
92,362
138,467
443,471
441,466
100,306,362
115,266,329
73,437
163,329
373,464
171,231,268
97,483
66,489
148,251,322
60,113,421
37,169,493
81,110
105,426
80,378
72,335
55,222,242
66,214,312
153,439,454
449,492
67,250
315,398
119,441
42,173
375,381
65,133
61,79
26,87,413
263,387
2,450
45,327
240,402,468
145,435
247,468
101,498
68,279
99,213
93,333,495
319,364
143,389,414
114,206,324
240,470
329,348,421
24,95
130,452,464
98,475,499
336,468,481
19,191,420
52,456
69,117
143,224
257,452
346,367
396,468
119,280
383,452
7,260
347,364
89,128,408
136,283,474
81,480
273,395
47,189,351
106,336
110,186,211
263,317,437
243,407
226,245
30,403
23,368
20,301
14,231,383
298,349
141,461
24,158,315
201,391
65,327,348
81,276
58,332
296,342
125,144
41,355
