57,232
350,361
245,274,300
379,390
356,435
24,253
210,246,424
71,373
76,309,371
106,427
382,489
343,453
154,453
327,417
53,160,237
63,164,425
135,404,487
3,44,367
105,216
8,43,259
64,222
334,343,470
201,274,350
274,428
179,404,485
490,500
210,361
86,110
195,413,496
192,269
124,402
50,488
286,412
25,340
285,287,448
102,177
446,454
106,316
219,382
223,377,398
52,357
218,402
154,234
81,163,425
16,97
167,467
342,493
260,390
242,302
460,485
300,316
91,132
1,416
186,237,427
140,294
68,76
66,155,368
388,424,500
304,480
196,484
115,412,500
57,202
313,389,473
267,298
250,279
19,155,218
222,369,434
245,376
43,124
119,220
125,281,364
359,450,458
195,377,482
108,183,219
321,403
24,265
238,461
76,211
239,259
210,287,382
87,150
14,425
94,457
353,370
57,204
156,207
125,141,267
97,114,402
2,77,229
80,289
160,383
210,410,445
36,455
41,342,375
18,144
220,223,273
202,246,498
8,468
57,117,144
409,495
113,182,497
68,120
365,444
26,178
104,325
213,251,320
133,346
339,426
12,70,108
169,283,314
47,81
153,167
190,362
171,299
86,381
201,246
36,487
155,177,278
4,195,413
41,387
432,449
60,194
340,493
52,178,358
162,168,288
61,174,472
82,298
105,149,237
94,115
171,425
107,383
46,264,411
95,351
180,291
341,423
118,209
37,232,465
280,385
137,358
19,393
261,403
86,159
280,377
162,349,396
42,179
16,164
314,361
100,203,342
127,351
75,384
169,290
166,303
114,407
307,318,489
64,139,229
68,423
280,303
297,444,476
151,204,335
123,425
7,156
253,317,465
323,376
169,429
171,371,459
51,75
93,294,358
28,411
80,378
35,413
100,435
461,481
464,480
191,330
252,477
5,82,173
57,73,272
27,272
189,266
85,141,301
31,138,345
245,310
209,286
68,255,389
83,125
314,384,425
485,487
337,409
144,145,401
21,96
1,31,422
310,389
139,181,435
26,173
67,270
93,339,476
97,371
95,256
120,308,345
66,476
205,417,464
143,248,476
311,489
59,465
46,173
35,242
93,455
68,434
274,371,445
222,409
53,160,343
38,370
27,418
183,347
307,444
32,155
306,368
8,155,259
241,437
108,442
77,160,313
19,273,327
73,480
333,353
266,368
176,367
43,151
189,197,389
183,319
196,394,450
216,229,369
171,290,454
6,11,196
222,290
168,419
79,425
127,274
178,199
48,63
8,73,376
205,428
267,275
290,366
35,374,377
195,214,343
96,449
127,207,219
121,474
111,327
5,68,495
170,424
15,314
192,246
312,430
309,478,490
254,387
155,220
97,375
110,357
119,414
256,434,486
110,150,459
55,107,446
206,493
2,435,492
47,50,186
155,348
25,128,207
83,153,382
239,499
40,331,355
46,218
20,427
43,196,419
47,459
258,373,423
221,434
176,182,462
200,346,405
33,112,448
34,261,378
17,347
241,250
36,106
178,217
356,446
253,399
19,484
205,215
273,377
77,86
212,477
252,473
220,277
193,302
370,428
293,491
266,324,476
165,452
221,294
148,201
360,481
20,455,497
138,298
173,262,454
330,414
416,419
11,285
397,431
156,339
60,287
49,56,366
92,300
63,298
95,228
120,327,434
380,464
114,193,370
349,387
243,331
207,390,439
202,307,412
116,143,147
248,422
263,340
98,413
200,429
320,328
169,184
10,182,223
224,427
41,88,410
95,271
366,487
119,370
14,109
209,221,254
194,451
28,130,246
6,58,371
311,389
61,345,349
246,421
32,241
21,359,376
315,409
77,186
75,95
96,266
166,193,394
24,388
302,433
15,313
89,475
29,32
113,142,500
72,193,471
124,214,427
20,451
244,285,497
139,272,336
194,418
382,439
19,284
17,288
369,394
73,276,371
194,305
257,438
164,194
155,313
29,190
71,114
2,458
169,214
12,62
72,451
2,326,422
207,366,430
88,154,332
131,477
412,451
138,149,498
232,375
89,182
122,475
149,203
109,307
62,69
137,213
415,433
407,448
200,305,342
22,149
92,108
158,459
91,426,432
5,329
87,183
14,71
81,176
248,317
49,110
301,353
1,148,202
94,308
213,479
12,499
1,329,360
446,458
24,425
34,130,363
304,356
240,262,293
102,172
362,380
160,330,337
78,486
65,159,171
84,119,357
67,312,430
384,433
120,470
228,344
2,153
62,278
374,475
162,316
19,180,255
161,346
457,495
82,160
108,349
203,263
21,424,473
37,491
185,247,299
63,87
349,480
151,249
358,380
336,479
93,344,461
161,313
222,393
139,178
473,492
29,32,474
199,333
10,358,391
327,485
132,164,445
236,433,469
2,18
95,379
113,247
158,346
44,168
65,372,387
313,449
340,387
96,325
241,365,467
176,266
34,381,460
248,337
412,413,493
252,337
117,286,347
235,244
94,136,271
352,391
126,427
172,206
277,472
388,395,491
118,413
158,423,473
76,94,258
245,347
461,466
24,57
186,365
215,479
407,457
27,261,460
86,108
226,478
93,174,267
96,262,383
260,437
234,241
245,300
103,311
225,407
105,204
120,236,425
106,321
102,441
20,73,133
248,413
28,184
40,250
19,469
132,207,402
170,322
169,376,454
18,454
43,440,444
127,216
136,220
110,202,252
130,158,164
208,483
78,116
5,324
65,338
115,409
74,123
22,389,472
315,335,470
167,252,342
234,403
43,245,298
60,152,181
84,97
125,360
75,430
85,417
33,88,161
193,354,493
330,410,482
268,279
214,286,346
262,427
218,282,347
90,441
48,62,471
136,364
28,170
149,154
135,364
425,492
233,319
73,411
55,196,255
57,232,281
24,279
254,335
190,288
223,429
56,381,391
99,154,446
74,150
18,202
173,308
246,345,407
423,473
119,133
70,98
406,487
60,92
156,214,304
338,489
196,409
20,242
5,170
25,201
334,459
11,395,484
66,261
160,256,346
48,122
152,409
77,308
225,497
272,372
189,319,323
89,106,331
125,234
69,249,457
161,487
237,378
457,472
9,363
208,262
180,392
314,438
231,235
76,463
203,306
336,417,478
84,161,335
254,428
72,298,433
141,306
247,303
378,495
359,406
112,455
82,411
303,315
107,204
127,458
251,385
359,380
41,414
190,448
119,347
293,374
439,493
45,287,288
179,495,497
6,336,496
413,454
341,398
363,377
81,182
41,151
3,365,481
105,191,286
48,104,302
3,348,440
51,89,165
32,93
7,384
299,371
347,373
115,370
217,417
283,404
81,411
317,362
119,129,139
77,253
35,178
4,341,485
205,420
166,384
364,380
102,406
8,250
63,94,306
27,106
149,179
24,121,122
165,174
101,213
207,305
316,342
11,301
104,262
267,306,394
26,246
92,167
261,338
254,343
18,206,295
333,487
195,284,470
216,435
215,392
250,386
272,449
239,490
53,363,428
414,442
151,167,300
154,450
210,469
307,338,359
102,172
299,378
322,346
36,229
149,361,400
245,449
8,191
313,476
1,476
112,395,446
142,183,301
77,255
53,246
33,196
96,335
374,467
118,228,444
145,225,310
276,435
167,265,495
51,275
18,221
68,96,200
284,311
17,255
403,404
428,488
112,248,400
149,414
254,489
56,314
222,253
4,278
106,223
387,500
40,364,452
43,142,213
310,327,420
200,434,462
209,231,256
125,369
64,192,246
44,390
299,311,412
37,89
163,346
233,416
19,27
194,225
35,436
387,426
29,402
18,28,142
43,73,202
328,358,411
224,241
402,462
407,429
115,191,250
56,356
92,299
56,247
93,208,424
61,322,463
149,189
213,220,314
153,276
81,255
86,151,166
138,171
98,360,397
158,170,496
141,348
127,222
98,408,460
99,443
214,222
210,248,287
5,243,266
53,199
193,460
277,385
32,280
24,135,275
58,145,170
51,336
34,400
129,484
81,188,259
9,78
267,375,385
245,351
348,410
298,437
278,375
151,362
98,133,261
271,327,500
381,485
229,497
393,425
165,245,439
106,119
116,164
1,241,446
141,224
63,173,327
423,481
16,394
252,382
46,241,402
177,328
183,442
219,362
10,406
113,177,266
198,321
65,486
174,490
63,229
116,269
53,204,456
188,362,444
26,121,176
136,268
18,74,312
48,277
161,294
48,189,204
91,330,382
65,312
213,305
29,268
345,361
180,495
16,266,389
208,271
58,304,316
47,64,359
281,384
269,383
176,405
122,322,466
49,442
250,336,421
176,423
44,291
99,389
67,258,500
22,412
190,325
106,174
71,72,321
187,342,409
244,480
108,300
147,486
72,284
379,480
2,426
146,495
385,476
144,246
130,258
30,390,437
104,123,451
164,457
152,405
72,154,265
101,423
426,486
202,312
48,388,420
154,336
70,77
63,330
162,263
93,403
69,271
263,305
46,231
13,90
191,243
145,349
67,298
96,411
74,411
21,358
141,383
44,180,268
242,371
457,475
79,184
39,411
27,292
19,126,255
198,235
356,495
191,199
362,410
149,251,473
200,226,246
4,219
166,332
300,423
268,438
303,399
208,461
320,425
36,211
61,286,341
6,101,218
316,347
18,57
194,242,441
216,491
258,334
117,478,499
393,486
47,90
179,463
179,187
33,364
111,191
214,478
359,441
181,284,450
164,484
161,485
205,495
178,446
42,239
27,347
282,454
111,160
35,354,459
82,464
8,473
58,104,488
107,126
365,489
238,413
88,109,185
33,299
163,301,429
75,281
238,373
207,243
79,445
236,326,454
6,95
133,148
27,356
32,453
158,228
373,450
121,312
163,244
97,207
116,284
61,418
116,179
316,457
308,313
95,213
309,348
60,304
169,363
47,488
317,330
61,84,170
84,194
5,322,363
55,142,447
1,301,334
135,370
77,297,345
320,379
125,172,358
11,311,375
86,280
96,421
213,230
175,397
172,173,357
153,480
161,380
94,226,367
24,261
38,461
488,491
465,492
45,499
33,420
58,188
20,82,276
219,314,411
201,421,498
154,188,319
379,445
155,186,191
43,88
360,394
81,189,341
76,464
51,184
21,465
235,487
147,186
139,398
414,435
19,355
120,424
313,473
192,464
169,202,328
32,260
97,422
281,363,396
419,479
300,448,477
61,177
118,364
9,14
237,457
45,418,450
177,413
102,415
207,220
10,71
204,396
123,182,463
143,393
254,324
287,304
135,258
290,293,301
234,426
139,242
228,380,396
303,439,474
111,391
272,483
200,340,392
153,308,393
232,346
8,119,343
131,471
98,398
157,191
176,205,376
30,63,458
278,424
42,153
253,369,488
46,398
38,305
28,424,482
185,343
1,265,328
79,260,312
30,369
255,274
316,373
51,63,148
2,142
110,406
393,457
131,458,480
222,284
52,301,425
308,380
103,211
290,421,436
51,313
144,148
53,195
200,457
24,93,464
89,379
374,457
446,483
22,137
149,239,405
119,205
204,404,408
104,135
163,325
294,320
96,245
51,466
52,64
78,85,97
26,262
115,140,465
297,427
146,388
347,450
100,230
346,373
300,449
294,370,392
128,227
237,483
249,377
61,468
296,477
297,494
18,337
109,114
273,349
51,293
185,315
253,431
45,129
296,451
209,254
420,468
48,375,415
176,428
21,295
94,322
231,416
275,338
24,136,376
2,53
460,472
439,484
210,250
121,221,333
116,143,275
286,289
334,455
191,317
77,418
21,256
443,447,482
239,322
284,332
96,252
270,306,355
6,31,479
148,309
4,127
325,375,459
332,432
126,434
59,70
8,174,499
16,360
41,349
81,366,376
59,406
199,286
371,488
49,172,301
25,224
150,323
414,431
188,195
171,374
122,144,459
224,365
1,182
95,416
293,378
78,151
231,362
353,428,493
60,166,167
161,423
304,426
4,299
352,374,404
233,496
20,385
60,117,154
214,258
107,210
74,368
36,112,389
75,207
2,224
247,290
146,342
57,115
156,226,299
378,423
56,304,407
127,300,458
95,215
115,300
34,325
435,458
78,155
91,218
3,413
122,131,247
203,360
256,331
66,159,283
68,94
51,252
27,274,285
98,211
63,282,350
121,321
6,25
10,144,388
443,472
325,350,457
16,89
98,261
1,72,366
72,295
115,278
259,364
15,214
100,483
157,179,191
8,55
255,299,361
22,133
46,293,301
140,173,327
129,467
60,366
215,367
124,272,294
6,51
142,249
215,384
7,301
52,240
38,248
459,499
228,276
263,295
183,418
219,318
58,87,165
208,380
1,137,273
382,497
117,408
91,383
129,432
104,164
20,33,221
36,209,391
32,114,223
96,172,265
86,468
7,51,424
63,319,340
218,419
224,366
238,291
163,472
115,356,398
153,154,194
40,306,308
332,339
225,495
38,292,365
203,321
225,382,407
398,487
178,441,449
102,267
76,85,150
94,115,464
273,500
16,303,393
80,153,242
44,56
150,372,447
104,484
229,307,386
187,332
264,377
122,298
61,195
2,221
40,205
142,405
179,275,367
150,196
189,259,400
36,51
188,355,446
146,413
121,296,459
256,335
259,423
86,422
57,176,178
26,408,457
247,364
63,173
90,395,406
34,46
11,312,333
83,87
190,304,410
60,237
62,353,398
216,438
110,208,252
101,449,474
93,293,327
37,140,397
37,213,266
299,368
358,397
114,337
411,430,469
85,334,383
9,91
82,149,237
32,292,354
39,115,364
29,252
105,403,475
61,123,235
94,109,338
143,475
46,252,420
96,388
54,350,366
100,217
54,253
86,475
3,395
154,497
188,280
255,444
28,52,121
22,69,395
28,271
118,139
3,15,158
190,213,292
130,182,408
331,455
179,366
11,142
174,212,284
91,354,477
417,437
199,233
75,107,439
33,440,496
168,442
97,224
7,153
358,429
222,369,498
23,42
53,234
103,385
224,452
145,282
173,299
82,237
360,449
129,303,394
5,160,434
82,227
438,481
18,142,247
41,432
220,438,472
88,237
56,382
22,112
151,319
67,177
84,228,413
231,444
4,62
110,211,275
140,306,359
9,489
240,431
140,447
96,227
170,228
50,144,240
25,55
177,205
230,248
191,233,434
54,88
103,106,440
252,260
73,291
336,396
23,89
416,462
303,394,491
121,382
173,291
168,273
53,381,399
337,432
30,290
410,422
44,379
380,469
101,454,483
54,134
34,496
47,323
109,448
309,423
20,22,345
154,498
297,316
273,312
131,475
78,159
135,368,421
124,137,227
16,177
268,352
184,380
172,178
293,465
138,228
328,438
80,96
65,96
231,263,499
220,299
28,231,463
352,397
181,268,393
281,364
231,310
447,448
180,356
196,448
121,154
87,226
178,192,395
9,151,387
301,312
35,146
262,339,367
262,380
15,474
92,280
451,456
297,462
71,149,408
344,500
283,366,479
19,103,268
114,443
110,172
233,408
4,29,279
241,484
76,410
158,291
255,379
78,125,245
28,369
153,310
237,341
340,448
111,459
142,280
6,163
312,442
356,490
300,390
199,428,485
172,417
99,368
227,317,415
139,229
95,437
112,475
305,365
79,354,477
264,358,469
19,139,429
78,353,453
314,353
97,241
107,371,471
362,384
178,235
128,212,310
110,310
73,250,294
231,234,469
308,398
157,314
196,419
410,461
154,269
11,119,218
63,261
51,110,445
59,146,171
72,422
95,323,401
207,468
124,135
178,341,429
236,420,424
368,450
213,382,462
122,451
122,199
477,484
270,276
8,144,466
66,174
23,146
23,343
81,419
456,459
68,236,317
308,338,456
304,407
164,414
193,305
281,444
404,487
17,225
50,448
152,187
425,495
56,481
59,384,457
202,357
324,346
1,387
86,396
39,248
87,288
114,191
374,435
215,442,471
57,498
197,313,361
51,184,339
54,333
150,236,269
94,208,336
175,238
89,279
363,434,457
13,364
123,335
280,300,362
344,486
414,421
159,406
379,415
21,25,31
78,82
85,87
137,374
27,119,162
55,308,397
64,132
437,492
327,426
5,39,136
293,425
152,272
119,226,308
167,497
87,188
18,252,292
195,427
69,348
207,353
77,118
238,246
422,427
164,331
125,189,419
471,490
3,138,366
139,461
84,198,473
158,223,378
70,399
260,318,468
210,439
356,386
230,402
7,140
231,251
37,179
77,132
219,278
150,178
267,308,405
222,414
78,161,163
314,353,482
325,345,455
166,379,442
63,98
52,75,492
104,190,400
115,253
96,180
69,172
141,283
221,434
30,273
71,110
112,326,355
205,276
67,98
181,317,494
182,454
94,272
200,496
349,431
54,254
286,408
70,237
23,454
79,372
50,79,323
82,324,423
205,323
170,171,182
233,343
129,287
241,260,448
40,139,454
31,147,472
220,438
65,487
30,170
254,356
274,282
279,333
11,268
116,476
177,281
79,150,384
121,161,361
68,246
1,491
7,73
63,473
47,397
284,409
75,149,360
148,168
245,406,432
92,292
125,459
60,275
251,253,360
183,300
101,224,274
57,286,474
186,277
135,222,329
301,352
217,378,398
16,151,375
59,157,363
19,429,471
91,369
247,312
149,190
209,291
1,451
11,169,171
117,268
12,124,154
168,183,371
99,281,421
35,284
225,348
357,384
412,454
46,192,383
390,439
244,298
357,368
10,172
240,284,420
333,477
135,198
197,457
25,95,155
29,365
235,259,371
94,322
181,327
24,294
328,425
174,180
57,179
78,182
379,434
114,237
31,179
77,271
111,386
224,393,454
35,400
29,135
76,442
37,123
6,288
75,397
262,454
305,401
184,345,496
151,442
49,175,378
85,135
140,357
73,394
197,363
49,338,452
108,343
126,436
9,210
25,245
28,321
79,294,312
216,316
264,327,395
48,107,132
193,498
126,369
159,242
327,329
112,286
184,392
46,307,334
292,387
52,72
141,211,260
173,236,412
7,145
259,408,420
255,377,475
156,392
5,164
226,232
119,470
232,333
307,426
252,349
59,276
88,165,245
456,497
265,441
70,127
81,164
94,384
182,459
105,286
258,402
69,82
44,132,272
330,400
42,151
187,419
7,169,443
228,328,361
321,332
415,472
119,155
180,210
232,344
196,373
39,141,464
8,496
84,459
294,454
292,493
208,327
179,481
240,373
271,355,363
31,254
307,496
449,468
68,199
222,369,498
379,385
107,145,379
228,241,412
45,164
53,482
89,276,470
4,497
15,198,221
67,193,393
486,496
389,478
310,331
116,253
173,478
86,290
94,202
267,326,462
52,411,454
72,264,302
40,104,222
150,343
16,22
17,429
37,121
176,438
430,459
41,287
363,481
456,463
137,379
103,453,476
177,182
185,251
49,56,416
15,123
85,457
169,338
156,324,442
95,119,245
18,202,349
282,370
13,415
238,466
177,344
263,468
82,209
162,349
48,69,341
391,407
233,377
417,494
125,443
283,438
115,301,317
210,319
87,156
135,326
445,478
49,116
61,182,185
27,303,453
247,425
71,435
9,463
11,219,304
52,285,360
161,454
58,332
132,133,357
52,358
107,265
323,336
36,69,345
24,115,328
115,130,399
8,88
32,330,394
26,83,135
137,329
234,280
50,299
333,346
216,426
148,307,491
376,459
247,252
17,462,474
256,313
12,143
22,382
134,262
337,448
10,50
66,411
194,365
204,415
333,460
13,477
141,412,452
239,246,422
168,419
188,440
116,144,308
47,418
79,274,306
78,99
32,325
37,246
363,434
186,395
60,170
244,441
103,304,480
333,486
285,288
210,281,304
248,429
34,276
93,150
379,461
44,475
18,219
15,132,411
7,323,461
303,348
128,237,400
48,161
15,340
48,393
73,384
238,424
101,309
96,212,411
95,394
106,182,461
207,287
254,293
45,76
229,335
202,260,352
45,382
177,266
31,36,423
245,462
334,464
187,373,422
433,490
406,461
276,325,366
204,367
171,471
204,231,401
19,439
88,347,444
137,227,398
12,194,390
46,96
42,187,202
86,151,331
131,262,342
185,265,315
3,183
148,234
207,216
288,302
238,300
148,191,467
30,361
175,411
24,254
205,443,464
69,252
41,337
231,275
178,412,431
81,84
171,279,360
154,268,284
303,307
81,218
99,475
159,428
106,191,427
195,219,454
289,494
78,377
187,450
39,294,500
147,333
60,288,321
68,437
59,330
173,451
172,225,329
418,473
274,477
332,459
12,218,404
102,348,409
86,196
29,206
13,472
100,385
424,494
39,470
127,181,259
321,386,480
160,345,377
320,389,423
336,412
61,91
242,377
104,398
118,242,322
148,267,336
44,191
308,326,334
84,186
232,236,498
57,431
5,228
226,355
7,306
146,447
292,376
318,369
13,63,288
64,85,236
445,495
324,411
92,280
3,204,476
274,439,469
328,358
316,448
97,163
163,256
87,433,464
36,129,338
204,362
87,294
187,274
192,202
44,446
357,415,480
309,438,452
75,148,425
5,346
357,497
21,52,298
139,230
62,93
219,337
250,453
252,441,499
96,405
33,380
191,251
171,283
129,282
424,469
103,298,425
133,238
137,373
71,178,332
255,305,422
326,442
131,334,478
84,453
43,105,333
34,199
295,300
368,433
350,430
127,189
296,441
1,479
63,105
31,155,278
285,305,396
212,274
32,376
71,173
18,136
60,168
47,490
23,106
31,476
86,147,160
7,441
86,349
455,460
337,457
445,475
185,188
21,99,264
4,324,372
98,289,353
20,434
90,178
2,65
90,451
126,271,294
71,456
124,233
324,352
264,437
475,478
72,460
72,100,474
169,441
73,280
198,244
97,107
291,429
97,259
241,264,423
36,42,497
197,300,349
53,98
112,422
211,253
153,248,375
30,263,475
46,89
83,144
255,448
169,312
256,377
98,253
84,344
8,163,470
115,470
50,357
39,239
11,458
390,419
248,352,428
101,126
7,420
321,471,480
207,422
164,416,455
181,349,450
2,227
11,441
82,457
61,320
373,394
208,213
284,417
228,423
429,486
67,93,360
11,71
259,372
263,453
191,267,410
23,332
205,269,482
72,166
279,396
34,201
277,285
47,417
36,112,344
40,417,490
329,391,412
116,403
109,391
39,64,269
1,23,463
44,435,467
194,224
151,319
127,313
265,288
170,339
174,256
56,208,248
302,365
12,276
244,273,369
142,384,425
265,277
138,190
52,358
85,327,358
277,322
116,310
209,286
86,173,464
321,376,381
53,251,413
134,487
450,464
318,423
40,270,358
201,227
47,96
196,419
174,269
72,342
158,405
58,167,194
36,403
389,423
76,436
18,236,457
266,363,389
174,322
335,372
33,48,335
112,117,367
101,297
150,317,395
181,268,442
120,172,413
4,486
116,229,363
151,375
305,498
210,333
368,441
4,193,247
340,442
293,441
215,240,322
30,206,276
125,262,296
13,225
105,453
219,280
102,113,309
167,219,238
261,351,463
279,311
149,239
22,133
20,260
56,475
153,448
117,258,441
167,251,497
196,250
52,263,299
99,261
267,500
107,355
304,405
350,381
99,352
398,485
43,286
319,370
85,244
195,346
26,328,369
88,188
48,65
80,237
318,452
158,273
225,317,371
252,278,391
164,481
69,333,393
78,213
254,416
224,302,471
158,378
61,272,347
227,344
16,219
230,435
95,373,456
83,348
206,373,419
15,462
105,223,391
277,399
106,259
72,118,157
294,314
58,279
83,191,210
46,500
152,173,317
114,311
155,401
157,195
128,330
148,391
29,356
69,191
40,136,346
192,237
21,275
114,190,310
329,435
221,389
279,321
49,51
192,246,475
153,176,318
91,196,264
281,336,417
132,418
103,231
354,371
122,360,371
203,495
27,154,407
49,90,317
179,478
113,400
31,191
65,201
52,96,433
93,281
38,167
142,305
328,413
96,270,327
215,365
18,329,441
145,426
245,487
56,154
129,235,361
102,142
20,72,296
432,483
75,487
74,172,335
112,456
99,293,441
33,309
25,64
31,391
140,470
305,356
37,295
172,364
156,307,357
199,436
18,491
105,286,407
144,151
67,135
212,435
400,434
344,402
185,270
158,451
21,269
187,312,395
324,340
2,276,427
36,137
46,244
197,236
216,279
250,285
97,139,304
277,347
12,105,378
114,346
4,50
215,337
193,316,497
336,482
187,234
75,249,362
68,252
72,73,151
215,238
209,350
152,415
79,140
28,473
29,279
35,48
57,68,122
247,357
136,159
172,184,252
411,433
65,488
55,92
222,308
65,99
8,63,456
233,332,412
5,253
55,190
115,362
133,360
149,284
224,268
72,471
293,340
64,109
76,204,278
218,332,466
324,500
302,470
46,471
169,306,459
37,136
139,436
70,468
12,330
124,221,448
281,344
93,425
121,383
230,446
215,248,409
206,424
31,393
402,462,484
192,257
20,185
30,152
322,376
133,242
15,335
72,325
15,147,177
153,238
234,255
47,248
245,274,488
136,205
165,360,447
59,133
298,336
189,413,428
202,306
53,179
309,317,336
126,244
58,100
166,422
69,137,345
158,349,466
58,446
159,244
22,430
101,372
85,301
200,364,431
254,429
301,343
432,435
291,340
24,142,173
269,396
68,259,410
118,377
184,483
20,251
16,33
369,430
148,246
268,342
118,437
129,152
42,143
293,362
41,493,497
51,173,340
17,451
21,42
52,118,491
65,439
338,399
175,498
247,316
114,175,245
41,269,454
72,382
301,447
90,296,309
348,420
3,160,236
149,289
300,311,360
186,324,486
136,200,404
184,380,465
290,372
109,309,324
1,268
226,492
119,360
197,325,440
78,126
119,463
214,251,389
94,169
116,320,353
55,355
130,428
129,385
139,358
263,456
179,352
212,398,400
11,152
130,278
183,445
114,194,332
380,406,489
210,381
318,494
296,401,421
200,333
234,346
215,311
207,284
226,452
96,470
65,471
100,167
131,489
119,232,287
57,368,454
226,381
272,449
43,243
26,403
134,395
34,303
179,482
99,267
258,358,420
221,361,486
129,234
32,332
282,310,495
160,249,434
223,233,391
49,150,226
221,273,481
63,109
13,105
336,349,415
197,239,261
45,435
5,140
243,245
97,299
278,314,465
100,430
404,463
15,323
103,181
271,326
76,144,417
221,457
66,476
18,19
132,300,433
8,174,374
3,227
94,223
43,198,322
48,51,337
159,243,398
290,318
98,106
49,91
168,179
133,146
155,454
302,324
126,450
343,485
24,301
129,144
22,229
337,404
36,159,198
340,379
45,255
86,88,345
13,493
241,287
415,498
269,293
244,284,418
93,471
202,304
155,282,307
144,201
326,384
127,154
228,333
27,300
82,227
286,325
162,198,306
278,283,457
334,411
273,297
159,179,290
23,176,220
26,226
282,379
54,183,299
50,487
202,454
194,269
457,495
185,313,487
222,275,369
125,319
5,274
136,308
390,466
31,101,424
330,461
69,108
87,99,121
55,140
155,239,242
160,191
62,165,368
56,210
42,58
244,395
53,54
316,343,475
93,100
75,317
82,180
198,485
470,478
145,295,480
167,332
230,274,291
128,255
89,275
107,390
77,296
94,437
302,383,484
52,264
27,249
48,117
125,278
344,376
139,152
153,386
327,488
100,435
300,415
447,464
203,319,484
220,280,399
334,343
180,419
53,163,174
43,118
142,270,299
123,183,461
278,353
80,119
158,385,405
248,356
239,407
148,216,430
305,437
24,145
37,39
67,304
281,286,433
97,209
72,270
83,383
110,494
28,66
10,76
109,491
373,489
158,221
81,237
161,224
279,471
167,484
273,339
212,311
98,351,423
7,116,386
110,258,380
108,375
159,227,460
174,189,217
267,425
156,460
252,314,468
369,428
172,303
240,296
259,454,493
266,391
162,304
276,391
196,336
65,81
180,319,367
6,497
126,356
54,209
267,328,436
54,498
200,298
73,212,477
355,477
49,296
14,262,338
105,348
152,291
27,100,275
444,481
234,474,495
318,390,446
185,277
87,135,323
174,486
114,305,442
128,349,396
34,130
79,491
24,359,365
360,396
26,430
149,158,171
172,264
12,320
11,97
278,490
30,368
81,186
209,488
111,191
142,411
159,482
105,261,374
55,383
142,493
214,363
87,418
418,479
210,475
269,465
237,325,485
86,138,165
15,93,310
74,315
42,184
4,166,409
148,277
73,470
32,232
362,382,402
102,284
5,237
27,476
24,148
67,397
40,441
64,208,338
117,299,454
237,345
47,309
197,396
164,315,457
185,273
322,332
193,268,462
325,487
109,255
2,170,237
59,374,486
237,345,440
70,84,414
308,361
34,130
282,476
248,347,402
30,132,300
423,460,472
37,232
124,331
67,117,369
98,387
224,255,367
1,96
271,312
170,251
54,195
374,486
445,446
46,50
39,90
34,355
193,493
80,180
155,363
44,162
388,473
16,401
132,145
15,96,105
237,377,389
224,401
423,449
117,120,192
209,350
44,160
38,237
38,347
372,412
27,349
112,249
292,465
25,365
448,477
2,53
130,243
325,479
364,476
89,120,484
80,117,376
126,392
107,310,461
23,135,264
73,85,488
122,350
61,298
362,388
117,390
323,442
382,469
121,417
156,297
180,292
100,287
304,392
86,142
65,451
114,362
50,138
255,379
23,164,350
6,74,469
208,246
203,284
7,75
119,254
148,323
234,304,415
170,479
163,306
209,315
347,375
145,300,340
1,125,169
352,461
169,268
99,225,266
40,245,265
188,192
222,229,481
161,177,208
145,274
57,76
10,47,228
10,293
391,483
24,417
160,333
98,180
210,268
229,273,385
16,55
265,453
124,322
221,325
268,284,458
161,348
74,148,267
298,323
179,273,408
109,398
268,332
120,252
153,198
209,304,368
94,488
107,128
105,289,460
355,498
