37,155,297
256,347,362
179,238,338
205,403
115,337,451
70,162,280
28,211,442
206,356
159,245,476
207,259
1,200,284
1,299
113,358,420
326,331
73,209,486
251,307
80,82
113,447
174,272
135,142
109,252
47,284,335
285,372
216,410
136,377
299,436
125,457
17,439
95,471
98,194,215
134,446
116,254,340
233,359
264,418
291,294,414
76,95
154,292
276,325
253,271
432,487
159,239,400
245,379,444
137,333
34,40
394,466,494
6,109
39,68,92
191,469
65,211
50,284
167,277
171,468,486
308,376
120,325
58,376
44,179
283,498
140,360
442,453
17,457
51,127
61,386
152,463,484
51,242
440,491
165,215
53,207,378
338,453
124,397
261,479
443,455
104,109
133,173
99,330
74,245,395
45,58
152,254,434
292,420
93,280,467
271,451
86,94,241
355,424
97,436
52,332
91,129,187
24,157
137,387
82,137,473
196,383
59,375
172,374
60,381
42,402
382,473
31,298
3,6
53,67,468
285,300
336,465
154,403
59,119
116,155
222,246
217,295,405
90,282
141,216
11,194,356
79,276
2,176
242,391
253,476
220,227,259
236,482
246,284
152,468
442,446
255,260
171,280
42,166
109,234,410
191,200,408
118,389
3,195,306
103,177
410,411,425
49,338,425
441,461
98,414
6,279
62,65,375
30,495
73,145
89,136,341
82,200,300
69,253
39,232
326,434,435
271,465
32,180
83,478
163,240
55,321,436
19,135,361
380,424
156,290,475
176,277,407
450,454
175,178
119,405
143,393
72,150
2,62,335
271,295
145,239
156,402
20,125,492
14,131
114,499
230,434
169,260,428
26,78,214
238,313,400
32,351,379
276,451
115,263,270
487,496
46,308,457
69,148
84,220,331
160,250,310
343,436
274,451
288,368,444
220,418,446
82,194,477
13,81,480
51,125
24,482
140,284
107,248
412,447
122,155
203,436
137,336
189,198
251,352
98,398
223,287,347
89,214,331
109,460
221,455
204,352
36,345,376
142,345
20,53
4,128
128,305
2,232
177,484
53,123
3,293,451
155,423
275,461
7,438
8,87,220
427,431,499
80,218,380
56,144,164
98,309
237,333
277,300
284,345
169,416
64,73
278,405
59,404,486
58,497
177,382,459
53,244,411
268,425,446
35,105,312
64,217,367
111,191
40,348
106,109
247,380
164,367,394
78,269
156,189
33,378
46,427
342,361
191,449
137,189,405
64,444
335,405
240,356,394
141,143
147,281,436
59,351
450,496
261,334
198,340
399,457
102,177
28,69
43,183
399,442
145,347
77,149
49,279
139,360,497
88,109,278
163,314
42,116,476
108,453
22,146
106,130,480
326,404
223,259
122,443
304,469,475
6,298
82,167,383
268,308,334
163,373
127,256,482
171,394,487
50,81,338
54,375
268,428
242,277
148,191,450
77,286
71,363,493
91,161
4,160
221,345,446
240,429
159,465
394,429
83,394
15,120
147,162,342
163,246,249
275,454
245,369,500
73,491
125,476
302,444,481
20,270,448
301,346,470
5,202,264
133,134,345
76,128,175
56,332,425
371,488
33,171,458
6,45
323,407
276,455
226,303
247,297,334
10,31
375,483
414,425
75,89
23,291
62,318
15,253
258,282
352,461
76,303
86,266
55,295
59,183
196,199
301,379,434
258,485
19,264
70,129
47,78,223
53,415
80,118,165
109,117
13,86,339
200,341
247,252
393,413
142,270
420,464
201,261,280
81,396
74,84,426
228,422
45,341
321,415
9,71,290
57,218,317
21,399
93,102,264
31,66,443
376,436
109,251
252,315
364,391
101,315,446
14,112,351
243,284
35,141,148
30,59
94,258,289
294,327
112,323
71,139
62,262,347
212,273,377
109,219,497
69,249
171,462
70,116,301
59,203
143,186,195
204,449
298,385
114,353,497
258,477
415,446
268,317
341,352,354
195,372
273,440
312,414
356,460
8,314
41,149
72,387
140,347,356
170,266
241,281
9,275
262,297
202,312
193,407
230,486
369,457
11,299
36,67
190,203,497
64,112
235,257
440,477,494
4,450
43,459
135,328
84,174,420
103,273,474
75,257
70,244
248,254
16,113,452
63,115,438
131,491
222,421
53,314
97,136,222
311,393
165,365
377,428
173,308,316
88,213
204,411
7,107
366,376
126,274
126,197,213
361,362,498
4,67
90,374
32,158
96,303
115,308
296,430
44,363
234,266
359,414
227,465
368,481
205,434,436
263,317
57,419
157,193
65,233
97,242
61,470
44,387
14,18
43,276
63,324
426,475
29,296
324,428
139,422
101,400
128,258
70,228,443
95,390
319,335
459,489
222,320
44,176
397,465
137,283
165,446
5,357
2,243
219,463
115,206
300,377
81,403
175,210,225
4,334
84,96
311,326
14,89,471
151,200
258,308,326
207,250,471
81,241
209,217,230
241,320
97,312
34,136,448
9,227
129,167,208
186,212
219,406
371,410
106,401
46,73,99
97,456,478
152,177,251
33,363
2,68
114,431
198,302,433
78,243
32,55,211
27,426
64,297
235,319
261,268
66,300,355
57,62,411
200,324,489
72,107
166,179
322,473
174,476
288,491
25,236,290
224,316
1,420
129,165
63,265
67,144,205
304,430
336,438
24,78,170
224,282
213,500
162,194
274,486
113,238
373,429
174,206,287
283,324
160,177
218,492
66,335
144,448,465
15,386
230,424
40,312
316,338
322,325
454,488
218,414
92,97,105
45,225,303
293,372
69,338,399
97,114
86,319
352,396
271,429,450
57,350
199,222
43,102
31,409
52,348,353
195,373
47,200,352
116,334
62,163,318
160,361,433
219,273
141,144,463
35,395,421
54,111,351
3,170
112,365
349,451
228,395
14,39,362
260,398,480
131,183
71,282
1,354
81,353,439
216,223
112,208
103,291
27,387
424,442
339,429
181,498
292,486
218,488
207,236,350
132,269
8,69
53,201
219,455
241,341
303,337
232,341
178,411
49,68
371,385,496
174,313
44,280
247,320
239,415,431
156,314,374
121,319
29,61,162
294,307
275,339
194,399
183,421
161,237
62,167
116,281
272,301
67,436,451
32,270,301
86,404
106,179,390
26,184
63,357,493
68,90
24,456
127,403
101,326,427
120,256,293
156,429
268,310
86,318
282,471,481
220,453
122,196,321
57,156,435
111,442,493
70,235
57,181,458
298,489,498
260,432
37,463
45,178
10,280
151,170,355
6,217
94,178
107,186
78,307,414
84,457
191,356
9,89
182,229,322
161,272,332
113,353
136,239,343
38,424,489
148,311
254,355,367
126,490
175,328
115,239,400
278,360,480
321,372
16,64,198
57,380
92,349,462
39,186
86,121,366
66,80,93
105,311,327
104,261
38,236,390
377,441
281,413
149,185,232
68,247
199,317
192,378
34,296,354
335,471
31,238
29,480
12,323
217,297,300
71,327
77,398,413
106,114,460
80,99
425,434
174,338
130,350
16,249
226,242
39,242
310,364
78,149,370
211,238
27,83,320
57,181,417
325,396
174,434
131,219
270,283
25,123
268,396
266,300
214,471
107,270
219,429
238,392
92,125,387
156,414
407,457
42,497
2,143
159,348,446
46,123
205,363,415
290,409
68,272
209,242
182,259
110,472
148,214,245
389,424
43,490
205,379
377,474
8,270,375
208,478
43,172,496
137,272
320,363,385
242,449
217,233,333
120,300
132,208
28,376
35,472
47,445
174,381
332,333
196,429
11,31,162
3,231
25,236,328
97,347
75,458
57,202,206
9,47
235,393
165,216
122,168,368
75,291
170,337
2,338
140,293
62,335
8,142,156
297,500
143,380
99,213
161,451
115,264,329
56,345,490
26,354
230,355
333,471
53,95,155
84,284
130,290,499
135,139
80,149,373
302,440
13,366,439
126,176,261
262,406
235,327,466
38,389
100,494
107,235
74,366
183,343,464
400,490
2,208,315
121,250
221,498
100,277
399,500
199,311
74,175,285
251,419
31,129
431,487
1,341
273,445
20,179
241,305
222,263
234,294
194,211
53,209,415
101,249,295
409,428
14,303,344
274,375
183,191
103,237
2,186
442,464
30,164,185
141,310,418
105,468
51,200,476
142,333
44,60,402
345,452
99,487
57,162
32,426
105,194,200
110,228
44,315
406,444
72,302
86,393
220,270,271
108,258,360
210,342,487
168,221,460
254,402
33,433
19,108,167
182,293
138,381
119,476
384,493
165,389
55,198,446
97,327
1,33,271
212,282
185,368
296,328
371,496,499
21,175,410
51,60
224,396
372,431
138,327,459
182,244,304
154,228,473
132,175,203
253,254
107,412
8,301,338
118,290
191,335,347
146,191,382
80,454
255,257,461
1,384
43,397,497
77,385
151,370
8,367
118,263
89,195
19,77
290,463,487
117,355
67,108,141
65,210,464
11,85,459
321,489
316,406,458
12,250,379
69,112
303,332
449,488
64,447
9,214,339
220,387
79,106,225
137,409,494
18,126,379
187,390
138,189
267,288
97,224
90,157
245,272,434
34,195
310,463
116,244
88,104
186,363
233,415,500
3,426
326,421
39,86
158,387
160,472
4,41
131,251
35,195,383
177,480
13,447
266,406
306,428
105,329
131,169
198,454
375,377
84,115,348
102,157
343,427,464
50,300
83,146,483
75,98
122,467
387,456
267,463
11,483
89,320
207,496
233,427
164,326
187,398
136,215
52,364
115,333
76,216
49,239
111,210
133,212
17,20
324,450
302,487
339,403
86,90
90,239
209,297
17,238,310
270,379
25,92
366,459
303,410,460
95,311
131,398
30,376
50,135
55,143,159
191,476,499
13,82,339
275,458
36,116,404
96,380
390,482,491
293,305
23,357
46,201
53,159
331,476
45,152,264
38,386
219,345
188,476
175,499
60,351
56,204
114,268
13,234,317
130,140
107,446
324,382
314,418
10,161
115,452
34,365
104,126,199
26,224
104,184
295,415
58,121
99,211,400
112,239
116,156,249
400,447
7,100,357
2,75,460
111,303
190,196,314
215,377
236,280
21,242,461
70,106,299
125,400
69,423
184,492
95,245
34,263
31,424
125,270,340
153,245
69,320
374,412
204,237
83,365
17,273,439
170,311
108,120
129,356
204,237,425
108,217
205,214
202,344
149,238
81,92,107
125,321
307,359
230,281,391
96,392
303,395
360,441
18,212
234,235
146,306
255,273
134,217,493
71,368
29,284
69,232
27,262,311
51,353,357
333,459
15,45,260
169,200
36,280,322
100,116
423,490
243,408
376,447
153,159
245,328
196,263
65,257
242,294,408
225,496
257,408
154,293
239,464
104,349
293,484
162,399
159,427,471
27,260
112,394
28,255
400,499
192,459
184,277,449
206,257,389
73,351,367
76,210,462
192,283,393
37,391
185,330
214,231
27,87,214
286,360
419,443
102,431
206,294
274,376
82,496
121,299
160,236,485
151,265,279
111,158,332
17,238,489
12,92
115,321
123,379
186,227
254,446
42,240,388
62,323
221,226
356,394
50,315
100,369
187,436
64,220,400
159,292,324
86,486
218,431
83,222
233,317
72,132
390,443
355,437
92,271
57,200
30,352
57,114
46,381,431
40,356,466
222,275,320
179,193,195
19,247
37,399
185,240
165,410
465,498
205,359,468
256,484
96,446
104,294
407,454
45,222,439
180,403
4,70,207
449,480
2,453,492
163,307
161,279,369
294,406
7,367
87,489
122,218
103,291,374
120,411
273,387
26,170,241
124,226,276
266,480
61,306
221,346
106,280
22,311,355
286,497
85,356
282,375
222,294
347,370
85,473
93,417
57,354
120,181,224
256,497
20,159,274
161,353,391
169,447
210,409
379,395
77,411
319,493
200,261
18,253
122,230
157,170
209,228
298,299,473
302,494
72,323,470
252,344
47,360
289,413,487
7,215
147,409
161,231,291
8,145,476
206,219
20,173
175,480
159,177,257
100,314
216,330,481
135,287
7,452
329,424
222,398
320,376
29,41,499
80,90
71,389
370,417
106,413
62,165,440
68,286
95,408
421,441
9,62
37,76
145,404
220,336
299,386,451
152,332,442
38,310
93,331
15,293
123,209,418
273,481
19,251
221,413
393,471
77,209
30,215
38,288
251,401
417,437
76,436
207,369
155,318
261,411
288,334
274,449
28,148
248,494
11,499
211,213,465
102,415
469,492
21,22,282
396,492
44,430
51,94
140,237,325
103,219,425
54,158
44,238,468
114,288,364
73,243,378
217,290
238,335
145,472
460,473
218,373
265,270
125,321,351
3,393,439
57,94
86,312
107,115,326
35,376
275,282
118,243
6,15,236
117,280
115,197,366
79,140
400,500
107,108,394
7,321
432,493
103,224,229
260,448
10,450
169,235
259,322
131,375
340,363
6,166
146,201
3,258
169,446
72,449
110,121,360
61,102,390
231,304
65,201
34,117
250,305
37,297,424
225,322,349
107,116,180
164,308
200,472
75,224
213,344
325,499
105,184
88,316,348
11,168,223
269,327
18,277
170,412
157,232,352
1,198,216
48,452
326,404
244,473
132,221,364
217,245
101,500
11,391,484
191,300
182,243
56,493
221,473
19,325
220,448
193,485
290,335
264,289
423,483
191,347
122,242
35,123,360
67,197,218
63,245
231,232
138,181
101,345
142,369
185,229
135,148,372
303,450
38,247,419
17,479
117,202,434
367,490
84,265
39,82
294,441
319,486
349,419
228,297,480
271,432
127,370
233,489
427,453
201,500
82,280,282
138,326
130,344,459
85,122
53,379
153,290
136,190,271
198,356,496
394,441
190,325,386
74,180,248
178,304,465
28,99,301
357,360,406
65,366,418
65,69,488
153,391
75,281,471
24,407
60,500
59,185,266
119,249,321
247,396,450
237,447
259,342,422
140,244
255,357,447
209,357
12,383
65,277
152,324
89,383
192,230,234
9,475
462,478
134,372
132,466
354,383
57,462,475
270,301,366
99,482
191,445
199,435
193,497
127,230,252
16,155
189,329,406
14,95
66,148,466
31,390,450
108,155,409
62,373
232,393
237,271
11,431
144,446
124,143
89,359
13,401
144,392
122,286
284,468
46,239
56,432
8,239
219,276
26,312,429
372,409
302,312,406
188,333
208,284,339
259,379
181,297
333,343
20,79
20,238,397
217,338,489
124,131,289
52,110,433
396,471
18,477
134,249,292
207,265,302
283,372
157,335
223,341
216,404
276,482,484
210,251
4,178
222,354
81,215
164,246,402
98,335
291,375
252,260
223,498
301,429
38,381
45,460
153,305,498
216,231,347
30,409
243,326,445
77,248
275,383,495
83,320
277,414
200,302
18,335
172,446
337,401
245,383
45,124,397
280,409
134,418
97,157
285,352
87,420,452
176,432,447
200,250
18,47,86
127,245
33,296,325
55,447
13,281,461
214,307,319
240,445,471
315,435
14,147
39,389
181,264
460,469
252,283
217,411
362,396,483
208,234
98,118,385
163,441
54,367
232,234
216,274,437
260,361
59,261,295
258,472
141,234
291,317
88,322
235,457
2,77
25,404
55,420
238,265
206,266,280
20,295,321
90,393,461
142,338
159,489
209,454
153,283,461
297,489
373,497
101,391
157,281
99,351
55,169,490
170,318
233,438
69,84
190,420
219,290,433
9,222,262
45,172
128,479,481
274,353
2,298,476
360,438
98,296
77,346
242,361
193,250
95,96
128,350
71,108,273
68,169
135,151
148,389
50,75
180,500
63,283
45,500
172,386
58,68
293,391
126,134
99,416
43,459
327,461
137,345,457
49,175
254,442
18,293,477
108,482,484
326,375
113,302
49,165,235
54,99
58,81,163
220,425,486
292,357
388,440
179,211,317
378,482
149,415
59,161,314
400,472
75,213
80,89,366
104,282
25,344
146,256
204,393
24,100,174
82,95
124,391
424,438
255,438
133,159,245
280,325,499
26,478
330,400
131,491
207,401
170,277
31,411,439
254,461
156,205
158,399,490
180,323
41,86
366,487
233,248
150,215
87,493
235,318,430
155,354,426
133,285,401
49,98
177,252
192,460
140,275
111,168
307,325
174,228,404
187,276
3,62
116,461
75,257
110,356
9,455
23,33
56,88
51,296
22,270
100,278
73,227
206,355,429
299,390,496
174,320,453
158,274,457
215,323,408
34,234
150,222
152,398
19,140
371,480
77,147,278
35,470
3,347
29,259
112,486
20,463
197,198,239
204,383,474
339,407
82,414
333,438,500
213,435
176,374
310,451
41,325
82,356
234,312,471
123,405
19,303
118,317
20,377
101,193
270,356,411
22,300
226,236,258
22,176
10,182,459
100,152,248
192,459
24,166,404
99,210
130,389
191,319
121,428,470
81,204
131,238
35,73,167
53,326
125,363,493
38,422,460
75,136,320
312,410
26,437,483
194,387,471
190,483,498
101,179
242,414
86,280,321
413,419
269,300,389
179,458
191,214,429
128,203
103,461
98,365
192,256
396,477
174,325
49,230,402
378,387
263,306
272,464
405,425,427
206,285
113,486
135,475
246,416
10,195
199,451
25,378,475
393,440
30,382,408
19,187
158,249
195,407
122,488
14,19,38
380,434
61,225,440
231,254,333
56,326
26,281,407
185,300
87,331
208,353
30,163
302,326
140,251,303
73,183
60,254
155,230,315
19,129
52,230
201,273
359,474
43,284
23,160,484
19,207,459
12,194,479
271,420
114,386,472
186,277
383,495
137,379
251,316
117,232
297,472
162,382,409
271,400,425
81,459
234,323
90,101,306
83,157,406
50,240
20,442,500
115,434
252,302,398
132,269,371
183,432
247,299,360
66,387
28,145
127,266,300
75,377
164,183,198
6,329
213,377
276,499
106,155,458
213,424
88,179,367
30,103,473
194,269
128,381
368,414
96,447
100,480
25,169
194,230
231,325
382,488
252,303,472
304,364
111,117,249
71,95,417
68,143
65,119
135,463
350,385
267,365
411,412
181,311
30,212
344,405
279,381
412,467
74,432
145,274,353
38,52,496
213,412
117,463
41,172
371,407
120,218,279
88,242
90,190
14,29,483
402,436
478,494
129,150
112,336
262,323
268,375
163,213
110,226,483
245,481
14,90,345
309,411
209,499
403,410
92,224
168,210,460
101,464
186,488
206,386
55,73,412
59,435
71,93
273,401
253,340,418
240,406
325,433
293,296,491
111,338
55,201
104,165,327
371,408
233,333
207,493
52,68,104
47,359,441
211,249
40,98,311
45,256,451
10,453
441,492
351,427,492
60,307,345
17,189,272
475,497
147,259
338,363
13,64,144
117,262,319
18,204,429
112,115,161
87,237
23,441
166,297
132,385,480
124,254
218,340
17,448
11,102
87,227
14,179
111,207,423
365,374,429
245,431,448
188,317
34,461,470
64,163,307
83,352
145,472
6,186,213
280,292
74,401
158,237
166,177
247,290
108,499
15,61,236
42,364
8,177
326,425
349,350
7,314,431
218,381
204,401
203,450
6,166
303,451
469,478
145,411
288,469
202,450
87,375
72,157,365
179,500
51,308
11,66
392,400
314,358
210,433
74,272
140,193,258
182,376
25,305,396
163,428
134,423
150,163,216
241,263
334,374
15,454
195,376
27,243
147,353
167,465
194,214,269
82,471
241,296
26,385
171,416
11,168,231
104,330,386
212,389
148,274
342,480
354,387
61,400,467
35,50
163,389
188,483
149,170
13,21,291
186,284
76,175,293
56,314
103,195
11,443
292,348,369
251,496
178,261
149,257,494
110,115
163,281,414
264,457
187,299,442
54,500
266,490
141,347
167,402
162,210
239,420
101,500
24,146
148,262
110,151
27,135,228
153,198
363,500
110,404
160,192
369,442
86,141,277
20,379
393,456
157,413,454
164,205,487
119,407
208,471
199,254
327,497
6,150
188,321
17,358,380
286,487
170,434,476
294,364
36,296,299
115,204
71,388
212,372,489
173,369
218,272
31,247,458
294,446
15,306
204,414
49,481
36,229
235,370,437
269,353
226,380
163,170,214
202,262
10,374
270,366,464
10,73,93
34,103
151,314
269,414
7,247
53,449
66,136
50,365
120,304
259,362
23,128
269,302
140,207,346
74,447
87,245,435
79,181
72,82,323
205,255,427
296,307,389
42,386
146,304
26,392
192,422
311,471
80,228,500
239,427,451
65,374
365,449
432,460
64,103,214
70,353
145,396
25,148
142,272
81,153,236
279,366
219,455
74,320
86,312,335
414,476
118,167
58,410
40,229
325,363
298,353
337,433
354,359
13,189
53,374
70,187
166,187
178,203
332,400
43,395
120,390
272,372,465
190,321
99,183,493
153,490
254,281
53,363
128,303
48,131,417
91,197,254
32,104,241
112,376
28,125,425
351,479
86,356
26,232,317
316,404,493
463,488
52,232
211,255,420
32,299
224,377
36,115,333
223,289
328,460
27,220
439,469
88,271
50,440
446,486
277,487
45,97,469
17,282,403
5,293,483
172,436
349,424,443
201,292
343,358
190,382
430,466
131,193,325
134,371
29,122
200,244,490
47,284
231,297,319
46,205
77,300,448
90,195
211,328
332,362
33,51
54,79,94
87,226
156,255
213,253,316
255,489
129,371
32,209,233
46,257,277
50,373
252,371,424
303,448
462,473
429,437
107,184
225,366
199,429
10,244,396
136,373
40,157
84,283
16,164
122,294,439
251,361,433
83,439
266,273
18,222,388
98,291
85,219,251
26,62
223,407
371,410
69,178,426
12,117
3,378
4,174
321,432
143,247
164,288
146,280
169,276
35,176,234
15,472,480
13,80,401
33,237,353
112,164,354
115,395
13,84
75,181
56,60,189
27,170,246
154,452
118,282
141,403
8,53,253
3,289
95,97,347
289,337,390
171,193
46,324
25,160
237,468
215,335
195,421
18,44,301
36,438
266,461
155,163,394
219,297,360
142,261,364
237,278
58,166
114,150,446
109,162,205
180,459
145,412
113,148
144,197
83,454
127,153,491
76,252
216,309
385,497
203,460,473
264,280
74,88,113
187,422
396,397
386,418
19,203
100,123
182,421
255,315,351
205,497
174,432
372,378
18,170,184
150,355
120,275
184,414
44,201,399
275,302
11,420
263,408
156,243
71,184
34,407,454
32,36,243
224,427
150,407
113,282,477
165,466
112,287
36,193,453
409,489
230,462
12,309
188,375
145,270,313
68,405
210,259
16,294
77,342
163,229
428,462
174,427,444
23,275,409
286,330
179,376
62,296
26,143,356
120,206
24,202
196,332
138,249
282,308
34,211
84,122,407
8,198
69,265,432
235,383,388
106,310,424
273,352,456
321,411
20,28,147
72,236
25,37
131,346
276,325,496
109,305
72,430
32,315
174,190,390
262,287,291
139,160,420
173,278
155,178,472
376,463,480
123,436
304,350
182,475
430,436
16,478
137,158,381
323,401,481
4,10,256
11,210,487
213,245,493
136,199,365
167,318
361,469
285,408
219,337
341,424
367,433
307,361,474
26,288
104,288
227,471
39,135,195
306,463
80,326
7,348,446
269,283,494
56,77
362,391,409
372,493
107,334
121,460
116,204
372,493
31,57
183,446
41,360
142,381
71,230,375
312,359,474
21,50,76
242,320
293,298
225,269,475
283,341,455
100,450
259,499
222,454
10,112
174,198
231,384,387
160,310
2,9,357
253,315
332,361
65,426
53,55,135
279,379,438
361,397
198,376
41,234
148,350
139,230,475
20,279
422,454
12,194,341
17,316,452
148,293
213,321
176,273
352,400
39,86
157,291,365
459,462
92,284,401
469,496
56,135,478
354,446
131,234
227,452,493
255,367,490
60,120
300,470
205,209,265
274,446
179,283
327,370
34,165
403,410
91,164
312,474
290,313
57,181,395
60,164,211
41,130
57,136
10,483
165,331
81,260,467
21,198
163,342
61,79
293,328
217,453,490
201,293
108,177,303
269,421
37,325,362
12,231
133,430
41,261
12,260
272,292
212,310,409
242,355,476
144,334
2,71
47,373,393
133,165
260,355
296,361,499
73,249
249,316,338
136,184
245,338,444
417,455
106,244,304
93,360
246,320
89,183
7,28
121,160,391
182,422
13,163,266
420,457
61,433
328,487,500
220,468
181,473
264,280
242,392
153,202,341
156,464
7,284,415
176,478
352,470
302,389,474
223,233,383
171,329
4,196
252,277
218,372
286,487,497
223,277,470
364,485
42,200,243
92,348
28,213
105,384
84,146
113,169,242
182,362,433
235,263
152,228
205,452
159,376,448
124,397
266,368
175,478
162,386
458,469
225,390,462
77,449
51,328
187,296
132,484
190,260,451
46,331
72,496
145,221,279
48,212
156,196,313
112,189,282
12,175,319
118,266
32,332
249,285
176,215
117,165
303,390,417
404,420
160,370
114,385,488
116,148,451
20,357,436
294,353
23,175
211,232
108,250,258
96,205
386,494
133,393
100,189,338
42,240
168,234
33,125
7,255
33,200,222
49,86
275,454
51,76,81
139,432
165,414
80,149,327
126,348,380
403,471
365,379
151,184,282
67,198
47,302,421
223,297
334,464
103,414,470
232,406,488
36,63,370
10,472
35,132
230,244
233,315
218,380
24,183
80,251
353,360
113,265
14,121
97,488
19,92,206
218,338
175,264
118,365
170,354,477
63,198,482
80,304,394
103,373
74,116,366
210,286,350
80,393,498
114,390,475
28,427
10,90
196,470
254,405
272,338
27,216
205,207,272
122,187
87,133,274
326,385
121,132
447,460
5,375
276,397
101,170
252,437
2,445,488
351,415,476
270,392
257,461
230,451
47,312,388
187,293,484
31,264
278,402
200,438
58,293
268,402
43,81
74,190
25,193
315,372
41,317
68,349
78,352
255,434
127,181
127,218,347
223,339,461
16,468
128,244
290,403
14,361,487
125,197,253
29,175,484
175,213
83,495
148,454,466
208,232
172,419
42,118
242,394
25,116,207
203,475
415,453
83,275,406
92,199,312
204,437
58,113,459
118,483
177,278,302
57,452
71,442,487
156,418
371,432
18,241,355
57,226,394
370,466
106,437
199,368,408
11,121
146,223
365,450
45,331
305,485
77,398,475
29,364
57,446
23,76,451
19,428
183,313
57,78,305
65,96
25,121
91,237,432
182,456
395,483
350,385
133,268
95,344
87,340
125,459
244,367
47,191
61,401
381,423
318,406
50,299,316
117,129
149,364
119,136,252
127,275
339,414
240,307,384
256,404
15,57,472
164,295
217,283
335,478
321,478
51,283
244,409,498
307,455
116,399,465
305,458
18,241
36,158
226,433
58,247,499
179,405
227,326
210,289,343
132,386,436
261,453
135,191,368
441,455
35,66,165
281,311
177,459
216,328
9,409,448
111,500
100,237
353,432
102,236
100,434
80,365
343,400
93,390
113,180,331
180,334
233,353,395
58,455,462
334,370,467
18,208,215
154,219,497
148,491
156,272
26,281,449
356,474
338,487
106,146,462
104,343
339,393,420
142,198,453
57,226,483
147,353
262,316,324
2,51
9,155,374
118,165,257
224,312
7,135
8,186
166,236
273,471
30,286,371
88,239,444
8,220
96,364
121,177
32,271,486
48,288
356,445
31,335
75,194,273
80,165,218
182,456
93,397
275,419,421
185,497
227,333,431
185,378
160,284
230,344
274,443,456
101,152,402
173,376,381
112,233
344,498
147,479
165,168,378
7,126,326
373,462,498
60,314
31,351
155,258,280
227,376
356,413,481
96,422
33,186
70,386
342,424
323,483
193,417
123,145,211
198,301,446
172,396
90,105
67,142
74,427
120,230,473
161,272
307,360
104,322,484
57,172
441,478
231,279,313
209,366
208,481
1,378
113,127
226,469
47,215
328,416,446
13,43
107,274
60,251
475,485
81,99
230,333
61,210
280,397
426,455
59,137,486
405,469
195,259
199,339
36,399,432
38,256,378
3,451,484
302,494
258,303,419
401,408,421
68,141,488
108,114
331,433
125,135
153,236
29,475
53,312
281,366,386
311,456,473
208,214,269
388,485
176,440
127,417
17,66,141
254,299,438
53,342
25,60,409
151,445
247,449
64,393
212,456
195,300,461
283,286
384,394
214,223
58,61
374,484,488
373,455
36,107,324
347,465
294,443
70,109,301
62,118,215
18,107
231,355,470
16,225
218,268
9,269
88,145
17,119
143,185
4,396,423
284,357
256,382
27,193,310
128,159
78,90
25,477
32,190,402
182,499
112,224,446
165,200,311
454,456
236,327
119,174
112,492
184,222,224
414,495
73,498
20,405
190,439
88,215
170,294
134,217
157,294,466
222,273
356,429
327,358
345,471
229,354
19,68
84,99,116
336,473
10,153
154,464,497
172,261
134,369
247,279
17,479
326,450
132,147,413
184,498
193,251,364
428,497
241,437
1,195
204,307
69,350
190,361,391
158,476
187,386
211,481
5,174
171,489
132,267,485
132,138
202,290,499
122,212,438
138,145,270
128,251
24,374
113,196
32,53,91
308,463
185,269
13,195
50,141,216
4,20
53,431
167,430
5,483
433,450
173,453
149,224
139,245
291,437
187,208
20,179
141,454
222,224
105,165,167
24,234,494
193,304
15,68,203
73,372
257,376
203,433
247,278
163,381
15,213
300,346,400
294,320
103,378
361,450
100,283,444
152,292
115,159
170,332
98,410,458
169,329
24,37,72
224,281,284
155,243
33,130
181,471
176,470
168,289,297
419,460
92,375
34,321
403,479
18,256,258
305,329
25,306
27,216
179,192
155,209
42,232
103,221,270
155,295,318
134,189
15,372,378
254,401
60,68,382
141,194,223
231,373
9,384
77,79,247
6,463
187,365
364,376
393,440
95,148
31,125
14,176
