170,463
32,35,357
218,382
50,58
43,89
202,301,319
14,405
325,336,348
268,277
326,369,401
42,353
122,298
13,95,400
59,169,296
435,472
91,305,336
49,92,383
20,38,418
179,222
173,276
260,446
59,138,415
177,350,376
177,245,286
217,341,436
34,339,492
60,115,226
30,197
104,111
109,373,457
194,419
206,362
140,315,316
159,206
25,487
140,446
125,130
51,399
81,306
292,314
214,421
5,65,251
39,213,500
279,391
164,202
32,247
148,448
2,177
204,365
75,299
425,443
345,467
138,417
15,231,420
194,347
354,419
200,259,494
44,248
91,477
459,495
231,474
417,473
139,267
149,173,411
135,264,450
165,194
352,388,483
375,468
363,393,469
51,258,269
47,340,476
239,255
248,323,374
281,470
162,222
162,209
158,273
2,82
65,396,429
180,492
21,159,499
219,457
89,401,487
180,311
144,488
292,328,435
245,351
81,233,369
16,305
13,221
30,170
74,431
230,243
64,176
432,485
7,22
7,104,178
301,319
31,253
392,461
35,102
249,495
219,380
409,421
389,482
4,101
33,322
197,289,319
138,296
203,436
443,451
158,180,231
432,436,470
109,452
31,170
34,78
66,237,491
195,263,270
31,222,428
207,319,339
175,187,402
107,383
268,299
120,250
6,476
47,64,402
377,378
127,321
188,280
46,309
82,229,452
466,487
49,92
201,435
24,427
61,172,369
96,334
284,342
72,84,334
154,174
110,183,410
302,321
213,266
62,141
341,375
167,251,382
240,385
189,230
263,392
155,397
121,208,328
165,282,422
305,321
74,186
332,352
199,314
340,461,468
38,154
432,435
90,282,405
82,87
172,351
161,433
2,222,332
212,477,500
26,371,422
90,237
84,370
117,392
66,168,174
376,454
139,395
64,446
235,486
124,300
39,180
155,317
65,320,353
192,359
187,397,470
315,350
156,161,465
347,374
11,381,468
46,110,442
207,421
17,476
41,184,360
48,109
472,482
214,327
55,372
100,395
148,483
9,204
64,107,180
139,305
164,385
25,150,197
205,342,453
102,150,182
337,447
34,302
199,371
352,365
379,419
61,407
295,485
243,247
212,274
33,267
148,202
167,226
264,298
41,450
6,487
3,261,265
148,317
381,429,492
279,310
142,296,386
231,397
122,195,202
335,378
171,177,341
319,430
388,390
18,276
231,380,419
1,384,437
261,308
229,268,430
221,429
126,308
35,219
202,300
29,216
220,440
278,288
413,493
124,217
62,408,409
97,191,219
26,467
59,292
92,470
89,477
34,142
21,443
204,281
112,321
134,240
122,463
193,491
97,419
73,139,350
83,384,423
10,187
209,257,464
409,456
89,252
4,143
264,482,498
242,298,458
200,313
27,246
147,162,206
339,490
115,327
50,80,345
1,59,135
233,279
206,439,455
142,428,432
222,352
126,182
69,460,499
288,348
75,93,307
22,341
79,238
4,206
82,231
15,40,447
313,413
79,291
147,151
204,302
29,203
204,237
64,217
37,102,171
70,418
316,385
152,297
23,150,239
294,448
2,47
27,255
19,291
132,259,457
10,291
340,455
166,469
67,230,334
174,207,367
375,450
384,437
156,497
378,487
176,204,384
326,371
310,356
184,330
11,176
64,179
262,273,327
96,103,274
48,247,471
54,146
51,308,388
252,297
345,374
23,274,336
160,485
120,138
61,188,274
262,430
229,258
255,462
26,113
15,189,256
47,155
113,207
3,367
64,293
126,207
34,231
254,423
170,471
74,93,249
85,301
87,244,411
49,294,345
285,493
168,357,480
391,420
83,86
346,466
87,401
38,439
245,498
339,366
284,362
317,401,466
11,137,326
196,325
331,428,451
42,297,440
374,473
31,318,322
119,225,273
71,411
64,353,381
224,278
6,171,421
78,255,344
213,274
82,153
110,361
204,350
233,316
86,266,308
299,459
367,399
317,357
216,480
10,134
399,420
274,348,422
339,366
4,200
236,316
134,232,498
13,477
11,359
247,316
226,298
71,354,449
229,232,493
86,96
95,299
343,354,359
4,24
297,334,336
78,480
316,457
23,190
22,197
12,110
213,256
163,278,402
74,482
95,453
198,453
294,355
409,438,459
309,468
450,458
244,473,489
272,428,443
85,141,254
34,332
84,124,351
320,470
177,451
13,358
138,346
218,472,481
290,448,465
69,108
160,172
144,427
209,217
449,466
157,178
130,171,486
97,157
180,311,464
110,217,273
449,465
109,173
48,60,149
7,281
46,122
340,463
116,476
197,407
66,191
37,271
48,141
200,264
400,439
194,471
13,342,442
323,391
112,326
89,436
93,130,290
77,223,466
18,349
109,176,489
34,393
104,497
400,413
263,453
152,444
65,328,358
314,376
222,489
124,437
292,396
126,133
135,327,418
70,121,205
261,391
242,488
135,146
101,314,373
40,125,500
232,343
81,498
48,379
39,430
21,282
94,497
88,123,227
30,244,435
254,266
113,290
285,474
18,302
112,133,203
158,387
35,323
60,85,250
29,221,391
335,474
183,291,472
263,288
164,232,243
80,128,377
42,388,413
33,399
360,471
31,276
82,326,480
274,421
46,260
6,39
133,412
217,372
29,209,227
27,438
237,289,397
77,418
62,457
61,196,298
34,340
170,285,304
123,257
169,351,437
39,182,471
95,444
123,411
146,163,212
18,91
102,168
49,108
75,176
43,200,232
254,266
200,310,341
34,360,441
28,436
144,356,372
137,219
267,464
134,164,194
105,201
279,411,475
168,474
309,404
184,279
53,404
322,324
106,169
116,164,327
240,460
377,483
2,64
53,291,372
367,449
263,424
79,245
172,372
178,293
177,357,395
4,460
225,393,489
82,253,399
120,433
124,414,476
334,419
179,324
41,246
374,488
435,490
65,326
107,162
49,249
27,91,212
27,54
218,274,365
88,122
348,468
110,395
168,380,495
106,376,461
285,469
96,190,431
76,123,257
107,271,393
173,210
8,32,288
142,399
236,313
164,412
177,226
27,387,446
73,137
104,323
244,326,328
439,465
88,234
29,266
263,463
163,165
121,175,373
258,288
54,84
36,185,434
177,332,350
5,234,248
177,207
43,175
90,390
75,120
77,112,467
130,152
236,240,269
189,305
166,183,424
122,416
99,466
268,275,466
48,60,112
340,405
67,496
243,340
24,158,200
223,326
46,406,470
308,470
412,497
19,121,473
350,396
290,430
182,218,298
123,397
301,385
72,182,282
355,424
101,105
91,335,418
96,213,351
30,421
167,457
337,383
208,295
107,390
229,291
314,376
418,463
82,308
98,320,461
4,216
92,408
430,444
198,388
236,458
29,416
16,419
60,382
34,319,359
414,492
31,440
281,352
76,461
175,365
394,493
150,215,257
15,100,421
178,396
44,322
106,437
226,279
349,457,497
63,293
402,411
53,375
74,497
232,389
133,412
336,449
24,313,380
52,181,321
9,167
215,376
63,75,370
98,144,482
289,460
311,376,486
309,335
151,211
273,362
126,196
63,310,411
46,99,372
83,245,461
115,382
121,365,488
48,403
144,257
128,340
46,248
130,176,331
46,279
68,409
88,181,454
89,492
92,425
36,48
270,299
214,293,379
170,207
29,323,369
205,268
220,285,297
7,42
2,180,490
103,154
33,161
33,280
251,435
188,460
129,466
13,129,233
16,357
222,364
299,385
1,321
197,234
285,357,478
80,217
142,195
26,206,314
115,150,276
80,107,161
245,464
324,343,393
382,442
21,60,414
86,499
92,209,473
328,407,454
38,170
160,277
76,176
16,386
277,287,500
15,192
120,377,485
143,441
260,348
178,252,280
349,432
143,263
70,223,264
44,116,185
43,412,434
264,430
180,357,494
318,431
187,329,396
258,368
45,118
150,202
125,443
38,441
110,442,449
39,266,348
153,305
57,307
130,178,180
183,313
98,288,317
12,143
59,169
19,483
202,335
447,478
124,415
148,466
73,350
72,437
229,335,362
103,170
313,463
36,476
7,65
4,32,248
117,128
29,317,487
88,134
344,373
295,452
205,356,408
73,197
54,115
112,458
75,303,339
126,238
298,434
259,499
216,426
174,302,377
164,418,448
213,258
200,223
261,311,349
293,410
80,375
127,225
377,490
197,280,486
192,223
230,431
276,441
294,395
308,347,379
302,383
86,401
68,232
450,455
30,308
222,424
9,204,383
119,303
96,135,256
38,404
107,170
14,208
36,310
375,379
187,452
3,342,460
59,394
420,478
244,486
233,372
241,324
84,111
61,481
319,377
41,407,414
92,179,260
222,248
318,379
282,445
273,286
73,396
75,316
123,364,438
190,217,284
15,296
299,420,494
142,321
48,62,118
302,365
63,84,202
61,83,481
305,417
242,269,493
131,208,244
103,419
2,254
257,300
224,373
157,319
76,129,395
87,204
47,159,196
315,482
9,288,417
28,439
56,209
80,280
82,128
148,238
11,353,441
472,474,487
17,169,434
295,326,493
38,126
16,57,475
274,414,449
228,257,301
62,249
207,375,491
196,255,384
119,214
89,132,287
19,437,499
363,391
400,472,482
58,436
441,485
137,191
146,348,394
43,384
259,275,487
25,139
219,353,402
38,246,333
210,373
191,279,451
211,219
405,469
47,368,389
22,141
40,232,286
77,252,348
94,136,241
144,394
108,271,281
283,364
293,390
218,348
431,433
49,256
114,121,348
156,201,417
284,320
64,87,410
105,108
169,221
92,156
213,277
47,305,330
221,242
398,413
92,261,421
329,488
117,390
8,265,444
11,349,429
4,18,461
251,340
10,398
218,333,351
144,172
302,339
82,411
165,182
261,460,475
290,380
139,267,497
111,307,498
371,378
200,444
86,262
53,93,463
108,297
63,349
42,359
38,43
139,311,375
237,464
54,196,255
135,321
215,335
113,295,473
337,481
32,220,398
54,159
257,453,490
259,285
354,373
63,231
259,275,320
241,322
206,493
236,357,482
10,353
119,334,414
94,137
197,237,359
22,42
149,208
130,454,471
92,266
31,355
96,135
12,76,478
249,472
84,226,395
19,205,210
64,406
296,360
221,335
7,324
364,485
163,251,303
221,439,463
126,213
119,266
109,258
101,138,335
21,166,174
335,487
160,342
36,50
234,431
155,178,375
216,291
224,335,408
63,212
249,342
53,205,286
11,40,390
305,386
12,249,403
153,394
61,165,170
132,285
36,362
168,210
79,395
367,369
33,434
170,369,485
213,224,433
135,249,260
30,292
228,248
381,418,459
84,112,129
45,269
34,225,241
277,430
279,328
258,388
24,99
126,304
302,414
37,338
116,226
102,327,363
13,316
97,201,373
4,94,99
17,86,340
225,432
273,356
81,369
65,113
212,486
106,360
202,461
310,342,449
16,347,383
151,378
71,133
29,144,270
240,420
97,217
212,365
105,155,326
290,332
373,456
129,223,265
66,176
89,226
143,500
144,466
40,138
16,479
79,433,436
80,197
270,456
367,413
138,184
156,180,485
91,284
62,480
346,406,495
289,338
45,258
26,106,164
68,200,306
151,317
52,79
295,332,452
239,272
147,467
155,331
180,264
253,285
320,453
75,278
309,370
19,164,173
71,368
97,428
281,283,390
104,222
47,402
29,56
64,153
109,384,411
3,37
248,251,257
419,457
223,225,309
241,284
49,189,268
451,500
406,500
33,182
68,475
166,355
176,209
18,101
160,207,480
54,388
38,170
59,85
9,192
97,339
110,208
243,330
49,290
131,482
139,400
433,443
376,425
93,480
51,261
154,226
43,348
1,452
143,439
160,482
319,485
13,474
89,266
237,417
132,317,427
7,408
180,206,238
394,488
9,301
236,269
161,225,329
329,470,471
28,163,336
248,371
34,39
100,305
213,332
439,470
104,344
7,120,155
261,313
365,399
41,218
220,283
111,175
161,393,448
160,374
141,467
117,384
87,113,432
62,263
442,498
85,193
197,448
135,496
103,212
152,269,403
48,247,437
1,426
279,427,459
224,238
342,405,427
138,173,192
69,155,330
196,436
61,213
62,86
149,413,487
6,184
32,248
412,480
245,266,321
304,349,489
152,219,457
392,480
86,434
61,315,379
52,412,437
78,150,237
57,464
298,315
101,272,352
384,395
121,207
20,325
276,311
146,347
20,474
135,169
292,314
253,349
44,50
102,395
204,464
17,375
68,306
22,366
50,252
47,112
119,133
51,362,368
116,439
107,374
175,344
73,222,260
331,396
323,362
26,33,139
18,241,289
355,445,447
192,273
216,356
233,309,472
83,489
279,408
352,469
16,452
15,433
85,399
115,423
383,492
269,313,427
158,363,450
37,169
154,247
169,384
129,194,300
5,268
5,76,232
18,381
124,326
348,357,364
75,389
345,367,487
283,426
180,457
337,346
289,459
123,168,335
76,101
32,171,429
68,99
130,433,499
417,491
50,399
71,194
108,155
186,344
212,360
104,226
81,236
178,225
310,424
374,422
116,170
302,399
62,319,353
275,445
1,368
102,328
130,452
243,251,481
92,101,290
8,252,449
88,228,367
10,174
326,410
16,78
89,340,414
27,243
225,326,410
67,149
115,174,433
16,395,419
232,404
13,492
50,125,315
88,122,309
303,432
94,181,350
77,124
101,191,377
276,281
46,336
2,441
138,170
18,162
56,145,256
13,188,278
120,186
46,385
48,418
109,223
400,407
70,307,453
406,494
187,191
129,250
80,277
109,403
78,185
329,353
84,262
19,245,379
242,305,389
252,423
329,387
239,303
171,481
207,267,484
136,361
1,171
189,437,446
344,390,425
63,132,463
18,118,373
96,213
39,185,325
78,243,323
82,226
210,212,467
277,429
250,254,340
88,416
134,219
217,500
17,200,405
228,449
121,209,292
81,279,400
209,271
74,342
64,343,393
145,146,290
475,498
437,450
429,451
206,285
106,266
89,111
223,275,406
155,468
261,498
37,192
74,343
91,395
179,483
148,155
129,172,316
121,170
131,422
84,232,454
90,195
46,208
307,330
378,482
230,374,476
213,341
363,464
94,139,207
241,272
155,471
171,447
195,236
49,148
54,58,334
61,115,348
72,221,355
308,436
145,446
148,218
54,275
194,274,418
110,121,206
121,454
36,192
6,237
207,375
303,356
241,271,377
323,498
427,449
325,442
296,372,497
21,60,83
168,306,351
79,308
302,361,441
38,224
148,231
50,84,477
305,339
224,336
145,399
114,397,462
66,111,162
238,273
99,364
67,140
240,400
126,172
33,301
229,334
46,408,438
336,407
112,413
86,119
91,333,423
29,300
330,437
66,404
297,328
153,410
179,311
53,134,494
345,368,382
15,69,298
351,495
118,437
94,308,399
248,264
148,493
9,228,354
272,276
133,224
211,258,325
41,497
321,356
101,260,350
78,256
243,275
323,342
58,312,325
452,489
138,475
144,183
196,249
233,300,420
465,468
278,308
29,114
73,181
163,429
154,193
259,459
240,338
213,415
52,238,414
438,479,499
65,470
393,450
189,423
465,477
100,150
90,136
490,492
31,237,396
12,83
160,205,357
9,495
43,143
156,277,413
180,339
239,439
254,276
24,202
152,201
36,323
286,454
249,339
65,104,180
13,400,445
285,363
8,12,35
27,220
305,316
89,293
76,95,147
313,349
406,454
264,300
14,284,424
189,220
49,113
57,225
124,296,449
87,243,500
44,371
119,178
42,105
74,235,293
331,365,452
223,234,450
172,239
97,154
41,147
86,442
162,422
111,248,417
87,433
156,344
48,116,262
14,498
192,466
252,430
66,314
40,230,409
5,416,422
126,138,390
169,331
180,343
409,465
133,253
399,497
80,118,370
161,252
102,291,466
78,165,235
75,90
75,249
161,360
208,415,486
162,272,361
165,412,415
120,204
101,187
106,423
313,413,455
92,447
91,486
241,435
1,291
66,260,441
113,137
201,365,375
261,422
42,490
8,193
154,259
160,446
66,205,307
26,369
73,236
346,382
21,90
238,398,458
214,347
111,343
194,479
207,311,326
129,261,286
51,99
397,490
444,466
18,191
226,251
34,217,337
174,190,230
135,159,371
79,240
428,475
97,197,292
237,469
37,285,368
181,420
281,399
83,454
439,453
93,131
99,202,268
331,411
186,353
217,300
162,500
249,307,324
183,319
270,461
212,373
262,366
37,456
132,214,348
149,278
346,491
137,302
131,357,486
13,385,447
363,387
30,338,457
457,485
17,48,173
130,388
64,130
61,266
245,250,322
152,326,468
163,236,251
368,403
292,410
99,269,445
116,470
2,322
20,50,71
118,428
305,325
62,456
1,56,83
120,128
104,139,473
41,444,488
85,253
4,393
11,102
266,418
16,163,336
326,352
395,407
114,269
10,27,296
248,251
202,270,380
159,242
86,115
116,424
10,336
91,408
97,386
280,369
1,82,262
34,128
303,499
153,288,461
113,179,491
143,293
268,389
4,185,326
40,59
297,337,488
79,165
135,287
187,244
137,228,377
106,113
99,160
265,445
9,295,332
220,379,395
114,234,257
51,375
46,150
4,306
22,145,303
414,435
20,269,379
31,132,281
37,257,401
197,219
193,406
196,336
215,269
44,96
115,494
24,51
20,477
47,269
30,108
126,300,396
92,311
212,411
13,323,378
59,198,434
193,211,450
289,397
192,335
204,473
46,423
201,345
431,455
22,154,270
105,335
10,431
184,281,368
60,393
388,422
278,459
135,443
69,146
53,62,430
105,280,361
392,399,453
290,454
313,369
185,446
203,437,477
63,339
204,302
90,437
187,359,432
162,221,410
31,425
109,203
192,484
25,219
107,438
132,303
19,298
51,99
117,128
109,147
13,317
68,450
276,341,435
127,447
23,214
284,324,428
18,401
93,102,424
237,295
139,341
120,297
105,219
49,192,226
93,380,458
60,462
88,150,268
337,496
228,485,492
163,312
148,280,417
26,145,260
31,283,337
212,285
176,361,464
239,406
72,481
243,315,434
189,340,412
49,148
30,229
105,267
42,443,452
49,191
110,463
157,369
154,243
130,341,465
14,169,443
385,438
2,373
42,441
94,430
128,494
206,400
277,467
415,471
278,344,348
67,317
245,481
55,394
104,280
166,408
252,351
329,338
47,479
54,325,386
315,342
273,301,363
168,306
49,95
245,498
67,288
65,167
202,221
117,156,486
304,390
51,341
336,436
2,22
402,408
48,58,60
217,488
358,382
177,236,429
275,456
95,275,430
98,109
318,487,493
16,54
23,250,394
154,220,499
157,166
36,255,422
170,433
365,492
71,363
33,292
296,319,350
460,494
201,255
146,325,418
294,414
392,440
323,495
13,264
259,392
14,240,309
221,293,407
120,353
70,359
304,326
263,369
161,390,404
195,473
17,207
287,340
202,318
33,76
3,427,478
169,292
299,337
215,455
303,414
85,196,254
394,481
111,160,371
107,188,456
408,477
8,156,472
190,386
207,329
53,390
218,422
434,442
26,28,224
135,330
67,325,485
26,364
321,461
89,163
82,223
228,278,474
415,472
172,204
175,186,441
117,333
18,344
131,153,366
176,267,324
35,399
90,489
365,448
177,200
80,280
255,413
345,432
25,119,426
142,453,497
120,454
290,419
376,486
222,328
228,391,441
12,335
51,299,472
189,398
274,329
121,202,400
91,253
342,380,493
151,494
69,173
130,396,488
178,218
275,335,362
216,238,495
131,155,194
375,415
284,411
327,492,498
319,492
301,482
149,197
151,357
161,186,290
274,318
39,254,500
402,440
329,339
92,225
219,391,409
174,458,469
176,281
112,378
306,342
224,474
286,391
262,419
224,233
432,451
48,220,238
62,91
91,146
179,219
98,150
1,363
131,217,311
79,426
37,167,299
239,363
16,213
168,421
104,110,115
318,430
16,173,325
278,286
85,293
294,468
132,467
247,414
105,469
25,449
19,83
355,393
300,452,477
114,393
12,472
5,163,250
154,212,293
141,182
229,499
216,360
103,219,429
227,379
213,244,453
197,292,452
200,475
286,331,485
145,182
158,269,342
195,438
137,393,397
278,355
7,318
184,300
281,437
7,181,219
5,170
126,361
119,235,255
423,441
38,422
6,448
23,136,399
137,332,402
96,351
145,254
148,338
244,260,459
140,431
240,478
79,479
122,199,237
26,294
29,143
134,310
73,333,352
374,461
330,414,476
38,50
216,239
185,342
286,302
127,231,344
11,95,209
149,420
121,416
227,481
134,158,460
75,114
6,164
230,334
184,220
168,292
6,363
105,162,491
159,192
258,363
98,406
162,364
66,415
61,170,213
212,366
91,148
225,481
95,215
144,263
286,340
178,281,326
68,286
19,243
193,229
118,175,290
164,227,262
15,103,133
297,344
63,309,475
17,423
221,323,372
213,362
95,392
110,351
331,485
48,431
61,251
156,219,302
47,342
110,148,278
191,322,452
213,470
130,293
338,406
427,466
150,307,455
373,381,491
343,396
295,453
257,405
55,68,427
234,279
59,401
80,244
120,183,346
237,280
318,385
39,482
293,436
42,162
27,79,276
470,492
188,335,370
2,178
303,410
260,358
146,371,476
116,335
66,177,432
384,398
140,175,252
23,25
215,413
88,246
222,260
224,308,388
98,424
89,212
260,451
366,488
173,462
257,498
406,444
97,369
16,388,479
111,207,451
182,193
411,444
108,376,457
360,362
267,435
10,429
13,208
188,251
13,202
141,190
371,388
94,326,344
75,373
120,139,178
16,326
389,418
29,106
65,152
19,167
112,245
18,162
91,213
119,390
213,263,436
108,468
63,101,225
101,425
44,306,326
99,439
171,281
387,424
118,273,407
344,464
179,491
177,358
14,103
275,362
19,418
251,406
34,369
54,340
385,409
151,202,442
345,390,431
76,259
273,279,357
226,434
208,276
102,493
141,163
21,60
90,392
45,166
150,378
358,453
337,387
433,437
139,302
82,319
198,435
56,180
68,299
167,439
192,451
107,356,466
137,173
72,282
146,464
9,191,355
310,420,484
77,418
258,474
154,439
9,157
90,154
316,416
95,216,270
191,492
101,107,457
114,432
218,388
390,396
45,357,438
37,250,493
138,215
177,237,425
17,205,261
15,262
93,316
155,181
95,322
69,415,467
331,365
117,377
56,403
146,214,296
292,341,383
256,449
148,339
36,465
341,465
48,307,475
65,490
97,179
78,199
176,328
55,133
73,285
203,321,476
136,178
44,89,282
369,391
34,91,466
149,224
224,250
184,423
289,478
195,381
119,416
300,481
245,322
399,418,481
169,232,316
301,307
9,406
384,434,496
167,471
67,142
364,443
57,197
97,187
35,345
63,82
156,295
156,261,337
336,386
181,197
234,372,430
165,437
185,293,296
199,388,396
258,442,449
42,89,241
270,475
104,266
30,66,157
265,494
399,454
380,401
128,416,426
147,417
123,318,380
378,401
105,209,434
247,321
89,133
154,343,394
54,218
218,422
95,149
140,238,327
51,392
87,283,459
59,287,446
187,284
75,427
140,228
280,483
48,112
30,276
20,325,394
177,324
178,429
123,152,192
80,225,324
72,117,449
204,272
98,204,351
2,483
187,241,302
238,318,347
117,372,419
99,273,495
156,430
376,397
299,439
383,447
69,253
8,215,232
114,223
63,463
74,438
351,416
326,373
18,130
75,254
109,113,432
322,328,485
8,173,179
231,420
129,233
353,366,486
73,436
253,489
248,252
17,434
30,394,405
104,219,346
18,124,187
157,233
111,180
343,461
110,258,368
213,281,420
266,322
265,440
25,276
10,69
7,489
355,396,425
114,369,475
316,366
20,227
8,475
31,89,230
19,418
190,369
33,365,441
406,455,498
182,293
131,478
364,443
181,375
128,483
36,330
60,78
254,353,446
127,454
230,282,296
121,211
42,486
75,265,301
100,112,190
60,71,91
258,306
164,186,209
230,277
147,424
61,82,410
453,461
357,498
236,348
238,426
195,345
30,111,319
124,227
5,480
323,403
273,275,438
102,285,293
157,464
92,494
228,369
386,433
107,490
31,349,428
353,464
330,436,500
100,310
8,114,409
7,175,186
123,342
219,375
95,401
31,326
330,465
290,350,359
25,253
276,480
51,382
150,152
154,434
32,45
252,327
37,88
157,366
30,88
192,408
4,202,405
171,175,470
75,154
167,353
226,346
330,431
6,249
297,375
275,492
373,437
430,456,494
51,122,310
132,282
61,226
64,473
357,424
268,376
130,156,443
249,327
123,237
276,364,448
9,260
98,330
12,409
38,316,436
25,76
260,354
445,460
140,275
6,125
190,255
485,491
10,286,459
174,354
10,262
23,48
197,440
91,223
1,118
193,364,377
424,455
43,461
156,488
18,238
316,362,439
203,476,489
94,217
12,150
36,55,160
161,355
114,323,407
231,358,488
23,112
393,490
286,346
114,149,261
213,232,409
65,262,328
344,492
319,345
231,432,473
76,450
179,455
207,392
143,153
323,495
67,133,266
117,497
59,471
222,447
55,342
17,218
28,53
12,68,269
350,359,447
24,453
329,434
247,442
125,331
248,273
104,343,486
70,273,335
37,261
18,263
74,266,412
258,416
47,470
170,351
134,187
385,453
73,333
183,261
54,79
136,383
291,433
141,437
101,319
19,166
59,271,481
28,329
433,437
179,289
9,137,361
34,432
101,448
130,385
44,378
3,317
104,265
197,349
11,98,215
86,289
203,415
116,163
178,423,483
121,241
56,484
179,434
311,443
248,411
263,342,445
113,283
379,490
29,151,460
50,130,498
148,274
15,278
89,190
405,473
295,417,427
31,177,376
161,451
188,306,362
1,406
96,170
73,465
96,145,407
206,404
48,333
319,361
383,498
50,116
117,204,260
29,384,423
44,419
15,32
5,76
326,456
69,79,266
201,461
155,207,314
164,402
66,276,435
226,469
27,174
16,337
442,443
73,117
398,496
172,416
189,497
218,365
21,442
168,438
44,347
188,272,303
162,286,334
156,172,214
184,235
364,482
235,289
93,268,453
132,355,497
280,390
28,235
107,396,466
313,363,378
445,490
484,498
38,142
69,226,434
247,360
12,138,407
28,285
156,486
303,311
22,423
15,364
136,179
465,488
111,279
295,422
174,379,476
205,236
70,313
117,224,300
15,60,433
186,200
26,282
49,449
191,383
404,446
88,166,411
259,300,369
277,476
296,317
36,116
237,450
42,65,281
73,295
154,213
226,357,495
55,307
43,420
62,318
44,100
367,459
308,373
252,277
80,140
313,320
66,468
143,195
124,224,282
369,455
102,149,484
38,44,235
87,424
92,220
56,379
39,445
375,449
255,446
61,386
234,275
304,443
82,431
177,207
30,141,407
49,489
129,472,475
249,461
121,346
151,400,410
85,404
196,334
297,383
105,187,426
86,313
147,202,413
24,225
5,132
26,86
174,252
279,453,475
436,476
100,306,362
139,289,338
70,445
187,338
373,464
171,231,268
71,85
72,218,371
9,448
86,469
39,489
59,82
105,426
80,378
107,341
55,222,242
62,257,335
112,119,421
441,490
63,278
315,398
119,441
42,173
375,381
65,133
61,79
21,61,404
263,387
1,437
46,367
268,416,472
145,435
247,468
101,498
50,227
77,163
99,369,493
319,364
176,376,399
83,146,274
240,470
339,349,425
24,95
130,452,464
98,475,499
336,468,481
99,228,430
52,143,376
251,482
201,256
280,353,365
3,342,397
346,381
241,259,260
352,361
93,144,424
91,235,481
81,480
273,395
47,189,351
106,336
110,186,211
286,356,444
190,398
226,245
30,403
23,368
20,301
14,231,383
298,349
100,462
24,158,315
201,391
65,327,348
81,276
92,339
296,342
125,144
45,385
279,445
211,456
274,421
34,219
171,233,445
102,174
16,20,73
18,155,429
198,250,303
21,323,485
99,199
69,87
153,259
385,420
34,186
94,241,457
7,329
111,489
422,467
24,129
186,417
285,398
260,272
94,176,314
13,25
53,241
322,337
225,244
94,289
249,400
223,372
77,117
1,251
76,390
41,154,245
34,267,383
247,317
188,401
164,336,471
37,410
6,125,242
165,422
345,368
179,352
232,313
308,406,408
268,497
259,472
316,357,405
161,176
36,446
64,306
1,230
103,282,308
90,235,415
190,239
251,385
135,452
252,388
38,118,420
374,443
243,372,391
100,445
52,91
10,34
152,177
179,345,397
392,450
25,372
288,317
44,67
183,302,352
151,345,401
1,143
5,83,491
131,392
83,213,467
28,321,500
12,217
205,264,318
43,339
31,155
131,290,316
139,295
80,409
319,352
455,456,472
22,92,116
236,493
130,192
214,340,431
182,291
23,56
401,423
57,178,187
105,329,448
418,469
245,393,468
157,178
214,299
115,496
70,304
395,398,412
30,125
27,371,389
47,142
105,108,175
211,217,354
177,359
63,265,268
303,326
92,329
176,467
264,323
107,463
349,352
40,252
240,265
18,353
87,104,337
48,60
168,430
314,354
177,178
395,489
239,295
35,110
333,389
175,181
304,372,399
162,267
59,476
371,421
290,492
34,375
235,500
199,390,427
177,225
153,392
85,476
409,411
22,456
77,296
40,366
26,390
369,382
70,149,449
42,359
98,131,228
230,279,330
292,483
39,72
63,147,405
116,182
262,395,458
318,379
107,211,397
108,379,386
117,237,281
359,451
13,219
122,420,460
333,362
78,90
124,334
202,453
367,387,487
202,230
45,450
247,434
40,106
201,440
42,206
300,327
74,161
330,358
256,400
88,318,494
173,293
288,335,378
282,437
144,234,309
330,430
48,72,433
120,281,452
82,206,289
22,237
53,80
472,480
65,267
384,463
42,272,425
133,382
8,405
273,318
366,489
