56,160
132,451
115,363
166,478
323,326
61,263,292
315,412
165,310
26,283
96,107,480
77,306
8,289
133,209
139,182,481
153,434
358,474
201,242
110,453
231,429,484
70,167
92,489
45,195,246
58,328
94,310
89,380
54,196,311
15,184,375
218,466
39,233
56,462
275,444
137,405
4,305,343
46,408,419
44,499
54,332,335
418,441
113,386
227,253
97,452
104,362
33,171
43,153
166,464
9,437
123,177,258
215,294
187,464
99,250
7,176,257
89,453
322,401
293,373
181,214
45,60,400
87,308,333
170,343,373
34,159,417
62,357
294,304
128,159,178
381,471
224,339
231,263,287
370,405
140,261
234,307,410
219,399
57,98,159
181,309,340
108,472
333,337
255,484
137,150,225
248,434
68,132
87,295,463
168,301
76,329
55,294
373,449
378,464
98,172
78,408
135,174,257
30,258
302,319
164,331
8,243
85,463
136,478
259,452
196,458
367,488
144,392
157,499
132,304
198,301,350
40,421,500
83,468
67,267,299
30,185
409,427
89,420
181,225
254,371
3,229
85,278
98,122
244,487
22,97,215
85,425
202,463
118,215
267,275,424
86,482
20,294
111,414,455
32,212
338,458,465
276,466
85,111
227,291
247,383
123,179,390
287,320
87,409
364,368
28,387
15,317,345
236,394
110,217
184,221
114,249
254,389
264,270
98,312,492
163,463
379,381
201,225
6,263
159,257
141,444
366,483
26,402,468
177,397,463
126,179,422
34,496
131,274,398
115,126
156,277,357
78,262
41,248
83,379
353,425
9,186
132,433
117,440
200,297
54,276,430
61,105
4,28
5,112
44,253
362,465
170,403
90,361
55,76,238
64,387
161,297,322
182,397
11,255
165,232
247,438
214,495
231,377
44,142
307,425
67,411,488
284,361,490
155,477
6,22
73,301
183,410,444
235,373
80,151
155,202,412
7,288
68,315
101,222
295,417
132,219,400
106,219
130,208
94,134
183,238,352
16,207
183,331,333
128,195,267
33,36
345,460
69,88,367
52,430
23,451
96,192,420
145,157
77,492
49,266,313
216,370
65,260,341
197,462
272,300
132,332
79,167
201,478
352,391
343,374
213,334
130,320
137,442
214,372,452
6,72
346,397
152,166
121,194,361
1,184,366
378,455
67,144
104,186
30,87
152,299
52,120
140,269
44,343
12,333,437
81,316
170,341
336,352
93,140
287,417
167,298,459
16,281,397
62,478
236,380
314,496
280,489
83,385,482
40,322
347,496
278,297
146,348
36,173
433,435,442
26,237,319
51,444
399,491
200,252,388
357,363
101,181
122,357
119,298
87,348,418
6,143,182
91,237,474
175,345
245,349
78,115,448
106,465
29,156,403
153,213
28,143,234
7,66,234
31,52,201
193,391
174,393
112,416
225,354,423
237,473
20,234,473
109,327,332
147,443
20,137
322,467
59,427
156,285
73,115
94,253,364
72,163,360
105,108,185
177,370
124,278,305
85,211,418
49,246
267,273
99,412
57,187,386
428,488
41,124
230,335
51,169,371
260,419,498
9,134
45,335,418
309,446
154,254
18,352,437
305,474
125,479,497
124,445,484
5,143
120,253
378,381
5,283,420
102,233
133,494
300,332,381
344,356
15,95,469
227,448
257,349
399,455
34,96,121
121,252
161,183
261,423
18,130
112,133
27,74,104
255,483
115,118
148,393
323,326
19,479
249,314,442
145,425
59,242
382,426
134,237
24,478,480
253,368
391,393
249,346,486
13,63
357,368
137,298
259,284
11,239
385,491
46,275
268,339,345
329,361
19,224
7,276,355
34,190,262
205,401,429
443,467
313,339
4,148
78,305
92,305
314,480
424,452
424,444
149,305
43,312,374
157,340
274,381
199,353
335,494
35,253
111,186,357
105,296,435
391,457
44,106,121
40,253
44,190
76,126
195,420
154,183
163,175,290
190,381,479
7,45
275,417
435,459
61,391,400
172,297
74,439
35,215,382
113,422
115,415,470
170,479
283,428
237,321
143,326
280,397
124,476
9,78,188
114,233,367
253,391
145,244,377
106,474
14,430
13,378
97,109
159,396
104,204
240,389,465
40,481
104,454
158,227,377
197,492
53,264
85,419
102,207
20,28,294
122,133,284
65,317
200,371
51,489
6,363
66,206
227,312
274,421
167,391
67,461
47,149,460
231,273,360
332,427
215,245
206,442
238,240
130,488
269,443
364,440
258,408,495
44,462
121,348
161,348
191,229
16,94
154,414
264,498
164,319
79,445
127,179
117,440
9,326
292,412
193,333
18,71,447
46,420
349,379,406
246,349,422
60,240
196,313
35,148,402
198,247
79,134,184
168,302,332
219,233,276
62,78
84,283
25,251
297,448
244,285,476
177,394
286,321,355
61,70,93
6,124
194,255,488
299,363
318,440
12,261
314,486
139,368
102,248,356
8,459
132,452,500
108,196,270
40,182,334
125,161
109,228,277
66,90,281
125,208
7,171
46,304,428
195,473
200,435
378,433
147,497
206,351
226,422
478,482
52,69
391,402
26,68,232
32,68,483
68,369,414
100,445
56,155
70,448
319,366
15,57,62
188,246,303
138,352,358
127,305
137,194
91,148,374
234,422
16,459
64,477
388,452
14,144
85,102,125
141,476
75,235,318
117,234,261
245,492
88,191
196,217
65,496
136,433
221,273
74,113
381,452
132,430
337,437
29,145
105,466
6,89
317,333,453
86,331,449
92,281
76,130,262
45,50,196
26,468
15,222
11,371,439
164,186,319
39,357,424
306,349
51,132,235
110,142
69,97
6,427
450,496
39,495
72,150,487
369,402
61,79,147
79,445
58,163
109,201
48,95,330
102,127
120,319
420,448
118,417
169,226
76,392,500
196,360
101,153,323
8,226
179,335
64,134
81,179,254
108,489
53,81,425
140,177
108,118
253,301,375
379,422
57,292
249,263
195,257
57,275,315
90,160
35,169,356
396,495
37,199,492
418,468
133,466
157,269,293
39,364,495
260,261
124,173
12,22
90,438
8,395,400
22,417
52,260
38,308
117,211,243
79,250
243,396
51,250,452
337,381
232,427
58,254
150,398
35,50,178
342,427,484
147,445
270,280,403
72,325
6,210,432
119,141,285
100,455
90,191
67,265,349
154,405,450
319,338
294,392
345,493
205,228,441
238,310
288,313
2,14,54
113,116
87,371
98,301
305,401,446
106,136,434
150,307,387
191,383
152,490
27,414
106,177
405,468
62,272,418
61,124
249,360
284,424
122,203,494
206,266
60,350
111,430
124,205
287,436
115,147,472
254,263
185,404
135,393
2,14,153
81,370,470
7,303
413,458
14,122,251
258,285
50,88
317,369,475
56,208,310
235,355
30,118,322
95,165
233,258,399
95,262
197,451
397,472,476
43,422
58,141,493
71,119,306
32,197,312
28,274,490
348,482
15,44
125,200,253
212,231
232,378
131,392,398
108,457,467
246,273,389
278,458
58,358
228,278
49,66,403
132,363
198,260
180,452
33,195
379,468
268,301
3,12,58
342,412
229,397
83,315,339
122,156,168
209,318
56,64,428
208,243
109,208
30,342
167,184,241
63,457
36,154
151,312
412,473
246,330
113,425
59,332,477
158,291,334
130,381
292,335,368
405,420
199,240
133,181
167,168,313
167,408
108,167
18,199,490
195,246
41,135,369
132,417
114,218,492
113,346
113,411,442
172,397,401
122,403
65,497
148,279
367,479
132,315,448
136,220,410
214,347,461
43,153,312
144,166,368
54,294,479
156,210
2,176
112,281
165,269
280,371,494
4,235,337
117,220
310,494
188,499
91,400
111,469
196,472,486
116,278,394
69,353,414
126,225,294
66,218,305
324,466
4,10
121,324,360
106,156,333
58,419
59,296
219,418
198,286,391
176,265
59,252
406,474
50,145
20,92
169,250,300
61,237,339
62,378,468
33,297
242,353,410
254,263
94,191
86,161,246
95,245,323
145,241,446
259,355
30,433
85,276
238,440
37,364
31,347
44,297,395
123,204,342
385,431
77,125,220
229,461
29,261
212,295
163,340
381,410
314,401,434
115,263,451
7,81
228,483
272,304
54,195
279,378
21,180,249
166,323,330
70,404
13,463
322,431
69,205
109,471
223,301
11,477
207,372
99,196,351
217,493
70,285
177,343
5,211
23,69
22,365,387
1,265
3,38
59,196,467
133,340
194,207,272
410,460
122,153,198
239,253,449
199,231
30,190
204,351,489
286,373,462
76,333,450
178,452,488
45,353
96,165,331
88,238
37,252
76,235
5,471
261,295
437,471
145,484
221,305
212,256
285,340
13,499
98,387
219,284
182,386
234,238
30,341,482
245,414
304,424
291,388
61,169,370
322,443
170,209
283,344
41,123
49,115,308
71,352,361
385,387
4,29,252
107,197
171,484
46,258,428
349,398
195,314
204,234
167,342
118,231
16,123,442
205,271,330
65,75
369,427
159,266,452
244,403
399,478
17,446
72,142,432
255,490
77,127
180,332,470
172,207
272,468
137,347
68,171,418
317,387,419
85,499
67,343
44,57,375
315,422
147,412
249,383
241,421,438
243,430
89,174
87,407,465
136,317
14,188
47,458
313,464,478
54,76
348,500
137,398
41,302,353
43,350
100,406
143,151
365,443
59,434
1,385,480
72,427
115,356,467
290,459
12,406
149,486
92,167,403
31,150,249
179,325
128,257
251,499
327,405
94,297
289,384
65,437
126,254
249,359
181,312
268,402
27,273
139,205
396,454
19,437
20,182
178,242
195,342
7,40,195
69,171
163,465
26,60,378
43,164
60,133,223
344,393,413
99,154,397
129,233
12,50
299,483
95,203,310
110,112
312,462
146,416
204,421,498
262,446
90,262
323,410,491
158,430
20,498
277,313
418,430
71,150
14,369
44,91
154,183
334,379
18,408
38,334
388,398
103,188
123,125
458,499
10,22
43,67,98
414,469
70,298,496
309,337
133,251
30,393
58,126
95,124,216
278,380,455
262,447
329,447
439,496
189,201,312
300,416
195,344
247,445
32,441
267,303,330
219,246
92,111
368,427
65,208
88,251
59,183
145,325
84,253
225,445
62,323
340,420
152,240
118,151,255
23,210,489
76,103,410
275,457,492
289,300
148,377,406
228,363
76,496
54,388
33,143
1,218
243,353
31,495
87,206,451
137,221,278
15,187,344
220,380
2,7,485
93,146
235,266,497
119,317
73,297
156,219,480
97,330
280,432
383,446
88,333
35,272,303
116,432
158,340
116,482
322,493
143,428,448
46,300,318
154,337,440
151,272,377
33,322
107,410
26,299
26,191
37,332
3,170
203,252,269
94,305,421
197,230,279
74,370
48,85,314
151,181,330
212,389
213,323,460
30,357
207,299
323,490
312,414
262,309
370,474
350,377
322,434,461
24,257,288
155,242,313
10,143,289
296,485
4,488
325,346,359
77,204
144,316,428
73,493
4,494
99,308
3,100,137
77,227
143,447
164,236
287,390
91,227
349,460
11,268,481
127,230,237
26,123
394,436,466
200,203
61,205,394
227,422,430
50,209
194,235
269,365,468
154,437
50,357
273,475
175,335
217,393,447
35,60
233,448
403,484
225,461
176,456,489
203,482
255,260,372
279,345
15,133,310
46,303
374,399
169,399
66,292
270,320
43,302,449
168,339
216,442
209,366
286,454
413,456,493
234,358
234,374,468
250,425
99,473
19,315,411
25,26
222,313
214,238,362
350,492
71,154
97,448,492
179,403
23,115,359
26,293,315
318,497
56,246,291
2,219
140,215
118,455
145,401,431
394,397
244,413
31,283
302,385
284,297,492
92,263
143,161
177,193
141,412
188,335
102,275,453
222,308
90,471
280,327,392
249,279,327
203,240,481
133,290
90,361
72,144
213,478
44,378
238,353,497
23,124
220,307
371,485
78,205
197,460
269,301
92,185,191
194,260,327
68,98
145,408
106,263,351
281,290,437
92,194
208,225,419
206,248,493
68,385,480
148,478
25,29,274
120,264,285
260,428,447
85,425
194,398
261,282,461
194,479
14,66,190
303,313
48,423
61,158
4,20,289
241,367
36,371
111,248
356,383,482
139,374
339,474
71,413
73,128,445
375,452
217,492
161,220,381
369,435
436,489
94,182
480,500
32,479
52,123
72,317
232,239
66,413,445
252,288
128,399
349,469
200,447,453
228,360,402
327,425
338,434
129,438
70,253
60,223
96,409
111,319
103,260,329
112,235
206,312
465,495
109,364
165,323,483
149,340
127,157
142,244,259
151,266,348
45,468
51,347
80,364
144,356
156,391,470
33,132,361
6,14
98,375
201,223
84,101
147,432
301,359,421
94,431
185,446
1,258
126,298
19,56
40,425
20,38,39
330,463
60,313
375,378,384
105,123
120,341
66,359
35,122
3,183
53,445
173,457
137,485
38,171
47,390,476
58,103
277,373
107,215,439
41,203,219
417,478
108,111,163
13,483
95,373
422,447
61,255
289,370,434
29,192
121,209,500
207,402
292,407
152,246
358,389
195,387,485
264,400
216,288
223,462
118,439,462
298,490
218,394
18,126,140
330,391,430
394,460
257,350,480
8,288
201,388
223,385,418
375,433
169,455
40,121,194
122,198
272,292,319
18,22,33
113,294
75,199
68,253
104,240,426
48,242,465
195,418
392,411
264,455
154,496
27,30,256
383,400
49,285
431,466
150,336
385,475
145,357,407
190,199
44,86
290,317
261,288,324
205,281,456
53,438
93,241
426,434
213,405
70,126
310,395
149,362
86,232
124,427
311,431,436
77,194
148,227
51,445
262,388
77,197
4,107
45,267
99,308,465
145,434
16,124,459
89,186
133,342,361
2,375
121,471
333,422
14,32
341,481
105,227,471
72,73
191,432
59,450
158,387
78,198,371
180,253,497
203,258
69,105
41,73
184,224
185,424
218,368
90,111
309,421
81,303,338
10,299,499
349,491
81,212
78,302,344
198,265,315
47,119,216
403,412
45,189
17,220,225
5,150
141,146
23,160
234,361
15,92
118,494
315,340
166,418
214,275
64,143,309
380,455
59,75
42,141
66,212,421
27,81,391
97,434
121,261,479
298,401
76,268
208,351
296,322,493
105,196,330
149,272
279,399
232,379,393
108,262
10,408
201,401
21,345,485
263,390,442
41,241
101,150,464
91,164
154,294
73,119,325
191,417
272,301,303
182,403
70,287,471
135,239
83,100,221
201,363
320,325
45,164,226
36,171
214,401
284,361,405
81,411
10,283
287,436
297,491
291,467
396,444,479
34,286,358
81,252
128,153
319,476
42,162
50,354
127,222
120,229
71,437
90,132
249,390
120,242
197,313
234,276
103,468
152,422
99,120
132,420
459,483
99,205
56,143,290
32,101
54,84,355
111,141
145,305,311
19,96
238,334
57,402
109,213
34,392
147,375,427
252,359
62,366,416
215,492
1,195
200,445
20,361
314,325
24,206
191,289
125,448
100,313
267,366
29,140,354
79,87
142,399,449
29,292
112,317
33,355
17,370
166,253,395
11,355
210,489
119,236,272
2,259,286
54,167,442
105,308
376,494
133,385,481
55,309
179,320,327
126,444
167,204
73,92,431
148,197,264
241,397
64,101
24,317
113,255
19,239,463
273,305
62,329
134,164,195
297,363
79,236
121,280
121,300
204,425
367,497
80,301
82,280,407
169,340
151,344,384
116,298
81,104
6,51
170,301
273,391
269,456
262,408
45,130,237
205,431
3,294,388
35,335
26,207
258,294
418,496
187,247
13,259,418
25,258,497
232,271,387
144,431,476
118,271,465
311,386
284,388
343,394,417
401,442
141,412
96,410,425
39,107
50,170
148,395
389,429,445
102,273
14,302
328,341
215,408,412
61,271
246,264
435,472
365,422
130,396
264,302
91,148,464
118,218
7,108
93,289
54,189,257
127,179
89,195,340
80,262
181,498
33,159,357
66,474
289,324
140,352
193,314,325
222,407
11,240,340
78,169,195
55,317
497,500
98,173,249
154,172,183
17,303
345,349
71,315
193,290
161,284,354
62,387
73,113
7,480
87,198
57,223,330
184,232
313,423
375,402
29,84,408
19,393
257,334
133,176
65,76,225
252,500
323,462
74,282
122,498
246,377
100,116,380
194,362,417
224,357
17,151
65,187,429
134,464
46,133,209
149,469
411,429
133,271
351,436
339,365
375,481
134,309
133,486
211,340,416
81,97
31,151,494
36,462
56,490
9,94
112,422
269,276
397,465
19,32
179,248,415
244,314
102,470,486
154,430
73,390
154,242
36,489
310,357
218,314
4,262,336
163,164
262,459
106,180,363
160,234
90,217,369
102,187
171,313
15,181,426
345,423
37,52,495
118,316
4,25,129
109,419
81,427,494
155,305
113,172
12,420,497
12,269
44,60,210
192,283
152,162
79,118
310,430,452
79,144,486
12,214,260
312,481
117,332
14,495
324,359
139,293
307,333
182,378
70,397
250,316,458
469,473
223,310
77,150
113,294
186,498
83,199,375
46,310
271,346
156,349
154,448
89,221
223,480
90,496
132,298
367,440
318,449
272,286
75,243
29,180,315
61,196,412
181,494
117,401
176,180
269,435
123,441
245,480
225,251,388
139,423
181,371
274,306
6,366
65,170
20,248
69,314
102,342,382
296,493
74,415
282,428
106,291
280,380
351,445
144,218,292
169,186,282
14,184,413
80,88,137
183,470
139,339
9,206,434
24,344
112,323
294,306,499
74,81
217,325
85,354,377
346,461,474
58,456
48,240
169,278
349,449
47,377
340,368
243,348
106,458
103,283,396
228,366
318,329
415,450
314,453
30,453
34,331
110,188
265,482
199,490
49,445
72,423
322,401,403
225,346,366
6,407
384,385
212,308
85,271,281
151,184
151,240
340,414
67,151,169
187,273,460
398,428
59,77
161,304,498
137,279
220,223
28,492
42,311
107,356
198,215
248,270
43,69
172,377,447
249,464
168,188,344
116,411
7,290,319
35,134,288
79,429
190,283
186,253,379
17,440
2,151,406
162,487
81,400,491
340,366,422
226,293,475
278,382
219,379
263,359
266,297,410
96,231,308
38,446
163,179,417
281,370
162,237,432
291,403
171,172
136,144
81,383,401
47,89
202,459
136,278
20,492
32,223,272
381,479
145,269,413
165,454
245,303
259,343
99,205,280
183,455
10,130
164,369
61,196
244,363
13,220
377,443
131,311,496
180,469
47,185,320
56,212
171,255
152,281
24,400
276,330
111,474
144,444
34,333
254,297
171,419,427
171,495
348,420
45,168
194,201,260
27,229,394
347,396
3,215,242
187,257
158,379
25,124
194,303
46,244
359,445
169,354
39,69,329
327,394
224,394
143,201,217
285,317
29,121
92,250,445
2,202
54,319
98,371
130,361
400,464
73,171,365
410,414
221,425
29,306
226,317,379
12,292,444
60,113,199
81,313
383,436
381,425
392,394
97,151,392
53,160
41,397
65,217,225
129,345
433,441
181,225
179,407
178,390
262,405
108,346,476
75,388
68,213
424,454
270,443
167,295
5,397
47,64
32,316
67,384,399
59,274,500
64,170
193,458
60,284
387,440
363,431,493
10,497
123,248
28,354
283,359
210,322,491
188,232
316,323
287,351
427,439
1,295
96,444
285,416
337,392,498
193,303
103,427
269,460
72,465,467
50,171
482,494
276,319
93,247
201,224
183,471
263,431
9,456
374,416
223,272,301
55,318
25,275,437
100,223
35,103
218,391
16,186
193,351,397
17,336
168,188,343
33,36
157,397
23,479
30,205,231
263,379
245,380
231,260,469
176,277
123,263,383
72,218,354
6,264
55,374,455
92,370,433
325,450
298,409,468
124,137
221,236
209,257
59,107,201
377,416
43,134,483
144,424,484
105,202
34,161,367
120,147,400
73,442
19,419
357,434
12,109
98,175,303
20,231
52,150,217
103,449,459
85,432
92,254
204,493
150,297
67,136,352
144,308
101,382
34,326,497
125,443
302,473
216,308
48,384
30,144,469
363,477
229,356,486
78,351
284,358
195,378,433
106,135,454
391,495
307,499
270,271
48,230,383
23,412
368,414
229,283,475
3,63,481
252,327
30,250,431
222,409
191,276
263,495
30,65,445
218,497
64,329
225,347
116,432
163,415
209,251
166,181,421
89,129
124,341
98,338
53,218,263
301,379
285,342
74,390
132,217
405,417
101,368,481
272,374
115,144
11,159,361
77,388
304,439
265,368,486
150,498
237,368,460
78,122,279
161,240
260,440
296,394,473
253,402
56,264
323,413
9,465
120,470
108,363
146,309
202,380
77,251,426
159,464
42,208,440
354,492,498
92,385
128,336
85,411,421
49,351
82,127,429
116,307
18,220,484
168,448
39,142,212
288,399
494,499
46,126
98,247
29,52,284
128,299
61,137
275,348,361
59,261
291,344,483
116,360
129,250
118,152
272,373
90,350
139,197
155,458
140,235,283
203,276,302
35,222
98,343,375
409,421
98,449
152,206,269
453,472
20,331,432
48,375
95,265
328,411
18,264
13,416,475
366,373
7,439
253,462
263,429,457
304,427
113,118,173
144,321
104,175,480
20,55,497
267,485
164,500
165,333,415
438,485
14,88
201,243
356,476
269,385,402
121,348
67,492
217,287,389
53,264
366,422
415,463
106,320
241,256
318,344,488
182,321
252,441
28,437
268,478,481
14,98,272
150,388
21,269
20,241,272
51,121,224
216,356,421
59,178
168,223
62,334
221,438
276,295
248,361
365,375
95,203
57,78,480
166,416
231,321
69,245,292
13,193
370,467
36,225
356,429
69,192,251
324,465
230,250
93,463
66,82
9,221
65,137,309
379,466
261,384,438
265,293
94,236,390
204,383,401
280,311
247,314
295,421,442
30,128
61,470
96,209,354
150,166,321
39,428
106,314
82,113,196
261,290
133,164
294,313
35,57
284,326
375,396
95,434
264,470
55,460
77,222,391
50,65
279,346
5,150,326
390,433
24,426
122,186,239
116,280
33,268,400
190,408
76,117,171
87,479
50,379
267,350,414
295,310,344
172,304
19,162
214,390
316,394
383,411
152,330
142,257,375
357,358
158,485
295,404
2,19,167
290,311
29,300,428
241,271
286,339
70,218
232,467
18,486
47,61,390
81,87,351
152,315,371
101,114
47,105
4,143
162,201,242
385,475
51,108,411
260,332
104,320,495
20,225,452
267,487
62,174
429,489
195,334
244,356
102,295
172,449
71,448
251,327
60,464
106,117
278,389
59,324,435
30,42
363,415,422
57,91,226
153,158,175
171,239,369
61,332
117,228,248
206,305
35,231
3,77
237,270
6,438
180,343,479
381,490
175,214
266,287
157,320,435
123,261,292
407,432
296,493
46,388,408
138,186
57,368
245,381
143,325
182,405
209,410
107,366
273,472
45,230
178,201
392,490
139,142
1,110
2,303
242,467
146,220
43,424
319,414,477
242,258
67,431
280,394
122,305
311,447
273,403
96,234,306
216,473,492
279,330,406
28,140
197,268,343
90,477
52,492
143,326
18,479
40,243
67,379,468
74,297,334
23,254,470
291,331
122,290
45,475
141,147,453
76,275,487
101,401
280,324
14,302
6,189,484
63,158
284,309,446
162,409
105,249
276,399
392,394
156,164
252,284
82,215
11,350
331,475
68,418
159,319
85,108,216
107,215
353,444
24,384
135,237
154,410
370,429
38,233,251
27,255
98,163,282
238,337
52,337,417
395,491
311,426
7,288
27,188
96,341
45,261
27,119,324
106,123,241
401,457
188,309
154,369,479
100,228,441
5,90,306
30,309
257,297
110,239
134,461
2,237
97,121,224
231,391
273,429
89,469
3,290
4,50
85,402
47,141,247
3,331
9,42
168,175
274,496
72,466
39,419
13,95,243
410,447
138,366
40,101,338
2,174
270,497
219,239
265,366,387
101,237,335
202,256
175,240
298,318
359,463
104,402
181,339,430
34,126
361,447
88,211,326
114,352
108,147
423,488
46,103
229,238,483
50,208,398
86,374
383,481
369,404
235,247,262
192,346
85,290
55,237
183,235
30,160,319
145,226
9,104
197,198,315
70,211,420
200,437
108,241,349
197,456
70,71
218,253
91,458
288,488
205,394
51,217,417
349,351
24,35,312
13,235,365
150,301,330
95,136
242,302,361
185,446
186,341
151,421
209,353
407,411
29,36,439
129,462
42,271
6,435
190,352
336,418
75,258
314,421
189,368
363,446
255,332
54,312
64,192,252
161,294,333
279,307,450
303,379,491
39,148
43,78
314,322,411
49,425
127,210
158,247
123,306
84,234,309
214,461
139,175,366
420,497
221,458,476
309,456
186,291
234,487
287,432
114,215,332
10,96
18,129
204,421,456
56,76
196,255
9,249
294,320
87,291
215,275
179,316
211,225
229,347,459
115,391,397
63,261
52,64,448
216,301,341
278,305
240,253
31,471
119,415
47,141,346
198,224
221,305
142,254
90,153,345
239,257
150,322
136,423
17,238
156,262,373
105,244
148,213,452
243,471
249,356,433
144,204,364
47,168,249
17,336,488
17,468
192,254,388
111,173
145,361
142,256,390
173,316
198,213
26,294
11,55,279
34,64
262,287
36,44
50,405
8,90
279,365
127,305
413,458
31,150,275
181,315
86,164
47,250
267,345
249,493
242,307,417
135,425
156,356
381,468
240,301
23,99
50,150
162,322
37,293
85,107
314,475,487
110,476
246,268
246,481
413,415
131,413
385,414
392,420
197,423
475,500
206,465
171,269,453
114,215
36,442
191,228
327,412
20,498
139,164,198
266,408
6,470
308,359
380,418
66,155,278
205,351,455
51,469
24,239,402
152,267
213,334,369
1,48,369
48,500
108,391
25,264,268
195,338
41,292,436
59,260
185,281,311
55,354
69,124,200
225,238
263,484
85,147,256
54,298
133,335
88,357,499
350,369,373
362,421
83,227
163,411
147,157
120,445
206,436
44,139,449
45,408
55,71,487
157,221
258,417
60,271,438
93,155
121,419
2,171
21,253
150,210
298,327,499
133,317
34,405
66,111
216,359
247,290,377
1,91
101,227,257
116,186,244
219,332
217,437
194,333
134,331
66,328,404
46,159,490
13,469
102,108
22,209,236
56,258
214,289,393
49,74
325,342,477
37,356
370,441
19,142
220,405
160,392
149,174
39,121,361
10,14
28,65,129
128,237
63,229
220,351
129,304
33,59
49,157,458
17,31,154
204,357,429
296,360
164,460
88,260,472
205,352,353
267,281
269,387,481
205,289
86,403
55,327,392
236,353
30,432
297,465
340,384
171,186
190,334
199,295
126,399,490
357,358
275,499
95,237
66,486
414,494
27,236,328
142,158
36,347
79,176
265,395
135,344,478
44,293
38,332,442
10,330
183,217,439
301,327
167,382
194,304
46,164,282
85,193
64,366
46,214,238
43,133
392,431
119,249,328
166,246
114,255
129,367
22,454
5,447
310,480,482
175,223
139,182,494
177,287
378,461
204,324,484
253,335
53,127
32,153,269
296,357,359
217,319
161,200
154,345,451
57,115
66,264
196,386
265,267,478
148,250
204,221,381
104,113
145,389,425
151,451
298,362,381
95,299,375
186,189,349
288,422
262,443
267,310
4,26,335
10,247
280,421
24,290
42,457
28,37
205,452
202,333
7,240,346
257,366,458
52,410
84,193
129,327
9,89,410
80,410
14,480
288,469
175,189
270,407
144,231,397
300,419
187,245,449
234,323
327,500
356,486
248,455,458
93,428
31,170,304
128,168,334
32,386
287,370
106,416
225,297
117,247,273
292,443
254,305,493
77,444
126,278
272,314
27,196,401
204,236,394
53,178
160,344,451
157,263,380
19,224,354
10,61,343
183,234,352
141,229
300,398
246,406
102,158
144,391
5,70,109
73,236
355,369
247,276,338
39,283,391
113,284,428
345,478
305,424
59,359
76,309,371
138,422
214,497
338,454
134,449
327,417
60,181,269
63,164,425
135,404,487
3,44,367
105,216
8,54,291
64,222
334,343,470
201,274,350
274,428
197,399,483
473,493
210,361
86,110
223,406,494
206,278
124,402
50,488
286,412
19,306
251,252,439
102,177
446,454
133,279
100,219,416
245,391
52,357
183,388
154,234
81,163,425
16,97
167,467
307,498
260,390
242,302
464,483
262,284
91,132
1,416
207,269,422
155,305
82,89
51,132,471
410,499
275,495
196,484
120,429,493
57,202
319,379,478
273,308
250,279
19,155,218
222,369,434
245,376
43,124
119,220
141,292,391
359,450,458
223,375,482
75,131,183
321,403
24,265
200,452
76,211
239,259
162,252,354
87,150
14,425
4,75
302,371,488
157,270
70,213
278,486
79,392
54,248
358,413
174,344
178,435,442
30,325,459
9,349
112,175,186
238,297
246,437
213,483
5,348
73,123
405,499
113,182,497
82,127
365,444
42,204
104,325
213,251,320
133,346
306,410
12,70,108
169,283,314
66,280
131,144
140,336
171,299
86,381
201,246
36,487
174,195,310
4,195,413
28,361
419,440
38,146
307,498
72,204,389
117,129,252
68,189,475
82,298
135,169,269
106,120
171,425
411,421
28,242
95,351
130,255
341,423
118,209
47,236,463
280,385
137,358
19,393
261,403
86,159
280,377
162,349,396
42,179
16,164
314,361
64,154,309
127,351
75,384
185,295
125,266
114,407
322,351,472
64,139,229
281,438
321,416,423
335,416,461
244,438
9,94
109,260
5,245
68,366
170,423
171,458
66,87
105,305,389
28,411
80,378
360,434
100,187
110,328,482
330,346,362
257,475
5,82,173
