4,77,176
22,159
96,163
34,192
63,170
145,197
45,59,159
111,135,150
57,139
14,149
7,33,170
12,138,139
19,123
80,84
49,55
13,198
39,106
39,192
24,145
88,177
20,58
104,185,200
100,168
38,116,190
146,193
46,150
101,191
41,125
75,117,178
39,136
84,110
52,93
69,148
133,138
99,142
105,151,157
7,176
70,176,194
102,129
151,188,200
34,56
29,68,167
3,99,103
43,90,169
157,196
32,161
128,143
10,19
141,191
49,65
61,135
82,161
46,95,134
113,143,150
164,174
5,184
89,140
59,90,138
147,175
96,151
122,197
48,64,187
27,164
50,134
36,197
28,62
73,194
120,121
6,93,106
79,126,145
41,91
20,89,152
19,89
50,200
136,138
122,184
20,48
40,150
139,141
35,89,134
33,173
161,165,172
15,178
6,40
55,180
5,171,191
124,129
6,98
68,139
136,182
61,137
2,145
163,185
26,130
104,182
50,103
98,159
28,171
2,74
21,163
20,52,132
16,62,73
6,92,108
70,152,169
102,175,194
26,76
32,72,78
57,140
60,94,136
9,83
31,59
75,198
27,151
38,96
182,189
140,200
60,61,149
62,91
30,94
37,75
33,191
23,53
70,125,167
19,76,150
2,114
23,45
95,122
2,188
13,22
125,162,194
145,157,178
37,39,120
102,162
94,150
1,63
81,113,157
4,62
32,73
32,62,91
124,159
2,73,81
4,34
66,165
64,164
27,153,156
18,48,78
25,110,137
55,155
118,198
17,71,138
24,80
32,41,183
28,170
43,140,171
44,51
53,69,78
149,184,190
23,50
36,65,110
84,189
22,167
4,160
79,111,132
33,35
86,96,199
94,100,115
23,67
131,185
4,64,71
51,155
120,188
2,34
60,62,93
121,122
122,167
11,141
117,173
151,180
14,137,167
45,171,185
15,183
31,98
153,195
118,177
15,141
90,180
68,109,117
67,78
7,84
28,194
92,181
19,49,174
100,171
23,197
57,70
7,172
13,51,103
30,196
69,135
17,51,133
86,156
135,170
64,178
45,124
167,193
8,96
50,131
140,176
89,122,158
34,75,155
36,117
6,199
125,169
70,166
51,71,75
131,154,193
20,66,107
56,168,184
41,44
5,50,185
64,105,143
118,136
35,177,196
37,83
28,42
81,133
143,148,151
104,154
12,56,57
48,187
74,161
49,69
90,118
40,103,187
18,103
51,83,105
88,200
21,48,68
63,197
63,155
14,159
104,174
81,85
153,200
56,159
4,124
89,99
33,128,131
103,155,164
175,181
112,156,167
6,64,123
115,131
96,177
20,189
26,61,156
31,138
112,186
18,41,87
12,183
108,117
97,143
28,162
77,111
2,171
10,198
42,65
29,58,90
58,145
78,200
6,20,147
30,106
2,167
87,128
18,62,176
30,47
15,109,110
39,51
3,175
36,141,195
114,157
75,83,88
101,106,185
54,164
49,67
18,69
71,93,142
110,118,160
26,143
55,94,121
30,159
49,153,179
64,89
8,104
43,114
38,64
46,121
83,179
96,193
125,138
49,150,168
83,172
21,100,165
116,165
102,112
67,152
146,182
94,104,154
21,114,172
147,172,179
80,162
102,162
6,175
69,156,168
19,188,196
67,153,200
75,116,155
87,134,152
103,164
23,143
144,187
34,76,118
170,197
49,76,100
54,136
49,156
39,64,103
111,146
61,104
60,96,115
18,36
86,142
15,36
19,35
90,176,183
143,167
97,111
18,73,89
114,121
7,80
22,32
25,49
96,150,193
58,178
44,88,189
30,140
29,136
65,165,183
91,126
121,154
23,58
42,139,147
49,156
23,130
2,175
104,184
30,87,161
14,29,161
195,198
78,165
12,27
92,137
53,111
88,147
46,161
25,97,168
13,132,198
64,126
109,199
87,137,169
151,193
62,78,191
23,101
51,108,179
81,90,169
113,174
6,188
42,129,169
42,190
50,69
46,112,189
56,161,169
100,200
65,105,183
24,61
51,189
50,153
90,157
33,127,161
74,124
171,173
151,200
68,166
66,92,112
52,131
60,86
99,126
23,78,139
65,124
145,193
145,164
32,127
61,115
61,86,96
135,154
192,194
53,60
48,75
78,106
60,104
60,142,167
52,88,123
46,98
18,137
6,12,167
55,149
125,133
32,186
108,172
44,103,188
7,55,65
90,150
18,30
15,150
44,136
23,96,156
60,109,185
68,128
34,52
18,32,169
58,62,172
39,165
94,113,151
21,86,146
22,36
26,154,185
82,140,158
56,60,123
108,195
112,138
117,127
42,57
29,56
33,138
83,190,198
128,176
32,56
23,134,199
26,153
153,154
43,120
16,134
38,174
6,188
20,75,147
67,145
24,105
81,89
47,127
90,138
83,84,142
116,186
24,84
62,121,172
100,168
21,29,149
16,95
49,61
45,70,134
117,129,140
47,151
13,157
74,94
1,56
107,115,130
94,172
84,133
9,166
58,117
124,162
7,184
58,81
157,167
62,86
31,130
71,78
12,110,133
48,83
105,123,145
2,42,47
76,113
1,45,47
16,73,138
51,160,165
69,134
22,176
125,135,169
16,28,169
87,197
67,109,163
46,100
82,98
8,117
66,108,174
26,134
132,142
65,101,142
20,87,156
78,109,149
96,134,156
40,156
56,175
138,152
105,168
150,178
14,181
38,161
87,115
9,178
117,128
129,180,184
101,139
37,186
5,50
39,136
108,144
79,175,187
136,177
23,25
79,103,186
72,142
55,94,97
25,39,198
21,111,182
16,73
39,130
10,197
19,134,149
107,112
35,74
2,77,85
30,68
17,85,192
3,196
141,168
30,97,122
140,182
115,185
46,67,197
78,146
7,47
50,104,153
59,93,110
7,110
5,68
47,103
66,75
131,174,199
69,160
10,57,184
91,121
104,199
183,191
2,169
48,112,187
3,66,178
93,138
38,80
34,198
28,113
45,55,189
21,23
18,85
51,90
130,184
9,72,112
31,51,177
98,119
45,140,180
189,190
14,74,183
2,191,192
77,113,129
96,134
109,173
8,29,179
9,72
102,166,180
23,102
29,30,59
44,119
42,192
51,157
17,42,58
143,181
25,29,65
59,110
43,99,131
29,65
7,100
79,152
74,139
52,80
5,113
74,78
28,117,137
103,128
8,128,148
28,82,127
13,18
6,8,150
74,170
111,135
53,67,109
54,72
111,146,151
1,169
69,134
63,110,121
20,51,187
129,185
76,111
62,139,162
24,127
11,124
162,170
154,174
27,188
37,186
65,69,176
9,88,144
165,171
120,147,187
4,157
88,142
51,79,119
48,112,161
44,98,190
34,51
84,161
68,126
57,200
2,34
8,23
87,184
75,157,181
94,193
28,47,169
139,163
25,194
8,149
21,104,143
37,120,165
41,57
4,103,187
9,80
30,40,52
23,78,96
10,26,175
120,164
6,147
92,108
74,125,138
15,52,133
151,193
97,165
121,171
26,77
19,182
9,24,40
5,76,86
88,91
113,184
45,117
57,169
57,82
22,70,82
72,115
6,73,86
112,118
30,55,158
44,155
17,66,190
21,49
42,55
38,56
69,96
117,124,172
58,136,164
19,98
61,156
61,117,191
81,126,181
50,55
60,135,156
73,124
41,144
6,74
60,134
1,65
51,85
94,115,193
16,30,191
7,13
108,118
124,129
148,169
25,151,163
28,91
117,187
21,158
18,36,85
101,121
44,145
10,166,192
102,137
27,76
124,136
37,157
53,146
38,68
128,143
19,120,134
35,129,177
58,80,139
113,168
82,118
91,152
48,98,145
9,31,142
47,69
173,183
33,119
57,95
104,109,195
140,191
118,175
4,72,132
5,23
22,114,141
20,119,193
72,181
84,87
9,64
188,190
48,77,133
20,118
86,102
8,111
79,188
112,199
90,133
93,183
77,199
19,39
150,193
19,48
167,191
103,134
46,72
51,96,114
113,146
78,94,168
9,196
147,160
142,155,181
109,125
94,134,187
80,119,187
13,46,123
98,163,169
21,143
86,131,163
60,61
33,168
31,58,71
187,199
115,186
22,138,197
140,184
39,147,157
44,107,200
88,187
137,161
19,64
52,146
76,188
99,158
53,94
48,126
6,34,147
158,168
119,144
137,197
42,160,165
37,160
136,175
62,92,190
120,123
1,42,74
85,187
60,134
98,175
51,54
7,101,162
16,186
81,164
5,146
15,113
59,99
59,152
72,83,147
50,118
10,36,125
37,66,108
40,191
11,95
90,128,141
46,66,123
128,151
36,114
39,177
49,67
20,44
3,31,181
23,148
42,83,92
22,125
42,150
152,171
1,41
17,71,159
17,126
1,47,171
32,33,70
14,33,140
72,138,150
19,109
151,155
104,143
14,37
16,42,172
13,144
146,192
100,185
146,149
52,137
28,87
104,193
48,54,157
68,159
137,162
37,147
60,148
24,64,157
56,99,183
76,95
56,178
24,150
67,188
17,98,189
63,87,178
70,114
106,122
8,61,168
53,143
19,55
47,197
10,113
38,99,123
75,189
1,153
61,94,174
6,74
167,194
29,109,142
112,121
35,105
35,53
5,56
3,148
43,114
43,169
50,192
72,168
47,129
5,195
83,145
28,101
16,36,191
21,87
8,78,168
32,92
31,135
164,186
1,174
114,139,158
60,150
4,119
59,105
46,54
95,171
71,155
20,112,119
52,64,144
163,185
29,101
19,131
75,100,138
97,155
29,74
30,77,125
92,123,157
49,96
109,146,168
12,39
176,183
58,200
14,125
94,107,110
114,130
145,182
20,198
28,57
146,168
21,200
30,68
19,111
48,171
71,119
43,59,169
101,196
105,122
56,124,182
15,100
69,111,146
31,65
41,188
58,123
39,83
36,58
20,167
44,124
80,174
24,54,123
61,104
33,147
23,115,156
37,44,165
16,51,117
38,189
77,163
28,83
70,169
13,191
36,190
69,104
38,108,196
1,47,137
29,103
15,111
11,105
78,159,187
46,93
141,179
30,82
76,199
56,75
9,44
39,116
20,82
102,104,164
31,123
16,161
39,199
82,144
161,170
5,53,135
89,147
57,117
34,130,150
106,142,165
48,80,164
63,170
29,152
22,121,169
117,125
80,170
60,156,163
89,194
91,162
45,114,167
21,134
17,88
98,184,192
117,185
101,144
51,118,155
11,14,187
109,169
65,117
35,164,170
1,169,172
25,89
151,152
60,109,143
72,123
5,8,200
21,39
81,82
101,106
152,197
86,121,195
157,175
94,177
6,37,148
68,73,121
65,90,131
22,29
65,152
50,199
94,102,152
7,57
76,81
32,152
10,87,138
78,134
69,97
89,169
42,123,168
145,181
162,180
3,107,145
105,156
21,27,77
123,136,189
40,103,179
128,183
55,78
130,136
78,176
111,154
21,152
21,107,137
21,78
175,179
116,197
74,187
159,171,194
60,69,150
114,197
36,172
29,180
152,162
2,9
80,126,145
70,183
137,160
144,166
66,75
5,25,86
51,132,196
56,142
6,112
92,200
13,35
128,191
37,183
46,197
10,158
67,156
86,94,168
15,195
26,53
135,162
137,169,184
136,160
93,178,187
15,80
17,191
58,123,175
80,155
160,165
69,101
61,69,156
71,123
3,145
50,197
33,153
7,61
113,199
60,78
29,130
71,119,189
60,153
13,116,136
9,114,191
25,78
57,95
53,168
41,189
51,88
63,171
61,131,168
3,57
106,135,198
25,174
8,109
83,93
81,186
107,172,192
37,106
60,110
42,192
25,97,148
23,111
5,111
70,130
50,71,76
73,127,171
99,181
75,80,118
22,39,158
39,53
19,27
55,176
14,56
11,32,140
10,41
55,153,182
175,188,190
11,63
20,57,92
37,48,178
93,165
77,133
16,193
50,169
28,82
170,184,192
13,75
37,143
80,175
48,122,176
24,195
97,135
87,159
77,131,174
160,186,198
65,128
151,170
81,122
108,181
57,84
52,108,118
138,174
76,140
35,52,119
104,154
77,158
31,132,177
61,182
1,133
112,165
144,149
33,169
121,127
126,147,165
94,163
16,87
20,25
176,184
32,80,115
71,103,196
69,75
148,182
59,170
2,148
72,164,177
39,164
118,187
86,113,150
30,54
148,149
40,103,120
32,85
100,193
23,130
25,27,143
25,66
155,165,179
113,146,174
161,173
14,21
117,157
93,155
58,71
20,106
88,178
9,88,93
27,86,168
53,111,134
42,98,135
149,185
84,92
33,137,192
5,66
35,117,120
112,155
73,139,161
9,24
12,184
95,141
25,149,199
12,128,172
53,193
46,84,198
17,114
45,62
57,152
87,145
32,117
40,168
42,80,174
28,110
83,88,93
106,107
43,82
8,109
4,18,117
93,160
17,54,124
161,162
104,155
79,124
97,148,195
81,87,194
53,170
37,147
64,157
30,65
120,157,160
48,178
50,94
6,90
66,101
62,187
78,149
154,160
94,191
134,139
118,127
105,145
178,179
34,140
194,195
113,115,150
26,121
50,75
92,167
41,152
64,79,88
38,79,175
5,115
145,183
35,98,187
32,137
55,83
49,53,61
105,137,166
19,111
89,129
61,148,199
37,97
19,33
87,173
97,133
12,130
33,124
47,73,180
20,105,106
23,109,149
125,141
172,176
15,26
64,102,160
31,71,88
41,159,183
75,190
103,157
110,128,137
12,125
13,177
16,39
9,155
55,156,200
151,177
65,122,125
79,184
5,78
3,20,44
77,109
92,191
82,117
81,148,159
74,91
56,129
2,18,162
110,184
75,159
27,90
51,197
62,189
29,36,91
33,76,77
41,127
84,112,175
50,111,150
56,63
86,182,195
42,124,127
41,102
111,200
114,133
52,155,189
7,124
134,139
65,181
4,52,87
75,88,144
51,140,170
139,164
46,136
16,99
13,38,190
97,119
40,179,190
39,84
73,164
135,182,193
100,143
149,153
69,76,96
95,184
4,51
25,130
93,107
114,122
118,188,196
75,145,189
63,119
44,51
66,107
148,150,196
26,67,174
3,109,162
20,189
134,137,145
95,119
18,171
98,132,179
4,49
41,42,197
157,187
50,55,151
48,150
40,126
45,160
21,183,198
28,88
40,123
134,200
1,149
26,66
132,196
103,186,190
15,141,161
82,138,145
19,168
124,174
49,115
117,123
34,107,147
61,97
103,136
97,163
29,100
22,42
109,134
75,110
13,80,117
30,146
135,168,195
93,108,145
78,195
63,186
3,66,157
114,162
67,94,199
16,191
30,175
141,173
68,73,128
31,107
7,106
27,183
16,62,112
120,139
54,84
59,133
76,104,115
9,187
47,65,194
17,119,136
169,192
90,133
54,118,155
57,117,192
52,183
20,112,167
81,183
33,43,133
26,193
1,46,165
86,131,168
97,100,173
122,133
49,81
118,161
58,183
93,186
9,45
60,97
109,131,161
19,156
133,171
104,115,126
55,143
127,138
86,88,91
25,185
89,133,154
27,64,82
110,189
58,93,119
9,17
39,46
68,89
87,122,194
8,23,150
48,88,116
6,123
98,162
7,119
20,64
19,32,93
66,110,170
27,138
70,137
130,133
56,91
67,149,185
74,184
22,47
29,44,153
60,181
12,143
64,69
94,115,143
129,184
168,193
113,134,151
149,153
59,129
101,127
8,140
27,171
9,118,155
72,144,182
40,70
7,187
30,75,83
2,32
61,163
62,200
75,152
53,120,169
35,119,158
85,192
165,190
33,115
49,76,150
4,34,64
92,154
22,55,157
23,148
32,56,94
123,140
5,15
121,194
22,27,29
67,134,156
32,54,144
46,83
61,129
13,61
87,106
22,65
44,180
26,55,104
157,161
58,94
76,109
69,77,113
44,105,142
124,144
59,102
49,100
120,164
43,141,164
24,79,196
173,197
137,198
100,200
5,50,174
40,97
65,82,192
50,131,156
31,60,180
65,140
39,58,155
22,68,127
42,171
163,188
148,185
100,105
66,84
1,7
82,130,141
22,110
8,76,94
8,25
47,141
46,58,155
93,105
76,104
61,129
137,187
24,139
115,131,174
29,162
93,120
21,193
26,135
60,111
89,184
114,127,172
122,138,196
88,186
80,177
159,175
48,98,120
46,147
60,195,200
14,86
22,92
29,56
6,181,189
58,106,198
58,118
3,58
60,61,150
1,7
80,132,186
64,72
65,119
63,98
55,174
19,182
47,72,161
36,82
83,145
70,137,173
61,156,185
181,186
7,44,199
28,70
155,157
172,199
44,93,105
39,64,189
31,198
129,150
38,54
90,126
6,84
88,157,189
175,189
98,147
48,135
55,146,148
5,112
18,63,99
18,111,114
43,141
21,94
19,78
103,170
74,104
8,165
54,95
77,156,185
124,128
5,69,156
144,148
138,183
19,61,148
13,126,186
13,17,175
15,61
46,157
52,181
45,173
61,78
69,113
132,196
162,166
19,35
49,88
134,135,149
18,28
10,158
34,184
133,151
38,160
113,156
90,114,166
135,174
16,41
79,106
87,197
2,30,180
23,168
29,82
30,117,155
55,61
167,188
50,55,168
31,93,126
107,147
163,193
85,162
39,188
98,126,132
76,104,113
179,189
98,146
105,163,183
28,39,103
14,17
73,162
17,24
39,181
179,187
11,45
130,148
119,187
49,50,185
17,111
133,152
49,109
9,170
157,192
8,163
94,131
47,160
28,30,166
97,157
26,63,173
103,145
31,116
7,28,36
29,121
6,157
64,179
157,160
148,199,200
103,126
108,120,155
116,138,141
143,146,193
13,108
50,112,165
43,140
94,100
28,68,173
53,161
1,45
141,184
35,161
76,198
33,67,176
162,166
123,147
81,107
8,98
60,68,93
144,195
28,63,158
23,146
40,73
104,199
177,186
78,138
130,161,197
20,177
15,115,156
102,139
144,153
77,78
133,179
130,139
159,165
88,157
85,95
57,130
93,147,175
114,130
71,194
90,172
18,63,172
23,174
47,65
17,101
4,84
92,112,187
96,146
56,118
37,127,150
12,127,166
106,178
76,163
49,111
109,151
6,116,164
40,72
86,200
78,95,141
50,149,182
122,194
67,152
56,194
168,174
2,47
145,190
94,149
120,159
10,95
2,100
151,153
40,63,121
33,128
98,117
40,43
60,86,104
60,106
88,152,178
85,91
14,89
73,111
35,132,177
49,74
78,106
32,40
16,83
63,99,133
15,26,77
23,67
62,135
54,187
92,93
17,49
5,131
11,89
165,198
48,84
65,199
70,168
67,197
57,176
114,121
122,138
83,158
15,55,97
96,150,195
73,102
134,185
46,136
7,150
59,91
29,148
113,157
146,193,195
103,190
3,9,116
67,85
54,63,87
7,16,45
87,128
100,126
37,51
72,87
5,115,151
26,60
33,187
88,145,179
9,60,130
55,143
40,136
104,146
61,150
130,140
104,135
29,41
36,184
25,168
70,130
46,53,71
44,82
74,77
148,195
91,196
69,150,195
35,39,177
41,57,140
71,75
97,105
15,36,40
14,90,95
117,167
52,83,157
15,104
69,153
143,187
48,87,121
29,94,181
49,100
58,65
102,128,138
58,138,150
71,83
33,71,111
18,95
58,64
6,109,124
11,143
45,112,149
44,164
24,99
20,22,77
69,153
138,174
84,178
71,158
44,137,167
124,192
27,80
22,179
53,97
18,43,63
37,123,160
101,117
20,51,123
74,170
46,75
38,39,112
115,133
115,181
24,71,116
49,199
64,126
61,113,135
70,117
148,163,195
21,78,86
15,94,200
151,178
25,77
165,183
60,95
21,131
179,180
33,62,102
49,69,115
71,74,181
71,83,187
27,109
131,195
43,68,91
65,199
86,195
67,146,182
40,71,79
60,97,182
74,108
61,107
19,44,72
67,96,185
132,148
97,161
89,138
76,131,146
17,20,24
40,117
25,131
3,66,196
90,105
35,189
14,23
22,133
37,56
41,96,192
34,44,75
144,146
62,155
9,69,81
67,156
60,134
111,148,149
104,151
9,38,72
44,127
127,146
44,72
148,159
26,48
43,129
4,25,69
23,146,148
134,173
19,151
27,115,149
50,76
93,118,181
3,178
155,190
111,150,151
38,93
42,127
109,131
96,153
4,92,165
55,97
45,74,170
80,119
68,110
39,98
34,121,184
167,197
88,131
96,193
8,25,135
33,59
114,167
87,173
62,82
5,69
38,39,188
16,30
63,128
3,144,188
163,186
86,194
38,144,160
15,96
144,178
73,147
169,171
113,154
135,193
63,159
64,68
2,133,194
6,120
57,68
139,175
53,97,134
134,199
81,85
26,69,149
101,199
90,120
34,91
31,142
86,97
50,57
70,101,172
94,137,156
61,67
76,143,168
46,188,198
46,147
94,163
98,173
10,65
33,179
31,52
4,136
99,139
8,113
127,133
86,131
41,50
122,153
15,62
48,187,189
88,190
132,139
43,70
53,149,154
109,129,151
15,76
80,165
52,64
1,10
155,182,197
54,164
63,161
66,165
4,151
68,189
26,77
36,129
65,145
5,47
134,135
157,177
119,128
98,198
22,194
43,59,95
71,83
23,104
16,158
20,70
15,21
50,193
79,92,155
47,169,171
90,117
64,136,143
35,112
26,131,184
122,127
93,107,147
17,46
34,58
27,105
125,180
65,138
25,109,149
122,177
23,121,166
199,200
36,119
23,200
32,90,169
99,100,133
11,176
22,68,167
8,27
25,154,163
148,195,200
21,193
51,112,157
36,183
46,188
29,51
107,183
33,127
19,60,174
56,82
115,128
43,99
51,165
94,110
128,194
34,161,162
122,138,152
156,163,168
61,88
99,198
17,64,138
4,44
79,160
99,155
91,140,167
9,107,188
50,55,151
67,109
32,50,181
51,98
186,198
122,185
10,117
21,123,134
84,139
9,132
117,197
99,111,123
111,146,185
115,146,195
107,155
12,139,184
34,51
12,62,126
23,143
17,111
68,95
37,109,119
50,111,146
5,145,163
103,157
19,21,100
86,115
118,169,181
8,109
113,182
37,132
76,143
5,122
168,169,193
14,22,32
88,155,175
173,197
21,199
73,173,194
128,139
72,98
108,119,186
77,199
61,74
10,180
32,181
1,85
56,90
33,70,170
131,190
102,143
96,155
22,114,184
52,157
13,137
93,133
47,51
75,113
3,93,178
47,68
118,140
20,60,75
22,124
11,59,166
32,85
99,108,131
40,93
1,91,166
113,195
116,190
28,36
100,111,151
30,75,112
11,180
161,184
1,85
74,121
142,157,188
24,84,92
103,187
48,71,128
14,188
28,76
127,143
155,177
21,158
199,200
34,38
3,53
79,127
17,127,174
115,153
78,104,174
101,114,193
134,193
25,95
25,135
76,190
22,29
67,159
19,31
30,95
71,141
2,4
111,189
143,154,200
45,196
104,131,146
57,76,113
53,77,104
116,151
15,148
35,75,188
25,146
8,96,134
45,155,195
3,37,160
10,70,162
141,149
50,103
22,42,45
39,149,172
68,167
42,87
66,80,145
22,171
27,113
1,191
154,163
71,145,196
34,147
152,180
74,134
28,159,197
24,120,132
14,170,197
5,77,151
1,69
21,26,27
48,119
138,139
60,94,200
33,136
4,7,107
148,186
41,80
146,200
17,112
19,90,111
50,69
1,152
26,44
1,113
14,166
74,107
83,114,151
76,155
68,110
3,185
107,174
79,138
168,185
159,184,186
68,170,192
53,145
12,101,159
109,115,193
76,142,174
2,95,167
31,165
64,120
55,143
72,141,167
173,197
95,141,197
80,177
24,46,58
75,138
96,156,185
30,87
103,118,147
73,102
25,136
13,81,165
5,8,185
23,168
4,79
145,196
104,115
19,96,199
105,119,198
8,163
14,31,164
90,114,140
11,43
9,12
83,110
9,13
31,114
89,128
5,53
119,189
154,192
4,75,181
128,152
27,53
162,193
137,197
105,119,138
1,56,126
42,95,183
15,27,184
152,162
16,68,192
142,187
138,141,175
153,200
51,75
77,146
121,172
123,160
36,82,125
60,156
81,156,184
36,108,199
141,150
84,138
66,73
8,195
60,156
9,145
19,71,162
71,108,132
100,109
100,193
59,125
75,97,151
83,128,157
1,117
104,185
6,55,153
27,76,195
126,164
38,116,120
143,174
11,170
23,146
29,37,65
51,179
25,60,154
89,90
60,146
75,162,191
38,142
133,179
56,71,79
46,66
92,120,160
25,134,148
97,163
15,76,151
82,173,192
171,180
17,54,107
82,161
47,133,140
29,34
132,179
34,46,88
75,189
19,86
12,146
25,138
37,138,143
17,100
21,84
8,76,149
38,179
30,32,54
65,119
63,129,173
49,120,142
96,148
22,45
5,36,91
18,176
40,58
134,175,199
83,157
51,196
27,135
37,74
75,114
53,76,153
7,87
177,188
77,163
93,126
86,174
144,164,165
43,65
116,178,190
115,126
60,69
32,158
4,13,46
44,179
149,156
19,156
12,59,161
6,126,196
42,47,194
101,103
136,160
115,134
47,158
25,55
68,75
26,39
9,106,199
121,127
35,116
67,110
4,63
49,112,177
118,132,172
54,132,190
10,81
53,109,111
115,135,157
93,160,175
58,105
105,169
87,194
16,139,197
84,117
171,188,191
2,30,70
3,72
12,169
96,131
57,89
77,96,195
14,158
79,144,177
61,153
23,57
169,192
3,142
115,151
30,193
66,178,187
35,145
51,175
8,50,156
39,178
26,78,97
34,159,176
8,60,195
79,136
41,173
4,105,126
125,187,194
69,193
21,153
54,79
45,72
44,106,164
101,118
70,90
120,175
55,66,178
15,100,182
4,40,108
137,170
143,146
56,104
63,114,129
60,185,199
18,34
6,58
40,136
35,49,51
90,138,141
45,126
46,88
62,120,150
182,184
36,176
9,111
10,137
21,176
38,106
9,191
50,87,99
120,190
76,100,131
151,154
11,129,183
52,93,106
185,195
16,57
62,147
78,149
36,78
15,49
23,138
68,162
126,134
6,119,145
12,162
99,194
39,108,121
100,164
4,41
94,182
43,56
88,98
36,168
38,118,132
94,199
24,35
16,183
174,193
11,121
18,79,86
47,68,124
91,129
133,185
86,171
81,106
58,86
55,96
14,77
67,135
44,119,189
4,13,65
161,200
4,93
85,94
44,110
15,21
75,106
31,79,184
11,12,162
2,71
40,47
69,145
7,101
12,131
9,28
31,155,187
119,184
74,106
46,79,107
50,96,154
149,182
11,12,45
25,53,69
34,51
101,161
40,142
91,110
78,182
77,197
7,47
14,127
28,70
106,153,182
43,116
69,143,149
32,93
66,116
34,39,83
56,114
75,175
20,140
11,117,129
6,54,105
58,72,123
117,158
31,191
30,113
36,56
20,54,126
104,182
28,180
68,194
89,140,176
125,188
23,26
86,143,185
160,199
67,185
133,193
15,86,94
26,76
71,80
96,115
19,69
87,178
24,89
91,118
60,181
2,53
6,24
50,154,174
44,53
65,131
86,156
32,165
27,113
48,97,171
24,66
67,68,163
17,116,187
97,133
11,78,154
8,115
22,169
77,185
11,169
35,76
36,159
152,169
16,91,184
120,156
54,125
13,66
80,131
39,133,138
10,102,171
71,80,127
52,177
112,167
96,148,168
7,186
24,182
13,98
30,41
66,177
134,182
39,46
118,198
108,129,133
13,120
41,89,91
130,191
150,195
159,189
134,149
70,84,105
118,165
18,116,191
71,123,177
67,134,193
150,178
89,142
140,157,197
156,182
65,140,172
76,163
66,79,175
67,99
9,162
34,90
133,166
127,174
59,116
73,171
105,179
41,101
72,114,141
21,156
22,158
38,116
32,83,172
23,158
52,116
112,153,182
92,118
3,61
41,46,134
88,187
97,195
50,111
37,107
58,177
66,116
6,24
148,176
60,94
29,195
13,51,178
56,57
8,69,185
45,56
21,131,143
8,50,104
140,158
123,186
100,125
120,182
63,180
30,162,198
21,86
38,58,189
21,132
31,138,155
83,159,161
138,176
14,69
140,150
10,29,169
32,90
39,107
29,68,138
64,79,179
43,195
163,197
23,60
35,75,126
6,196
169,196
78,104,113
61,96
152,179
105,190
28,106
15,68
24,80
11,147
65,129
107,147
6,138
142,147,155
94,115
18,121
1,183
35,160
10,45
111,166,179
25,156,174
45,106
4,8,128
1,143
153,165
90,172
105,196
4,9
67,106,168
48,175
43,68,124
8,151
58,121
92,98,181
26,182
132,172,184
64,118
69,120
57,127
108,157
113,137
95,146,192
147,180
119,196
38,145,188
105,107
42,94,118
106,165
103,139
47,139
9,145,181
10,159
37,136
101,116
54,199
30,82
111,182
120,172
135,188
97,182
17,37,88
18,101
99,114,127
20,70,175
2,191
83,112
69,139
36,87
80,85,172
74,172
68,118,136
35,83
108,155,173
21,132,141
39,71
52,137
145,188
105,158
53,61
2,127
123,155
43,65,173
65,151
113,147
69,140
103,134
45,57,176
21,82
96,161,184
77,94,134
108,198
100,199
78,104,199
12,118
141,163
28,200
40,66,126
91,192
89,161
18,68
20,187,190
24,145
121,146
24,152
60,151
14,121
7,176
190,196
113,200
31,92,114
12,102
96,198
95,191
17,137,180
66,88
89,92
69,111
35,129
23,134
90,93,198
42,100,125
105,115
12,18
80,168
125,141
51,79,154
8,100
127,183
42,160
100,131
49,76
88,136,177
5,76,182
11,102,129
14,180
32,98,136
77,162
153,192
1,103
41,163
76,174
110,172
101,119
27,96,97
56,171
82,161
35,52
16,105
31,67,133
40,118
128,147
131,154
10,95,194
9,71
8,19,182
88,137,145
52,132
111,182
44,147,152
48,107
5,111,195
85,187
56,157,168
52,66,112
142,186
127,162
15,61,113
66,154
100,166
83,104
3,83
72,113
16,43
122,187
103,119
60,61,100
104,112
49,186
20,175
80,167
110,137,156
10,134
57,184
8,86
9,143
34,85
123,164
1,89,122
75,87
24,155
3,66,106
111,134
84,145
82,95,159
23,76
8,143
10,91
113,125,155
16,32,152
82,161
136,181
120,189
25,32
123,125
69,195
98,186
16,48
116,144
79,82
97,151
28,178,189
163,200
67,115
69,78,200
27,149,176
10,73
60,134
2,144
25,27
132,160
9,84
174,176
10,117
49,61,76
85,90,124
51,80
9,126
45,88,142
9,20
108,139
111,174,190
33,183
27,112,139
25,80,129
104,199
94,97
84,192
68,86
53,187
134,174
86,121
54,64,83
71,103,154
141,152
143,187
77,108,148
8,150,182
153,154
7,166,192
160,198
50,61
151,193,195
78,146
108,121,170
72,126,144
17,120
58,178
41,145
51,170
2,90
78,143
80,123
71,94
30,57
91,121,191
68,99
99,117
1,63
44,58,150
59,96
39,52
8,15,97
87,171
124,159
76,100
48,92
110,141,172
106,108,190
135,193
59,140
63,122,180
49,60,193
137,172
17,63
84,120
46,181
23,58
39,70,164
9,96,191
4,177
50,93
11,18,78
116,177
91,141
10,75
27,168
95,170
139,155,159
83,179,181
13,116
77,153
164,172,176
11,29
56,144
12,63,74
22,50
120,175
72,89,144
19,53,131
94,168
2,36
76,99,173
73,118
72,120,165
4,180
26,111,113
134,153
170,172
59,102
62,135
6,52
56,102
109,113,150
37,187
27,91,136
21,67,151
64,71,186
9,188
54,112
10,170
32,141
58,66,103
15,147
15,39
94,146
64,83
73,117
87,113
82,89
13,119
81,123,179
67,140
22,81
68,168
75,152
21,145,157
67,150
108,144,179
107,119
137,141
11,167
101,128,140
65,108
61,121
134,187
39,103
77,109
38,72,177
83,146
142,157,191
5,31
54,136,188
61,143
49,154
4,17
45,192
24,81
15,73
62,141
62,194
12,153,196
20,189
66,153
40,88,126
23,67,200
125,176
103,178,181
183,184
95,183
6,117
6,23
37,44
17,51
18,72,144
40,156,178
13,107
40,83,93
25,86
75,130,198
24,64,106
2,162,167
3,79
40,103,177
36,193
92,183
26,77,148
156,184
69,135,148
59,128
4,66,187
116,200
6,94,160
101,122,162
111,156
68,138
28,103,107
21,97
25,147
27,153
91,119
69,134
17,62
16,42,159
44,75
48,145
73,124,194
82,84
23,108
166,194
27,195
13,143
6,28,151
58,192
91,194
58,140
55,140
54,116
88,198
131,175,186
66,196
91,183,200
150,173,195
4,134
76,94
6,31,35
38,39,126
121,137
59,102
52,71,155
51,83
49,98
113,150
16,138
18,30
39,66,175
91,192
68,152
79,107
62,141
103,105
9,33,45
13,115,170
14,99,125
29,89
117,133
15,163
180,183
7,99
56,127
80,176
53,160
69,77,182
79,87
132,178
10,30
87,144
74,139
83,127,138
89,185
22,105
71,103,145
27,94
17,185
60,76
3,37,106
26,74,179
173,183
56,105,158
46,80
76,107
