23,57,96
99,175
58,182
65,132,160
21,165
103,118,119
34,187
31,107
55,118,165
1,2
48,147
98,172
45,89,95
45,116,198
50,82
47,53
21,180
49,56,155
79,114
38,110
62,111,169
6,86,88
79,188
77,195
81,146
81,131,133
13,117,142
90,126
14,26
7,52
155,165,190
85,128
18,174
47,156
107,165
13,125
57,166
69,161
43,69
117,129
42,200
24,48
18,21
150,160
50,143
109,137,196
15,106
174,190
71,193
5,66,147
37,39
55,140
49,90
22,87,166
106,164
16,82,92
111,124
10,56
110,127
174,175
124,140
52,122,147
104,139
94,147,155
70,167
18,43
80,81
74,130,190
153,188
106,150
69,82,107
17,29,68
61,90
42,105
117,177,199
12,89
6,73
30,72
15,146
40,44
41,58
111,141
1,188
19,181
32,158
115,136
48,50
103,107
7,94
110,141
17,157
37,39,43
20,25
44,71
62,70,123
85,185
22,62,200
31,78
39,113,162
131,196
165,178
112,183
123,194
50,132,145
86,153
16,73
17,97,135
16,80
47,193
9,17
82,158
140,191
66,83,157
74,141
144,173
46,124,126
47,149
54,134
64,148
40,119
97,191
75,82
104,178
24,103
42,111
62,91,190
81,93,187
53,63,166
74,153
35,174
8,23,91
21,70
40,85
27,33,182
133,197
36,165
82,108
107,123
154,180
88,136
16,126
150,168
7,183
71,167
15,70
73,195
172,184
12,50
129,194
107,167
18,116
17,113
28,84,123
69,93
20,150
18,98
45,112,189
17,173
48,95
74,95,96
26,138
87,95,112
102,144
43,191
4,86
47,121,130
8,194
56,85
47,126
2,25
76,95,130
10,124
55,197
61,121,137
62,188
102,114,176
71,111
88,141,158
80,111
32,111,167
114,185
154,182,191
80,187
2,142
7,111,140
85,111
25,171
47,60,146
26,194
104,158
117,150
4,45,116
7,87,163
11,174
45,144,149
21,81,133
36,82
30,61
100,127
56,145,173
73,141
1,57,72
86,96
29,159
102,119
123,126
106,155,168
156,182
27,94,106
77,183,188
113,197
69,112
108,113
68,105,165
85,146,173
129,171
37,74
109,174
33,133
17,68
29,37,99
82,111
29,94
3,126,175
72,135
70,71,177
99,188
154,195
16,191
44,64
109,112
114,175
23,30,76
81,162
86,195
7,73
5,68
65,159
11,123,169
90,196
84,88
24,88,131
70,113
116,199
7,40
12,77
16,93
2,112
43,156
31,184
49,138
13,18,22
6,189
24,42
49,83,176
87,182,195
18,58
30,51,180
96,180
54,66
27,92
22,129
10,125,168
38,41,165
111,128,187
69,143,161
31,53
21,173,185
99,142
89,125
77,96,161
27,133
57,113
140,187
50,137,164
37,59,177
191,197
38,144
13,68,130
97,142
12,35
50,100
44,186
1,160
30,167
117,148
68,137
10,125
9,35,86
4,45,200
161,172
3,25
6,14,192
47,62
85,121
4,63
121,169
10,179
111,133
52,57,65
46,132,189
27,144,153
8,12
47,83,150
17,185
145,183
42,161
42,108,163
38,104,139
38,66,114
25,44,182
80,162
82,158
77,115
82,105,108
133,180
114,139
15,131
87,189
112,199
12,109,137
83,168
57,74,184
61,152,183
22,64,69
153,176
77,95,119
16,133
29,38
98,146
94,114
20,38
153,191
63,112
29,116
19,20
54,55
55,62,192
63,143
66,90
90,185
65,129
53,83
50,110
21,177
123,191
67,77
128,184
174,190
26,75,169
28,45
66,90,143
140,169
64,109,135
54,81
1,116
21,102
116,177
62,117
60,167
72,98
27,124
37,116
30,98,112
32,70,73
32,57
172,180
66,194
1,57,117
35,198
105,111
58,100
142,186,194
39,130,134
7,46,141
62,105,121
54,127,179
48,100
109,125,129
1,4,166
93,106
10,110,155
2,16,157
50,85,127
45,72
125,139
145,194
76,134
89,96
128,157
3,163,192
40,169
107,115
121,191
101,112
89,146
12,97,149
40,55,161
118,178
20,156,187
9,175
96,116
121,128
142,196
6,165
98,183,200
13,15
41,146,171
14,171
122,126
2,196
31,80
6,82,167
43,54,156
13,116
154,190
85,169
66,100
42,85,133
20,41
52,57,184
143,168
114,179
16,32,107
76,109,179
105,140
83,165,172
6,78
135,185
92,153
116,188,190
102,175
40,53,150
59,188
45,54
168,194
61,181
91,115
55,78,187
45,98
159,181
15,16
39,51,182
14,60,165
31,181,192
41,177
23,63
130,180
106,151,188
68,125,131
29,75
9,49
29,33,198
170,188
192,193,194
5,44
54,109,175
134,143
75,169
55,109
80,133
69,130
144,169
14,70,159
89,172
64,100,168
86,187
109,129
93,107,115
76,130
85,107,171
104,192
97,164
98,164
14,23,136
87,113
65,170
86,88
35,194
92,123,178
2,134
180,184
39,47
37,143,156
113,192
88,191
156,170
88,104,110
27,119
4,57,117
6,56
89,112
44,66
18,51
11,33,102
90,100
29,94
69,152
39,99
9,109,179
13,43,67
21,150
47,83
138,194
137,148
72,149,179
106,155
87,198
55,122
102,132,194
29,55
170,176
4,114,118
155,183
109,151
35,98
49,75,96
113,145
12,74,125
13,74,190
59,176
2,39,152
30,67
95,98,188
22,74,192
90,166
9,175,193
48,61,76
121,191
136,139
93,153
68,83,127
42,186
66,143
30,57,105
12,57
83,97
193,194
74,191
128,182
140,196
37,181
75,200
22,147,186
115,168
148,194
111,161
79,194
77,176
72,142
122,139
26,114
28,178
16,133
75,152
170,194
39,119
77,170
10,70
14,62,169
106,173
1,38,100
68,122,169
77,186
138,175
29,114,132
166,197
97,139,148
57,69
61,189
111,154
5,143
18,61
3,78,124
3,111
79,145
8,10,47
52,89
96,101,158
43,89
59,196
45,186
17,30
16,121
77,98
72,134
71,118
96,174
5,59,186
74,93,102
63,174
87,196
70,178
40,58,197
92,120
111,187
41,51,68
144,185
1,11,67
10,167
109,176
35,149
155,194
94,101,178
75,117
4,152,172
59,170
142,177
6,164
96,160
139,167,178
96,119,180
21,54,157
72,158
115,157
25,42,44
26,68
80,150
62,69
101,170
88,108,165
158,187
11,63
109,132,135
66,137
103,153
30,130,195
47,88
14,27
5,113,196
27,127
20,118
3,102,169
31,88
30,174,195
47,80
91,138,151
110,150
186,189
125,128
64,122
21,200
36,187
132,196
115,170
36,103
69,195
87,116,143
89,129
179,199
31,191
55,89,136
35,161,172
11,62,118
181,197
116,174
67,89,94
11,39,67
75,87
116,186
154,175
117,198
154,187
13,23
74,82,115
23,95,117
37,116,161
61,135
106,196
31,195
30,101
127,139
140,171
132,194
14,73,192
90,195
7,144
38,94,137
29,109,193
183,186,199
73,119
52,103
93,155
4,72,116
61,160
17,64,157
139,192
5,15,20
11,82,130
23,75,174
44,103,179
9,144,157
52,98
73,93,113
139,171
30,89
27,54,132
172,177,183
83,153,162
16,17
37,77,200
40,62
102,157
25,140,200
87,188
134,152,188
88,96,179
48,83,164
23,69,195
49,194
7,28
118,178
15,82
96,186
15,133
87,140
73,115,118
7,178
135,198
48,70
92,153
39,175
180,195
142,172
53,63
37,67
171,186
143,146
15,125
116,160
80,92
49,66
38,122
12,18
62,86,117
8,46
35,38,198
58,184
18,89,160
173,179
68,136
16,99
136,137,145
8,47,126
21,90
105,190
163,197
37,45,109
28,149
153,168
57,95
44,71,151
66,145
83,94
94,185
119,159,196
41,155
32,93
7,156
11,46
14,140,141
22,66
112,198
27,66
113,118,163
43,63
5,116
120,138,196
130,170,186
90,120
76,101
112,143,160
87,148
48,139,145
126,127
22,86,177
104,133
64,174
15,51,121
140,159
11,35
15,24,200
79,180
70,72
10,50,194
70,174
125,135
115,121
98,130,198
80,151
3,187
107,196
49,50,129
65,152,161
41,195
69,146
117,129
30,53
37,190
20,32,107
69,160
62,82,133
73,131,132
13,183
73,80,87
23,43
39,84
69,190
37,144
48,102
80,196
8,68,144
25,29
79,100,179
6,128
94,193
66,125
43,115,197
142,146,182
81,199
98,146,199
54,106,140
27,114
142,178,191
65,190
19,187
15,151
142,185
36,83,184
35,162
153,182
68,106,196
1,150,177
80,125,178
103,153,171
137,149
54,104
65,74
115,136,184
25,81
15,187
58,142
76,94
7,20
93,146
27,172
2,35,184
11,66,113
43,86
1,11,160
39,188
94,147,195
141,178,192
40,131
11,86,115
115,153
148,154,175
120,161
25,51
52,98,132
164,178
95,134,137
127,138,157
12,46
131,153
11,15
25,70
40,167,192
8,56,149
94,102
34,141
42,55
59,163
39,95,123
53,122
12,43
14,153
3,163
126,138
8,20,188
66,174
7,128,195
4,30,200
177,183
78,111
5,191
2,59,142
12,31
67,115
85,159
85,105,137
42,111
90,135,148
90,179
95,142,160
145,163
48,62
48,175
73,85
55,80
24,80
33,62
57,71
28,151
29,54
49,179
25,107
35,198
6,188
36,123,192
28,116
69,174
31,113,140
57,87
119,126
15,80,187
163,165
68,149
128,152
14,16,22
14,153
2,10
137,144
38,152,185
90,138,179
51,54,160
48,97
32,133,191
155,187
46,150
45,59,76
30,75,160
63,157,174
27,144,150
141,181
101,143
83,168
3,147
101,114
38,134
77,132
137,149
131,186
188,199
26,162
83,93
81,182
131,147,171
54,129
64,159
65,174,176
153,197
32,58
4,58
93,126
56,77,126
78,105
120,144,171
142,186
17,189
71,87,196
76,117,130
4,116
1,96
15,87,177
30,89,130
18,145
27,90
14,25
36,131
58,101
50,79,122
46,95,197
66,125,132
103,195
27,132
14,122,151
34,133
72,82,133
8,35
102,173
29,90
56,68,148
85,165,187
46,148,193
49,97
158,165
74,166,188
9,135,143
16,34,78
112,180
112,177
109,113
20,105,192
1,7,30
148,186
31,152
50,96
2,108
21,130
57,188,198
63,184
33,119
18,69,152
92,141
54,68,146
33,178,192
169,192
16,112
26,173
93,169
44,56
4,186,199
12,68,123
87,110
107,185
171,174
6,62
106,162
9,176
107,123
136,175
22,24
137,168
35,188
25,35,81
99,189
44,195
7,85,197
72,132,160
42,104
118,195
117,184
2,49,94
82,176
11,96,161
71,123
3,19,84
11,98,143
66,122
50,120,196
38,148
5,184,198
72,83
90,129
33,37
110,119,140
94,125
69,136,154
4,76,143
79,168
122,138
5,183
84,86,134
79,135
61,110,151
37,186
13,23,39
18,189,200
151,174
10,114
91,96
77,160,200
185,191
154,182
92,192
118,120
105,151
148,150
123,174
124,137,144
115,178
10,29,157
62,172
49,62
46,145,185
22,75,124
134,174
176,195
100,160
99,188
84,108,166
163,175
134,164,193
17,121
62,84,107
90,137,145
36,137,192
18,138
25,186
28,71
37,174
76,183
123,160
81,121
155,158
150,155
16,169,181
19,95
105,171
35,95
19,167
69,89,183
56,102,120
124,174,190
61,152
29,132,167
11,101
21,176
11,13,183
18,183,186
85,153
48,55
30,55,57
143,146
155,157,175
132,155,196
106,156
71,137,155
59,189
40,159
46,137
18,41,77
76,164
110,147
59,72
132,194
106,109,157
69,85,162
32,36
72,77,143
40,192
41,59,96
114,164
9,138
88,169
55,76,156
36,104
35,142
47,68,175
28,66
10,54,124
129,185
58,147
112,115
102,124
110,125
19,31,130
27,100
65,119,170
21,68,117
19,29
3,154
134,153
6,126
123,192
17,56,135
87,142,153
56,190
43,134,183
180,183
6,154
118,121
74,92
123,140
134,143,195
132,198
82,92
130,161
9,135
138,155,193
186,198
17,46,196
22,79
71,184
40,190
59,134
64,106,140
120,137
144,157
53,118
41,53,188
159,170
10,83,114
84,93,123
4,30
13,52
77,95,99
105,149
5,73
25,182
111,197
170,177
102,173
8,49
156,187
38,114
62,80
64,168,195
23,35
156,198
16,192
27,50
36,77,186
93,174
15,104
80,141
118,141
24,104
64,109
150,174
101,132,199
16,113
12,94
84,131,172
8,68
21,100,145
45,58
64,137
114,186
140,147
28,166
78,153
48,107
183,199
22,98
89,122
58,97,182
41,75
9,63
167,197
159,188,191
27,90,164
82,178
24,181
13,57,77
157,196
88,151
50,98,176
88,191
9,34
16,154
41,98
16,24
134,188
43,156
144,148
17,97
57,100
70,187
138,194
9,100
25,38,67
18,41,161
76,86,174
1,61,134
85,118,197
29,176
22,106
52,77
53,150
69,143
91,176
21,170
3,94
6,125
106,167
130,180
74,174
29,146
42,165
11,156
89,189,200
122,139
34,59
13,75
24,158
93,155,175
57,161
47,150
93,142
16,35
30,45,136
133,182
21,94
65,147
21,106
15,145
42,160,194
121,164
23,136
44,111,121
43,183
50,140
8,137
1,183,190
140,181
31,60,165
25,33
36,73,136
27,92,174
147,192
81,88,190
71,115
1,189
58,90,144
136,173
133,154
12,168
97,116
71,78
86,200
66,183
82,115
98,107
83,136
15,21,95
24,182
97,122
53,63,199
1,62
10,120
116,155
46,137
18,61
98,117
61,198
25,80
99,143
159,193
143,149
81,113
47,83
113,197
2,199
136,150
8,155
130,142
88,99
122,139,149
64,102
39,166,172
100,192
70,75
15,66,155
2,58
42,140
66,168
104,121
122,140,174
16,45
35,193
69,104
38,109,127
42,58,131
62,172
28,53
5,7
102,122,135
17,46
4,174
98,198
52,89
91,111
159,178
49,120
117,156,170
43,52,86
34,78,85
43,87,189
28,91
43,184
88,126
135,164
157,175
162,183
23,151,176
104,138
7,155
38,125
108,134
96,175
6,36
136,148
46,194
103,105
14,32,108
116,162
53,108
65,87,162
88,105
57,198
129,155
36,78,191
116,159
34,105,167
62,170
11,23,188
35,143
130,146
39,86
9,127,129
104,158
148,162
110,181
83,155
46,68
23,37,130
19,92,121
51,131
8,13,161
36,182
64,149
67,98,198
19,107
64,166
19,131,197
20,25,61
84,140,165
94,143
148,196
73,81,88
58,65
71,128
131,132
11,189,198
15,91
132,139,160
32,159
110,147
9,83
106,138
134,189
75,166
74,130
6,131
64,109,194
122,166
72,177
80,155,166
77,94,200
26,84,99
23,76,172
37,130
6,47,175
44,157
28,60,108
63,174
3,10
21,66,129
65,142
117,130
16,157
11,38
64,160
96,170
125,166
11,72
180,185
19,178
141,192
47,68
2,50
87,116
46,54,149
16,141
117,162
154,193
66,124,138
166,180
174,189
124,182
21,126,145
69,178
26,46
116,186
96,130
25,156
2,57,77
89,101
128,149
62,140
174,197
55,101,108
165,192
48,84
58,66
78,84,165
23,77,170
127,194
30,166
161,188
16,126
23,56
155,164
18,52,95
115,195
74,170
75,76,95
56,137,149
116,195
20,64,111
20,25
83,97,179
49,125,173
32,44
33,110
62,91,197
82,167
34,118
27,102,109
71,174
59,143,195
150,179
10,140,163
145,168
19,118
101,112
43,58,67
88,101,131
87,129,136
36,88
37,72
10,68
97,164
39,77,112
58,89,161
11,107,143
11,87
119,165
32,159
12,13,79
117,197
157,179
54,100
73,110
25,169
59,61
9,200
158,188
150,155
118,194
50,118
30,167
104,155,198
12,187
97,107
78,153
154,163
15,167
54,180
27,127,144
11,98
126,151
24,185
142,183
63,87,116
22,57,186
6,12
74,116
58,190
85,159
30,34
97,106
34,82,88
183,200
65,136
41,190
75,87
175,193
118,180,183
94,97,196
31,154,158
40,65,96
50,101
43,183
21,130,133
55,108
71,88,154
53,59,146
2,174
138,144
26,49,97
42,75
118,144
10,49
62,78,197
32,106
62,81
12,97
23,35,112
42,44,163
96,177
11,95,99
33,71,85
108,166
152,168
13,69,156
33,137
48,185
11,13
59,99
8,47,179
66,185
54,102
93,104,169
55,172
75,146
147,178
12,126
27,54,175
14,197
74,101,177
76,176
32,93,166
10,102
28,43,61
55,158
1,65,76
27,127
26,63
46,102
50,110,176
82,123
111,115
130,168
95,139
47,48,184
74,106
2,75,170
85,87
12,14
109,145
79,196
103,158
3,158
110,191
70,121,123
40,72
139,194
45,47
58,117,177
128,191
90,124,136
26,156
28,42,77
75,110
42,107
45,148
39,43,180
95,172
57,141
45,88
129,144
56,145,196
7,19,115
159,192
107,158,178
33,81,196
90,125,135
2,23,116
5,74,180
177,188,191
43,56
17,56,66
32,159
109,157
33,51,153
95,134
86,96,186
39,41
1,162
59,78
44,62,85
84,152,167
11,119
43,130
79,193
48,121
46,124
25,80,191
105,169
10,48
177,190
36,88
98,157
4,172
29,126,135
73,108,168
118,149,185
9,157
67,196
74,147
18,43,45
1,74
82,181
14,25
35,137,152
78,147
39,80
77,99,116
11,77,198
49,125
142,197
31,34,70
99,142
71,111,178
42,44
70,154
143,160,174
38,150,155
102,139,194
73,106
47,155
114,118
30,149
8,122
22,86,190
172,194
19,57
40,58
134,174
72,127
3,126
108,191
69,199
80,94
6,84,187
53,161
4,145
49,196
59,146,177
90,126
42,165
111,149
136,144
147,171,193
45,99,134
137,200
40,173
2,43
81,110
11,70,135
90,97
43,198
59,170
87,110,122
6,25,31
129,145,164
131,191
16,181
160,187
3,81
17,196
19,154,163
100,192
145,166
40,115
86,104
97,140
83,87,169
119,133
18,127
110,145
54,136,139
80,155
39,57
111,153,181
50,168
20,91
22,109
124,139,157
56,106
66,79
35,39,161
1,199
14,146
44,90
95,179
121,154
84,91
111,159
29,46,56
121,135,139
47,90,148
106,124
48,94
94,131
54,185
101,161
53,112,183
8,183,200
27,55,127
92,96,151
95,191
58,130
92,95
56,100
8,68,173
33,196
94,166
39,52
109,114
74,95
62,155,187
72,106
96,136
13,59,143
2,99
138,148
4,166
23,166
50,168
84,183
20,32
37,90
68,79
168,198
39,62,119
63,112
176,183
83,104
74,89,152
111,123
18,106
148,152
39,117
49,121
25,82,159
163,167,182
62,79,98
1,198
39,65
49,98,170
31,158
58,146,189
112,130
166,192
108,146
47,132,139
99,177
123,145
26,159
67,162
61,180
69,145
74,166
140,156,167
12,49,68
44,85
50,128,172
9,124
58,68
94,165
33,149
48,91,186
8,161
34,80
13,161
87,99
136,150,175
7,15
103,126
77,81
4,116,198
30,177
17,43
68,135,164
25,111,187
55,71
53,196
34,121
16,104
161,176
41,74
109,187
39,181
89,102,126
73,153
32,116
40,153
71,85
148,161
67,99
38,138
103,142
42,151
113,122,175
42,111,118
14,113,182
76,183,190
8,30,164
1,36,91
117,186
53,95,172
51,92
100,173
17,38,168
132,157
21,129
32,183
28,73
85,171
37,59
114,196
153,197
163,190
40,90,185
98,136
59,143
6,51,128
109,117
49,84
69,195
132,138
87,180
130,200
57,58
39,152,170
112,132
96,168
20,82,191
4,30,195
2,67,184
154,163,180
135,138
50,91
78,179
17,21,182
12,55
96,146
58,91,159
95,167
183,196
75,132,159
2,74
3,89
2,18,37
57,93,164
105,187
9,154
13,65
91,110
69,141,191
12,179
146,186
18,173
29,56
25,193
47,135
123,127,190
30,63,172
60,131,156
94,169
48,49
36,65
178,187,197
11,97,146
149,185
99,132
16,105,113
140,182
91,171,179
82,109
164,170
23,69
12,60
49,131
22,43,95
167,187
27,105
7,133,197
127,129,194
40,147,188
96,150,180
44,128,192
36,165
1,119
42,191
37,130,143
74,82,137
17,67,71
43,67,76
134,143
117,129,177
35,69,200
6,147,197
4,35
123,140
64,112
131,133,159
9,48,175
5,47
64,139
127,161
56,148
134,166
72,116
31,153
109,131
40,48,139
3,19,20
134,146
1,170,177
89,153
140,171
145,165
98,155
74,151,183
51,84,187
45,139
78,82
25,111,140
68,129
36,100,178
2,184,199
31,156
122,185
75,122
81,159
72,77,178
19,156
56,83,150
4,30,55
17,97
57,68
114,117
61,116
67,72,172
91,151
58,198
116,191
103,127,170
115,160
3,42,192
3,119,147
27,131
37,112,116
123,149,200
4,37
77,155
13,200
33,95
32,103,118
143,160,170
9,30,88
60,85
88,165
35,89
70,88
39,67,182
18,172
4,95,166
1,51
112,121
49,147
82,131
99,183
20,76,115
55,115,182
124,189
50,69,106
44,183
112,180
18,67,72
103,128
125,183
112,161
11,129,148
102,149
37,74
112,174
30,54
36,152,198
41,112,180
18,32,35
98,145
31,112
34,42,83
124,164
85,181
11,77
77,134
63,130,188
14,145,167
127,181
39,85,123
3,25
126,144
29,124
4,155
4,85
79,90
157,183
70,122
97,151
89,116
15,158
109,139
30,85,90
7,149,165
7,117
95,101,199
101,105
93,178
108,121,154
88,187
96,186,198
44,151
57,76
133,156,187
23,177
64,105
126,148
54,132
112,117,170
20,59
42,44,118
28,44,107
23,60,98
53,76
180,190
9,136
32,48
138,175
22,189
146,149,171
25,36
106,196
32,147
95,142,166
149,173,175
68,113
63,98
94,117
108,178
52,166,172
37,108,161
114,133
84,196
9,29,120
29,109
68,150
110,121
37,180
14,189
114,126,136
97,199
58,77
104,196
55,103
180,194,199
86,99,180
22,34,157
69,145
63,199
170,175
33,160
146,163
121,156
97,122
65,174
61,89
41,166
21,27,139
125,135
48,68
39,84
42,105,159
45,176
60,78
114,139
26,87,155
170,183
39,95
47,76
52,86,183
61,191
19,44
3,86
40,124
37,192
87,95,101
49,84,100
106,115,181
19,147,169
23,120,129
9,151
178,190,200
16,24
135,189
69,119
59,134,200
125,189
98,142,166
46,54,100
162,195,198
120,189
35,36,75
20,142
83,196
122,168
60,85
92,119
76,115
24,28
39,200
68,94
61,143
64,168
89,162
58,98,117
6,21,25
112,114
11,99,200
59,116
89,105,122
82,111
79,200
14,84
73,114,187
38,76,81
164,173
73,182
32,134,162
110,147
8,47,79
31,76
3,142
34,181
188,189
71,73
103,133,153
48,172
6,163
27,138,150
53,96,146
42,107
10,26
13,34
9,85,99
17,50
116,160
39,45
99,143,166
9,67
171,175
116,130,143
9,63
26,196
105,118
21,50,129
4,11,131
186,189
52,130
105,174,186
30,146,161
2,147
14,40,71
42,147,187
67,146
51,114,126
33,141,153
2,26,32
129,137,146
52,131
113,115
72,172
49,74
12,109,136
25,32
62,187
50,74
16,187
114,132,144
7,71
90,124,126
108,118,121
18,162
13,178
146,170
4,123,154
4,183
21,64
55,113
15,153
12,120
68,120,150
147,177
82,121
12,150
49,141
7,197
25,76
137,145
153,167
161,180
69,110
20,73
154,197
10,102
1,109
54,150
29,70
194,196
9,49
17,81
20,39,132
63,142,184
77,177
106,126,175
5,161
150,175
62,84
35,112,184
68,129
42,44
172,190
110,128
100,121
162,198
145,162
79,136
82,161
46,135,181
38,68,125
11,75,186
82,147
65,87,195
83,104
3,81,113
1,119
43,160,177
131,132
35,75,198
101,123
32,33
43,188
65,98
53,57
48,109
20,113,133
114,149
87,164
51,153
119,175
52,189
7,175
36,187
40,78,85
53,188
45,95,143
93,143
106,167
115,118,167
31,38
62,117
122,132
89,98
173,194
63,86,172
87,166,186
57,142
16,19
159,182,197
9,48
19,28,36
77,188
22,75
25,111
70,110
69,188,195
112,162
49,132
24,151
5,67
113,200
56,144
186,189
2,189
26,50
25,154
61,186,194
21,97
176,196
66,86
21,83,152
135,181
50,148
95,198
177,182
42,44
53,69
40,132
30,98,158
18,24
59,95,184
101,177
47,125,175
109,180
35,38,97
142,170
39,175
21,133
37,52,75
15,62
55,155
33,55,189
80,156
13,161
69,150
18,166
17,161
144,179
13,119
2,3
13,30,195
114,120
142,190
66,149
18,45
47,62
88,105
76,101,174
36,111
51,85
5,78,143
32,111
3,71
97,157
101,191
88,91,104
106,185
98,114
59,195
177,178
102,104
69,112
17,66
44,94,164
78,81,165
44,158
2,78,123
41,71
164,165,170
20,136,170
176,185
40,165
3,112
25,26,150
12,198
30,58
34,51,140
33,81,118
23,89
19,93
134,183,184
98,190
4,67
34,191
62,103
18,130,184
8,54,145
152,169
63,116,190
71,110,163
180,182
70,71
45,172
55,158
29,60
3,25,133
98,101
58,96
63,161
4,53,199
6,53
48,196
92,174
79,122,164
15,32,85
87,116,172
13,141,152
110,181
46,106,108
195,199
13,116,190
28,60
30,77,134
68,109,132
137,175
110,180
115,147,178
77,176,188
33,80,191
5,33,192
20,50
10,193
56,114
41,87
164,179
49,62
81,175
57,142
69,72
101,141
40,159
88,115,140
36,86,133
48,173
100,168
82,140
5,146,166
57,138
8,22
8,54
52,122
1,93
83,193
22,50
10,126,168
62,169
110,181
1,184
4,35,88
171,173,200
32,87,152
18,59,63
40,124
77,134
110,118
114,138
79,150
26,30
112,162
13,174,198
24,199
83,144,173
21,98,165
96,177,188
16,42,123
22,77,161
45,77
16,139
47,48
99,152
66,147,158
32,108
63,76
13,152
19,171
137,144
78,178
57,72,176
18,186
134,162
96,143,158
57,200
59,113,175
18,146
168,194
105,134
79,136
170,190
47,83
4,23
17,74
170,186
58,139
31,60
20,112
64,138,196
36,44,112
65,126
17,47,191
43,181
9,59
49,56,185
130,174
89,104
49,178
129,179,185
3,120
33,67,153
98,112,116
59,161
51,103,146
129,158,195
33,158
49,50
120,124,164
104,110
59,77,180
31,115
29,146,198
37,64
8,66
89,138,179
93,169
61,195
159,167
33,159
6,48
64,68,136
65,99,100
110,181
89,161,200
29,196
45,198
121,178,193
5,98,189
121,139,188
9,100,120
1,53,146
31,51,70
13,142,177
149,195
21,79,173
3,18
129,163
122,168
102,127
99,119,134
9,17
150,194
165,170
31,34
9,117
25,127
6,101
8,120
98,141
31,131
40,111
13,101
13,67
80,81
1,112,166
8,120,194
10,120
28,52
20,32,91
11,176
32,44,70
44,47
6,34,133
81,133
106,114
157,165
57,108
168,186
81,105,112
38,148
2,35,180
91,169
18,137
117,176
4,29,116
23,88,127
9,160
47,48,120
13,27,177
162,184
48,109
101,126
139,144
39,117,188
6,45,141
104,111
16,51,60
12,24
46,120,126
118,131
45,129
29,56
25,105,140
84,108,154
48,102,196
23,87
79,175
28,47,121
24,81
55,78,80
82,180
119,154
49,138,196
104,191
176,186
107,127
133,140,141
78,149
108,169
121,165
142,184
1,116
20,60
31,156
56,139,143
70,107
103,111
3,110
105,119
81,125
77,163
92,194
148,182
5,120
15,27
97,100,196
22,41
94,103
171,191,197
2,180
21,173
54,132
34,70,168
42,110,187
31,105
29,106
99,102
2,45,189
18,45,186
54,193
89,169
11,116
39,55,89
125,157
62,151
151,171
67,112,117
35,85
82,165
1,41
147,150
52,99
53,74,75
9,139,196
2,27
34,153
13,63
39,121
46,123
118,172
5,160
93,107
147,165
77,190
151,191
75,183,184
107,123
27,155
63,78
26,93
40,104
25,188
18,155
6,7
21,122
18,130
170,190
12,125
130,171
56,169
41,160
51,104
29,106,168
38,156
128,133
184,195
88,128
18,71
159,186
57,101
66,179
2,143
1,97
100,175
46,83
118,154
33,161
83,100,106
2,133
34,39
125,130
6,36,189
60,80
104,124,131
83,100,189
33,97
84,87,92
103,128
40,121
14,55,179
4,91
51,70,84
75,85
88,163
139,149
43,160
11,23,41
40,181,191
61,71,101
14,146
1,28
46,172
80,121,174
32,104
11,13,75
11,171
26,119
93,128
95,96
25,118,141
23,25,165
80,130,196
29,43
66,72
129,190
65,195
115,196
12,109,126
90,127
1,168
44,70
18,96
30,58,74
121,172
142,184
10,31,68
91,111
75,200
65,78
99,198
43,86
149,172
70,83,115
99,117
64,71
76,199
28,131
58,189,195
6,155
92,170
19,121
116,143
129,132
181,196
87,166
36,40,42
26,106,127
117,149
35,143,170
39,46
34,123
141,158
109,172,180
27,136
81,88
21,47
12,164
21,139,141
80,153
20,81,140
43,142
25,62,123
64,145,174
88,109
57,58,185
14,158,169
22,45,141
1,68
45,146
140,180
102,145
6,16,145
122,148,185
53,74
28,111
3,141
33,142,176
86,89
45,84
42,115
15,158
169,177
133,167
73,200
117,195
88,195
100,106,137
53,108
1,23
22,80
88,182
103,133
126,135
92,133
71,164
20,27
139,144,194
65,116
18,112
99,128
86,176,183
63,126,150
49,128
12,38,68
115,119
110,135
78,159
73,168
63,86
25,70
47,113
109,121
27,175,181
11,98,112
35,162
43,72,156
11,73
25,143,197
28,36
15,181
51,162
41,130,180
49,120,126
63,171
108,124
33,123
111,187,192
88,181
49,79,129
23,63,174
45,177,197
28,94
27,90,173
119,196,200
104,173
21,173
26,83
9,124
61,68,142
3,87
38,71
43,75
32,119,165
34,183
78,141
6,34
73,92,129
65,99,134
46,141
55,96,138
15,170,196
55,121
102,142,147
51,196
79,132
43,87,172
122,138,185
117,161
4,22,23
24,151
37,140,185
19,73
35,49,147
27,32,38
42,121,131
42,105
16,95,156
154,171
112,166
60,73,92
28,99
80,127
77,151
14,119,142
131,182
13,95
12,192
6,131
87,119,120
28,131
38,148,150
47,50,175
32,40
170,174
70,135
52,140
7,100
91,97
19,103
124,146
32,60,153
75,86
15,33,128
27,90,155
132,145
70,174
53,88
96,101
10,50
108,158
106,120
85,182
39,96
88,171
86,170
37,50,155
63,166
163,183
17,198
3,55
63,146,188
5,45
74,160,176
116,163
28,109
84,97
90,120
44,189
60,86,98
155,170
18,196
74,166
154,187
4,98,162
83,191
26,79,194
57,98
128,145,154
103,178
75,86,142
48,120
53,83
11,150
14,189
24,178
65,166
133,134
79,172
9,21,79
1,93
17,109,132
40,133
30,183
23,81,83
6,20
94,158
70,85
42,71,121
126,137
1,161
58,96
17,176
40,44
117,143
70,103,152
10,77
142,186
122,131
62,164
17,197
11,142
92,142
133,189
21,38,62
34,114
54,125,196
54,56
32,60,153
118,169
6,147,176
51,71,105
105,163
103,131,182
16,155
40,198
43,94
30,160
69,146,190
172,199
1,84,126
49,109
100,196
40,111
160,200
81,119
30,70,114
109,155
13,52
173,195
1,136
108,171
8,72
97,122
88,107
92,115
78,84
18,74,176
43,89,112
149,157
12,127,137
99,162
73,77
41,95
3,78
184,190
12,66,74
57,124,168
42,187
21,80,191
58,134
5,23,174
146,188
40,195
23,65
4,177
42,78,81
48,102
5,116
163,177
31,118
34,159
1,77,98
48,114,138
102,136,194
83,100,175
95,172
13,173
8,43,67
73,117
55,152
45,195
153,197
70,158
22,74,188
39,131
1,13,109
84,111
73,151
126,132
144,194,196
9,70,164
21,24
90,159
162,180
55,131,184
94,106,129
66,106,179
56,83,100
89,200
39,174
4,121,136
48,116
78,133,140
59,77,153
32,181
102,103,185
3,156
17,159,199
31,154
61,148
3,147
44,105
34,80
8,31
126,175,194
44,141
27,43,57
26,84,186
12,46,173
129,195
127,163,184
5,100,152
28,45
122,133
178,192
26,179
6,85,133
88,155
8,47,102
55,164,198
8,51,152
90,145
57,69
107,116
40,91
36,62
87,99,183
16,80
124,185
46,98
35,42
74,145
94,166,200
1,170
130,169
19,34
64,154
