152,170
13,70
137,194
70,75,103
6,131
11,27,127
30,88,179
103,137
17,45,146
132,176
55,60
25,27
86,159
26,84
1,35
71,144,185
10,173
51,194
95,196
59,190
72,164
100,152
26,168
116,198
144,147
138,196
85,101
62,107
12,61,193
68,104
105,106
23,129,138
4,166
69,171
9,182
72,146
85,161
21,125,188
115,136
10,91,157
38,183
119,179,184
167,190
81,160,171
29,56,191
95,105,179
141,142
141,191
97,154
15,169
5,175
82,159
131,158
52,118
107,172
117,149
48,95
50,142
27,171,190
11,122,144
130,196
11,167,190
27,38
132,177
9,58,115
59,131
37,79
74,182
24,37
34,63
20,75
90,162
57,64
35,48,63
106,187
158,170
70,94
100,184
92,137
22,134
33,134
44,137
64,101
1,26,50
146,197
3,32,85
4,31
8,17
12,175
116,183
8,156
61,82,125
139,145
149,150
12,122
26,195
6,180
194,195
14,89,100
134,199
175,197,200
33,141
41,90
41,147
55,178
121,185
35,71
1,47
88,135
115,199
113,167
26,131
60,184
24,90
57,131,147
25,100
1,64
73,158
56,192
21,114
159,176
21,121
9,153
99,132
36,146
51,150
7,69,163
57,121
16,22,41
37,120,136
98,196
38,194
50,165
134,141
35,78,80
22,41,87
85,115
58,191
14,119
94,130,138
34,103
21,32,41
121,167
41,156
81,128
69,103,155
162,169
48,179
3,11,112
31,57,77
75,184
58,145,199
3,108,174
132,141
36,106
13,50,97
4,142
105,138,140
77,99,166
73,154
38,56,171
42,69
106,110
106,165
106,179
142,153
93,199
32,183
95,115
14,36
127,166
91,101
4,64
76,146
53,153
130,188
123,182
70,198
87,141
3,176
77,110
41,65,146
87,105,181
38,73,138
37,62
56,96
145,191
2,192
16,197
25,110
82,106
140,169
106,138,175
75,178
5,104
101,164
70,156
29,37
153,190
42,116
13,106
82,105,132
34,164,184
114,140
27,86
77,129
103,196
37,45,54
3,68
77,179
1,163
105,179
23,108
63,188
7,136,139
5,11
68,85
94,115,193
156,163,179
146,175
5,147
141,196
20,138,200
102,176
84,193,198
68,113,121
130,162
5,54
30,86
109,139,176
42,189
26,51
41,129
57,106
61,98
3,94
46,116
126,187
80,176
106,113
37,124
35,143,176
15,45
80,144
129,183
57,178
15,133,188
4,114
98,198
8,108,118
8,195
32,151
3,35,97
95,155
46,110
19,47,162
20,166
74,132,175
11,179
97,142
37,70,153
66,199
10,196
123,139
28,59,85
47,136,178
149,199
79,193
37,195
159,197
53,127
144,157
104,109
48,103
41,170
34,198
167,172
45,63
2,45,87
44,145,185
86,150,177
12,132
88,155
36,88,193
131,184
58,155
30,64
25,124
129,170
82,119,130
163,198
49,130
67,150
12,144
156,192
109,185
99,141
62,128
70,110
5,138,162
95,133
98,158
19,181
167,181
46,175
8,143
7,78
69,108
102,140
30,90
5,7,95
91,193
27,37,66
87,194
1,87,181
17,28,70
31,39
119,180
107,109,160
63,91
83,145
56,193
32,40
160,167
52,124
155,184
30,45
71,130
2,61,134
4,70
14,116,137
18,24,105
62,81,107
83,140
15,159,162
88,132,145
11,108
24,76
53,97
149,186,187
10,11,54
130,140,193
183,199
77,89
91,191
29,50,178
44,181
48,73,153
146,179,182
5,195
8,154
98,184
50,186
74,127
31,136,152
78,79,176
171,194
137,149
42,92
111,144
18,112,172
42,147
25,170,200
6,27
42,168
2,133
93,164
138,149
15,174
25,66
70,157,163
57,183,190
10,69,153
88,151,157
21,98
90,145,200
3,191
107,112,159
21,73,106
27,123
14,195
9,91,142
32,51,161
34,47,124
93,147
59,60
6,32
22,119
59,94
85,124,151
39,150
179,199
44,78
24,133
58,198
97,103
89,164
156,160
75,91,120
45,72,90
37,70
64,81,103
40,78
165,180
51,190
90,143
4,91
52,142
90,133
144,169
58,109
35,47,62
12,175
77,125
41,76
84,186
1,186
114,177
37,112
110,132,176
44,113
87,146
104,168
52,74,116
19,94,196
5,128
18,50,152
53,97
6,124
82,115
55,58
40,143
129,136,140
79,138
137,161
101,141,175
22,191
61,65
75,137
2,13
120,147
107,109,151
63,123,174
31,103
28,158,181
22,106
8,11,104
53,186
76,196
89,163
57,156
135,136,163
90,148
72,82
128,174
3,32
47,135,184
2,86
100,189
72,110
91,170
61,119
163,182,196
90,165
11,151,171
1,9,73
85,89
8,46,189
95,122,169
87,132
111,118
1,9,40
8,144
11,85,109
30,130
42,51
73,143
104,180
100,149
19,28,151
7,27
38,185,195
172,185
84,91
104,189
40,126
112,134
56,123,186
147,172,183
20,53
49,141
13,45,76
89,113
133,141,175
86,140
48,52
56,91
45,138
72,95
32,183
5,173
6,11
93,100,164
11,189,192
5,72
20,125,146
33,44
107,181
84,143
20,136
104,187
42,193
128,194
9,73
1,114,142
35,62,169
96,140
8,91,187
13,58,115
85,165,185
130,175
4,53
143,157,182
29,187
3,107
21,151
33,60
52,182,184
37,105,174
126,141
33,72,138
31,79,155
12,97
34,149
10,107
53,108
58,199
76,176
71,154
107,156
151,161
21,95
14,189,194
65,192
5,111
124,136
91,140
34,66,93
85,92
59,131
20,162
133,159
92,113,127
23,133
129,145,175
23,122,132
140,144,184
13,159
32,42
5,14,171
13,80,144
4,142
82,126
37,134
68,181
60,100
95,140
66,156
118,147
27,158
7,139,172
107,194,195
61,72,123
36,141
96,135
106,191
20,31,76
9,74,187
42,121
4,149,163
30,138
118,192
25,45,197
121,149
66,73
122,129
164,194
19,131,174
40,47,69
9,142
56,60
80,100
81,122
11,116
48,154
57,114,121
28,59
4,107
132,162,179
37,80
135,169,189
46,48
9,117
67,110,136
77,193
71,126,138
5,172
77,119
77,85,112
16,86
59,171
6,171,183
156,172
104,140
10,150,183
72,83,179
15,140
31,50
26,32
32,54,195
24,73
21,113
123,177
116,151,166
1,154,157
15,116
30,95
12,27
55,93
113,147
31,164
73,120
150,194
36,45,65
49,74,167
132,141,145
49,82
91,113
172,185
36,122
27,185
16,22
33,126
35,170
56,126,179
111,137
23,163,198
106,141
43,64,95
48,150
18,29
8,96
169,177
1,16,77
10,19,151
7,80,103
49,108
19,167
102,200
8,60
31,66,78
75,153
60,182
67,175
81,199
4,8,30
144,164
8,52,69
172,173
1,47,73
110,190
48,91,150
18,54,121
21,118,185
28,65
9,16
53,94
92,147
31,152
63,141
25,132,188
34,75
25,169,175
64,186
82,134
70,103
28,113,171
147,172
97,116
53,55
34,47,143
46,85
40,174
90,117,189
5,26
19,68
46,193
46,95
148,198
44,192
10,107
96,188
37,183
120,123,178
11,28,109
15,67,145
12,15,97
183,189
10,118,172
46,115
7,29,39
5,11
3,171
50,145
47,85,109
14,86,109
29,79,100
87,175
56,76,153
19,157
66,95
76,145
39,135
14,27,160
90,99
29,124
105,118
28,52
109,190
167,186
50,106,110
80,178
79,155
13,55,93
177,180
6,160
21,156
17,25,188
29,53
153,183
67,103
6,121,168
22,166
14,27
21,121
142,196
28,89,112
20,39,111
56,174
13,21
75,91
4,165
145,148,169
86,99,140
21,85
55,112
160,171
92,121
19,57,121
53,79,117
62,125
8,73
127,189
69,93
57,62,65
7,70
2,145,188
96,144
89,178
125,162
51,150
3,199
17,88,191
25,95
55,164
54,120
111,173
61,91,108
55,123
61,128
10,28,38
25,155
13,91,186
27,140
2,139
64,66
28,131
55,98,120
93,125,158
80,84
18,131
129,164
34,107,186
127,184
51,57
72,99,188
28,94,110
26,195
95,110
74,83,102
53,62,182
83,104,127
12,65,149
19,26
39,93
120,185
187,197
57,167
183,185
75,178
118,197
54,165
176,177,180
49,65,126
19,27
46,152
7,20,78
50,157
59,108
1,120
190,194
59,68
83,114,191
23,33,82
70,178
19,54,111
76,197
1,150
68,185
130,147,195
119,200
138,197
56,145
42,190
8,120
10,156,192
144,153
68,104,137
107,111
50,129,172
67,106
44,78
14,66
128,137
12,139,191
55,73
11,127
41,162,180
29,47,94
5,57,189
59,89,166
122,123
107,194
49,82,129
8,52
107,195
19,197
85,116
128,168
27,70
97,198
83,109
130,172
51,124
66,81
9,20
22,162
160,161
77,188
45,129
35,199
17,179
94,181
62,78
17,95,108
23,91
42,190
3,46,95
10,58
10,11
2,107,186
75,97
99,125
128,147
13,149,164
28,41,112
40,53
53,91,143
57,91
115,160,170
32,116
15,56
82,133
10,41
80,150,152
81,118,181
116,195
5,27
98,177
132,141
12,135
22,98,155
1,93,184
145,191
7,192
106,176
13,57,97
100,174
86,107
31,186,198
28,68
38,95
32,83
117,125
39,75
80,88
115,124
47,50
7,158
112,183
38,134
87,107
34,93
130,134
64,75
13,60,135
92,197
146,154
55,97
175,193
41,130
95,99
95,197
62,98
141,168
87,108,141
15,123
81,187
30,119
10,173
75,98
96,148
155,183
94,113
119,125
37,149
69,107
178,196
82,136
92,151
10,38,172
22,112
57,107,127
116,161
33,44
95,154
19,172
74,124,154
8,96
8,29
3,57,127
39,153
26,53,75
71,72
49,148,168
57,101
97,142
54,81,109
157,178
30,146
3,147,168
53,173
106,152,181
56,181
72,187
162,200
11,104
100,182
67,90
41,149
7,97,154
166,171
51,70
37,47,78
21,23,155
32,79
49,97
122,130
110,130
18,121,162
17,178,197
159,185
40,66,142
106,177
24,93,161
97,126
20,62,93
34,185
8,78,164
72,98,178
26,116
33,87,168
87,175
84,135
47,148,149
71,126
175,197
116,131
50,153,184
35,46,170
71,93
21,31,81
97,151
43,93,149
24,72
35,71
11,89
89,113
67,188
53,93
125,179
89,129
144,145
19,161
38,121
102,148
155,191
62,115
74,149
41,122
81,198
13,138
25,136,193
66,139
72,115
61,194
13,65
49,77,82
117,164
69,148
70,136
31,118,157
27,109
25,124,133
11,42
42,183
30,115
67,177
189,194
57,161
60,93,115
86,176
55,198
37,186
26,59
15,89
168,183
47,188
15,25,88
117,156
143,154,187
111,160
61,126
110,183
23,49,110
51,156,172
121,192
14,81
77,105,139
156,167,183
73,103
29,54,104
20,64
59,110
6,44,131
77,175
50,74,135
31,158
36,174
1,178,199
90,116
23,108,194
68,128
21,28,181
2,191
57,70
11,127
79,94,200
11,118,168
11,38,159
23,92
49,132,176
42,131,195
52,131
14,57,173
137,183,189
57,141
106,136
148,196
21,27
69,74,144
90,132
20,115
4,150,157
88,162
73,88,126
134,168
37,189
42,182
36,194
30,126
116,168
43,47,94
113,136
82,167
95,126
63,162,180
122,179
118,147
28,79
28,131
89,97
72,77,139
50,55
39,86
85,172,192
15,36
2,132
146,176
89,113
58,76,143
63,67
6,157
16,191
90,125,191
104,173
19,85
32,90
63,77,87
46,106,166
82,115
54,81,185
86,185
111,158,195
93,96,164
7,103
42,191
71,95
10,172
41,90,146
108,111
136,165,187
168,178
85,142
10,127,172
99,162
78,187
45,113
19,185
81,137
82,180
27,173
83,159
3,59
10,113
82,120,145
75,115
59,171
2,182
80,143
2,45,138
68,81
36,47,92
83,91,120
167,189
129,153
53,168
46,132
6,68
44,126
88,140,145
73,100,124
21,51,108
147,185
156,170
40,164
37,139,156
128,184
36,56
19,147
52,168
61,126,196
181,183
148,165
14,105
55,75
39,169
11,26,81
81,107
18,121,194
10,54,181
38,161
34,75,144
111,128
113,130
81,171
102,174
37,141
9,144
62,146,156
17,154
14,113
65,72
143,174
3,127,137
15,143
18,26,127
53,79
138,166
135,153,165
24,166
2,46,193
63,76,83
19,126
58,74
100,143,187
21,56,190
1,43,93
111,127
98,165,177
28,134,158
92,158,172
62,100
151,181,192
148,166,197
76,122
28,181
75,150
3,171
82,145,149
9,29
38,67,156
19,84
17,140,174
123,175
11,153,191
81,134,187
118,147
19,104,151
67,179
86,105,129
41,148
123,130,140
85,92,162
39,43
72,137
43,199
43,99
95,176,188
67,110
2,177
78,97
29,112,113
62,64
129,188
11,44
50,115
106,117
5,57
5,169
35,49
18,54,57
22,36,88
40,182
70,131,160
10,53,164
44,121,195
73,178
58,75,163
1,64
115,183
61,73
8,89
33,75,141
2,200
8,107
36,101,154
73,114
26,109
67,166,180
116,197
37,88
45,188
4,34,78
83,85
56,153
70,114
6,54,92
46,196
56,104
6,31,173
143,153
127,185
70,182
151,194
125,130
106,176
54,156
14,32,195
96,157
3,104,185
138,162
72,169,179
22,90,139
103,131
19,147
158,180,182
5,107,189
85,115
112,156
128,168
58,197
21,173
51,161
83,138
107,133
26,174,198
56,116
133,166
133,145
22,61
4,187
21,167
71,162
127,186
45,46
127,147
112,141
2,72,119
174,177
113,189
106,141
33,130
86,176,177
1,69
9,73
8,31
9,96,142
97,98,127
82,126
142,152
56,107,121
1,10,196
1,48,80
19,20
114,122
121,130
7,60
63,95
45,82,191
138,167
23,119
71,102,150
21,47
15,179
38,189
51,172
89,183
70,75
27,129
62,93
47,62,103
45,49,139
34,137,144
121,186
64,70
85,127
27,118,128
74,80
22,139,148
13,100
92,158
4,150
69,73,122
15,30,130
50,69,153
41,170
99,101,146
71,89
117,136
10,89
22,146
36,106,183
23,112
55,142,181
89,187
127,159
123,148,166
84,142,157
51,133
62,153
20,92,139
137,189
56,151,173
89,154,182
75,186
138,148
4,143,150
41,49,188
53,114,184
131,165
15,23
85,86,197
11,137,194
13,69
28,107,131
126,142
91,156
24,170
101,159,162
14,28,127
16,90,133
114,145
51,55,93
3,140
27,156
93,135
121,137
92,168
20,136,182
100,156
122,191
40,97
25,119,174
175,197
25,177
164,178
111,137
95,99
27,183,190
1,72
112,183
10,128
10,192
16,98
129,155
86,143
61,126,158
46,106
146,162,176
13,126,152
56,137,151
91,114
110,196,197
10,101
76,140
26,60,111
23,77
23,35
59,107
90,102,159
21,161
27,172
141,178,183
5,151
5,116,190
23,138
28,74,79
67,72
19,47
14,118
84,147,167
44,59,190
127,160,195
54,195
3,26
14,109
27,44,181
54,57,111
42,68,171
29,94
11,68
52,74
44,46,57
10,78,192
15,22,61
26,131
167,168
9,164
15,33
37,111,175
37,90,184
51,156
5,14,56
86,103
36,170
34,60
62,114
104,184
20,143
38,151
105,107
95,183
152,168
75,76,193
85,185
3,44,89
32,133,140
121,183
50,115,152
119,196
114,195
32,107,131
43,117,153
42,111
16,139
53,127,163
129,167
26,89
113,189
24,169
52,199
94,112
69,116,199
47,104
51,58,173
28,56,57
54,127,185
28,137,197
88,178
53,69
13,73
58,92
68,190
129,144
33,77
29,124
137,147
24,140
14,86
39,92,162
24,163
27,156
74,135
44,195
125,170,197
3,13
12,191
2,191
28,57,189
71,77,105
39,164
5,157
79,94,98
40,146
72,76
146,176
12,145,146
12,46,108
54,82
20,96,115
3,38,185
38,179
117,124
14,183
85,99,103
138,154
103,165
76,177,195
19,173
61,67,86
23,82
24,54
160,168
27,74,133
31,154
107,116,185
40,139
97,103,149
102,109
164,180
86,193
32,167
133,134
60,76
45,114,185
19,27,116
71,105
40,160
72,105
9,44,63
20,164
60,187
16,132
176,197
154,199
36,42
84,112,163
79,150
72,103
4,197
81,116
2,28,173
12,66
15,120
26,131
94,185
31,167
6,111
138,187
5,104
94,159,174
87,133
23,93
8,58
28,158,161
85,190
122,135
114,136
62,102,168
9,36
76,165,173
70,171
139,175
28,139
90,166
167,173
72,120
95,106
3,183
72,138
49,134,197
117,138
8,77
28,104
54,114
35,161
10,118
117,136
3,11
54,127
121,192
97,148
31,65
100,169
19,155
100,141
41,53
46,83,169
6,49
105,159
38,46,199
43,152
53,66,149
59,149
7,86
55,87
16,30
40,71,160
127,156
47,113,197
3,180
67,165
74,153,186
59,131
100,123
168,185
35,63,180
9,55
117,156
69,123
8,124
95,106
39,98
2,138,156
21,42
53,129,164
2,157,186
71,193
104,109
126,135
8,115
35,132
28,128
51,138
128,151,189
42,44
112,159
8,94,114
67,83,95
70,84
15,39,159
22,40,125
7,159
53,119
164,175
110,132
63,88
4,74,164
86,198
63,118
73,187
78,79
109,113
128,160
38,85,127
34,150
93,160
127,156
52,177
129,140
100,124,137
21,49,63
5,169
3,182,183
57,131
185,189
19,108,110
129,181
65,176,200
5,103,160
13,40
37,128
73,153,154
36,169
34,129
49,154
68,79
116,181
63,159
24,95,133
48,131
89,172
65,126
66,78
45,177
92,118,131
18,127
106,169
85,137
49,97
12,133
64,157
21,92,137
25,87
3,81
112,166,195
59,171
96,120
4,10
22,99,145
81,107,172
120,164
125,141,193
28,77,153
53,156
68,173
41,101
42,167
133,177
74,150
80,96,114
81,195
25,33
29,198
48,139
86,133
42,136,196
49,110
8,171
54,113,172
63,80
83,98
58,81,99
5,131,161
34,196
94,153
73,97,154
23,106
42,113
129,154
5,193
8,123
111,112,151
57,75
31,53,55
3,118
35,184
48,50,146
91,97,143
8,98
39,94,187
98,152
137,173,195
104,151,160
153,163
165,182,198
71,114
34,135,164
112,155
27,36
16,188,191
30,125
65,174
19,109,185
65,132,179
50,133
104,158,192
102,106
39,184
140,162
73,115
121,197
80,130,187
142,155
138,166
35,63,101
58,114
70,135,178
61,117
65,179
70,144
110,177
95,123
73,84,149
47,119
96,149
21,59,92
93,110
32,42,96
40,157,178
20,43
88,200
132,183
120,154
143,184,199
55,177
18,85,95
5,19
19,57
61,139
71,123,147
133,134
27,156
62,98
131,161,171
46,62,88
33,179
24,72,159
45,104
51,54,181
143,189
4,114
27,129
81,97,169
38,195
138,142
12,24
20,57
110,170
24,99,169
78,148
23,65
36,140
91,184,199
33,46
51,109,185
99,132
93,115
69,155
17,144
38,68,195
91,115
64,100,178
6,17
29,154,199
68,100
6,17
67,106,140
77,97,154
53,135
3,42
17,25
4,6,77
76,139
1,4
8,13
38,82,166
5,57
34,47,78
23,33,191
73,153
14,44,131
92,198
4,172
182,198
5,38
49,198
17,122,151
10,20,43
55,154,165
51,180
27,121
78,165
139,166
88,175,182
62,75
99,175
31,136
17,129,146
119,139
69,74
10,54,111
91,184
138,159,179
49,71
103,165
35,141,170
22,52
53,154
71,181
86,110
146,175
127,161
158,185
67,72
36,63,83
83,166,196
25,85
58,62
173,199
29,58,60
86,166
61,175
108,119
26,118,189
20,115
153,157
53,108
59,169
35,123
104,135
4,137
130,175
49,72,122
6,51
21,133,144
5,185
32,102
11,26,168
2,46,188
16,83
152,186
164,189
15,180,188
138,146
56,131,133
14,128
118,190
59,71
26,44
7,34,150
87,194
35,125
20,79
35,144
88,193
168,181,192
74,109
68,194
3,161
40,54
81,84,90
44,49,176
20,75,155
57,171
48,87
5,118
84,124,163
33,163
101,159
89,192
145,197
46,119
43,50,129
89,173,185
20,176
15,84,144
72,113,188
99,115
108,154
40,135,154
68,137
157,168
145,175
62,156
142,150
17,41,76
129,166
177,199
74,105
82,146
5,28
27,191
93,98,155
110,129
82,134
79,121
105,164
54,63,83
4,143,197
111,151
88,179
26,81,171
9,143
7,64
12,181
38,90
17,31,104
160,195
127,158
40,186
3,57
45,138,141
61,159
2,88
3,131,151
46,130,162
79,195
82,83,101
105,134
29,64,103
64,153
4,103,124
9,146
21,29
7,93
46,178
40,53
8,78
115,144
123,131
27,172
80,94
87,196
49,65
159,180
15,160
21,111
95,166
65,73
48,71,118
130,146
15,180
148,158,186
170,193
12,30,101
70,108,155
14,44
122,163
54,111
2,162
11,89
152,178
45,58
173,192
19,197
14,161
123,132
61,113
79,143
85,121
147,181
73,164
51,85
49,70
127,194
63,189
14,121
103,123
58,137
92,112,192
114,144
126,140
61,84,88
23,52
109,133
2,50
38,67
60,115,153
56,157
16,95,146
151,185,194
77,141
19,31
121,128
15,133,141
51,161,194
61,129
32,56,189
25,70,180
26,39,151
112,151
97,165,184
95,138,148
138,186
16,30,133
51,107,194
24,141
47,100
89,175
89,104,189
31,70,84
106,176,199
146,162
9,112,168
92,192
32,183
17,197
5,174
23,41,141
20,178,184
71,99
24,194
38,125
18,147,156
73,154
10,32
72,166
1,7,163
97,154
29,72
37,48,73
82,133,169
40,118,172
12,119
11,151
104,158,181
22,177
26,131
20,28
137,173,192
36,139,145
42,167,181
123,154
25,145
148,170
154,182
90,126
59,106
136,186
110,175
116,131
4,154
51,131,181
116,121,190
158,167
50,119,172
11,14
65,193
56,118
58,161
79,88,166
6,42,114
106,167
24,90,130
99,169,196
94,104
34,39
45,136
94,121
42,170
28,92,127
46,141
16,72,196
74,120,186
50,151
133,149
27,195
177,196
40,155,165
5,56
129,197
169,170,174
32,51,81
70,111
9,55
37,103,143
2,23,83
70,108,126
116,146
141,149
61,105
13,17,195
76,146
19,25
5,81
11,27,156
50,104
73,183
119,140
152,199
26,89
46,129
121,126
20,38,200
34,37,69
2,137
27,80,117
99,105,123
4,99,153
32,112
94,98
148,159
58,198
46,88
80,144
23,196
16,105,197
138,179
94,135
89,183
68,85
21,26,190
69,92
8,55,187
80,152,172
23,71
167,181,194
131,173
12,73
6,162
83,180
17,33,133
41,179
38,171
173,192
54,95
6,129
172,195
114,186
64,180
4,136
26,172
39,150
98,144
24,81
66,73,178
67,196
89,92
98,154
101,119
43,121
36,125
130,138
14,57,128
65,92
68,140
91,111
48,98
42,180
117,183
30,95
20,50
122,149
11,89,185
4,7
9,64
79,102,122
85,171
26,57
23,124,169
72,82
134,193
7,155
27,156
3,32,191
41,63
32,193
82,119
15,159
111,112,173
21,92,172
37,53
113,156
60,163
80,174,190
87,138
11,133,159
55,57
57,58
22,46,63
39,124,157
93,148
66,167
37,53,184
184,185
28,121
28,186
133,200
152,199
28,91
12,36
28,51,168
4,155
1,143
161,190,194
131,193
130,145,146
68,123
104,180
52,153
22,125,138
93,117
21,52
118,121
92,199
80,191
60,75,152
91,199
13,54
25,139
139,182
48,62,98
49,102
64,103,182
2,46,86
12,188
41,42,136
117,199
104,151
87,153
51,95
22,27,178
126,166,195
39,152
3,5
24,125
5,78,122
109,118,137
98,130
46,126,174
79,114,198
45,139
41,144
29,42
32,38,44
45,71,193
18,27,172
66,160
56,107
22,49,150
64,111
188,193
148,198
67,136
7,95
50,117,197
1,13,152
16,82
116,137,193
39,82
74,131
52,187
87,106,197
43,55
53,121
33,126,174
43,75,80
59,164
172,195
46,105
2,199
77,88
138,169
3,19
99,112
44,189
106,130
74,187
86,159
86,102,119
83,159,169
113,167
105,177
12,145
93,142,150
73,93
43,171
22,71,110
31,155
47,157,189
128,131
1,142
111,161,183
44,108
103,153,178
1,66
26,113
71,197
43,98,117
65,123
18,40,126
76,83
116,133
12,119
49,144
153,156
27,172
109,151
35,190
93,113,155
147,183
44,113,156
11,128
91,132
57,59,107
28,110
37,96,144
22,163
80,121,176
14,85
139,140
180,196
92,113
37,70,129
16,124,145
8,45
139,141,169
170,193
59,127
6,121
67,153,177
45,140
125,154,195
104,139
6,58
85,190
80,153
22,139,173
41,46
21,154
20,155
27,34
64,124
17,46
54,172
189,196
27,156
47,73
71,126,146
54,116
13,15,174
65,102,145
31,111
9,105,106
8,139
56,137
71,170
28,74
1,144
29,61
47,62
10,151,167
56,183
78,81
104,112
54,89
107,131,189
13,165
137,167
96,165,173
109,184
12,19
1,25,165
53,124
61,101,173
120,163,165
59,95
136,187
1,14
57,112,134
46,64,74
27,150,165
64,163,176
51,173
94,106,197
78,157
13,69,161
57,62,169
60,142
127,198
29,73,149
118,121,173
42,170
80,132
93,196
71,83
74,96
12,126,166
38,78,109
2,110
59,82
112,157
85,101,189
64,100
28,85,112
33,197
78,106,124
120,181
42,171,195
69,112
18,168
78,157
4,98,157
114,120
67,146
77,88
116,137
76,130
5,89,163
30,176
15,110
63,79,175
27,68
44,151
24,45
105,123
43,50,78
57,81,185
54,56,121
37,114
12,63
61,65
3,58
38,55
127,167
180,197
91,199
13,99
29,152
76,79
19,156
18,48
109,180
92,195
110,126,138
65,92
17,166
25,46
43,178
37,163
65,179
29,79,154
164,187
6,93
146,162
99,188
38,76,95
9,20
36,113
24,55,159
33,121
99,123
1,39
122,191
14,121
16,148
83,173
14,104,151
109,167
54,84,119
107,127,172
11,14,131
15,22,25
41,177
78,156
93,102
79,109,192
63,83
33,61,138
82,99
76,106
132,158
6,185
134,145
9,195
2,106
6,99
60,196
44,161
64,69
39,124
73,186
15,70
24,95
137,165
64,78
49,195
132,166
19,122
74,78
82,190
9,12
22,110,146
158,194
15,134
79,157
36,108
6,161,192
28,125
11,21
42,110
9,54
100,181
43,93
47,48
148,184,194
25,170,197
24,141
28,107,143
128,133
23,153
135,148
11,32,167
78,182
19,113
74,79
71,149
185,190
115,175
11,192
73,80,178
30,146
5,128,147
91,142,198
34,47
108,192
82,83
88,170
45,58
14,185
67,141
29,48,184
40,79
118,158
1,43
93,118
70,94,144
106,152
86,175
16,180
81,92,195
75,97
73,135,154
101,106
147,181
45,172
84,124
75,143
156,172
99,125,139
46,86
81,141
76,102
55,100,115
62,139
12,65,179
42,123
10,57
71,188
119,141
6,111
119,134,196
73,135
105,108
37,52
91,105
70,172
64,103
68,81,127
88,99,175
103,117,124
17,171
38,184,197
1,48,143
153,164
43,107
42,128,156
46,122
13,53,150
51,59
92,166,191
33,88
67,134
45,88,132
37,80
110,155
60,100
39,55,184
21,68
70,184
60,91
60,90
136,186
36,148
12,193
108,112
15,174
12,67,123
29,62,100
55,62
54,104,195
95,159
14,81,156
20,84
94,172
73,163
133,180
63,184
8,47
140,197
51,192
118,161,172
14,81
6,32
53,159
95,123
119,156
131,185
41,148
5,105
53,120
166,188
43,186
49,105,138
31,53,78
70,155
79,113
17,94
5,18,127
21,44,85
47,151
47,164,187
16,166
36,117
33,58
181,192
161,171,186
170,180
20,46
28,144
20,94
99,130
50,63
35,190
33,99,200
66,149,155
47,198
5,51
24,148,193
119,159
92,109
86,88,140
179,193
150,176,180
72,95,132
29,53
38,104
138,180,188
30,71,130
42,147,163
39,198
49,129,138
30,87,139
30,83,176
97,199
164,180
58,87
14,32
26,32,167
137,162
4,51,78
61,118
24,197
178,192
43,152
149,187
132,137
48,111,156
45,110
82,106
11,68,158
22,95
51,75
127,161,194
105,200
59,185
21,68,192
97,103
20,22,176
57,92
65,108
56,194
29,55,144
141,154
1,29,94
28,120
54,59,85
1,194
85,107,121
94,118
95,119
28,168
7,98
47,143
30,157
5,160
40,43
48,64,97
62,126,139
81,91,119
59,93,164
65,88,133
89,176
4,50,98
17,25,135
101,105
40,182
59,73
36,115,172
153,165
124,170
56,158
11,169
23,59,116
98,142
14,140,154
89,128
144,155
21,147
99,181
85,119
21,28,111
140,200
11,171
44,125
120,167
40,93,117
73,134
1,29
92,170
25,62
59,89,172
59,112
82,140
20,50
156,185
139,145,196
34,60,94
61,95,108
25,71
37,167
81,158
1,172
95,119,196
13,44,109
20,135,178
52,79,172
5,107
190,195
19,45,53
50,98
45,126
13,101,148
30,119
112,200
48,115
128,165
53,164,179
6,53
11,94,182
117,155
146,169
6,116,195
100,143,153
2,86,169
5,43,53
96,152
41,126,197
28,132
15,175
139,140,174
101,119
77,100
10,158
40,143,150
13,69,78
2,145
33,120
12,133,182
17,20
112,149
5,46
123,170
64,93
40,89
18,189
126,155
39,82,152
1,15,185
72,196
152,164
118,183,192
94,179
40,62,115
120,123
10,68
35,134,146
23,67
101,191
2,191
13,100,144
88,133
29,34,114
54,131,194
1,182
119,160,177
67,166
56,172
182,198,199
54,150
127,185,190
145,175,198
59,168
111,157
89,129,172
10,26
21,133,154
90,142
154,183
16,166
130,174
34,52
48,84
64,96
67,161
11,42,181
41,122,188
27,83
105,183
27,61,147
50,97,117
49,139
139,200
31,124
82,139
61,71,170
52,108
141,164,192
25,63
2,114,143
35,82,197
22,90
45,87
27,56,92
43,114
61,82
35,80
5,117
53,195
47,92
3,169
68,89,183
26,57
45,61,122
7,99
2,12,122
91,93,199
33,119
95,125
30,46
34,66
136,169
1,93,136
35,84,179
40,142
25,90,118
12,145
56,106
2,16,166
94,198
36,65,87
10,107
132,191
5,161
35,68
148,171
129,141
64,82
81,179
11,42,44
126,166
14,171
19,66
19,72,103
47,100,150
13,115,155
25,105
7,135
75,173
111,147
37,136,165
96,182
110,138
25,74,101
80,109
38,183
182,199
50,66,178
50,102
58,63
5,73,169
15,45,179
41,91
1,29,106
3,104
5,168
5,60
8,73
64,174
48,179
125,135
67,129
60,147
48,120
81,160
8,75
61,123,182
23,191
92,187
69,103,135
28,190
46,140,159
64,109,157
30,169
122,197
19,129
58,80
79,91,149
167,176
117,124
46,109
6,10
92,192
105,200
65,197
68,173,190
5,184
4,30
168,188
84,141
66,135,169
84,97
174,189
105,185
30,59,200
41,48
45,139
83,98,102
33,126,133
17,27
105,159
50,121
59,159
50,100,189
1,104,128
180,189
53,92
39,100
26,116,137
35,191
148,156
109,167
51,120
67,105
53,79,198
12,57
2,76,139
17,124,192
92,152
16,132
6,10
59,63
51,109
100,184
48,49
90,106
141,166,182
75,142,158
180,188
147,156
68,113
41,88
38,183
33,90
77,146
55,75,144
6,26
97,115
80,117,155
119,194
16,112,196
88,167
81,160
35,171
46,139
155,156
119,186
16,24,166
36,123,146
91,135,182
43,199
152,163
76,139
138,185
21,88
101,159,193
89,96,158
7,164,193
38,167
22,72
48,136
29,133
55,187
53,101
48,163
65,131
32,90
3,139
47,78
183,198
18,81,161
15,76
54,124
18,183
21,198
46,74
11,54,160
6,137
63,67,175
136,160
54,185
176,179
142,149
89,185
55,130
32,38
55,178
43,87
28,171
65,70
93,107
66,94
58,103
68,89
13,84,152
125,128
19,156
26,192,195
87,130,134
84,144
45,92,150
18,159
19,56,192
79,114,152
78,186
55,178
75,95,190
53,87
148,166
103,143,155
36,182
38,42
65,160
36,49,134
9,13
42,109
29,160
50,108,189
166,193
38,57,137
2,123
76,129
10,31,142
86,101
11,17,138
153,178
106,138
47,120,155
