111,112
59,137
115,132
143,144
158,161
133,151
35,165
29,116
90,140
52,55
80,142
69,167
73,124
118,188
66,92,183
19,93
145,194
19,68
77,178
6,106,183
55,125,153
84,186
147,198
76,97
2,174
31,70
45,121
63,111
16,37
15,79,121
57,91
155,182
35,167
181,199
115,165,174
3,23,26
17,118
57,188
49,92
70,74,79
80,95,111
140,178
16,126
87,138,188
33,54,146
39,194
89,151
108,187
55,158
36,167,195
156,178,198
47,130,139
109,153
3,42
72,188
40,116,117
35,91
140,193
74,156,169
54,190
9,76
43,109,113
51,59,121
76,173
74,170
23,123
4,49
2,100
33,111
42,76
58,97
98,161,200
2,119
65,85
76,138,141
135,186
27,34
18,155,183
186,196,199
3,160,200
36,89
64,117,150
39,187
46,142,151
54,119
14,130,138
118,188
13,170
51,78,148
135,136
3,52,91
70,169
51,161
143,180
47,128
38,125,193
10,122
80,159
24,72,81
69,70
95,198
80,192
14,19
59,90
162,185
49,119
46,69
10,48,159
37,66
26,158
66,127,167
62,186
95,102,116
71,94,169
17,85,195
23,60,143
17,53
46,102
88,101,193
2,107
5,85,162
132,139
73,103
68,87
81,115,151
68,110,130
28,105
54,152
60,86
31,129,179
133,150
70,117
32,35,179
32,78
17,34
30,98,125
32,67
44,59,150
28,36,200
42,66
19,135,157
31,98
34,110
89,119
49,174
141,164
28,58
22,160
25,118
95,161
49,96,196
61,172,190
40,45,64
80,177
6,48,92
10,147
166,174
59,138
39,56,155
24,119
136,171,180
14,120
135,154
45,141
15,56
11,56
9,98,197
123,159,180
30,172,181
41,131,133
47,59,189
188,195
88,128,143
17,27
87,158
57,99
122,186
14,47
64,70,86
29,99
64,176
35,163
78,169
38,176
98,147
98,152
18,49
174,195
89,194
18,38
30,62,187
133,195
164,196
83,185
148,162
99,183
30,84
2,46,131
124,190
152,161
32,161
14,109,117
3,152
21,65
180,189
7,17
2,133,168
161,194
93,144
101,134
28,59,64
121,152
41,105,198
167,178
155,171
52,80
47,135
59,76,187
126,165
43,69,79
15,127,178
24,51
11,72,106
158,161,193
49,126
1,103
9,89
19,76,113
69,96
27,176
52,138,157
44,182,188
5,91
88,122
56,72
86,100,179
50,194
96,119,185
76,107
127,174
19,53
30,173
40,170,188
128,193
93,131,172
135,198
62,110
163,168,174
50,171
58,61,169
76,109,178
36,164
75,159
126,189
55,58
8,137
30,195
151,196
23,120
13,91,196
15,21,191
109,111,135
30,130
80,103
1,97,114
29,101,115
20,126
67,120
14,57
38,58
100,158,190
41,168
17,47,191
169,196
82,177
4,130
22,83
53,68
20,119,171
50,67
135,188
27,56,117
13,53
119,168
101,164
9,174,185
34,110
120,150
112,183,196
145,146,179
20,40,47
135,170,186
11,31,38
83,113
53,57,186
7,82,136
10,56
12,58,159
17,90
59,117
32,142
1,37,42
53,119,169
82,191
109,130
104,122
67,185
68,149,155
70,168
46,89,171
116,178
57,186
122,124
128,163,189
35,82
27,33
45,79,143
29,70
69,114
6,61
45,48
148,199
162,171
128,185
116,158
82,131,164
139,175
9,148
65,126,176
35,162
10,60,162
78,182
156,179
25,193
66,173,187
126,190
9,112
113,170,197
113,154
8,19,23
81,142,185
51,126
50,141,163
41,147,177
61,106
103,138
64,123
48,67
40,106
124,174
61,141,157
161,178
50,131
51,102,115
125,181
65,165
34,136,139
31,66,197
52,88,122
64,65
135,170,187
154,188
115,193
19,155
68,181,186
10,58,80
142,148,198
48,167,200
35,51,98
39,141
17,135
33,137
143,147
124,179
87,117,177
23,114,159
40,64,173
53,137,198
52,172
11,106
89,199
36,108
87,184
86,125,162
128,178
34,134
52,73
25,92,180
97,127
55,172
104,148
8,138
170,189
127,189,190
96,105,181
28,199
14,113,182
54,129,169
35,49,196
30,62,65
55,161
41,54
39,172
104,197
89,138
118,126
101,114,165
30,44
15,170
105,151,181
46,67
96,135,185
99,163
63,89,173
6,23
99,175
24,98
86,98,174
82,187
73,76,186
20,112
107,125
69,78,99
19,54,116
64,173
129,177
2,142
119,176
14,117
77,128
47,62
133,200
26,116,194
118,130,135
27,117
16,98
34,60,117
12,46,69
100,153
20,134,173
20,98
33,54
144,184
11,199
144,175
6,64
135,197
89,105
35,131
49,190
48,91
29,123,146
105,132
97,169
18,31
139,141,175
151,179
29,178
29,193
98,174,179
48,161
23,37,74
18,126,200
58,148
33,45
8,43,103
82,187
16,171
10,29
92,161
75,144
39,97
56,95
148,171
134,196
83,194
61,143
180,189
48,72
90,94
30,104,148
22,48,178
14,40,84
147,165
73,106,197
12,79,90
73,95
36,54
115,158
63,177
78,96,131
9,81
33,44,103
42,125
72,96,181
54,70
21,113
113,151
56,76
14,130
50,168
28,137,144
104,134
36,129,159
27,129
50,151
60,114,157
8,57
17,65
37,80
15,170
25,143
58,101,180
107,132
54,158
90,177
159,160
90,143
85,105,146
65,160
127,128
85,137
76,127
115,130
6,79,178
63,121
125,179
68,121,176
89,162
138,157
71,79
62,87
76,90
86,115,171
26,170,178
70,103
35,170
40,59,84
63,81
70,107
16,132
114,127,172
21,25
1,82
185,190
9,89
132,151
69,152
85,106
58,88
118,139,155
62,195
29,135,141
43,116
49,72
153,179,196
32,199
93,123
6,15
58,200
8,110,144
8,33
136,147
111,113
6,73
49,109
8,136
94,183
120,181
32,151
27,173
38,116
73,163
28,146,171
1,101,104
15,189
121,177
72,162
27,29
43,134
48,90
60,67,151
59,76,184
66,130,177
92,100,167
48,121,162
64,112,175
12,96,109
21,101,116
35,185
63,111
46,171
7,109,174
78,107,153
59,93,113
79,148,153
139,181
10,132
152,168
127,198
192,200
14,26,174
51,71
30,155
23,156
44,144
44,167,200
7,82
136,182
43,161
34,41,80
172,179
59,155
125,137
82,98
141,154
68,173
73,135
93,141
125,179
24,107
120,124
157,191
93,99
1,15
16,62,183
150,190
63,136,138
23,80
36,90
76,173,189
15,18
46,198
51,54
58,133
3,178
37,139,153
6,92
79,182
20,52
63,155
28,64
49,171
177,179
9,36
121,173
100,119
97,114
42,200
101,158,193
136,166
1,37
1,27
151,200
15,42
68,119
34,52,192
123,156
156,180
117,120
27,68
89,168
172,180
9,41,147
78,126
4,67,133
17,199
42,44,125
32,174
125,162
62,83,157
55,97
84,197
79,140
125,132
47,188
57,142
30,149
17,48
23,79,101
20,133
78,160
73,191
40,195
15,96,119
10,25,56
94,172
55,91,192
49,50,196
45,128
56,182
34,59,111
5,41
9,81,105
106,180
4,151,185
12,183,200
5,165
24,108,179
167,183
125,135
3,114,128
59,130
60,161
106,123
39,78,96
150,170
21,22,80
46,86
112,177
39,62,136
21,81,121
70,168
4,191
95,98,165
85,105
11,125
66,184
119,146
90,132
15,31,143
76,111
1,150,178
15,22
12,171
57,86,155
176,190
19,120
13,40
126,155
69,129
54,132
7,17,187
61,189
60,107,194
3,123
137,171
24,105
37,54,102
54,68,126
98,132
3,75
49,181
22,156,159
10,66
159,161
143,193
44,135
84,191
88,190
98,183
54,118,188
19,149
126,196
145,146,156
23,140
46,171
20,190,198
68,195
115,132
93,116
42,156
100,125,152
84,114,150
37,48,103
72,181
118,163
76,130
46,167
21,101
50,125
168,169
47,85,200
11,43,69
72,179,185
81,117
28,75
61,199
89,183,189
32,174
19,184
21,95
27,62
26,55
92,170
35,50,148
171,198
65,136
64,137
77,95,100
11,48
77,158
100,153,168
60,100,148
11,159,160
90,197
136,149
47,141
85,88
184,197
85,109
55,173
29,82,126
79,92,127
39,186
164,176
58,95,146
45,104
35,36,102
103,154
136,176
66,86,97
83,137
50,151
91,167
69,122
81,142
58,106
88,106
102,163,181
34,141
68,139
30,170
5,20
35,125
76,182
83,186
16,26
20,141
76,159,184
7,149
72,169
87,177
84,136,150
62,200
52,106,166
96,181
107,140,144
16,41,126
11,14,39
68,197
2,124
14,111,137
7,113,175
154,164
33,117
132,133
125,168
80,134
42,77
61,84,108
62,138
110,180
13,52
65,136
96,98,187
54,163,194
87,106
48,140
22,114
20,99
126,181
62,97
188,195
120,163
47,135
60,123,177
9,41
23,169
13,27
22,82
47,168,199
59,124
55,169
49,119
24,50
133,168
7,9,184
27,56,82
167,199
33,68,197
50,107
15,112
163,198
128,150
60,135
118,120
10,52
9,39,178
150,161,177
182,189
116,134
21,134
3,72,86
66,87,172
104,110
37,69,97
135,137
127,128
52,101,167
72,89
22,138
71,82
122,158
30,34,75
45,150
40,185
48,79,91
182,197
24,81,174
37,96,107
50,146
86,152
46,53
13,45
12,175
42,85
39,50,130
157,183
45,53,117
30,138
81,165
119,174
40,47,59
40,139,195
82,96,120
25,29
92,108,187
114,156
2,190
35,40
103,150
83,196
79,80
62,82
97,186
8,164
43,71
46,151
23,183
61,145,193
41,78,196
53,83,150
82,137
8,46
44,79
23,146
70,168
103,112
49,102
162,168
125,171
122,140,158
25,85,92
50,165
61,85
37,193
66,123
37,38
109,135
117,119,184
79,199
37,169
45,117,175
84,200
70,79,155
79,178
62,75
49,67,151
84,87
2,190
76,112
139,184
136,137,154
64,111
137,139
132,174
48,72
32,179
29,121
85,113
50,97,147
46,119
55,79,161
50,55
3,107,194
71,167
51,171
96,196
102,145
30,58
100,125
34,60
69,144
180,200
23,152
76,129,185
23,84,156
87,175
17,20,161
2,111
26,92,114
23,134,143
102,108,165
180,183
5,119
190,194
7,107
9,107
32,147
14,118
35,159
20,51,158
1,189
102,136,158
17,128
40,44
9,89
20,72
71,121,178
33,40,117
31,60
37,130
42,176
58,126
75,112
64,129
7,108
70,98,108
58,199
29,30,189
35,171,174
67,68,71
14,93,173
14,76
24,167
45,197
163,198
32,142
82,157
121,165
149,199
16,132
115,181
9,35
62,83
109,164
132,168
57,59,84
6,182
4,88,110
30,113
8,66
64,120,191
22,31,69
22,92,160
6,101,120
17,167
70,80
53,125
46,51,162
1,45
12,88
129,191
46,171
108,133,190
16,137
12,101
110,150
80,196
60,68
85,134
55,155,178
115,132,152
58,128
160,186
121,153
3,57
147,186
54,194
69,85
76,86
94,131,137
4,5
41,119
26,72,170
163,170
20,98,174
39,75
119,151,179
126,189
71,160
8,157
106,148
48,70
35,106
76,93,110
6,176
60,126
39,195
51,148
60,161,190
110,113
138,139,177
29,106
43,71
102,155
96,103,136
36,150
31,125,141
23,194
94,99
15,131
82,194
50,165
8,36,181
31,146
104,163
130,187
34,112,117
25,45
138,197
21,140
63,92,115
121,199
41,88
76,188,199
57,104
34,42
64,188
60,81
138,170
51,199
74,137,163
14,122
68,82,189
69,94,200
105,119
120,196
27,69,168
14,59
29,70
9,179
19,177
16,174
120,126
76,172
5,107
57,180
37,146
86,184,189
14,88,143
91,178
30,46
155,184,195
16,53,176
19,33,103
14,98
28,188
3,156
52,167
47,117
46,174
31,83
47,121
19,136,149
41,136
9,51,168
141,173
87,173
152,165
30,70
151,188
112,171
48,161
49,98,131
24,72
112,123,185
117,138,145
51,72,165
94,146,200
12,32
60,146
58,161,193
22,56
5,54
114,127
24,36,137
20,32
108,168
99,141
23,180
16,174
12,33,147
49,60,126
119,190
49,168
70,197
31,95
47,98
13,53
72,98
11,99,110
88,166
96,152,196
151,164
12,96
57,93,170
4,131,142
118,182
50,64
65,143,151
40,103
70,148
135,193
42,145
95,193
11,29
15,114
89,151
81,156,197
3,38,170
36,41,50
4,59,115
86,194
100,150
28,151,195
74,121
95,131
64,129
51,78,108
151,198
42,69
26,66
47,176
23,70
12,124
8,67,101
79,92
9,29
143,190
106,162
37,122,183
90,92
33,72
81,198
106,147
27,69,100
5,115
2,106
97,174
4,66
81,95,184
13,59
15,124
3,71
70,162,168
23,173
23,31,52
119,121
64,93
109,118
19,157
62,87,117
88,141
86,147,179
1,160
7,98
55,154
90,121
67,152,181
17,103
102,174
69,140
1,132
16,185
9,134,185
43,66
48,158
35,41
90,103
7,99
104,181
81,147
100,152
29,169,192
103,142
137,191
53,68,173
79,148,187
96,112,162
24,52
18,23
102,132,198
59,154
5,89,108
86,184
83,91,95
69,76,78
55,87,120
1,17,68
17,59,176
73,197
98,153
42,144
74,91
91,175
68,121,183
87,93,187
16,200
99,181
49,165
15,164
119,126,198
53,66
116,126
107,154,176
10,22
43,48,193
113,189
1,92
90,179
67,165
126,144
83,177
43,46
38,58,68
81,107,196
52,122
28,62,197
124,133,153
110,118,149
153,187
105,188
93,122
18,26
16,146,176
55,190
113,135,184
55,70
41,173
126,151,167
30,110,150
111,155,157
10,18,159
7,173
80,109
51,98
12,193
12,38,199
45,118
70,192
118,184
1,166
76,196
113,142
41,131
8,97,99
139,152
59,141
67,187
6,160
3,121,200
8,185
3,161
121,152
25,124
55,77
127,140
44,118,157
26,176
62,83,195
126,142
11,144
13,137
174,177
11,116
77,122
4,98,153
109,161
82,104
75,144,182
28,138,154
66,67
91,116
50,124
2,78
42,116,160
14,21,27
69,134
24,128
74,82,166
65,136
77,178
17,160,192
131,196
134,137
7,39,120
93,99
97,137
122,163
71,76
87,99,144
65,99
46,111
30,112,197
115,166
103,155
1,43
69,105
71,123
96,116,138
69,108
88,173
6,52
38,121,170
52,74,94
6,51,58
36,189
34,105
72,89
16,81,104
165,182
109,139
90,192
11,22
160,191
80,158,160
38,100
54,196
101,167,185
14,173
8,87,130
159,173
24,131
24,106
47,149
60,140
26,55,71
28,52,100
4,42
89,102
120,155
11,106
122,165
27,85
1,64
110,167,177
72,78,174
178,180
13,184
5,9,60
39,75,83
1,61,143
46,186
70,125
47,103,135
34,59
87,94
23,148
26,37,180
35,108
82,149
90,121
50,106,131
120,176
88,119
16,153
47,186
27,70
8,17,191
26,114,122
168,194
26,73
92,173
182,191
60,67
56,146
149,161
25,89
68,88
84,132,150
4,5
45,110,186
4,76,173
108,187
37,61
55,125
53,76,197
9,151
69,82,121
149,191
14,162
21,94,183
51,90,172
172,185
129,142
9,88,140
118,178
42,121
50,67
87,189
81,144
17,36,199
70,172
54,133
47,93
17,103
98,100,198
102,119,194
88,112,187
140,160
36,126
11,192
55,95,193
114,180
115,147,190
100,107,152
94,114,172
43,182
48,158
3,175
14,83,112
20,67
64,75,129
74,153
21,43,180
34,82,137
24,122
40,47,191
12,79,116
94,127
77,185
34,59,113
86,133
99,141,170
20,24,131
121,145
11,18,172
28,157
123,148
25,161
13,47
12,58,93
46,103
32,126,181
85,128,140
45,73
125,144
37,84
3,190
39,132
49,108,162
176,188
73,94,196
3,71
37,113,184
126,200
27,184
19,191
11,26
72,102
9,102
73,195
132,136
92,128,146
24,142
30,92
19,30,34
29,88,90
52,198
84,159
103,164
27,73,148
175,187
32,54
52,93
65,72,96
25,153
139,170
49,108,171
35,165
73,127
122,158
53,69
67,124
13,30
4,23,146
91,137
7,96
180,185
19,135,138
4,107
23,40
61,92
21,73
168,185
25,43,66
12,42
59,136
34,185
17,177
110,155
72,132,165
112,173,176
22,37,38
75,132,181
32,57,145
68,73
93,178
44,176
17,103,151
99,117,144
95,114,183
179,190,194
141,170
55,77,95
3,172
56,80
4,80
163,190
52,149
57,173
4,90,162
48,58
1,43,56
23,85,145
105,131
87,173,189
115,142
171,192
37,165
64,86,103
104,107,185
140,185
179,185
111,115
109,144
20,126,142
31,66,76
49,54
36,50,194
19,188
124,126,152
34,82,129
24,142
60,168
59,136
56,120
97,160
150,157
48,142
78,187
140,161
1,121
102,105,185
148,162,185
3,190
31,52
115,126,171
63,144,162
7,91
2,31
104,153,175
63,130
102,164
10,47,83
7,17
45,154
104,168
37,48,56
2,20,124
74,90,194
61,62,80
53,75
8,149
38,163
50,81
16,51,180
106,140
77,99
100,105,198
5,129,185
5,56
103,137
21,114,199
112,187
39,161
13,60
33,133
145,190
21,183
4,86
179,181
175,182
134,161
33,179
146,198
37,80,87
33,84,103
42,52,123
129,187,195
155,189
72,168,171
25,85
97,127
11,124
13,87,113
40,41,64
29,79
36,153
89,144,182
26,29
46,100,119
150,194,195
80,114,167
141,144
18,180
143,146
1,25,65
5,58,175
5,165,171
48,123,151
15,23,146
43,168
110,112
49,134,195
75,103
44,89,186
52,117,121
2,153
7,163
21,73
62,144
102,132,180
58,114
12,25,160
131,148
17,102
23,88
117,188
14,66
55,131
76,165
108,164
62,184,187
45,182
82,93,150
19,63
3,116
96,102
3,80,94
41,96
142,165
40,42,139
19,176
4,174
156,179
125,181
23,116,172
30,116
12,52,178
6,34,122
149,150,180
116,140,200
38,69,183
59,145
88,92
74,84
116,161
92,157,195
33,190
91,169
112,131
28,87,170
88,169
115,124,132
115,189
63,103,150
149,181
38,94
67,98
10,76,110
35,117
146,182
83,99
180,193
24,164
28,149
72,136
60,108
58,76
64,125,194
101,160
59,91,108
53,64
86,148
142,178
35,115
78,153
26,142
33,39
14,34
43,141
31,55,61
105,181
57,187
22,81,189
33,137
98,164
102,152
8,175
14,39
71,158
134,146
110,147
40,146
12,42,128
112,195
36,107
34,61,116
106,160,180
64,76,176
38,42,52
8,100
67,98,100
146,189
68,120
90,103
62,103,175
104,115,184
129,173,195
109,176
46,81
131,168
90,102,125
9,184
104,126,181
28,117,137
120,146
107,108,184
78,184
44,129
5,146
22,48
75,80,200
20,74,94
56,175
100,105
55,71,160
26,155
140,169
117,170
131,167
74,194
25,127
36,194
60,148
16,36,86
80,90
3,31
191,195
18,50,128
143,158
20,80
13,173
12,192
107,168
47,180
176,184
16,34
9,49,104
25,88,101
10,15,193
85,160
72,89,107
59,149,157
108,119,148
22,78
111,149
50,60,190
48,49
22,29
87,137
33,193
25,153,196
2,145,146
17,143
62,75,87
79,97,180
86,164,190
17,195
65,117
50,141
6,159
90,194,197
48,101,161
68,77
109,195
68,137,155
111,153
15,55,143
100,115,174
88,98
55,123,180
103,110
26,55,58
57,86
2,35
16,194
2,89,98
147,200
39,80,152
108,142
57,129,135
166,197
42,61
48,67
73,76,139
88,196
57,73,157
35,67,185
22,77,158
55,101
32,169
6,156,160
70,143,155
34,136,172
92,143
91,116,183
41,162
3,95,200
8,193
2,37
11,171
96,107,196
34,110
81,192
65,84,110
52,188
115,125
11,61
98,186
44,179
5,12,21
68,144,195
88,140
96,153
112,149
151,179
22,172
73,129
76,159
15,114
9,189
68,117
24,173
80,106,172
8,42,139
93,141
75,129,150
30,60
61,95,127
160,163
142,147,164
5,194,196
60,72
21,158,162
134,186
86,115,153
48,54,130
5,144
119,163
23,74,140
38,80,180
20,49,196
89,184
25,101,192
59,118
148,172
97,134
4,181
109,174,186
24,72,190
41,147,196
44,110
106,146
62,110,139
62,113
27,69
86,151
104,142,152
78,136
110,195
97,169,200
103,191
119,125,152
138,171
75,112
50,89,113
97,119
60,68
184,187
24,28
78,105,152
68,170
54,101
51,96,132
137,189,200
26,66,95
2,20,131
126,151
58,91
37,143
173,184
78,142
3,23,199
77,82
49,133
191,197
51,180
21,116
78,85
21,105,135
20,40
32,47,69
24,38
35,115
54,113,144
117,154
134,156
17,155
100,152,168
138,176
97,151
25,146
88,90
30,59,182
53,91,124
13,45
47,68,154
23,134,172
28,120
23,66,70
62,144
23,196
106,135
99,170
22,23,199
19,111,186
6,94
81,168,171
62,65,68
86,124
110,175
135,195,197
113,189
20,196
30,189
12,106,172
70,144
75,138
27,59
41,136
110,176
101,158
41,122,175
29,38
22,105,123
30,84,141
83,197
64,137,177
55,91
76,89
73,76,144
147,171
59,63,86
94,95,140
155,188
20,96
108,177
52,158
7,43
152,167
64,130,189
13,192
48,77,121
82,119
18,183
31,101
19,59
104,174
54,107
90,125
7,63,117
21,79
60,164
56,60,140
59,154
45,102,115
13,189
62,68,155
60,180
12,24
47,131
59,87
1,26,185
151,194
3,77
1,91
83,111
32,193
28,84
16,112
41,46,119
14,23,60
86,116
67,126
104,132
43,140,183
15,183
47,110
98,152
28,41,174
79,80
29,172
36,153
140,166
92,126
54,138
121,169
16,72
33,68,139
58,145
151,177
50,162
24,78,165
69,143
163,168
163,174,192
11,121
25,119,199
11,79
141,155,191
23,186
117,188
13,53,154
141,175,178
100,104,124
45,155,191
20,168
28,69,181
129,147,149
146,161
55,193
96,194
83,118
55,88,92
42,154,173
76,103
170,197
14,118
55,138
73,100,146
26,57,139
8,39,77
38,158
18,128
85,183
18,200
101,165
112,157
93,126
17,174
49,112,120
1,80
45,134
45,178
17,109
37,122
169,173,188
71,134
10,116,161
31,52
51,78,171
17,64
104,168
9,18,169
8,110,188
36,72,108
32,153
24,131
19,110
100,132,164
36,142
37,125
99,122
8,17,63
93,138
39,64
53,108
24,72,89
48,75,182
109,131
118,184,186
93,123
66,118
18,84
80,108,136
72,124
61,199
78,98
20,41
69,85,167
28,117
2,139
39,117,176
134,198
40,136
17,143
17,40
39,182
29,140,192
41,161
14,113
135,195
30,57,154
12,98
93,109
55,114
78,168
67,194
15,194
76,143
45,67
21,59,163
15,88,114
116,123
41,51
41,139,196
68,185
16,20,142
87,153
33,34
28,57
81,121,128
5,153
141,149,150
94,95,199
134,148,161
15,139
49,119
5,36,153
39,87,137
174,189
59,139,150
12,23,156
14,27,177
58,77
69,111
104,178
39,73,177
56,127,146
71,98,115
87,137,175
11,122,200
44,64,112
10,69
23,26
26,145,178
99,177
83,145
56,126,127
64,82
10,195
73,187
50,52
21,159
35,124
92,97
110,177
2,26,101
27,111,197
115,152
66,81
13,99
43,169
1,56
70,143
35,119
161,167
138,187
55,167
6,93,168
99,150
142,168
81,104,198
18,99
59,191
179,198
93,189
159,183
42,85
60,69,165
54,106,180
66,78
141,155,194
145,180
145,158,188
20,104,108
30,150,191
95,102
99,130,150
90,183
65,89
55,71
63,109
1,33
18,159,161
58,199
14,82,197
74,172
36,161,195
72,125
58,195
94,114,166
118,154
36,100,148
8,138
4,86
12,68
30,172
113,117
15,56
173,194
1,6
3,26,56
120,128
10,80
152,181
9,41
100,198
88,152
164,168
156,193
2,125
12,118
71,92,101
56,118
109,186
169,200
64,72,93
173,175,188
44,181
13,68
14,31
18,80,199
81,105,107
10,77,161
71,106,121
55,69,159
25,146
107,120
48,100
7,189
19,26,161
151,200
51,129
75,112
19,124
33,92,181
181,196
20,37
69,166
5,165
25,69,148
59,149
108,133
45,57,149
76,87
46,78,164
121,129
86,106
25,57
121,145
72,102,151
98,151
93,113
104,152
48,158
49,84,132
84,137,182
122,129
30,75
116,127
80,125
136,185,188
15,62
173,174
36,113,162
33,35
69,140
64,174
1,77,121
109,191,197
17,155,184
36,95
34,148
47,157
27,67,70
145,172
56,158
26,178
94,195
50,120
16,72
62,127
26,128,142
77,144
69,158,183
126,140
52,55,180
139,150
10,146,183
16,46,171
83,169
13,191
28,93,154
19,44
188,193
110,141
20,147
62,173
43,183
3,70
21,26,61
56,122
66,154
10,60,79
81,133,179
41,60,73
116,169
11,95
103,155
127,143
157,177
40,175
94,192
117,120
109,135
13,107
59,81
67,90
106,120
17,180
3,195
2,5,105
60,127
156,161,200
108,126
82,137,157
79,159
49,78,86
132,148
1,56,122
128,172
155,156
8,110
93,152,168
13,157,187
105,123
92,108,172
88,172
51,124
14,88
81,120
9,86
88,176
111,115
164,194
50,87
4,24,163
23,66,77
17,188
24,117
22,183
36,190
14,57
9,178
70,90
63,139
50,98
46,185
66,199
39,167
22,42,127
53,157,184
4,75
84,103,186
164,182
57,120
2,57
107,194,198
117,138,188
78,126
17,118
59,65,83
121,199
63,144
20,32,138
8,39,75
96,108
83,176,182
57,172,173
74,127
65,87
28,184,200
116,139
32,41,126
6,122
32,95
2,83
33,93
6,16,179
126,164
32,116
51,54
70,95
12,81
70,79
15,74
15,41,69
28,168
131,151
43,94
10,60,96
92,169
1,19
11,102
8,116
53,104,183
4,117
136,182
67,187
44,113,149
70,83,147
150,180
157,187
48,200
148,196
71,82,154
131,148
125,133
87,141
3,56
26,72
105,110,131
59,63,135
30,120,191
34,76
21,123,156
101,119
138,149
17,135,150
64,194
48,56
25,75,110
105,172
92,103
129,188
11,45
14,99,130
19,62
45,83
1,147
26,118
51,83
14,93
129,182
84,191
32,41,102
34,120
35,98,165
20,118,138
114,198
72,142,194
152,165
33,35
139,186
35,160
16,175
98,200
121,143
115,142
131,132,185
49,98,124
121,169
69,75
143,168
14,110
150,157,189
13,129,159
58,94,127
30,110,141
80,95,143
3,69,169
31,102,138
110,135
33,61
44,145
70,127
93,127
53,135,139
119,181
147,160
131,133
86,190
4,54
160,168
135,154,182
136,146
2,78
98,126
51,96,198
6,190
5,144
99,127
111,137
29,142,180
89,98,196
53,59
36,119
122,134,140
2,5
119,134,135
32,192
126,183
14,99
6,69
4,41
110,130
65,111,161
32,194
38,181
80,181
118,142
163,171,181
124,187
180,183
85,183,199
88,161,167
53,76,129
11,116
57,65,154
128,188
56,169
5,143
55,138
87,189,193
94,169,180
28,43
60,67
50,165
71,200
180,186
52,58
43,55,193
22,48
61,97,180
44,87,110
179,186
44,69
20,24,60
3,113
19,49
136,186
63,191
79,162
18,66
15,109
30,75
78,105
160,175
99,189
4,133,171
132,152
45,130
36,175
38,52,116
31,90,187
7,140
31,56,199
11,156
23,200
152,164
105,182
61,177
26,131,143
97,145
77,193
64,186
92,158
65,68
75,144,177
28,49,82
104,152
97,195
54,59
23,101,145
27,68,197
93,137
35,198
30,155
16,172
14,136
22,200
36,50,91
11,85,166
102,107
29,91
115,190
7,121
64,68,110
63,155
9,132
44,57,120
9,89,153
132,190
78,119,185
104,119
66,93,98
21,38,146
17,155,166
11,159
144,188
10,88
33,131,192
135,177
18,104
7,27
68,175
87,149
12,84,91
11,175
80,92,159
44,177
25,183
44,99,138
14,136
68,114,122
49,102
84,154,187
28,93,189
36,171
49,165
7,82,110
8,37
41,67
12,25
30,70
18,80,93
129,130
80,124,137
14,144,177
19,186
51,133,151
42,74
85,180
54,66,78
25,69
2,115,164
73,136,189
63,151,162
123,158
67,131
15,62
29,156,161
45,81
66,178
154,190
1,15
24,119,151
147,179
104,165
32,98
67,148
72,117
71,143,158
2,181
77,158,193
33,102,160
48,173
50,166,191
133,168
58,106
28,118
150,195
166,193
26,130
43,65
20,99
19,59,110
17,33
88,110,146
36,49
140,187
44,158
72,151,198
43,151,185
114,188
62,93,186
36,50,102
26,90,158
69,84
2,9,119
57,160
94,125
82,175
71,91
11,155,179
18,42
42,129
85,106,114
175,186
35,98
12,107
104,181
82,83
37,56,145
102,119
22,34
19,99,186
56,116,127
5,96,102
56,70
18,70
36,156
30,48
47,63,189
38,43
98,102,107
93,138
67,72,165
46,164
40,187
2,107,185
17,188
107,148
67,199
51,125,179
14,27,54
100,196
147,162
114,123,183
165,199
8,49,190
127,158
116,172
87,112,138
49,159
121,154
47,87,136
142,170
23,25
37,134,168
63,110,154
12,169
67,183
116,156
84,118
25,156
89,119
97,146
168,185
47,139
41,132,185
2,86
37,163
168,171
99,170
94,183
12,167
8,177
24,152
15,101,140
166,196
10,166
90,127
35,181
56,140
158,197
60,86,104
8,63,182
72,158
18,129
62,187
91,112
123,178,200
25,118
161,164
21,150
30,199
93,156
68,175
135,179
5,131,151
21,73,129
4,67
86,151
32,35,148
46,51,194
115,184
97,146,192
126,132
61,84
107,142
65,99
24,131,164
24,41,151
33,98,185
46,153
37,143,193
20,162
58,103
52,136
16,100
43,56,116
19,112
28,164
35,73,182
36,196
37,170
19,30
108,119
110,137,157
68,83
9,132,148
81,105
88,114,119
1,12
3,66,199
62,76
11,52
11,90
100,174
76,184
49,185
4,49,98
7,138
59,93,149
33,117
1,142
79,94
119,142,194
21,74
57,78
11,83,126
46,60,111
22,26,52
98,185
106,122,158
153,177
17,39,176
53,197
22,74,183
131,163,182
19,84
64,111
31,70
7,155
136,137,197
6,77
37,146,192
58,177
104,139
72,101,112
123,161
50,105
32,89,107
28,64,99
28,176,186
105,165
72,143,198
127,172
66,116,158
102,147
18,48
51,78
50,177
15,177
41,171,174
27,135,154
61,122
23,123
1,42,61
73,125
36,119,132
4,50
39,83
8,193
78,132
179,191
65,176
60,186
29,140
29,175
96,132,147
62,83
126,185
19,191
1,15
5,9,100
47,51
20,131,196
36,49
122,143
94,172
81,142,163
18,69
22,46
63,187
30,121,136
51,95
119,174
104,199
87,170
70,121,151
66,167,179
85,103
78,89
105,125,140
117,164
21,145
51,90
146,199
70,91,193
77,89
112,184
90,166
118,158
139,150,157
95,156
35,161
27,93
174,179
12,124
89,170
6,70,156
64,137
59,73,135
15,161
43,68
5,86
15,124
150,151
75,181
4,133,181
24,158
165,190
80,192
96,148
79,101
34,45
25,192
101,145
33,175,176
23,58,85
89,100
128,152
113,178
107,119
29,158
32,126
50,146,176
76,87,114
8,136
124,165,198
75,141
20,25,48
95,140
26,34,81
40,47,195
122,167
97,108,197
53,83,98
41,167
1,102
102,124
90,150
52,101
31,52,158
21,70
34,82,103
126,193
4,116,167
11,176
23,84
32,112
33,52
59,95
6,128,167
189,190,195
13,84,187
118,131,197
27,65
7,23,190
110,166,180
98,102,125
24,100
71,145,199
103,130,157
48,86
57,73,137
17,187,197
142,152
153,185,194
39,186
166,192
42,66
76,150,173
18,154
105,108,196
6,42
77,128,160
28,120,149
84,150
77,112,181
84,88
162,188
19,148,156
9,56
16,93,115
31,101,140
22,42,85
58,157
26,88,91
113,146
118,156
87,139
184,186
20,103
46,49,139
52,69,160
115,131
26,35,164
25,26
68,89
37,63
110,135
34,139,144
89,97
160,165
37,105,169
106,193
29,156
9,105,171
10,127,161
2,8,185
100,136
8,173
87,134,141
58,69
121,136
33,165
66,73
104,181,190
116,152
43,88,200
45,123,199
148,152
78,171
35,105
21,38,185
43,119
25,140
12,134
19,28
43,97,146
79,178
39,103,129
73,141
86,132
31,95,183
135,192
13,88,160
22,64
103,182,196
104,115
128,143
26,92
104,110,128
79,101
81,196
100,142,194
4,142
64,149,176
38,55
70,80,134
9,17
51,81
