44,65
121,153,173
3,21,141
1,104
52,123,148
55,101,199
90,155
73,175
73,140,180
5,99
5,177
35,182
25,135
149,158
83,85
113,167
99,173
171,195
27,37,144
3,19
103,149
85,179
77,107,164
9,133
82,108,193
19,51
96,141
14,81
111,114
23,164
20,49,147
15,164,193
132,157,165
86,164
17,43,189
151,167
26,167,193
2,59,122
54,178
91,132
101,108
68,136
70,102
23,83,100
105,122
7,121
98,110,148
76,157,175
106,111
55,76
21,144
40,140,152
111,129
47,124
92,125
35,69,186
129,151,153
28,110,172
55,197
180,185
170,172
123,152
81,91
23,47
79,168
70,108
29,137
63,162
17,59,69
16,96
162,176
31,175
8,95,183
88,103,137
5,135
149,156
16,19
45,47,147
41,119
60,127,158
60,96,171
48,69,166
2,195
48,102,159
44,137
122,199
84,133
153,178
2,78,99
115,160
117,177
90,129,182
9,72,187
31,102
74,117
31,84,149
37,63
49,173
81,86
92,120
119,148
101,120
61,106
9,55
8,104
23,190
62,180
56,104,181
67,101,199
79,100
21,105,120
40,105
116,200
32,119
122,162
119,141
40,80
36,150
23,126
113,122
68,104
147,149
4,118
35,76
22,28
32,95
134,183
62,120
90,127,149
101,111,157
64,196
31,143,169
31,85
102,167
77,108,185
62,161
25,109,139
91,138
7,88
75,160
24,137,179
34,140
69,131,150
6,185
48,99,166
121,169
46,111
29,48,63
118,126
24,112
33,77,84
19,200
61,69,127
32,112
62,161
63,78
43,113
59,157
10,119
28,77
16,55,139
77,95
12,123
43,65,112
35,172
98,162
112,129
23,26
86,98,191
61,71,127
37,79,106
124,151,164
43,144
41,93
118,131
49,144,149
81,198
16,51,144
23,41,134
72,191
45,160
11,84
26,80
27,47,176
42,124
15,67
57,122
131,165
47,117,140
86,146
12,148,181
44,146
98,195
17,45
52,94,145
50,76
8,29,119
150,190
30,194
30,69,134
45,182
50,126,178
13,124
10,26
11,165
56,188
60,113
39,120,149
19,87
122,137
80,109
167,195
42,162
58,61
27,54
85,174
169,174
138,161
109,125
47,64,119
111,158
21,75
137,177,179
1,42
71,133
19,97
25,66,145
117,124
104,180
47,79
45,85,146
115,144
40,168
113,118
64,188
15,121
61,135
64,85
42,104,153
102,165
12,54,91
48,66
74,168,188
38,74
9,196
10,96
26,188
33,58
98,152
55,64
81,83,100
164,175
26,195
17,24
95,132
26,40
3,26,183
93,133,165
2,101
83,116
46,49,100
71,126,140
75,88
19,185
117,136
26,44
31,82,111
75,114,185
51,115
18,189
19,84,186
71,121
15,71
56,174
28,188
138,186
22,50,89
88,138
81,175
25,33,49
85,86,189
70,88,177
100,103
10,146
72,157,196
22,35,93
71,117
128,180
49,55,94
8,139
29,130
7,8,62
95,137
84,187
80,99
160,194
67,91
145,149
48,66,105
56,124
118,140
75,177
89,130
22,67
132,134,151
50,98
17,30
51,150
34,57,147
64,140,187
17,171
64,98
9,172
41,149
130,155
147,169
102,172
61,143
169,171
103,115
14,76,82
108,158
28,104,164
48,161
74,193
107,148
6,29,74
20,59,106
134,164
47,194
50,56,186
17,57
117,145
2,17,194
79,124,148
43,189
44,185
24,75,177
136,160
82,198
125,161
46,159,165
108,119
24,148
121,179
41,127,133
139,168
2,64,95
60,116
108,112,122
72,136,197
55,80,162
86,156,188
116,149
44,124,130
1,107
95,195
48,144
92,143,182
31,51
48,185
86,101,156
79,168
49,131
26,140,176
49,173
52,154
56,143
85,179
67,149
5,85,160
4,51
49,121
73,178
46,78,133
156,163,193
84,153
134,198
119,161,169
80,133
94,138
86,124
69,101
90,181
39,188
26,189
40,67
68,193
48,93,115
23,147,182
75,80
98,178
17,98
11,161
54,158
14,121
67,196
47,117
107,152,167
99,158,197
43,75
10,114
101,112,194
64,110,174
99,106,166
23,79,95
89,109,193
26,44
8,39
135,140,166
92,109,120
27,178
54,98,104
39,173
185,199
9,77
9,26
114,171
20,72
11,13
77,144
140,164
97,185
27,191
8,200
53,120,173
7,67,161
5,99
38,89
20,92,136
19,21,135
63,110,169
126,134
39,46
20,37
67,72
54,59
62,181
7,121
41,178
145,196
14,128
52,58
9,99
135,162
25,63,92
115,137
16,85
34,35,138
51,118
48,111,169
38,117,126
80,103,146
38,189
81,122
62,113,123
76,87
138,157
36,45
99,143
4,105
33,91
125,136
65,80,123
121,129,184
148,163
120,174
81,138,193
67,110
91,155
73,152
20,94
84,125,182
78,119
63,165,183
81,198
91,124,154
50,128
123,128
57,64
165,187
12,104,175
43,61,112
24,41
50,130
51,96
109,116
69,85
25,66,147
17,69
12,29
16,59,80
113,119
73,82
56,200
81,95
79,90
161,187,196
48,194
62,135
77,96,105
51,102
123,124
32,65,96
32,171
121,153,194
26,116
11,100
19,47
50,111
138,150
44,45
45,137
138,192
30,150
120,166
179,186
69,113,190
88,112,160
134,138
72,167
5,28,66
20,48
76,117,128
50,73,185
121,158
32,48
63,165,170
80,119
88,142
44,59,87
48,176
33,47,71
120,165
130,173
117,131
37,117
153,171
193,197
12,89
18,38
23,53
115,139,190
22,136
125,179
54,162
63,90,197
110,136
84,170
43,171
3,47,155
53,107,156
156,178
99,182
66,90,94
117,168
62,184
100,133,191
148,171
69,121
97,127
104,182,198
120,165
51,108
121,165
79,134
28,34
60,113,122
2,194
51,142
25,92
117,140,176
22,199
80,119
29,85,191
119,185
23,127
6,107,151
46,147
45,103
11,40,110
177,193
94,190,198
128,156,179
74,111
41,71,138
66,197
43,112,160
44,119,142
13,49
38,193
10,144,146
119,142
11,172
60,63,69
81,107
7,135
5,39
111,196
12,147
34,72
84,195
46,84
76,164
62,197
46,120,161
22,153
57,197
93,158
35,168
167,192
84,190
117,188
109,143,197
35,56,66
12,74,132
93,111
44,177
45,96
58,179
119,124
191,199
34,121,145
64,104
15,178
10,59,98
27,159
15,178
29,89,151
45,113,122
107,144
23,133
79,158
66,135,184
74,109
135,158
97,185
129,197
44,102
7,66,109
28,161,199
95,138,176
28,34,166
123,145
13,55
113,190
85,118,142
12,53,120
173,184,187
15,97
49,136
33,56,154
40,154
75,88,131
1,47
123,133
68,101
22,90
159,197
160,171
19,20
16,36
50,152
66,197
32,72
61,159
18,65
155,189
3,142
43,44
6,39,42
109,161,166
90,160
150,160
54,86
93,147
18,64
16,95
16,139
149,164
4,118
48,109
117,186
10,146
171,189
5,22
52,97
130,192
144,189
16,44,146
98,155
41,152
32,113,180
9,54,106
29,34,195
49,140
25,119
145,156
47,156
129,177
137,185
49,167
62,119
59,103
30,103
108,141
1,68
26,105,152
53,137
98,155
75,94
149,187,199
87,192
72,110
1,37
48,102
78,134
67,93,169
73,114,177
36,100
10,175
9,186
13,46,161
13,55
23,102,185
36,144
101,160
82,134
89,172
60,77,189
104,200
26,27
19,179
66,78
187,199
14,40,167
64,133
39,72
69,88
102,121,165
7,22
85,179
50,129
94,136
88,103,179
65,139
33,78,116
127,138
72,121,170
44,159
108,133
56,100
61,80
84,122,147
38,196
32,43
48,125,184
142,199
80,111
44,144
77,160,190
119,146
8,84
141,185
116,195
109,196
14,166
41,140
48,105
25,159,173
90,120
117,120
144,150,160
67,134
63,72,147
146,171
33,143
123,198
2,69
20,25
4,103,179
117,138
19,177,189
112,117
47,56,142
87,148
38,122,143
107,124
93,194
114,141
2,39,160
114,119,189
55,121,136
79,155
7,13,196
101,185
134,140,195
138,168
5,65,117
149,181
35,155,187
49,120,161
81,105
163,176
45,65
5,42
49,52
158,175
71,86,157
16,77,80
42,195
59,105
112,199
2,52
73,118
7,53
55,63
45,132
58,183
67,113
132,182
1,54
45,85
29,192
24,144
133,138
7,15
30,148
82,123,168
34,49,159
8,105,128
73,137
79,87,117
48,120,145
89,158,176
72,87,174
32,185
111,123
169,172
42,54,140
37,138
21,75
30,146
18,83
161,187
13,90,135
76,86
123,128
67,173
53,68
73,173
11,64
10,49,75
7,61,93
67,120
26,123
102,166
7,86
72,109,125
70,185
38,83,124
66,147
49,173
5,95
153,192,200
73,112
139,200
64,135
48,108
102,165
47,95
50,71
83,95,116
124,133
95,153,157
6,100,140
37,175,192
20,174
3,93,189
58,194
46,78
39,78
40,181
43,101,177
145,197
37,132
55,88
93,136
56,95,174
20,110
142,156,183
125,136
83,150
174,187
57,106
16,163
62,142
154,193,195
29,87
39,121
47,192
14,153
1,79
4,118,171
77,94
18,92
160,166
54,117
51,131
70,108
2,4,146
16,176
75,114
112,139
12,78
73,119
63,153
119,189
33,59
152,171
174,187
8,87,122
35,39,129
175,181
122,150,197
38,166
37,178,191
90,134
28,184
39,166,173
39,167
116,151,155
41,167,183
4,160
51,56
1,107,127
6,52
85,168
16,80,105
58,82
124,181
4,77,122
60,73
101,197
160,169
51,66,144
150,190
11,44
173,179
107,128
119,160,179
18,95
84,187
92,191
2,92
66,76,127
51,115
54,174
125,173,182
46,187
45,46,132
50,130
47,52
90,125,158
92,110,111
1,128,151
20,161
3,112
122,194
105,191
133,181
59,137,177
47,90
66,101
103,199
53,130,151
26,47
40,86,176
12,124
55,185
114,152
18,101
129,158
2,189
62,169,196
91,164
49,105
27,193
9,102,120
42,183
143,193
59,60,69
52,142
47,135
9,105
66,72,99
1,14
41,81
99,200
148,152
76,188,200
79,167
92,143
105,131
127,175
32,69
107,164
1,6,192
34,90
1,188
19,30
98,123,198
51,53,174
46,58,105
49,170
61,91
21,43
71,116
18,39,158
59,113
172,175
19,37
118,127,139
120,148
72,110,121
86,130
74,155
14,156
90,102
46,90,135
40,113
26,70,116
84,90,159
24,69,194
159,187
21,59,171
144,171
52,63
7,109,141
130,140,151
88,125
36,146,172
17,32
114,185
33,104,127
80,103,131
58,195
9,182
117,198,200
117,181
8,57,143
12,26
34,152
123,138
7,176
20,49,110
9,120
167,191
104,139
177,178
74,134
61,177
41,192
27,158
72,199
64,67
86,116
50,130
39,116
150,189
25,62,166
8,146
42,115,146
23,126
67,197
92,129,135
85,94,191
109,114
10,103,160
170,172
54,178,193
83,146
27,103
175,198
94,169
13,93
55,62
97,170
51,150
6,132
120,161
84,175
138,147
3,80
86,156
77,111,193
89,155,167
174,197
11,125
58,124
26,152,162
54,126
36,51
99,189
19,21,88
126,147,175
18,161
85,146
58,181
116,200
78,123
1,41
85,177
13,35
105,142,180
34,156
74,171
3,55
116,185
161,166
14,68,138
9,92,135
45,105,180
170,184
56,86,183
28,52
29,167,179
29,140
120,199
46,170
64,99
35,72,199
5,13,145
130,186
12,41,178
52,85
46,51
6,89,143
14,38,89
46,162
15,54
26,151,168
54,117
188,193
69,90
45,67,171
5,200
17,194
136,161
123,152
67,167
30,75
160,187
48,91
135,172
48,92
21,101
21,195,196
27,62,195
12,14
4,75
35,46,106
9,72
142,146
59,178
65,190
92,125
24,108,194
52,144
82,186
64,139
158,159
5,100
26,195
11,20
29,120
138,143
66,70,116
106,111
5,24
6,148,193
19,108
38,86
6,140
109,134,174
17,150
72,94
9,62
36,88,112
96,97,99
124,182,199
44,124
112,199
135,166,169
84,158
78,100,188
132,151
75,190
121,165
58,83
5,46,76
78,193
45,80,180
27,117,178
102,198
139,194
87,179
50,140
22,161,199
135,165
142,171
23,163
9,128
97,154
124,179
3,119
73,148
93,158,184
28,111,135
26,37
32,68
9,159
29,192
27,56,154
149,172
58,63,73
85,147
138,152
44,80,131
108,190
108,136
42,100,176
80,186
152,188,194
75,142
65,105
80,123,181
7,13
86,191
165,169,173
29,198
22,125
81,181
18,186
155,180
20,90
94,199
63,138
101,117
66,161
21,150
13,169
56,153,175
57,111
85,96
64,100
60,69
73,162
7,102,185
36,146
113,139
54,70
132,178
57,87
12,191
118,150
53,79
78,154,168
59,104,200
72,75
22,164
59,146,171
29,141
35,185
41,55
16,75,144
115,150
80,107
84,176
40,53
101,137
46,53
51,108
34,92
5,94
99,116,198
40,154
131,191
77,112
1,116,193
168,180
42,193
72,142
14,47,137
60,177
121,185
57,138
24,32
49,126
140,186
59,69
2,158
56,153,188
26,169
153,155
79,140,176
145,149
127,155
3,75
2,70,133
111,148
40,84
73,129
129,198
83,148
19,64
9,155
43,190
2,184
96,160
53,58,60
4,180
108,122,150
54,77,168
70,113,137
35,193
145,184
138,161,179
80,86
23,107
17,147
72,149,187
1,68,195
45,125
120,170
5,158,172
21,89,168
86,91
40,93,97
17,32
52,121
66,149
37,191
59,179
66,173
158,196
11,63,99
137,160
70,144
46,164
22,148
86,168
45,85
28,31
62,66,67
66,67,176
14,86,95
100,155
85,99,153
20,157
1,86,98
15,141
115,141
109,169
101,110
137,171
147,165
51,56
118,146
40,168,178
6,147
1,6,53
57,92
94,125
25,38
22,59,88
68,110,166
62,136,145
159,197
44,67
56,154
17,85
8,158
51,177,185
99,149
51,64
39,84
150,171
70,77,134
12,100
45,160,189
57,139
66,134,168
55,91,92
54,191
21,136
23,162
5,164
100,141
34,66
51,112
100,156
84,109,169
38,57,128
144,194
28,34,172
23,148,151
184,196
36,180
43,108
15,81,151
99,140
34,49
26,130
81,179
17,122
93,115
105,119
59,77,193
30,52,103
150,185
24,166
84,150
91,151
36,101,116
34,35,170
116,135
98,109,150
45,69,119
89,118,123
114,173
104,133
51,141,171
76,106
27,48,168
76,99
5,6
104,150
5,173
48,49,94
79,118
35,53
33,58,192
8,61,197
12,54,82
31,170,174
85,118,185
33,78,155
92,99,169
91,190
126,127
16,51
56,109,179
95,188
118,153
40,95
71,92
37,198
21,80,138
13,117
8,196
155,156,193
67,190
65,105
83,169
157,182
47,188
75,190
151,183,198
52,96,118
80,108,137
102,165,196
146,200
136,169
71,140
13,135,197
14,18
49,94,125
18,115,187
72,175
5,106,172
35,102
43,72
71,154
30,177,182
63,94,197
72,99,184
100,145
5,67,182
109,179
136,146
25,66,120
95,159
36,113
77,150,160
37,183
49,130
131,144
169,184
30,75
3,189
1,74
95,155,193
36,70,114
130,134
72,110
31,159
16,32,175
1,152,193
59,95
34,109
140,163
125,173
27,79
25,35,125
153,154
46,100
103,126
7,165
76,93
104,105
103,141
1,164
148,186
23,123
109,110
121,182
78,114
88,166
68,130,162
39,161
44,139
70,160,177
79,89,154
119,185
137,196
120,174
9,111
28,72
29,94,132
148,188
39,46,67
67,76
79,134,152
64,119
59,178
63,110,173
114,142
2,123,142
141,160
64,174
98,153
54,146
54,87
44,88,144
77,80,185
72,88
110,118
132,193
7,34
46,85,111
69,114
49,102,174
133,134,193
18,41,89
107,200
52,147
34,149,197
23,86
100,102,188
53,150
92,99
145,168
87,104
86,168
69,139,179
136,172
45,66,143
81,86,176
74,80
64,151
84,139
31,158
24,144
27,56,148
90,174
19,78
93,161
13,111,166
77,109
49,200
3,71
86,141,173
70,165
81,91
132,163
21,73,77
70,105
18,68
124,126,193
177,198
57,142,163
71,175,188
110,172
72,159,165
44,141
7,8
92,168
5,8
3,170,197
53,56,191
57,168
21,139
67,158
137,194
45,51,60
143,174
116,152,179
185,194
20,143
100,196
149,189
31,197
52,69
87,116
157,175
35,155
59,65,73
27,133
51,180
18,159
142,189
32,122,144
122,146
32,93
59,131,189
47,174
16,141
7,25,199
27,50,163
23,192
48,168
95,139
9,111,197
93,118
127,131
74,77
163,193
43,52
46,166,169
51,87,178
34,90
77,110
19,101
102,166
103,108
29,39
33,72,178
140,157
32,69,118
80,175
97,146
74,147,188
97,178
28,120,199
16,99,145
89,95
49,113,150
10,118,189
2,137,160
2,52,114
51,160
20,165
24,59
33,140,162
88,138
5,40,114
137,165,179
115,165
3,112
39,111,182
8,84
83,116,198
86,146,150
46,174
82,132
57,174
77,90
75,150
136,183
14,38,97
93,102,145
24,184
134,189
58,143
24,106
3,118
11,166
91,104,178
1,102
18,122
12,179
4,44,85
51,86
42,47,85
32,115
43,120
31,80
37,47
41,81,175
138,186
7,91,139
13,61,121
23,111
34,90,120
123,125
108,144
14,69
34,189
141,150
149,199
17,121
9,184
48,55,170
78,175
106,158
7,66,170
78,92
56,116
1,116
25,199
32,143
69,144
34,84
108,112
19,70,96
54,97
37,116,155
148,163
43,99
86,153
134,167,169
5,11,84
155,190
76,195
110,131
2,24,32
56,87,179
104,125,195
114,119
39,92
81,120,136
15,21,62
57,84,94
8,174
30,69,108
90,117
55,197
4,103
125,193
14,151
8,92,145
176,192
37,46
92,166
20,107
31,127,132
35,39,61
151,153,188
10,17
27,56,58
38,198
34,61,111
15,157
55,93
97,134,151
103,139
159,179
53,173
14,48,159
15,109,196
82,89
48,130
190,194
50,78,138
27,82,98
40,95,180
154,184
5,147
41,117,138
43,113
40,172
7,94
2,144
14,93
99,143,171
14,86
18,28
74,166
129,135
124,129,175
22,145
143,162,198
112,191
69,133
32,119
40,154
74,89,157
30,80
12,116,167
162,192
86,150
41,156
57,121
36,80,96
3,154
19,96,190
81,186
33,107
60,150,185
67,99,147
25,94
58,170
78,133
92,106,199
31,147
51,108
8,38
54,79,104
33,192
8,69
83,176
77,150
17,75
94,120
2,59
93,165
63,139
127,159
10,132
90,92
4,163,181
2,45,177
162,168,178
42,145,179
118,123
8,145,165
167,195
154,193
12,80
63,164,180
27,35,81
106,157
80,161
6,19,115
31,107
2,118,131
36,65,70
52,96
77,139
114,180
98,165
52,160
45,60,177
53,75
10,32,144
63,199
133,166
14,86
55,67
75,138,193
103,127
12,68,83
64,162,194
143,175
78,166
53,182
135,162
73,98
22,74
63,143,197
77,82
158,166
63,109
19,179
11,75
100,107,193
113,118,194
95,191
82,120,167
1,36,161
56,190
101,151
4,94
4,65,150
81,140
32,184
65,96,141
158,182
28,87,143
109,130,175
51,113,146
3,170
66,145,149
127,133
6,187
44,86,149
41,83
14,170
113,150
74,200
99,174
159,161
105,114
62,63,125
65,143
77,170
32,131
39,94,158
104,169
17,178
44,64
40,47,176
99,172
90,120
86,200
21,115,131
40,193
43,122
107,118
10,73
11,62,72
47,192
85,198
44,180,190
81,151,152
7,27
13,34
148,167
126,137
122,191
8,159,179
12,126,191
24,185
73,118
23,131
103,141
126,140
30,61
99,147
75,173,193
43,92,120
63,149
8,57
71,106
93,191
39,132
24,140,157
88,106
20,102,158
105,179
104,109
96,179,195
69,179,190
78,162
114,146
114,123
63,196
33,68
90,110,165
154,179
22,117
26,191
82,186
109,163
144,184
27,83
28,58
77,112,122
122,168
79,155
64,94,121
3,15
66,135
78,95
81,105,144
106,126,145
4,79
129,166,181
17,108,137
143,164
132,197
50,116
158,165
81,150
64,92
21,45,141
24,70,185
69,180
30,75
83,104
71,145
31,102,199
46,165
139,183
8,100
22,37
99,173
12,16
9,94,169
84,152
30,80
77,180
28,62
148,168
13,188
72,178
73,174
5,66
26,179
122,194
104,186,198
59,121,129
157,170
27,149
28,49,123
9,118,123
22,72,129
66,105
11,38,66
64,147
125,149
5,47
29,79
98,183
2,12
95,103
25,55,64
107,163,192
20,135
129,178
112,160,171
55,125,173
58,174
31,121
33,198
116,193
139,146,189
8,144
2,121,174
66,170,174
23,100
110,181
19,36,197
21,190
13,77,191
138,167
88,150,160
51,119
23,113,146
88,177
2,168
33,42
135,172
5,40
15,170
60,94
46,133,161
87,121
147,166
170,198
106,193
10,103
23,150
112,196
56,152
25,39
84,94,172
82,97
119,177
28,115
121,169
5,8,199
35,134
75,101
40,42,178
159,196
82,159
51,96,160
173,177
91,181
61,68,112
81,160
152,155
42,124,128
58,153
2,88
133,156
107,181
25,62,109
79,117
90,141
34,50
142,177
27,83,124
81,128
161,183
19,113,142
67,143
29,134
82,171
36,141
21,81
113,177
77,155
74,171
56,88
25,72,92
60,185,189
31,41
6,54
83,117
23,122
10,32
142,165,170
74,93
17,108
2,155
104,117,132
4,44
91,126,163
21,170
16,44,108
166,199
106,185
138,178
31,184
21,144,177
49,172
12,50,155
20,99
39,166
8,143,166
37,191,193
151,183
88,110,166
38,157
28,108
11,143
15,81,111
4,59,77
51,113,123
166,169
26,116
15,144
26,42,157
43,69
34,61
27,116,124
63,171
46,63
46,102,182
33,76,199
4,14,83
88,101,139
76,81,163
24,37,186
41,151,198
131,187
145,181
4,44,99
85,185
21,161
71,126
56,102,140
36,41,165
81,145
100,193
4,45,190
71,143
50,168
33,104,132
4,51
21,96
3,118
134,165
171,183
32,42
148,167
78,186
35,110
28,112,141
48,72
43,75
24,194
20,81,98
26,132
22,57,111
62,159,165
74,76,186
152,192
11,121
3,118
65,137
35,169
21,136,181
63,147,174
58,90
110,148,178
97,172
8,102
11,93,106
100,189
16,198
125,149
47,165
48,94
196,199
87,198
102,145,173
76,112,148
59,185
112,130,133
78,127
149,199
85,190
84,161
44,173
17,24
24,87
5,39,137
124,136,147
39,66,109
37,47
30,150
61,80
112,119
105,180,194
19,65
9,82,188
37,156,163
10,108,146
110,169
129,159
9,20
46,157,193
31,34,121
59,69,122
38,41,155
98,141
170,197
49,169
52,114
33,164
10,80
58,116
71,192
5,169
112,185,194
10,103
66,159,188
7,106,136
28,135
76,117
61,63,149
87,147,173
78,183
70,137,146
21,96
176,181
165,187
65,115
9,137
33,61
137,141
24,112
16,80
96,194
112,125
19,75,181
21,96,113
3,32
87,156
50,81
26,124
18,155,176
51,142
58,133,152
44,164
137,179
30,171
92,129
11,104
116,128
89,174
119,179
76,154,186
152,153,155
82,126
25,97
48,94,102
61,68
77,190
82,166
76,84,127
12,107
82,134
60,112,130
45,89
47,117
30,77,108
56,104,163
113,166,193
58,68
113,141
54,192
12,65
31,94
157,182
66,67,166
64,95,122
9,198
157,161
18,162
89,90
60,105
100,153
54,81
14,200
22,31
60,93
113,128
44,134
49,186
67,111
41,95,138
72,92,146
2,80,96
169,197
4,30,105
61,101,176
41,154
52,85,144
46,67,173
39,143,147
112,137,150
2,52
145,165
57,63
27,83,157
73,149
102,130
153,183
12,168
25,93
101,115
108,113,179
145,165
62,159
36,79
3,95
49,98,192
106,175,199
42,129
26,76,176
43,78,116
13,126
112,177
105,114
5,161
78,134,148
45,105,118
60,108
50,71
51,108,179
54,180
116,133,200
135,173
128,167
82,200
47,145,177
87,113,143
24,156
21,22,197
7,35
39,158
138,155
2,74,90
3,4,96
8,63
86,162
130,178
57,147
105,122
87,170
68,98,163
23,68
11,161,187
38,104,164
96,138
21,30,179
61,74,138
19,27,164
21,36,101
46,55
89,108,157
32,159
155,188
31,66,160
151,163,176
132,184,191
147,159
60,118
40,116
60,103
21,131,137
23,191
42,49,185
117,141
20,31
13,31,64
77,141
96,102,131
133,175,188
131,142
29,128,200
113,152
129,159
103,108
62,177
40,162
70,139
8,31
17,185
1,133
25,106,166
51,88
40,53,132
43,80,118
18,136
88,185
3,92
12,167,192
101,112,179
66,92,187
8,94
152,160
9,29
16,116
15,51
5,184
150,190
71,151
11,80
8,11,120
68,90
65,179,199
41,47
99,174,197
97,198
97,131
1,27
107,114
79,87
61,175
1,163,165
100,175
84,118
95,142,153
75,150
135,169
172,199
40,97
98,130
159,162
14,64,173
1,153,200
99,111
14,83
12,40,47
42,79,151
139,146,171
3,194
35,57
51,139,194
76,175,189
56,86
34,141
20,37,113
39,118,157
75,120
12,157,182
34,140
14,92
74,133
30,115
37,196
56,98
139,146
74,81,126
69,171
53,70
2,19,65
77,157,164
15,137,145
54,84,98
39,146,172
41,95,183
28,159
44,59,194
57,106,196
51,139
172,197
33,52
26,68,175
62,189
109,145
74,199
48,187
23,33
51,154
36,153,200
115,178
143,197
50,146
91,169
26,41
38,166
34,145
32,185
72,134,188
12,95
40,124
51,52,136
44,52
88,163
102,110,182
26,89,191
63,93
46,92
13,88
32,162
85,160
41,124,183
22,136
80,124,190
40,54
71,157,178
54,65,95
28,92
42,83
91,113
154,162,176
45,59
65,160,180
98,128,164
10,170
54,68,100
29,58
48,161,169
28,93,187
25,61,136
141,142
65,116,137
94,146
67,94,111
100,114
129,135,136
19,161
154,176
54,98,167
21,118
115,194
129,147
40,139
96,196
12,151,162
67,175
38,104
17,168
79,190
25,159,172
10,175
41,97,163
26,167
19,32
112,120,134
35,61,94
108,114
87,194
10,69,185
43,165
32,103,118
20,136
90,102,159
76,109
129,145,187
117,151
129,181
58,136
91,133
5,199
59,70,112
38,140
136,145
72,102,147
91,107
63,102,160
112,146
68,82
46,48,196
50,87
43,65,118
109,120,130
14,23
14,68
82,168
29,59
12,152
84,160
17,105
75,194
93,137
58,130
40,128
28,143
70,115,194
58,89,195
8,195,196
90,158
84,196
71,193
81,176
99,111,196
11,173
16,43,185
58,117
110,144
16,66
29,76
111,158
18,38
30,148
87,100,133
16,52
63,71,185
29,74
17,60,141
102,173
112,177
93,169
27,82
67,159,174
98,119,174
23,33,41
80,167
150,172
16,160
64,118
143,173
143,158,174
87,116,124
83,119
75,108,197
101,189
10,33,118
99,170,172
33,164
26,54,154
29,72
2,85
122,170
11,67,144
84,161,174
116,151
154,189
100,195
85,196
4,108
30,60,118
81,137
16,114
6,23
6,117
61,158
95,153
33,133
3,115
79,84
133,135
97,168
7,131
19,32
54,156
116,152
54,193
151,163
28,66,173
103,125
102,196
26,179
5,145
68,183,193
59,166
11,121
164,191
7,46
32,51
114,180
99,119
55,63
7,136
168,189,199
67,98,124
98,167
34,108
31,110
149,184
75,187
17,116
70,179,180
78,115
111,165,199
97,118,135
183,193
65,105
57,112
125,196
17,96,108
7,28,67
9,198
88,103,189
22,106
132,169
32,128,196
78,142
121,133
47,152
163,168,188
172,187
45,75
40,133
85,159
56,97,128
38,123
27,170
67,197
51,171
25,55
118,141
80,164
30,77
144,185
49,125,169
82,162
72,169
36,65
95,135,186
106,183
18,74,183
135,158
110,112
2,129
29,167
26,50,186
129,173
21,140
120,173
166,199
2,122,144
53,163
132,153
22,127
13,108,163
153,178
17,138
23,48
5,111,159
35,66
45,81,195
6,117
62,106
39,189
88,152,169
34,42,176
83,149,185
110,170
48,137
53,79,167
139,171
20,104
33,128
49,64,165
20,90
37,74,82
56,126,152
37,167
95,183
136,161,197
28,39
35,170
81,188
169,174
76,180
10,125
29,99,145
14,47
9,162,181
44,137,149
89,133
6,134
159,165
104,123
8,48,166
137,191
102,166
8,183
20,170
49,172
21,79
58,192
87,88
43,124,184
99,136,147
94,179
67,111,121
155,173
136,199
44,146
119,154
83,183
11,161
60,148,191
114,185
40,78,195
42,160
8,170,196
105,132
83,152
124,133
3,77
112,192
168,181
55,90
88,106
32,108
116,159
28,48
38,134,164
91,148
87,132
91,187
14,33,107
14,96
17,146
86,148,180
84,197
99,165,174
33,162
117,131
139,162,166
153,167
16,114
102,106
76,142,186
101,119
88,113,146
75,131
103,128,154
51,73,142
9,149
83,121,170
107,174
73,86
9,63
53,113
44,152
2,123,164
92,120,182
47,137
27,198
11,90
143,155
38,91,107
102,145
40,157
67,102
16,29
18,97
131,162
29,56
9,63,197
50,183
19,114
165,182
10,46,140
116,142
21,103,160
114,160
60,161,185
19,166
24,109
67,115
4,198
16,43,45
42,157,192
57,102
106,166
135,144
34,99
70,147
30,144
93,118
87,100
12,184
11,189
102,106,125
108,152
19,51,77
6,161
4,46
12,82
94,151
36,76,161
15,123
80,150
150,152,158
41,153
44,59
12,97
59,139
62,170
35,91,105
84,96,156
120,157
29,63
132,153
92,110
14,58
32,139
7,121
103,105
69,85,119
40,47,156
141,151
60,172
110,147,159
32,70
73,98
53,94,157
88,141
21,106
67,151
4,44
8,81
12,131,169
64,111
28,179
16,45,146
83,117
1,76
44,45
46,96
9,33,139
32,127
7,63
40,122
102,109
43,90,163
17,169
41,148
126,131,174
150,152,192
118,156
26,75,126
89,167
114,194
8,94
15,188
50,186
44,75
148,187
136,143
27,148
49,166
109,143
153,166
97,133
9,175
86,117
44,142
88,144
138,170
32,77
15,107
155,181
38,152
35,176,194
55,131
41,127
127,178
5,8,120
5,27,106
24,159,191
15,37,56
100,147
49,121
115,182
104,148
91,188,193
2,105,177
147,173
19,188
32,70,142
173,179
57,172
6,89
31,169
17,19,122
1,100,156
156,167
55,136
152,178
29,116
99,174
126,132
7,8,109
59,77
64,147,169
54,55
154,175
41,94,106
65,75
65,80,144
27,86
27,188
95,107
93,186
113,144
33,134
84,176
128,187
27,166
22,92,149
93,170
32,132
6,82,91
15,81
44,126
33,186
128,181,200
140,163
90,94,149
77,96
88,96,108
87,91
26,125
42,95
56,186
20,148,161
74,126,167
16,70
114,160,189
38,85
23,25
115,166
84,113
34,142
69,101,190
86,98
113,129
127,148,200
116,148
133,144
41,91,164
1,105
115,148,190
56,192
69,88,185
110,121
81,196
61,130
12,95,192
135,145,169
98,124
64,94
61,192
178,198
85,112
8,57
3,51,131
16,112,167
118,173
97,128,181
71,91
27,175
150,199
6,181,188
118,164
102,103
70,150
21,109
102,125,165
10,69,190
49,109
21,102,160
33,81,198
65,165
69,137
85,140,163
30,88,137
65,90
42,186
104,152,157
58,132
55,143
20,110
64,158
54,90,199
45,171
105,170
47,181
48,92,159
135,180
15,26,198
10,73
54,138,154
88,153,160
49,55,102
49,63
67,193
11,136,182
63,76
44,103
69,152
99,125
39,165
149,166
76,169
43,131
68,127,195
53,176
20,129,173
124,193,200
19,84,189
19,117,170
8,31
61,185
28,147
72,123
139,141
162,168
35,76
107,160
59,118
65,108,179
25,40
6,82
173,184
29,40,155
78,200
45,105,194
85,142
78,89
126,161
132,154
60,103,160
133,153
63,137
4,188
56,74,195
97,181,188
18,103
101,146
18,105,187
81,126,128
69,185
120,135
30,60,105
38,145
27,87
49,147
5,161
48,196
148,178
171,172
25,77
23,117
71,132
17,70,96
5,136,187
93,101
74,97
23,169
16,29,126
81,164
64,187
27,181,182
32,146,160
38,84
