16,30
27,35,40
22,35
10,44,46
10,31
23,40
14,32,44
3,28
18,29
6,44
3,8,13
15,29
7,11
12,24,35
9,14,46
5,9,44
21,49
9,44
24,49,50
15,35
15,32
7,14
23,28,48
24,41
23,41
7,32,38
2,25
30,43
9,36
13,43
25,30
9,46
2,17,39
19,34
19,25
30,39
27,30,49
1,23,24
16,22,30
2,21
21,44
36,37
4,19
14,21
8,16,35
3,30
13,49
40,41
12,30,46
6,9
9,21,44
14,45
15,33
21,31
15,30
16,20
9,31
11,22,48
1,3
38,39,43
20,24,50
11,19,20
4,10,31
10,25
10,21
11,18,23
26,36
18,48
31,38,46
6,9,28
27,47
31,32
38,46
41,43,50
26,37
4,7,14
7,32,44
33,50
20,39
21,28
23,26
16,30
10,38
3,10,33
25,44
11,18,23
6,16
3,13,40
26,39
5,44
9,10,31
8,16,41
23,25,39
11,19,28
11,22,35
9,10
1,39
37,39
20,37
22,33
10,15
14,23
15,20
8,28
8,27
28,35
23,42
6,13,40
9,31
1,15,45
30,42
7,35
6,41,49
26,36
1,42
36,41,44
9,31,44
9,37
34,39
23,33
7,20
8,30
4,7
18,28,29
28,34
5,41
9,10,42
26,47
1,20,30
5,34
17,43
13,45
24,41
1,49
8,43
11,37
7,16
4,44
27,50
8,12,40
40,47
36,37
25,34,40
4,10,11
8,35
3,5
1,15
9,14,21
26,48
17,22,38
20,30,50
4,10
35,47
11,23,28
18,23
25,33
4,5,38
17,38
1,8,16
38,43,49
28,29
11,26,36
33,50
8,20
13,21
41,42,43
19,29
1,16,27
30,47
19,33,37
7,10,33
12,47
13,33
7,9,46
11,39
16,41
29,40
1,50
25,37
14,38
21,38
11,19
25,46
22,40
7,10
18,24,48
13,15,17
1,40
14,31,46
20,35
4,24,42
8,24
8,22
4,38
22,46
8,41
2,25
21,32
17,28
25,35
3,12
27,30
16,35,49
25,33
19,26
25,28
10,31
17,19
18,29
28,48
8,20,42
10,33
22,30,47
15,42
9,11,24
20,42
22,34
4,21,38
5,38
5,50
27,38,39
21,32,38
27,28
3,6,42
36,50
4,10,32
22,25,29
24,42
16,40,45
28,47
7,10,46
5,18
21,38
9,14
37,42
1,37,39
29,34
24,35
41,49,50
5,44
12,19
6,15,40
4,32,46
27,50
21,36
32,34,44
27,43
1,36
5,9
30,45
4,7
17,23,29
2,7
6,48
14,21
9,39
10,44
5,21,31
5,9,38
10,14,44
18,19,34
15,24
23,25,39
6,12,30
9,40
3,30
46,49
8,38,49
7,31,44
34,37
21,41
7,19,33
35,44
9,27
32,46
6,27,41
26,29
24,41
17,20,42
5,21
13,29,44
9,25,32
30,35
