10,16,26
32,41
29,34
24,30
8,9,14
31,42
1,46
16,49
31,47
27,35
18,34,38
4,46
25,46
1,29
27,41
13,19,25
21,49
33,36
14,45
6,8
18,38
19,47
10,20
5,14,30
23,38
7,31,38
18,32,34
19,22,35
27,32,42
13,21,35
24,50
27,38
28,29
20,27
35,41
28,29
5,49
11,41
3,12
22,28,30
24,27
6,31
20,34,36
40,41
5,45
36,41
34,50
18,27,33
2,3,28
9,46
23,25,48
28,49,50
5,35
6,27
13,21,46
1,32,42
10,25,26
2,6
41,46
34,44
25,49
23,26
3,34
4,32,47
18,34
4,10
10,16
3,25,35
17,41
36,41
22,35,50
1,10,23
16,18
10,49
8,16
10,50
8,42
11,32
14,15,48
4,10
13,40
1,5
2,5
13,18
35,49
34,40
23,46
12,16,33
8,14
32,38
7,47
19,25
12,44
1,45
20,46
4,9,29
9,14,25
15,23,46
11,17
18,29
33,34
19,28
8,9
4,15,48
46,49
10,40
43,47
3,29
36,47
1,17,46
27,32,36
21,41
5,25
3,24
12,39
31,33,47
29,49
2,30
8,38
27,48
21,37,50
18,35,44
1,3
10,35,46
25,49
10,16
13,19
12,31,39
14,33
17,22,43
26,40
9,30,37
16,21,40
17,24,42
30,45
4,44
12,20,35
30,50
18,34
17,42
39,48
3,29
44,48
2,12,40
16,44
8,16
44,48
1,14
33,38
1,9,30
14,41
32,34
5,6,9
31,40
12,18,22
20,38,47
3,24
2,6
22,26,49
7,32
20,40
15,48
23,44,49
12,20
30,37
25,32
4,15
9,49
13,23,45
4,16,23
20,31
21,28
1,6
22,23,44
14,45,50
5,15
36,40
7,34,41
20,39
10,17,34
22,25,48
2,6
7,20,47
10,48
2,43,45
10,47
39,50
16,44
27,49
30,42
6,8,45
26,49
9,39
7,11,41
12,42
17,33
12,38
3,8,28
27,31
3,9
18,35
9,50
15,48
18,27,50
13,34
1,33,41
17,20,41
6,14,29
10,13
11,23,41
8,20,27
4,38
1,9,45
23,44
17,43
1,3
5,22,46
11,47
22,46
20,25
27,48
2,5
3,33
2,32
10,12
4,16,25
8,9
22,37
14,24
21,26
17,38,42
23,32
1,6,13
30,33,48
34,35,42
12,31
21,23,25
9,28
16,19
11,41
17,37
29,39
7,21,36
2,35
19,36
18,20,38
19,22
9,45
22,45
24,35
4,16,19
26,39
30,44
10,44
10,43
30,34
14,16
9,11,44
20,21,32
7,36
1,40
1,28
12,37
11,40
15,35
25,49
10,13
24,29,30
35,42
2,9
11,23,25
4,49
12,47
17,31
10,19
6,22,48
14,45
12,23
37,41
9,36
25,48
20,50
39,47
