13,45
22,32
4,33,44
7,15
4,37
13,33
3,16,38
20,28
9,14,48
17,39
36,41
4,46
21,26,27
7,39
21,24
10,30
1,5
8,28
2,40
1,29
1,19,40
1,3,10
7,22,49
16,38
7,50
43,44,45
9,14
14,17
17,33,44
8,16
28,31
25,36
7,19,27
9,13
4,45
17,49
29,42
23,43,49
33,46
31,47
4,7,50
40,45
2,8,47
16,41
25,39
11,50
4,14,17
2,4
1,30
23,35
24,36,39
4,5,43
9,32
23,41
6,26,34
11,12
4,28
21,37
18,49
26,33
9,17
18,26,27
12,25
29,42
42,44
5,17
20,36
7,37
33,34,49
41,46
19,21,50
29,36,47
20,46
45,49
1,30
27,32
1,15
25,27,39
11,29,34
23,38
27,39
26,39
27,50
10,36
32,43
43,46
42,44
26,27
20,44
14,44
18,30
11,47
10,39,41
44,48
42,48
10,20,36
18,19,25
10,29
5,44
19,44
5,9,30
20,36
9,10,40
37,39
18,19
4,49
1,33
9,14,49
12,19
29,35
43,45
16,30
4,14
11,38,44
1,12,25
14,32
26,40
4,17
31,45
26,50
26,41
12,45
7,13
11,24
21,50
5,43
16,42
2,31,47
11,12,40
16,30,47
17,32,49
23,41
8,28
5,34,46
7,27
28,43
20,36,38
4,46
12,31
22,38
38,41
26,39
18,21
2,26
4,44
8,20
18,29
16,47
4,36
38,41
14,33
2,8,20
7,19,50
44,47
19,32
11,25
4,31
37,47
20,24
11,25
3,12
10,23,28
41,47
9,33
12,24,27
7,20,21
23,36,43
31,47
1,10,15
16,38
6,45,49
10,16
13,33,42
13,22,34
13,44,45
29,49,50
2,30,31
16,20
12,16,27
15,29,36
16,19
26,30,47
27,40
3,8
1,24
23,29
9,45,48
19,26
10,20,35
12,17,34
8,38
7,44
6,47
31,48
5,34
11,39,50
9,14,49
25,27,39
43,46
34,45
9,15,23
22,28,31
24,44
23,46
11,43
12,19,34
18,27
18,27
1,35,47
32,34
35,38
10,26
32,33
9,23
38,43
28,41
13,14
12,18,25
41,46
7,17,26
10,12,33
5,14,46
7,29
3,36
9,19
7,31
18,44,46
7,23
4,21,24
22,36
8,30
15,38
2,20
14,24,29
8,29
31,43
31,37
20,34
1,35,36
9,26
22,36,48
36,42
7,26,27
12,14,16
25,44
10,22,41
23,31,41
14,28,39
3,35,38
30,38
14,36
42,50
29,34
24,32
12,21
45,48
16,47
3,23
24,37,39
1,33
22,29,30
26,27
15,16,30
11,32
14,32
9,20,34
19,20,29
1,16
15,30
10,36
22,32,35
43,48
11,19
7,21,39
2,43,46
35,39,44
11,39
13,15
29,32
7,40
2,35,39
17,33,41
9,28,40
