38,41
10,43
5,24
20,47
7,23
5,10,29
16,50
15,44
4,48
31,37
2,23
19,21,42
24,39
16,21
19,21,47
6,47
28,40
12,29,33
36,43
30,34
13,49
9,40
7,9
6,19
32,39
7,13
31,45,50
28,38
14,20
10,27
1,24
5,8
21,31,48
44,48
5,8,39
5,12
16,28,49
28,36,40
2,11,34
13,16
9,15,35
30,31
3,17
38,46,49
22,48
29,36
5,39
16,36
4,14
32,33
19,44
7,32
4,20,37
25,38
31,35,47
12,36
20,42
13,14
18,48
24,41
24,41
21,35
6,40
3,32
8,40
14,35,45
38,49
5,32
13,41,46
18,26
2,50
13,40
19,50
21,32,40
4,5
5,6
22,32
7,38,46
26,44,49
15,19,34
20,37
4,19
22,26,41
19,24
4,14,50
45,46
19,35
22,30
31,42
2,13,44
42,44
14,20
3,5,17
38,39
19,40
11,44,46
3,22,27
10,29,39
14,37,45
32,43
4,20
24,26
27,40
38,46
22,25
23,46
2,36,43
45,47
29,36,43
4,16
7,46
11,46
2,34
10,41
15,20,36
18,40
14,45,47
16,42
32,40
10,44
20,49
17,25
7,44
16,26,48
2,26
15,24
4,35
7,22
42,45,47
1,30,49
20,29,42
30,37
8,34
31,37,50
5,17,27
3,8,29
1,15,44
2,14
19,21
28,50
30,44
4,9,21
17,23,34
3,5,27
5,17,43
27,28
8,32,50
15,22
16,21
3,23,34
2,13,26
17,22,34
14,16
3,17,32
1,44
6,15,40
11,15,34
2,38,46
4,16,32
18,27
3,47
7,9
30,34
2,3
19,37
20,37,45
37,48
31,50
6,12
7,38,46
14,41
5,34
18,20,39
5,10,37
4,19,48
5,25
4,45
29,42
3,12
15,38
1,16,33
5,42
35,42,50
22,27
6,12,18
10,39,40
9,19,48
34,41
18,38
6,39
2,49
27,36,45
18,19,39
13,34
37,47
3,22
11,46
8,22,42
5,10
42,48
12,40
14,30
2,22
6,37
13,46
36,44
9,50
26,41
23,38,44
27,32
1,26
17,29
28,36
14,25,44
13,44,49
3,27,29
12,17,32
2,18
11,23
19,47,48
11,21,50
23,34
10,36
2,40
22,44
8,19,48
12,39
28,43
28,32
37,47
7,45
19,35,48
16,31,45
9,20
40,42
9,31
2,26,30
26,49,50
22,41
9,38
16,21,31
21,45
3,32
22,46
3,8
34,44
15,24
14,31,50
21,35
15,23
7,13,24
35,48
3,17,33
4,5
37,42,45
3,26
5,27,33
5,36
29,33
11,49
16,21
23,38
13,31,48
3,25,40
11,37
9,18,50
7,30,49
16,35
12,36
22,26
18,33,43
22,34
8,23,47
11,23
25,36
6,10
6,33
12,33,34
26,34
23,24
31,37
28,34,35
16,45
