2,5
62,69
5,46
17,51,88
6,33
11,57
8,67
14,28
4,31,39
3,11
5,78
19,60,66
3,6,37
1,86
7,15
11,72
12,94
12,47,68
2,4
20,84
3,34
1,10,44
3,10
14,27,64
4,27
13,18
21,35
3,79
7,73
13,20
1,4,96
24,43
2,98
5,6,24
6,54
14,19
17,95
4,9
1,93
1,34
30,49,56
1,2
1,19,45
1,42
6,12
2,3,13
1,16
18,31,41
16,29
2,87
8,81
38,75
36,90
21,58
1,9
4,9,83
25,82
5,63
1,61
32,71
26,74
2,9
2,23,70
53,76,89
7,59
3,33
32,100
1,8
1,17
5,7
4,10,29
1,22
10,11,80
3,5
16,97
8,22
26,99
23,25
65,92
3,6
1,8,91
4,6
52,85
12,77
18,48
1,30,55
2,40
2,15
1,5
15,50
2,7,28
