20,90
1,6,13
7,37
6,14
4,91
2,12,55
1,6
2,17,19
16,86
3,5,16
13,75
2,21,82
13,41
11,15,62
4,11
2,5,12
1,4
2,57,92
1,54
11,72
5,17
7,65
10,11,58
4,95
2,13
9,74
2,63
3,93
16,39
6,32
1,3,8
4,34
7,30
15,38
4,18
3,25,33
2,7,49
22,85
2,52
13,100
10,12
1,43
2,23
15,24
12,17
30,32
2,41
97,99
2,69
1,7
1,25
21,27,29
1,8,38
1,71
53,76
3,31
4,44
12,89
4,9
1,59
2,21,29
1,2
1,10
1,42
10,34
48,96
22,81
26,42
10,27
5,73
1,20
24,27
2,18
1,3,6
2,79
1,19
6,77
3,24
2,19
3,8
8,31
8,9
28,45
15,67
8,61
7,56,84
37,46
3,14
2,29
20,22
1,70
3,51
6,16
5,23
3,7,28
35,36
1,2,60
1,78
9,18,35
1,3,23
4,26,94
1,8
36,39
1,47
5,66
45,46
1,14
1,3
1,5,8
1,80
5,87
1,14,25
50,83
4,6
18,33
1,40
4,64
9,43
9,11
2,6,28
10,20,44
2,40
5,7,98
1,26,68
14,30,31
17,19,88
