1,30
5,7,39
1,24,69
3,91
4,63
1,6
19,36
8,30
1,17,71
1,4,9
1,73
18,32
4,9,43
1,2,25
3,5,79
1,9,47
9,42
3,36
1,90
14,43
70,99
1,4
2,5,28
3,7
2,4
2,13
2,54
7,8,11
4,76
3,34
3,59
3,10
2,23,92
8,12
1,41
2,52
2,12
5,40
13,16
4,16
13,16,68
2,5,10
66,86
62,94
2,11
1,7
2,7,46
4,49
17,25
13,74
31,37
1,2
1,27
4,7,45
4,61
35,58,77
5,6
6,75
8,26
2,3,13
2,10
3,33,44
3,20,93
2,18
6,11
3,38
8,45,83
18,20
14,21
6,85
14,88
2,16
7,11
2,21,72
1,9
2,10,32
1,31
2,19,39
2,44
6,34
3,22
2,9
6,50
1,29
6,26
1,3,4
2,29
3,96
1,17,60
3,33
1,42,67
1,38
1,19,41
1,12,20
48,64
2,21
5,82
11,24,98
84,100
4,15
1,24
1,8
23,28
5,7
2,78
37,53
3,5
3,55
10,17
4,56
4,5
2,5,15
10,22
1,14
1,3
2,22
1,51
15,23
8,14
3,6
2,89
4,6
27,80
2,3
25,57
11,18,81
1,40
7,15,87
1,15
12,95
2,5,6
1,5
5,9
1,35
2,65
3,4
2,97
12,18
