3
8
12
11
2
11
6
4
12
1
11
9
2
4
8
12
7
8
9
10
3
8
2
4
3
14
5
3
2
11
1
2
9
2
1
8
4
3
4
5
6
11
7
1
7
7
3
5
2
1
14
8
2
9
1
5
7
1
3
8
3
5
5
8
1
4
5
7
4
10
10
13
1
4
3
7
12
2
2
4
4
12
7
6
6
9
9
6
7
7
7
1
7
2
5
5
4
9
9
1
3
10
7
7
3
9
9
5
11
7
2
7
2
3
7
9
7
3
4
1
4
13
10
6
4
12
6
7
12
6
7
6
5
7
8
6
9
6
12
2
7
6
4
9
4
1
14
15
1
14
2
13
3
4
4
1
2
8
8
1
1
1
13
1
5
1
6
1
1
3
4
1
11
6
13
2
8
9
12
15
3
11
15
3
13
6
2
3
5
3
9
13
1
9
1
9
9
3
1
4
1
6
12
2
6
6
13
12
1
5
1
4
2
2
4
10
2
5
3
7
4
3
2
6
9
3
9
5
9
7
4
2
6
10
7
10
6
1
2
14
4
3
5
3
8
2
2
3
6
1
2
5
6
5
1
4
4
5
11
14
15
4
5
10
2
5
5
11
7
6
6
3
14
10
4
4
2
8
3
9
13
6
3
13
6
5
1
3
2
14
9
1
2
1
5
1
15
6
1
1
4
3
11
7
2
10
3
7
1
2
3
5
15
2
10
14
8
4
1
4
2
8
1
2
5
13
6
3
5
1
12
7
3
12
4
4
4
5
6
6
14
1
2
9
1
13
6
6
12
2
9
11
15
2
4
2
3
4
7
12
2
5
3
2
5
1
5
6
3
4
3
4
8
2
14
5
6
4
5
3
3
9
7
3
1
8
11
1
5
3
11
1
14
2
5
5
2
2
6
15
1
4
11
7
5
7
3
8
1
2
4
5
10
8
8
8
4
1
1
1
13
14
4
4
13
10
6
1
6
3
8
8
8
7
7
1
6
1
11
4
2
9
4
3
15
4
9
2
7
6
5
12
13
1
7
1
2
12
5
4
8
15
10
5
3
14
10
12
6
3
13
10
7
3
8
4
1
2
6
10
5
10
6
5
7
11
3
8
10
8
2
15
2
2
1
1
3
11
5
2
