2
6
8
14
10
7
10
12
6
4
5
6
8
6
11
11
7
5
2
4
1
14
2
5
9
6
8
5
4
11
8
4
2
1
1
9
8
7
5
2
1
5
4
8
1
8
7
8
14
6
5
2
2
6
8
11
8
2
3
1
1
5
7
12
2
2
6
1
1
2
9
2
7
7
2
4
1
6
2
6
12
8
5
9
7
4
10
1
4
7
3
5
9
9
3
14
6
1
13
6
12
3
3
7
5
10
2
2
2
6
5
1
3
3
7
1
11
11
13
9
2
8
1
3
1
4
1
6
6
4
5
5
3
5
9
6
1
14
4
2
2
6
2
3
6
13
6
1
10
1
7
3
6
3
3
2
13
9
3
6
7
7
1
7
5
3
12
4
8
5
12
8
11
2
9
1
1
1
3
4
1
10
7
7
11
3
8
7
14
8
7
6
5
1
3
5
8
6
1
8
3
3
10
7
3
8
3
7
13
9
7
3
3
3
5
4
4
3
1
3
2
2
1
6
7
3
2
5
6
8
8
1
7
2
12
5
2
12
2
4
2
6
6
2
2
13
7
7
3
14
7
2
2
10
3
2
3
10
8
2
1
13
5
7
4
2
6
9
11
6
1
8
2
3
4
4
1
7
5
6
14
3
5
9
9
3
11
4
10
2
3
11
14
2
3
4
1
2
2
4
4
12
7
9
4
12
7
13
8
7
2
3
3
1
2
3
4
5
9
10
4
7
4
4
1
3
1
4
4
3
1
7
1
4
14
3
2
5
1
6
1
3
2
5
4
1
3
3
3
4
3
1
2
13
6
3
5
2
4
11
7
5
6
4
6
5
1
5
1
8
8
10
1
10
4
9
9
3
5
5
1
2
7
6
4
10
1
3
4
2
1
12
4
3
8
1
1
5
7
5
11
5
1
9
2
9
1
1
7
6
2
13
1
5
9
2
7
4
3
2
10
2
1
4
6
4
4
2
1
2
8
6
5
3
5
4
6
10
5
3
3
5
3
3
3
1
5
3
4
4
1
7
6
6
4
5
2
10
1
1
5
3
3
6
1
8
2
3
2
2
1
11
4
2
10
10
3
1
2
4
6
8
3
1
2
2
2
6
1
8
9
5
1
9
4
1
6
9
2
9
