106,202
17,30
57,251,261
66,274
469,475
11,205,265
321,480
289,384
14,28
16,402,448
53,129,417
112,418
188,372
167,239
155,366
408,470
254,375
43,221
116,369
33,343,462
386,415
35,400
59,104
2,177
118,142
126,247,283
318,401,424
45,263
86,368
19,303
5,429
34,48,301
4,98,314
49,163
9,99,426
189,237
162,184,241
8,18
118,460
3,109,421
112,147
37,48,92
90,452
89,323
44,493
144,276
20,63,407
4,47
128,465
55,430
410,420
14,166
33,65
58,471
257,454
22,99,253
106,207
132,467
38,50,143
47,120,281
48,103,354
32,109
2,11,15
71,124,133
42,71,123
40,75
215,488
363,422,497
4,404
50,149
21,57
1,60
2,416
259,295
157,182
146,439
5,107
13,479
329,494
5,156,180
53,342
60,399
266,307
134,396
31,45,456
135,248
31,200
315,498
24,164
114,436
40,269,330
81,148
92,226
3,6,154
1,312,380
34,419,485
9,44
12,15,129
5,62,367
1,28,30
110,472
121,406
59,171,468
32,256,492
272,333
52,78
17,30,458
249,284
104,227,353
94,500
178,217
117,176
24,495
77,201,383
114,136
98,319
159,320
10,240
81,212
23,423
41,262
3,101
115,124,185
31,211,288
125,434
13,438
335,428
76,414
116,350
29,290,453
300,378
39,84
13,391
7,43,82
4,33
1,238
73,293,309
35,56,80
13,231
11,17,108
94,339,484
1,435
18,37
23,91,113
6,50,193
93,260
66,379
12,277
190,403
95,409
26,387
44,244
2,198
27,243,356
72,338,466
216,474
45,285
30,381
19,122
52,437,476
191,376
14,63
56,395
67,111,352
62,130
230,364
16,122
38,51
5,463
8,275,450
26,168
4,7
25,322
11,271
46,137
120,411,425
22,28
10,334,393
15,397
108,473
65,234,457
152,245
24,69,280
5,15
126,394
2,11
69,97
86,291
61,96
2,85
27,39
121,442
7,54,440
12,153,441
2,28,172
235,449
150,175,299
68,196,482
7,327
8,38,107
64,296
1,29,68
7,16,236
20,445
3,209
151,341,447
204,292,427
17,278
22,74
16,173,197
294,305
317,390
3,83
78,139,187
11,242,340
85,298,412
208,477
141,345
39,83,490
25,34
36,199
49,110
8,21
161,483
192,398
55,119
459,496
4,97
6,7,195
27,37
103,170
79,113
61,88,279
42,51
213,324
131,481
100,432
10,491
20,268
2,433
35,160
328,486
82,222
91,218
27,258,310
181,223,451
3,54
127,444
10,123
270,316
219,246
115,499
75,388
12,374
111,138
29,145,286
36,229
84,306
42,359
5,9,64
455,487
3,385
1,13
9,158,373
348,365
250,413
70,357
23,252
8,12
1,302
40,88
58,105
255,344
19,46
17,95
18,77
326,361
9,362
5,179,304
6,52
19,127,233
25,93,140
9,96
6,105,119
87,346
41,349,392
23,282
41,80,273
10,49
1,67,72
73,100
377,478
4,8
6,14,360
332,355
9,308
101,370
4,14
25,336
10,128
8,21,214
15,267
22,297
16,206
2,70
337,347
36,125
3,446
21,87
20,325,358
102,371
6,43,264
18,26,224
210,331
46,382
194,311
74,287,405
24,313
51,186
183,351
29,79,461
12,203
174,232
165,169
7,26,117
47,220
228,489
389,443
76,464
89,90
32,102,225
3,431
