59,330
204,323
3,12
22,364,489
380,474
86,469
6,7,214
134,236
72,196
3,125
288,385
80,443
319,342
84,254
24,351
3,26
12,15,221
5,193,222
53,68
276,491
15,91,247
26,41,92
13,455
265,425
1,377
12,271
269,493
9,133
96,138
170,320
34,52,468
338,388
12,26,317
74,89
189,237
2,66
294,354
114,251
38,132,226
151,340
6,277
25,28
13,21
142,428,433
20,152
30,199
6,411
12,119,162
171,430,448
192,358
65,84,304
6,194
8,29
11,242
309,321,369
5,177
1,70
40,67
74,186
318,452
182,273,476
61,104
206,387
3,432
2,127,130
43,82,337
50,131
101,453
207,419
33,334,462
275,438
23,85
6,396
266,328
15,98
16,56,180
394,446
39,107
145,258
8,66,218
5,450
69,141
27,40
301,499
75,307
126,137
32,35,424
6,467
129,492
4,479
88,197,367
405,465
227,392
41,98,208
1,404
185,470
39,345
165,397
34,73
13,339,386
38,245
22,86,498
30,298
1,188,417
14,27
11,21,94
287,393,483
113,159,219
47,390,420
37,85
31,99,326
77,81,212
97,178
88,135,480
23,69,80
116,169
91,440
115,441
246,407
19,37
8,20
27,28,87
5,43,229
17,49
413,422
10,19
25,370,421
3,17
8,346
6,336
65,272
18,105,402
25,261
79,231,365
83,325,375
21,292
147,297
61,244
9,64
155,473
45,146
361,434,490
92,487
202,299
16,461
8,24
34,59,71
14,305
18,121
83,252,324
174,355
30,217,374
216,303
4,5,7
11,349
7,295,350
429,481
45,426
97,366
4,457
4,363
360,459
89,333
1,51,485
46,55,235
14,62
17,73
122,285,356
143,391,442
72,110,494
4,7,24
10,22,372
60,464
281,348,449
4,7
42,437
29,60,373
10,232,389
1,176
243,378
264,347,445
44,94
4,18
3,12,477
87,191,435
10,52
54,279
4,286,300
240,256,327
234,253,359
329,409
78,313,456
255,368
108,150,401
2,190,283
8,54,497
123,308
18,384
13,19,291
282,302
239,278
10,439
32,224
63,381
81,249
289,335
293,423
311,379
63,90,172
1,31
103,211
205,500
2,9
2,344
93,160
79,436
9,268
5,31,466
3,16,46
111,376
2,28,238
23,75
57,168,415
35,76
36,310
228,280
6,29
11,48,306
117,383
290,322
164,488
55,200
14,215
7,128
153,198
20,32
15,118
7,259
12,77
48,395,463
18,68,496
14,112
13,64
163,241
62,158
414,416
11,352
70,296,406
58,93
408,482
37,124,203
8,220
175,262
17,257,398
14,230,471
9,458
274,353
25,181
1,139
38,314
5,24
140,179
33,144
5,201
10,21,71
9,47,49
4,382
36,51,136
3,50
35,472
270,484
33,213
20,120,444
248,495
99,343
184,478
403,454
362,371
67,431
187,225
19,475
3,106
9,53
22,312
210,341
1,44,460
250,410
10,95,399
100,412
57,316
1,161
102,173
11,58
96,149
263,400
11,16,167
42,260
148,183
2,332
2,36,166
157,427
5,17,82
76,209
90,95,154
2,23,447
15,486
56,195
13,233
267,315
16,418
223,331
109,357,451
26,284
15,156
7,78
