2
8
5
2
1
1
5
16
1
4
3
1
11
4
8
6
9
2
2
1
13
7
3
5
5
1
5
9
1
9
3
6
8
1
7
1
6
3
18
6
13
2
13
4
3
1
10
3
13
1
12
1
8
1
1
3
5
5
2
11
10
14
4
5
5
6
9
3
1
2
10
18
16
6
3
17
16
1
17
1
6
8
8
10
2
10
2
4
2
10
1
19
17
7
18
9
10
19
5
3
12
9
4
1
3
6
18
14
2
15
6
12
1
12
5
1
4
16
3
9
3
2
2
9
6
3
1
12
3
14
11
17
3
4
12
12
15
14
11
2
10
6
2
10
5
9
5
10
7
5
8
7
13
2
16
2
5
1
5
15
1
8
3
4
12
13
18
15
5
1
6
7
2
7
3
8
3
11
4
4
14
18
4
2
19
5
10
10
2
3
12
2
9
14
4
13
3
9
5
16
7
5
1
4
6
19
4
5
18
3
1
5
1
6
11
17
14
8
12
10
6
15
18
6
14
10
1
15
7
15
16
7
3
2
6
2
2
17
2
2
5
9
5
5
4
5
13
4
7
4
14
6
4
5
5
5
8
10
1
3
12
1
13
1
11
6
4
3
3
16
19
11
9
1
1
12
6
8
1
7
1
17
2
2
10
3
2
2
3
14
11
3
17
11
19
1
1
3
4
9
2
15
1
3
6
2
4
4
1
5
11
5
1
1
3
19
4
1
1
1
7
14
5
18
15
3
2
4
2
16
10
15
2
8
6
1
2
14
2
9
13
13
1
11
6
8
14
2
9
3
10
12
1
5
1
9
3
4
19
2
4
7
17
15
1
2
15
4
4
12
2
9
18
2
2
6
2
11
8
8
2
7
6
7
15
11
6
7
4
16
12
1
1
11
1
7
1
6
16
17
13
8
4
1
1
3
5
1
2
9
13
2
7
2
13
13
8
6
9
11
8
6
13
11
7
1
4
1
3
13
9
7
3
3
17
14
19
5
1
1
16
7
7
3
4
16
2
1
7
4
14
3
17
18
8
3
14
4
19
14
17
1
11
12
3
2
12
6
2
18
5
7
15
4
11
1
1
11
3
1
7
1
3
1
8
10
3
6
1
16
1
1
4
3
10
3
6
6
2
1
