51,328
450,486
37,136
3,12
123,463
250,266,484
10,59,180
4,13,54
45,56
35,311,391
1,91
41,62,63
272,277,301
49,88,336
25,107,331
242,392
31,281,383
4,371
23,57,163
71,182
20,103
14,304
41,89
11,17,400
6,471
408,456
13,458
9,247
282,422
91,294
119,308
12,421
38,73
9,111,139
25,457
7,393
81,278
130,164
25,48,246
54,481
5,275,496
260,475,493
268,359
175,192,341
37,200,269
5,112
23,30
31,274
57,82,102
28,114
181,315,329
23,234
76,318
381,483
69,79,84
1,332
16,271
197,287,426
3,113,142
2,397
334,405
18,101
259,339
5,42,216
21,26
53,137
21,343
22,24,30
19,367
122,132,153
307,435
17,190
14,402
27,154
249,476
94,162,414
55,100
90,411,492
2,32,417
17,433
1,15,128
32,243,459
47,254
34,286
31,171
174,439
105,464
66,201
58,384
36,74
110,428
29,44,434
52,366
50,129,208
9,296
1,115
327,346,429
390,453
6,65
8,64
76,425
33,106,364
5,36,130
34,251
11,72
87,224
83,179
300,313
74,372
210,348,415
86,352
3,16
376,409
13,100
38,444
3,19
15,53
64,77
58,407
19,241
157,312
64,280
4,46
11,449
73,126
16,161
7,369
68,151
9,44,63
67,443
48,56
120,441
267,276
7,39
53,61
56,104
47,424
83,445
10,74
8,109
1,46
11,158
78,195
25,27
42,238
94,351
17,207,406
26,131
79,135,324
134,264
3,67,321
225,494
32,49
41,239,389
14,118,125
5,75,80
39,257,319
85,147
150,333
237,482
323,395
18,491
10,462
4,117
50,403,446
235,477
8,148,299
93,99
77,102
63,420
14,382,396
6,58,92
2,15
37,293,354
226,361,388
7,21,137
69,368
76,345
45,80
119,183,303
82,350
7,114,258
75,255
33,469
32,178
21,488
22,298,480
8,262
49,93
104,232
92,120
20,43
220,398,399
61,177,374
61,165,466
69,168,419
11,17
105,115
6,325
295,427
40,412
3,27
170,283
86,317
97,133
78,155,194
31,38
5,15
223,479
108,139
231,285
138,252
75,338
1,95
84,123,244
18,377
14,40,128
99,442
4,146
291,360
2,129,209
219,451
59,172
279,485
65,461
30,116,166
36,320
88,122
51,184
10,340
97,135,357
51,288
159,465
6,18
297,455
11,127,385
29,365
7,140
45,213
5,13,230
16,96
68,72,410
19,335,495
2,236
20,447
110,353
3,136,310
50,70,497
112,380,386
89,432
24,326
26,454
34,43,423
28,127,270
265,342,363
125,141
452,478
2,121
193,222
202,284
4,6
1,48
35,160
2,4,106
5,156,203
9,188
52,337,413
186,349,438
145,292,474
29,116
72,330,473
6,198
20,54
3,44,437
358,418
52,290
24,67
6,15,20
1,2,34
24,73
33,108
23,107
71,309
35,221
70,121
133,253
7,263,289
18,431
40,109
65,70
211,218
169,316,401
8,30,66
8,23,205
71,117
59,460
448,470
248,356
227,229
57,143
10,199
118,228,430
22,487
42,85
167,373,440
98,134
1,55,204
37,77
26,95
12,206
90,144
4,344
13,189
22,261
47,87
173,490
22,81
101,191,489
29,55
245,322
2,132
3,131
7,68
21,355
96,306
1,28,468
387,472
16,500
19,113,436
176,404
35,103
62,124,302
36,66
27,362
12,28
12,60,217
215,240,375
62,394
305,370
46,124
126,347
39,212,379
8,33
9,12
10,314,498
60,138
43,111,185
233,378,467
196,214
98,187
149,416,499
256,273
60,152
