64,123
10,56
85,128
9,103
58,273
29,217
8,282
143,144
91,443
11,13,15
285,355,369
26,92,115
67,309
24,245,394
25,231
395,454
22,150
5,53
75,154,431
158,278
140,173
86,157
12,101
19,31
7,45
388,445
10,73,120
8,118
14,19
22,50
126,422
216,417
200,374
271,307
22,301
305,473
8,292
96,107
31,214
6,23,174
55,112
197,356
99,114,359
10,268,428
16,102,139
61,116,180
184,291
36,132,434
5,242
182,255
44,75,167
89,201
1,230,324
240,474
105,481
109,152,321
45,222
82,121,406
3,18,294
79,357
44,90
333,413
11,26
8,22,39
133,373
84,106,289
27,33
69,79
16,234
12,441
34,149
10,248,287
2,14,396
10,16,94
384,387
330,442
12,257
47,337
1,215
24,30
411,467
91,385
5,104,403
163,288
9,28,80
13,23
317,378,489
34,49,449
4,41
65,368
272,379,415
3,36
42,427,477
155,392
130,491
56,198
52,475
13,367,425
162,175,389
9,276,420
65,463
2,254,478
102,314,457
249,493
147,495
69,136,286
228,423
4,16,439
26,87
196,310
4,381
68,85,105
168,498
49,63,205
76,339
37,329
107,290,371
347,351
15,67
12,233
166,492
5,28
37,209
5,322,331
151,221
4,40
21,476
88,352
20,246
323,344
3,284
11,494
96,250,451
177,258,462
199,393,429
13,17,259
2,17
5,78,256
16,20,308
26,306
63,319
2,448,456
36,81
41,202
18,461
2,68,444
218,302
48,77
48,172
265,424
3,104
7,37
92,346
2,110
281,327
7,99
21,421
2,6
283,412
244,414
165,226
145,419
30,400
38,364,390
15,57
5,7,146
170,432
3,10
80,358
106,360
471,479
12,192
241,315
1,191,345
266,332
232,386,410
7,320
95,408
30,313,401
6,460
24,98
4,19
237,370
28,480
220,239
4,27,486
3,383
336,343
19,212,303
229,328
72,74,141
46,275
1,19
27,297,299
39,179
125,376
312,453
1,23,71
113,402
54,436
66,280
354,426
11,13
41,365
101,366
160,490
29,404
304,452
100,238
6,18
21,119
9,100,325
2,17,405
4,51
74,348
32,33,134
11,13,195
7,87
171,277,293
97,437
84,211,499
219,380
23,295,316
35,243
1,29,57
43,108
42,51
33,164
14,60
261,464
35,340,466
137,274
363,497
296,338
251,362
78,223
204,227,438
20,32
55,398
375,453
32,409,458
8,18,156
6,17
176,235
1,94,311
2,269
129,399
159,224,500
12,279
6,31,95
9,50
42,470
35,440
203,472
260,298
3,98
148,225
208,418
82,391
34,153
21,53,349
188,416,450
97,193
38,496
20,377
3,25,206
15,18,300
11,14
90,487
117,183,484
61,72
43,433
111,270
24,264
207,485
142,334
382,483
86,138
40,83
17,93,326
70,262
76,190,469
59,181,194
8,25,236
59,93
14,397
1,187
5,210
46,64
161,185
8,135
47,70
25,103
131,318
1,372
3,178
2,43,252
468,488
27,350
66,342,455
263,482
122,267
38,169
1,83
60,127
52,62
189,465
4,6,213
54,186
73,435
40,361
15,39
89,253
9,62,81
58,77,459
88,247
124,446
71,335
7,341,430
353,407,447
