330,352
205,300
197,408,490
126,338
10,60
6,433
280,284
14,437
77,426
345,355
250,491
8,124,484
5,38
98,498
45,446
16,176
33,384,398
206,434
51,406
3,25,101
28,107
42,327
14,27,234
3,71
196,394
7,15,17
124,242
386,415
52,440
9,57
177,226
9,381
103,359
7,152,164
91,126,209
47,71
414,495
12,89
33,259
161,231
108,224
167,301
22,202
10,59
8,304
7,218
40,306
6,277
12,110
149,299
14,223
39,119,200
51,316,383
10,30,435
53,80,404
271,364,457
4,47
45,468
14,26,278
113,181,185
2,46
189,275
11,23
25,370
63,168,448
6,39,232
15,54
68,216
23,356
248,467
57,247,309
128,208
130,257
159,261
4,60
2,337,478
16,110
112,462
15,61,116
31,369
4,251
4,112
29,144
314,486
18,134
2,482
7,17
146,324,465
6,387
61,329
60,105
5,69,199
34,237,500
8,349,391
37,90
32,100,122
1,333
101,235,332
5,436
32,496
90,479
48,74,137
142,449,492
19,20
53,93,458
51,103,166
3,18
8,328
73,100,253
44,445
54,188,481
21,73,230
87,130
129,215
11,113
42,66
32,104,295
174,194,203
403,464
48,64,346
43,114
70,373,459
169,477
43,63,69
16,344
252,366
30,86
35,145,270
170,376
87,485
239,350
26,94
375,469
119,451
7,382
201,297
136,175,396
2,56,362
17,23,109
139,154
8,236
9,267,444
79,96
4,321,336
4,245
1,454
6,118,318
187,219
121,334
15,430
22,29,106
50,258
273,493
88,109
85,132,371
24,76,173
3,64
378,379,443
363,470
162,453
11,19
151,308
19,122
1,5
36,178,421
129,133
78,354
285,499
50,254
7,37
313,342
10,30
98,475
16,63
131,331
12,442
9,27
18,79,466
2,44,283
158,269,348
2,186
56,155,419
13,15,116
21,274
75,128
1,351
40,59,204
36,190
55,214
37,483
401,461
16,310
1,148
88,423
13,16
6,21,123
52,399
111,115,420
12,114,497
140,296
21,367
65,99
33,303
4,29
49,105
55,153
27,307
319,377
20,409
26,157,322
249,262
33,120,480
80,238
17,58,77
38,107,361
298,471
65,305
28,54,72
11,13
32,83,102
26,222
13,17
260,317
131,156
8,10,117
117,180,221
7,76
3,281
22,193
20,118,125
31,67
243,380
75,86
18,38
1,179,312
44,115
43,487
3,4,24
81,315,494
23,41
61,385,439
91,418
1,198
84,289
160,182
36,50
6,424
12,264
339,397
66,72
9,29,78
92,455
12,256,340
8,374,428
20,210
133,143
192,311
22,135,390
23,68,147
3,233,360
8,429
31,172
18,35
150,353
1,272
31,211
28,291
40,290
59,325
127,400,463
84,138,184
19,46,58
35,326
57,488
5,217,320
11,25,213
171,323
47,244
1,405
45,268
246,341
266,388
141,240
65,225
25,425
3,34
5,14
49,187
195,292
7,111,472
191,287
11,48,82
411,473
28,93,207
120,365
20,24,36
4,9
104,372
13,227
27,165,358
34,441
241,417
14,276
335,368
392,460,474
24,279
19,427
1,2,3
6,39
62,89
5,52,74
2,49
30,95,212
67,127
13,41,282
35,41
422,432
58,64
62,413
46,62,163
125,476
220,343
97,456
263,265
22,99
56,66
108,452
97,410
10,53
102,132
2,407
5,92,123
15,302
34,37
42,357
85,255
81,95,412
9,294,389
67,288,402
82,106,286
395,450
83,416
5,121,347
183,229,393
228,489
21,70
96,431
438,447
55,94
2,293
