3
1
4
13
1
10
5
7
2
1
9
5
4
4
3
16
2
15
7
12
4
3
5
12
3
15
2
1
4
2
8
9
15
3
2
12
3
4
3
12
12
7
3
4
3
5
8
3
8
1
2
3
1
1
16
15
3
6
2
10
2
9
10
5
6
2
9
8
5
5
8
1
4
1
9
5
6
4
10
10
2
14
1
14
9
1
3
5
3
2
4
2
4
7
6
11
3
11
1
6
2
1
3
10
1
8
2
7
6
4
1
10
16
5
7
2
6
1
5
15
3
13
4
1
2
1
11
8
1
14
3
3
7
9
12
12
2
2
11
10
8
11
1
2
6
4
3
1
1
6
3
1
13
5
2
8
12
7
4
3
9
7
2
11
14
1
12
8
3
13
4
5
9
14
14
3
2
2
2
4
8
13
2
2
12
1
2
3
7
3
16
10
9
15
3
15
8
2
2
5
2
11
14
10
1
15
2
2
1
2
5
3
4
5
3
4
4
6
9
10
9
4
8
4
6
15
4
7
16
8
4
16
8
5
14
1
3
5
10
9
7
2
6
8
2
6
1
5
5
1
4
1
7
14
5
7
3
5
4
5
4
13
5
4
2
9
7
4
10
2
8
9
1
1
13
2
2
11
8
6
6
3
1
3
5
4
11
9
1
1
3
2
9
6
1
9
14
3
4
3
10
1
7
8
4
1
6
12
1
1
12
8
12
1
14
6
4
5
4
5
2
1
2
4
9
6
1
15
1
13
4
5
2
2
11
6
13
16
9
7
3
9
1
12
2
1
9
14
2
1
11
1
13
10
2
12
11
6
1
1
9
13
8
11
2
12
1
7
2
5
3
2
4
3
2
8
2
6
3
2
2
3
13
5
3
8
4
6
7
1
3
11
8
1
12
7
1
7
10
8
1
4
15
9
12
16
4
5
7
1
3
3
10
9
3
2
13
6
11
7
6
16
10
4
7
6
1
5
7
6
6
10
1
3
14
5
8
6
4
1
3
2
4
2
8
6
1
10
7
3
8
2
16
16
7
13
10
6
5
6
1
11
2
8
7
2
2
15
1
11
8
2
1
2
11
7
4
2
2
5
1
2
1
1
5
3
1
13
4
9
2
9
10
5
10
1
1
4
7
10
