4
5
15
6
6
8
6
12
5
1
16
15
1
1
2
15
11
4
1
1
1
1
10
6
8
15
1
16
8
5
4
1
5
3
2
3
2
4
2
9
3
12
9
1
3
4
3
13
11
3
4
1
2
12
3
3
3
12
3
8
16
2
1
1
7
12
9
2
5
10
3
4
11
4
1
2
15
13
3
1
17
9
1
7
10
1
5
17
1
1
2
9
12
1
1
2
11
13
3
1
9
13
11
16
5
4
1
2
2
4
1
1
3
3
3
9
10
1
12
2
4
4
3
2
3
8
10
6
3
3
9
10
5
1
1
4
8
14
16
6
5
2
13
5
1
3
2
1
2
2
1
1
6
1
1
2
14
2
5
12
4
14
10
1
16
3
1
3
8
8
3
9
14
2
14
2
14
11
2
13
3
4
10
5
6
4
17
4
13
5
1
9
6
8
3
2
17
6
5
3
6
5
2
4
3
1
6
3
10
7
11
5
12
5
1
2
5
2
5
6
14
6
3
1
7
4
2
7
11
3
14
1
1
5
1
1
13
5
2
14
10
12
3
16
4
1
1
7
17
4
3
1
1
11
2
1
8
16
16
12
8
1
7
14
1
5
13
5
4
1
5
3
4
7
5
9
8
1
1
7
7
8
2
15
4
16
8
1
2
2
1
6
17
14
2
15
2
4
2
13
12
8
11
7
1
13
1
3
11
3
3
1
10
4
13
2
10
5
4
8
11
17
4
6
16
3
7
5
6
5
2
5
1
10
8
10
9
6
1
9
7
4
3
5
2
12
14
7
3
9
11
10
7
14
9
4
2
2
1
2
5
5
7
6
8
7
17
7
11
8
6
4
8
5
10
6
8
3
4
16
1
6
10
4
10
1
15
6
1
3
2
2
8
7
4
8
16
2
11
2
2
2
2
4
1
2
3
3
6
4
2
1
13
4
3
15
4
15
6
3
8
1
17
1
6
4
14
6
1
6
8
11
7
3
7
3
14
5
3
17
9
7
1
13
14
7
10
6
7
10
12
3
9
2
7
1
9
5
2
5
2
5
4
11
3
2
13
6
15
6
2
6
1
3
6
4
15
17
13
11
1
3
8
1
15
2
9
1
7
2
9
2
4
4
12
3
12
1
12
3
