21
1
6
10
7
4
14
3
2
2
21
5
7
8
1
6
5
7
4
1
6
8
8
22
20
3
1
3
4
2
2
7
13
1
3
4
5
2
3
1
1
1
4
9
12
2
2
1
1
1
3
17
12
6
1
1
2
15
7
5
5
16
2
3
1
5
2
16
2
1
9
4
18
3
5
1
2
9
8
11
2
10
18
10
22
7
15
13
13
9
18
1
1
11
8
10
4
21
17
13
11
4
5
1
4
19
2
6
12
17
14
8
5
3
15
12
1
4
5
11
1
6
5
6
1
13
10
12
20
10
21
8
1
15
2
5
11
1
6
22
7
4
8
4
18
3
1
1
5
1
2
16
2
8
16
1
6
20
2
15
15
12
7
4
6
2
7
1
21
21
7
4
1
6
8
22
2
21
11
13
1
19
9
3
5
20
20
9
5
1
16
1
7
7
16
2
19
3
11
6
4
19
1
5
15
10
1
6
7
4
9
3
19
14
6
6
2
8
6
19
5
4
8
6
1
1
2
4
22
3
3
2
12
22
15
7
8
14
2
4
13
1
9
15
1
7
10
5
9
1
10
11
6
10
1
12
19
16
18
9
3
3
1
5
6
1
13
2
2
4
5
1
5
17
5
13
3
9
14
19
21
12
6
18
17
3
1
1
3
3
2
3
8
8
2
22
1
3
1
2
10
1
2
22
18
2
4
11
17
12
14
4
2
5
3
14
2
5
2
1
8
7
2
2
8
17
12
17
5
3
14
4
1
2
13
10
15
11
4
3
20
20
9
3
1
4
21
5
2
16
7
1
2
4
7
14
10
16
8
7
17
5
11
3
9
3
18
2
8
1
1
4
6
7
4
14
22
2
4
7
1
2
8
7
11
8
2
7
9
4
8
10
9
1
11
14
5
4
10
12
16
10
15
8
6
6
10
7
11
1
2
18
5
3
12
7
1
6
8
7
15
3
6
3
2
4
5
3
5
2
2
13
4
1
1
1
1
9
5
17
1
4
3
2
3
4
3
16
3
3
4
13
19
20
18
5
2
11
9
9
1
1
6
4
2
18
7
8
8
1
1
6
17
16
3
3
2
11
2
21
22
2
20
4
5
1
14
20
11
19
4
2
1
2
6
2
1
9
10
6
