7
18
15
16
13
9
6
14
4
2
2
2
5
2
3
6
10
13
1
5
2
7
2
4
5
7
5
9
1
8
15
3
5
6
1
4
7
9
4
5
3
1
4
14
4
12
2
3
5
6
5
2
12
17
16
15
5
8
5
5
17
1
4
12
7
7
2
5
9
9
6
2
3
12
10
3
20
5
3
10
5
17
4
6
4
16
5
16
1
15
14
15
3
5
2
18
1
4
9
7
1
12
5
5
2
1
19
8
2
3
7
4
3
19
2
1
10
15
9
1
4
14
8
6
17
1
10
20
18
10
1
17
7
6
6
3
1
5
3
14
6
2
4
18
1
1
6
1
11
4
6
13
8
1
3
3
13
1
5
3
9
1
6
8
16
12
13
3
18
6
6
3
3
11
20
4
9
2
16
7
16
14
5
19
5
10
4
4
15
9
1
1
7
8
2
18
4
3
4
13
1
5
8
4
1
7
4
3
1
1
13
7
8
13
18
3
1
12
6
7
6
5
5
9
2
16
1
6
8
4
2
11
18
4
2
3
3
9
16
19
2
6
12
2
2
3
1
20
10
1
4
6
5
15
7
19
5
11
8
4
2
16
4
6
10
7
17
5
5
2
2
11
6
3
12
6
3
17
2
5
3
2
5
3
3
2
1
5
2
10
7
13
17
4
2
4
3
1
2
19
1
4
2
1
3
8
10
2
7
7
3
6
7
18
3
5
4
1
8
8
6
15
9
6
7
4
11
1
9
3
2
2
14
2
2
2
3
1
8
3
14
4
8
17
20
2
14
5
2
1
2
14
7
18
10
13
2
16
4
19
14
8
8
2
3
4
2
9
20
20
2
6
11
4
19
7
2
2
8
2
4
6
1
12
13
3
13
5
10
11
8
7
5
6
1
3
7
1
11
1
4
19
4
5
7
6
20
7
20
1
3
5
1
2
10
7
6
7
12
1
6
5
17
1
9
5
6
4
1
8
11
4
8
3
1
4
3
1
8
4
8
11
8
3
2
1
19
1
4
3
1
7
3
15
1
2
8
20
1
5
10
6
3
8
11
10
2
8
3
1
2
1
14
4
11
2
5
1
9
8
4
3
15
10
6
12
9
11
7
2
12
16
15
1
13
17
12
18
8
5
