4
7
4
3
4
2
6
7
2
15
1
14
1
16
5
10
1
13
1
12
6
4
2
3
2
1
4
4
2
1
2
12
5
9
16
12
2
16
1
3
5
2
6
2
7
4
5
3
7
6
12
9
1
6
1
8
3
2
4
8
1
5
3
8
3
3
11
6
2
5
10
4
1
1
4
2
11
7
4
4
10
2
7
8
1
6
9
4
12
6
3
5
16
5
2
7
15
1
2
1
3
4
3
2
15
6
6
12
2
3
16
2
14
5
3
2
11
14
9
8
14
11
3
1
1
3
10
1
5
3
3
5
3
1
5
7
3
2
8
8
8
1
10
2
10
11
6
2
10
10
8
13
6
15
6
1
4
2
12
1
10
4
10
9
12
2
4
7
16
4
15
1
3
1
4
4
4
4
4
2
1
1
3
5
10
7
8
1
9
3
3
11
9
3
1
1
1
4
1
3
16
3
5
6
1
5
13
2
11
6
2
1
5
4
16
3
1
13
7
2
2
1
2
1
15
7
1
5
6
9
7
4
9
6
5
4
1
2
5
7
7
6
1
2
15
3
1
8
13
1
6
7
10
9
4
10
7
14
1
1
1
2
3
6
16
14
8
8
2
3
4
1
3
3
5
2
6
6
4
3
8
3
12
13
4
8
8
13
4
1
1
8
1
12
5
8
4
13
3
5
11
5
12
1
3
1
11
13
1
6
2
5
1
7
11
15
2
1
1
2
4
6
2
2
7
9
4
2
10
2
6
9
7
4
8
2
3
12
8
1
3
7
8
6
3
1
9
9
4
6
2
1
4
8
4
7
9
3
1
1
5
11
2
2
1
3
1
7
5
5
5
3
6
3
8
3
13
15
3
2
1
10
3
7
7
9
6
7
1
1
3
5
4
7
4
2
2
15
1
2
5
8
1
14
1
7
3
14
8
4
4
3
9
2
2
10
1
1
9
7
6
13
2
5
9
8
4
1
14
2
4
2
7
7
6
4
4
1
2
3
3
16
11
5
5
6
7
2
3
1
3
3
6
3
2
1
6
9
1
14
6
5
8
2
11
5
3
1
3
3
5
2
14
6
4
10
5
12
8
4
5
3
6
8
4
1
6
2
11
5
4
9
10
2
4
1
3
7
7
13
