3,42,96
94,129,228
2,35
255,434
27,308
52,458
23,31
1,63,109
334,341
3,75
361,401
38,472
330,453
465,489
69,215,396
11,53
87,122
25,55
23,101
413,461
22,355
421,486
23,166
417,476
52,326
112,148
323,363
104,423,463
17,39
98,268
21,34,61
223,302
17,55,132
4,452
28,40
3,57
17,55,160
199,403
56,120,354
8,415
127,294
49,96
7,204,487
130,328
135,480
67,124,301
122,496
41,359
60,84
65,332,366
81,206,427
184,375
36,165,178
392,462
86,97
73,390
87,492
222,244
29,113,337
3,5
10,221,316
46,383,408
20,309
15,93,286
1,306
170,289
44,104
298,304
8,83,103
25,44,494
16,253
299,376
181,365,398
2,94,110
13,197,209
50,446
38,258
106,230
140,368,409
4,12
79,327
2,45
174,227
16,89,92
76,220
293,474
11,438
73,234
43,133
26,54
26,62
4,66
3,279,431
36,51
134,459
26,172,290
35,48
13,100
19,189
3,19
64,82
33,152,428
47,272,349
1,59
430,464
118,164,229
6,224
51,102
11,239,405
75,155,236
42,100
6,12
40,237,407
71,256
30,263
13,381
19,24
59,425,426
22,388
126,469
41,310,444
12,123
15,57,369
70,437
53,61
29,320
37,109
14,64,312
6,336
84,126
28,251,329
18,249
88,156
48,116,284
22,72
54,65
115,372
36,119
395,495
21,147
2,226
231,378
202,270
4,482
1,22
36,108
119,157
129,278
37,99
7,8,48
30,31,468
18,121
44,46,271
3,186
63,273,454
74,385
9,40,380
1,5
103,149
110,137,200
114,424
24,123
19,98,456
127,185
18,32
91,130
10,367
5,360
128,399
7,33,195
118,121
50,62,136
42,158
9,346
2,24,247
79,117,275
39,259,319
51,211
153,457
99,235
8,325,339
41,297,373
20,441
4,12,49
11,331
83,188
32,67
35,357
60,295,479
13,30,33
4,16
311,317
18,196,241
58,344,500
213,445
440,470
2,171
56,322
30,418
76,218
18,377
242,350
6,58,488
307,443
9,25,42
8,384
2,39
23,31,276
114,419
27,292,448
68,281,422
282,478
97,245
4,303
1,16
8,167
58,400
3,28,362
3,88
10,484
45,406
14,38
101,451,497
17,450
43,90,264
6,7
47,481
40,210,467
107,318,483
93,442
9,269
12,177,342
128,179
217,429
113,473
70,300
86,387
168,176,252
410,411,414
63,345
6,120,208
39,124
5,11
4,143
335,391
95,180
21,144
71,485
32,89,283
34,193
105,475
257,447
1,80
7,106
92,371
19,404
61,125
116,432
66,108,187
240,260,267
194,274
105,154
2,314
15,203
20,471
10,45,111
49,356
15,296
131,190
7,47
38,41,201
20,62
78,493
15,162,490
9,248
142,163,266
22,169,352
7,68,175
69,72,397
212,250
64,139
132,370,477
37,364
11,37
85,111,205
262,460
59,393
1,52
11,14
24,183
4,10
125,321,439
5,348,491
81,150,161
7,115
254,386
33,466
173,246,379
53,243
95,333
2,394,499
1,27
117,122
107,402
151,287
27,28,232
133,219,305
5,324
6,85
412,449
10,455
261,291
82,351
207,313
25,80,288
26,74
21,277
25,77
14,436
43,54
5,91
13,90,340
31,34,338
374,389,435
8,46
20,24,29
10,225
198,214
1,5,102
21,50
9,112
57,216
2,78,420
6,9
60,343
17,285
35,280
12,191,233
4,315
77,146
14,265
16,416
3,131,358
29,34,347
32,159
145,192
23,353
56,141
238,498
182,433
138,382
