431,904
322,438
2,493
112,335,544
651,669
195,504,746
673,935
573,669,939
264,427
419,595
283,386
154,906
732,843
738,760
23,904
450,685
84,347
160,457
574,997
185,437,504
145,890
435,443,944
146,207
255,558
639,856
6,626,969
312,325,866
401,577,965
227,428
270,961
92,696
514,561
133,920
669,690
2,592
322,447
53,816
138,393,508
5,12,314
124,776
249,279
550,787
588,851
129,411,813
380,492,679
175,302,968
242,358,969
60,208
451,898
34,613
544,730,816
122,135
647,908
632,750
291,518
35,446
47,130
394,1000
176,859
495,659
224,931,997
533,759
104,839
291,752
26,497
3,199
234,939
125,146
574,901
670,712,802
101,322
319,597
162,409,602
442,866
653,980
84,456
31,420
6,370,858
222,334,502
326,959
538,899
495,597
79,232,633
720,822
369,574
18,882
83,968
120,619,637
413,663,892
128,640,963
662,906
47,258
422,782
160,641,837
370,503
153,320
64,79,271
767,878
164,414
79,845
195,256
15,526
539,791
472,737
141,241
191,326
225,846
231,241
128,771
293,823,887
369,572
484,504
9,650
79,143
434,947
384,976
234,572
233,675
161,881
151,931
84,934,982
305,870,962
358,411,491
593,833,911
275,299
597,688
450,935
394,726,839
319,794,823
318,673
36,285
116,426,468
149,204,553
77,314,758
211,911
231,388
537,636
4,90
494,764
648,955
360,897
351,753
261,814
606,914
131,166
176,282
122,923,967
249,502,554
415,676,888
483,880
114,421
190,768
153,205
355,373
380,509
671,796
145,802
86,920
461,847
270,539
58,259,417
194,294,318
744,988
53,193,422
298,966
110,317,428
168,255
667,902
411,431,980
71,827,879
249,310
126,890
809,843
519,760,951
203,668,723
7,352,693
553,858
66,147,794
94,391,683
544,610
284,488
421,558
481,613
195,767,795
246,506,598
203,575,671
593,787
3,146,851
77,215,950
176,508
472,711
401,999
231,436,688
598,824
37,406,573
2,149
134,139
344,865
395,826
451,465
846,883,971
222,234
605,955
675,722,887
311,555,600
134,156,328
9,331,824
643,690,773
87,627,708
5,349
9,935
373,809
2,318
305,743,823
315,602,616
22,33,401
504,576
287,672
114,126
30,342,441
36,965
559,719
225,565
217,536
55,878
173,293
11,98,193
827,902
129,466,551
441,773
93,225,497
880,985
330,660
269,564
250,855
49,761
13,134
1,322,605
677,920
226,296
769,920
339,931,969
100,325,444
32,110
618,882
451,669,705
329,627,998
18,207,716
568,599,779
126,546
701,944
190,361
469,729
120,510
855,873
151,614
88,525,745
191,535
236,753
266,400
692,1000
50,394,590
476,977,987
383,586
96,541
795,802
132,423,951
139,668,828
96,877
415,852
525,792,794
321,936
240,588
415,784
304,395,866
244,453,636
459,846
281,334,823
41,443,699
58,904
371,689
182,557,806
210,885
74,877
251,698
442,455,849
489,538,958
760,899
124,777,852
151,465,797
124,971
249,666,921
464,517,934
546,641
500,749
35,575,667
223,636
497,582
573,679
609,780
270,435
464,729
108,510
379,785
104,724,771
304,856
218,310
511,913
99,655
7,543,627
110,856
715,778
761,914
362,410,629
380,868
159,872
135,394,509
347,374
430,441,698
66,186,791
26,99
440,553,844
282,630,785
244,683
557,980
902,930
54,182,707
473,479
200,544,636
70,659
433,499
516,822,967
134,245,928
82,787,993
591,950
48,207,634
60,311
370,948
201,945
533,609,729
133,870
212,284
630,921
117,243
400,684,819
190,571,987
713,905
126,359,840
114,504
110,277
413,447,587
280,610
684,911
217,616,842
75,639,787
290,681
648,670,682
45,386
640,900
441,968
232,990
708,804
54,479
114,495,673
422,504
3,561
100,900
730,740
28,399
467,706
509,950
104,130
226,560
125,207
667,707,809
116,760,775
179,637
311,403
598,923
392,563,801
570,957
630,685,771
664,675,832
117,679
266,809,987
28,364
196,265
310,406
532,733
346,508,852
208,647
107,152
242,956
571,670
415,900
689,932
607,631
458,553,794
193,250
36,293
540,616
218,462,754
43,189
834,884
68,296
27,634
583,851
165,791
257,483
200,630
178,180,644
109,747,892
478,509
397,563
496,978
112,561
317,619
460,642,984
360,415
27,294,693
525,534,538
75,826
222,347,523
46,318
14,491
277,439,735
366,452
143,566
30,709
737,897
686,847
201,264
115,355
290,405
280,746,793
343,833
201,304
61,81
707,931,942
99,913
202,222,983
209,873
118,808,990
250,452
105,568
258,817
129,804
79,650
346,779
154,507
877,889
131,577,833
107,346
109,201
390,464
208,982,986
700,819
30,320
451,935,990
414,913
95,537
348,963
221,495
654,868
552,750
166,170,258
137,184
74,137,876
26,410
141,609,747
82,271
171,569
341,441
592,670
361,378
221,417
456,994
207,897
455,728
295,870
703,826
225,682,990
279,610,818
412,425,883
652,717,783
334,640,771
426,744
268,553,652
230,786,981
748,833,1000
268,346,649
171,848
749,955
3,140
134,881
595,740
623,903
152,479
341,736,992
37,359
123,497,559
33,222
149,478
224,493
126,935
37,46
241,804
316,495
656,763
101,158,947
97,241
148,513
102,457
441,599
32,774
3,303
434,511
191,458,812
495,693
160,983
179,998
31,472,872
304,524
603,918,925
89,106
324,418,502
215,908
608,783
355,656
67,645
69,287,880
4,87
475,487
376,477
77,306
885,949
368,906
246,359
61,633
526,748,980
94,169
209,432
91,336
41,525
190,273,670
229,748
333,739
20,393,827
84,576,872
269,932
59,101
369,997
662,773,777
373,378
360,366,458
73,671
171,912
33,557
78,149
431,674,857
506,771,920
678,862
180,325,732
16,357,954
73,117,408
8,9
611,845
5,482
310,898,974
201,494
255,333,638
26,424
348,572
810,938
101,228
294,896
601,668,719
100,123
587,834
651,860
400,634
113,999
198,590
609,625
47,231
46,287
205,548
710,770
518,582,669
619,918
443,985
145,790
46,871
142,764
722,823
102,958
537,740
315,875,897
230,401
51,286,964
534,720
20,601
127,151
303,367,878
541,580
77,80
324,927
420,891
865,870
273,788
259,768
250,548
680,823
50,924
147,767
392,863,970
556,988
111,420
715,814
85,675
503,925
534,725
115,349
248,863,914
333,971
67,336
74,797
502,736
179,251
195,679
287,576
82,877
52,208
431,442
643,937
175,366
6,890
327,370
506,625
497,935
171,459,637
789,812
85,630
204,705
18,94
239,499
654,988
176,702
515,741
224,950
662,919
347,452
15,123
416,777
9,71,320
201,321
189,278,490
140,769
485,582,585
203,589,751
354,998
453,676,889
479,698,916
316,462,855
162,237
193,304
167,507
783,935
99,500,721
569,659
708,801
144,780
64,400,991
150,476,507
111,676
170,962
247,471,602
35,210
691,744,769
186,929
9,61
85,486
227,736
10,712
425,720,723
69,355
838,876
34,250,441
45,271
241,348,582
217,536
27,512
70,285
863,992
50,928,949
100,873
949,974
775,908
595,611
458,584
47,146,715
117,158
748,890
28,543
54,644
535,831
385,985
474,810,915
123,597,994
414,707
475,488,950
563,703
41,539,709
445,752
649,855
179,567
329,709
76,417,629
278,699
376,992
231,605
6,375
733,765
367,906
560,697
145,309
74,492
131,150
520,708
529,968
427,460,886
376,967
106,682
460,927
289,715
156,422
165,999
446,934
475,728
308,629
113,183,223
595,715
390,442,781
422,649
440,824
226,295,396
622,725
220,804
273,476
126,211
425,757,809
75,803
25,362
43,983
475,748
141,471,678
86,131,935
238,392
262,451,782
899,940
220,490,974
178,683,692
446,894,950
541,808
248,619,633
234,325,906
289,431,904
136,806
556,938
34,959
460,882
517,550,575
701,776,801
459,762,783
125,270
58,213
25,123,944
38,130,692
589,653
91,514,774
322,362
667,720,859
511,740,983
196,543
322,961
738,898
49,363,856
270,926
520,786
246,673,848
517,694
658,984
529,953
55,492
347,366,456
356,528,808
233,458
469,862
113,862
324,778,810
224,701
741,849
158,605
316,753,857
13,311,491
53,758
778,928,972
30,36,951
337,494
369,829
12,83,497
174,190
523,805
321,533
118,245,444
80,461
37,615,856
84,218,704
640,896
303,421,644
390,948
493,788
398,954
339,344,809
434,526,899
236,240,721
649,789
237,370,519
581,587
166,841
585,608
419,609
111,913
69,766
61,251
511,966
118,419
838,968
150,163
882,893
97,238
366,903
533,746,834
194,761
384,522,837
79,717,801
62,324
366,390
60,666
346,763,976
66,709
530,916,960
128,142
363,386,953
377,577
325,724
114,243
861,910
502,601
37,445
365,467,816
419,696
288,301,846
207,622,630
164,329,569
524,757,910
156,628,754
877,999
266,689
88,350,703
424,538,763
365,414
56,210
965,971
155,500
57,275
502,728,774
439,818
138,657
873,980
707,885
113,383,600
532,564
240,280
354,711,723
22,432
15,67,761
366,621
512,925
740,747,891
340,465,748
350,829
333,413
261,651,676
58,185,874
22,719,753
117,825
41,317,320
229,546,657
153,312,851
188,706,748
43,333
356,683
8,327
811,831
219,504
23,430
113,644
308,536
207,679
12,761,836
305,947
70,266
138,380,794
1,718,860
385,647,822
385,592
135,291,701
179,887
128,139,464
373,562
346,965
45,174,913
261,842
108,630,872
408,511
211,244
495,956
256,591
84,529
333,432
165,401
12,589
27,61,584
26,116,228
713,765
261,288,361
71,141
174,201
16,64,863
256,337,899
706,836
882,906
598,637
188,981
626,968
541,936
774,849
47,983
106,352,691
565,661
78,712
329,498
659,991
33,364,741
75,615,835
623,633
726,739
144,330
84,431
306,776
263,941
464,958,1000
313,435
282,394
309,937
84,628
71,616
64,252
224,410
72,345
89,421,587
754,978
308,899
305,382
773,945
508,835
288,861
529,934
425,506
354,654
687,915
74,928
123,701,761
247,503
107,633
3,800
615,697
6,424,481
605,842
865,999
505,816
152,571
917,929
162,621
161,425
144,381
515,853
545,769
641,656,787
475,730
552,885
200,580,703
523,804
23,627
874,896,930
424,730
59,86
531,607
399,822
926,931
226,954
122,295,767
450,723
399,643
778,881
157,951
298,699,894
240,684
752,885
432,839
53,368
81,949
12,963
164,693
852,952
430,579
218,801
270,524,853
190,904
433,910
219,692,767
25,114,647
630,661
689,732
361,559,830
676,916
229,833
394,771
787,909
51,980
241,873
551,640,757
16,915
683,849
336,561,998
205,916
496,604
56,559
77,373,723
395,912
370,732,751
257,579
72,617
134,640,668
99,403,833
145,327
162,221
276,544
521,603
236,304,388
189,254
58,670
106,798
510,625,885
588,853
770,862,923
57,595
900,929,968
673,785
193,368,844
245,663
421,632
386,477,868
347,490
613,836
147,660
108,218
306,586
457,462
166,858
40,351
539,594,783
68,380,844
333,825
486,892,925
407,749
673,768
35,612,661
35,191
286,470
135,728
327,844,990
531,928
115,698,798
530,724
115,138,654
331,974
317,484
438,514
779,818
652,682
779,789
649,665
42,427,586
501,549,652
148,785
56,678
395,754
686,837
762,882
251,640,658
704,866
303,976
377,406
66,184
16,621
528,644
247,356,567
358,595
231,819,997
31,283,348
354,723
74,389,842
332,789
261,782
410,445
482,946
82,753
503,611,780
106,565
199,726,817
207,524,596
209,891
858,882
162,856
7,512
628,784
13,881
696,843,968
167,641,971
187,385
227,983
762,767
227,249,338
346,367,501
430,778
61,832
214,236,516
17,651
589,767,892
362,688
114,245,495
6,21
35,116
227,532,551
485,592
212,476,779
627,995
251,624
433,765
17,530,679
181,399
235,999
7,938
667,696
281,540
180,334
549,871
18,315,987
136,648
190,789,796
491,896
325,527
28,450,573
178,360
126,270
201,975
320,881
590,917
311,908,958
125,146
720,968
281,711
180,947
278,686
104,823
281,434
2,265,679
184,442
248,405
290,514
722,788
872,932
19,635,694
233,849
628,939
186,739
16,422,597
590,759
52,324
16,300
92,210,214
305,805
129,306,975
53,165
789,794
73,487
195,961
310,433,834
275,803
116,906
515,583,804
429,926
16,197
550,758
833,920
18,680
387,660
508,528,680
564,757
93,659
923,989
369,818,826
13,104,907
195,636
460,938,980
9,22
608,803,846
394,722,976
82,643
331,528
380,560,772
288,627
82,466
705,952
266,584
104,620,718
63,945
339,427
550,589,707
660,661,931
679,716
516,795
5,134,910
511,535,541
45,724
375,379,925
210,234,305
55,116
15,66,259
205,476
65,714
556,798
9,265,326
273,969
297,789
551,811
414,502
164,984
611,873
68,190,592
10,18
118,467
558,780
383,917,997
290,908
296,481
188,233
106,664
298,975
297,355,471
555,586,847
305,415
426,641
379,585,892
100,813,891
500,558
695,814,937
73,132,280
587,779
160,441,664
74,681
272,281,520
352,540,853
303,403
144,739,952
433,731,806
379,602,778
456,919
173,188,688
200,815
301,320,731
542,701
78,478,806
402,547
220,403
166,304
200,294,936
24,88
212,618
412,506
33,624
57,477,922
222,470
155,570
347,591
50,768
250,416,816
47,276
376,693,878
336,386
382,584
44,431
939,970
1,170,405
352,413
727,830
12,100
431,638
495,706,836
620,741
372,557,858
56,287,864
618,986
239,941
186,189
752,902
311,771
94,215
558,974
95,720
210,849,949
406,994
419,972
436,694
127,727
122,569,948
286,343
401,747
244,338,718
579,695
356,980
230,304,582
60,397,967
477,977
41,359,382
138,222,659
257,733
598,703,946
473,966
29,359,513
13,88
531,913
387,923
160,270
490,633
280,487,674
762,878,994
136,720
453,649,835
388,704
296,1000
101,647
202,565
270,709
747,861,953
130,809
47,660
721,964
588,875
465,794
44,56,758
534,722
43,663,965
189,849
136,478
329,785,863
540,707,1000
332,934
380,465,939
291,660,922
966,979
662,999
124,635
418,726,819
193,198,677
432,932
496,686
32,185
362,824
59,438,632
301,409,512
430,763,777
112,952
107,432,678
404,413
762,910
177,409
618,760,929
186,612
522,693,734
641,810
762,849
334,351,435
192,310,876
262,311,929
129,895
235,727,867
177,996
426,763
175,735
86,766
18,217
382,500,769
114,755
206,409
482,847
454,758
6,788
132,385,768
410,498
606,924
197,305
584,620
99,760
446,491
123,483
181,239,632
104,692
178,373,857
133,231,347
53,533,781
189,746
81,650
218,236,707
364,674,828
234,300,687
343,640
440,833
396,514
355,559
353,671
178,342
261,292
160,593,966
425,811
11,786
263,622
301,862
704,869
349,828
401,664
414,487
283,358,419
34,547
42,532,853
154,614,989
120,439
360,796
791,824
570,614,795
30,851
297,788
163,568
161,671
664,858
47,682
506,540
683,729
50,870
364,849
354,475
330,876
83,214,899
298,360
618,965
43,165,447
72,706
522,583,820
587,895,917
17,445
226,351,907
554,978
45,687
407,541
480,519,857
24,70,379
439,657
392,928
442,626
50,751
473,833
565,830,937
161,469
818,913
435,635
37,67
347,820,893
703,817
157,373
355,895
913,947
518,985
320,852
324,933
125,370,699
479,764
736,798
113,462,899
368,641
22,983
161,958
842,873
641,872
110,392
517,966
47,554,945
482,968
435,498,663
398,818
26,615,776
514,757
786,935
163,975
207,381,408
6,669
564,871
336,495
152,391
186,419
458,693
78,896
253,628,899
155,194
85,261
440,959
8,276
312,898
79,87
569,840
540,864
309,937
25,673
314,522
179,565
234,615
91,499
269,481
212,805,975
37,222
507,599
168,860
151,295
5,779
135,908
562,802
410,863
109,245
462,928
312,909
349,733
821,888
510,890
187,326,932
182,745
265,755,788
581,603
210,594
61,288,484
321,588
738,1000
38,132,726
498,840
89,641
687,737
648,969
280,304
185,186
303,407
334,549,946
218,586
616,743
257,715,924
482,612,904
349,381,429
570,760,922
347,617
377,742
697,974
497,546
114,626
264,376
483,533,895
163,355,772
196,509
415,678,826
274,453
187,813
324,546,954
36,166,997
361,591,778
687,859,989
200,763,787
36,822
108,311
32,747
487,803
298,634,935
11,819
157,922
331,378
147,273
762,790
547,624
305,686
75,90,458
86,468,815
242,431
6,378,837
273,432
366,545
880,995
171,658
218,472
157,968
317,768
387,801
217,691
557,739,902
598,682,840
330,385,920
35,770,846
122,495,790
6,138
55,948
809,968
225,259,918
37,367
461,856
146,967,991
167,394
7,884
476,588
686,784
296,956
266,701,767
616,844
45,533
537,607
73,449,503
94,423,955
42,414
355,377
720,813
211,642,924
467,848
73,986
579,895
68,406
541,955
302,532
34,759
313,449,655
275,363
107,959
231,254
267,564
552,884
843,885
321,563,745
325,719,899
67,358,876
166,911
579,802,840
160,211,349
576,589,747
373,543,864
204,713
355,770
72,867
44,847
109,579
457,650
317,543
138,297
148,158,369
296,651
168,187,485
276,565
338,344
72,364,739
468,798
456,664
427,866
132,423
6,868
221,878
28,822
698,988
139,393
457,521
265,854
76,173,535
78,296,525
168,188
200,698
220,850
29,199
165,368
679,997
326,852
845,946
397,410,455
406,643
385,652
83,258
55,112,595
38,939
7,245,584
259,291,689
760,809
96,118
299,436,863
377,530
5,360,845
738,941
503,921
13,696
152,705
181,244
185,618,760
17,892
359,808
289,620,931
302,862
15,751
402,837
473,494,568
79,828,838
454,648,892
351,415,750
274,869
476,937
201,591
721,744
519,635
598,845
774,927
216,538
197,700
17,404
196,792
214,558
107,405
198,212,960
134,949
397,590
350,599
389,426
597,780
398,454
307,867
330,929
205,920
147,810
456,869,916
127,333
15,988
297,783
193,759
878,939
183,674
424,593
492,555
269,354
488,718
790,888
886,973
25,122
256,689
20,100,911
41,932
296,638
26,245,928
123,524
199,459,485
382,695
306,651,860
224,420
257,407,535
232,857
229,527
419,747
259,411
152,687
483,715
7,119,279
436,613,658
113,182
142,302,724
225,729,998
63,156
777,927
227,678
568,695,850
281,506
4,375,825
362,921
96,741
175,478
132,344
185,194
310,562
55,284,805
259,404
308,339
116,131,937
913,940
708,840
333,388,988
316,330
140,560
74,443
106,143
169,209,927
297,577
348,520
192,314
367,374,830
358,479
110,573
507,878
213,793
466,758
317,656
56,503
453,642
155,780,872
459,530
51,351
550,799
75,772,798
206,523,585
26,767
258,904
97,927
316,872
284,494
86,749
584,987
247,933
205,889
390,904
629,971
251,322
241,438
244,877
2,837,900
409,570
615,846
164,525
458,739
676,913
26,164
141,746
47,438,593
23,762
367,476,755
259,767
395,536
566,945
512,849
321,471
292,614
704,739
718,942
137,238,539
186,291,897
103,146
472,872
498,634
529,545,891
386,743
8,238,956
167,258,535
21,65,615
32,104,373
642,784
536,668
31,227,515
407,503
71,748
153,597
575,616,764
186,620
279,528
253,772
61,183,985
65,709
729,857
318,527
80,357
672,958
393,668
3,508
438,583,980
550,899
661,726
297,482,954
264,708
113,889
624,913
2,81,569
49,563
97,611
203,288,409
83,902
55,911
429,817
479,545
281,848
657,660,882
907,949
44,163
852,914
342,752,868
128,946
61,513
41,840
284,940
35,41,985
604,752
146,492,767
620,728,942
571,917
51,196
208,275
577,943
425,454,899
321,672
328,696,720
594,718
285,741
165,312,565
742,867
525,605
404,432
49,132
424,840
70,261
567,621
643,779
735,874
254,331,805
614,740,781
8,901
406,765
308,695,805
215,241,773
312,545
98,610,665
30,94
397,826
106,783
386,426,988
286,316
272,634
554,660,958
282,953
676,686,847
159,616
360,770
101,883
463,921
175,252
118,325,448
229,348
43,484,650
43,346
103,184
162,498
4,687
125,816,913
164,568
45,388
202,708
69,757,795
301,878
96,298
40,722,914
3,698
159,165,523
169,386,609
205,452,984
258,286,532
221,935
173,590,867
53,268,850
329,359
326,917
621,622,800
217,251,448
69,641,657
163,191
709,806
961,976
344,509
343,807
518,522
275,595,908
97,356
417,693
88,505
468,721
158,522,963
599,696
526,791
404,584
631,763
398,914
744,831
185,804,806
393,421,512
317,340,935
293,819,829
195,899
950,973
281,766
569,747
257,558
179,392,564
197,377,882
319,627,972
581,690
95,267,446
269,589
415,484
306,704
75,541,980
112,321,961
139,216,602
456,535,911
767,819,974
495,887,994
681,946
454,572
689,816
281,505
276,930
197,880
243,679
627,883
326,675
880,897
105,136
582,675,825
835,862,983
368,767
515,556
809,894
501,550,871
411,584
122,710,936
324,931
242,249
664,867
196,932
571,830
111,893
68,189,698
13,975
32,932
427,509
186,521,945
349,609
543,800,966
56,923
151,644,772
578,759
172,213
36,152
678,733,983
24,823
142,260
156,827
85,404,712
14,649
581,592
201,211
283,364,751
165,986
467,533
512,549,684
38,973
419,640,729
30,813
420,475,503
5,702
286,515,803
641,804
153,476,715
121,722
72,390,915
100,404
278,512,710
664,898
616,758
81,714,717
261,550
378,805
370,371,845
217,274
278,737
180,868
808,810
241,552,942
347,869
109,188,694
295,645
689,955,983
118,633
484,855
240,712
518,717
129,830,869
341,445,856
193,438,889
14,338
83,899
547,947
2,47,773
681,791
8,864
608,737
202,400
497,584,720
43,364
175,382,809
583,764
313,856
464,850
337,511
339,431,813
8,173,894
596,958
379,884
340,961
602,796,946
85,663
687,867
266,767
275,336
472,723,747
217,594,914
691,804
239,764
222,472,552
399,556
112,239
365,402
215,660,732
425,479,802
359,536,911
255,447
330,729
27,265,366
808,822
673,944
684,870
213,967
181,882
517,668
23,541,831
401,527,900
476,656
406,863
472,873
324,436
79,508,634
76,376,645
209,490
100,445,586
30,436
592,772
320,409,435
176,427
167,835,992
9,706
236,756
74,219
157,419
328,813
729,962
176,793
520,674
584,629
141,650,729
45,103,897
272,704
369,551,680
656,962
176,472
544,830
545,843
157,466
604,998
636,750,937
14,401
136,310,859
13,91,272
111,453,903
221,308
127,797
51,160,193
321,730
592,990
58,228
570,929
209,406,461
135,447,531
109,688
309,491
698,821
182,525
118,175,531
484,856
607,809
447,939
482,726
572,645
451,726
478,607
396,680,797
329,406
273,375,765
370,486
125,251,473
356,551
360,446,844
92,178,339
625,894
223,870
391,605
47,195,499
715,862
67,257,395
540,612,793
169,557,775
254,749,957
361,981
270,959
364,456
60,427,857
395,566
329,490
574,856
75,193
432,722,868
214,744
76,706
97,209
202,456
42,841
544,734,772
286,807
769,847
73,771
549,698
504,871
146,547
56,568,944
525,632
766,996
292,398,863
376,454,801
98,604
615,881
178,853
90,357,644
303,961
257,443
786,860
115,913
631,743
217,655
22,654
34,350
1,941,971
425,748
505,770
252,752
665,804,962
163,967
73,87,216
211,666
148,571,863
580,893,975
322,911
96,990
135,609
424,658,688
44,444,642
306,424
67,977
104,737
186,521,732
626,905
107,766
642,869
408,670
672,689,879
454,507,857
706,947
254,601,800
481,621
94,339
303,998
197,221,923
803,978
440,821
70,78,846
155,497,580
787,900
103,357
154,965,984
469,689
854,913
498,602
478,489
543,796
70,505,860
810,881
568,964
758,806
732,865
186,927
755,777
302,901,936
526,985
728,743
541,590,691
541,749
150,501,606
72,318,947
67,84,155
785,798
642,959
627,935
625,920
690,934
649,745
605,664
65,329,361
189,852
51,960
312,589
362,518,658
233,518,946
521,717
88,964
42,509
341,360
402,547
75,777,916
149,863
160,426,831
75,541,745
453,720
379,417
364,437
321,732
506,648
40,577
634,905
157,290
147,635
657,928
165,169
109,845
364,766
228,466
135,390
191,266
437,596
261,400,810
655,908
173,274,850
493,536
373,618
99,462,982
317,353
220,378
492,570
137,671,761
477,505
36,333
324,435,935
343,965
562,675
865,917
714,759
566,795,900
201,305
496,563,803
611,872
33,72
45,191
99,477
684,956
313,598,603
361,527
354,764
249,806
4,796
775,894
226,810,928
130,282
101,255
129,980
359,430,878
763,885
290,986
450,457,719
568,772
222,984
219,645
414,440,984
82,923
101,367
207,504,692
484,774
59,770
725,981
317,683
259,578
556,959
499,905
229,635,685
158,470
420,970
593,804
376,750
1,447
35,628
161,692
116,171
418,510
203,307
106,436
71,469
278,282
43,972
329,756
815,827
607,638
245,314
293,844
254,528
521,872
334,747
39,127,613
830,941
266,398,543
750,943
189,529,874
571,912,974
77,316,355
571,716
205,449,484
260,714
610,695
1,203
30,773
20,417
68,987
603,635,904
336,940
296,497,890
53,142,448
908,922
339,932
102,263
680,878,972
277,539
759,846
429,730
249,425,778
434,942
179,889,984
283,754
334,348,661
129,943
11,610
153,606,983
312,335,824
127,484,844
163,276,721
27,240
313,427
107,367
455,880
148,468,993
241,560,707
376,485,779
501,926
177,887
82,301
367,540
541,877
151,485
316,344,864
374,587,715
216,317,597
226,501
645,811
108,629
349,1000
241,332
447,470
361,812
56,496,554
662,841
690,902
337,773,796
587,626
63,711
208,232
32,737
461,952
154,603
419,564
242,479,820
789,885,963
280,355
59,640
61,513
48,439,951
162,889
443,465,492
293,360
627,650,673
530,696
62,672
44,222,504
401,726,781
190,262,476
602,620
514,548
511,679,931
333,399,644
345,477
310,320
810,879
64,404
50,278,673
370,768,891
10,279,528
303,824
875,959
342,365
634,715
752,872
290,759
660,934
283,437,1000
206,621
224,705,767
634,998
417,512,688
370,596
254,521
70,810
278,279
245,671
119,641
502,945
46,560
199,687
168,839
13,272,355
214,437
630,799
279,641,785
546,835
242,295
393,793
264,547
417,468
398,860,998
561,649
85,779
504,746
615,892
281,524
335,700
316,533,563
65,925
394,695,790
92,935
40,483
86,814
188,254
173,530
519,532
744,850
73,740
56,104
58,154
388,811,826
100,321
3,941
646,825
103,299
150,441
290,570
347,350,906
45,392,990
1,374
884,953
568,644,847
675,994
155,1000
495,522,613
654,678,970
699,807
659,911
8,967
208,846
455,809
124,587
482,618
684,929
868,972
404,424
112,716
621,709
774,996
183,352,500
761,909
136,770
588,602,982
683,929
386,483,900
212,467
70,716
326,750
81,228
300,354
759,776
285,431,444
214,403
44,640
578,791
924,1000
462,496
130,728
34,841
6,752
532,798
5,55
674,998
346,480
9,704
196,765
277,666
732,907
208,401,586
216,445
55,290,781
654,945,950
400,941
207,425
287,612,946
66,709
238,720
142,603
52,465
352,502
537,851
625,846
337,558,919
594,795
351,958
443,792
252,737
757,911
166,458,888
25,935
612,861
492,839
785,837
332,466
360,394
301,701,923
205,503
11,606
122,597
535,640
740,868
41,688,840
6,933
78,939
83,444
354,666
13,580
228,990
331,846
708,778,790
60,912
814,955
37,356
15,918
195,617
70,132
514,571,637
335,546
1,160,807
404,731,980
187,311
547,827
418,479
211,833
291,729,891
46,418,560
470,483
149,888
20,763
489,957
296,359,856
176,461,902
541,755
60,264
16,421
494,790,878
9,427,954
24,979
118,429
293,734
39,884
53,821
116,426,443
131,727
510,863,878
127,714
238,673
309,882,889
691,1000
173,416
173,625
96,188,925
489,958
82,172
47,742
155,534
138,539
215,358
109,954
451,881
26,615
261,679,819
225,327,801
148,957
275,634
220,491,712
361,493,933
226,346
207,631
660,764
847,893
40,309,813
19,981
108,230
731,887,994
751,871
490,819
262,423
237,287
305,643,834
53,152,193
274,769
209,813
65,778,898
46,439
105,846
236,516
396,722
140,734
114,364,692
351,722,764
64,114
193,274
875,935
117,184
149,840
755,833
117,610,849
223,686,915
282,975
24,50
650,874
631,747
44,866
165,411
725,795,929
928,931
361,761,981
293,567
482,720
52,573
485,534
209,500,552
465,892
120,569
305,747
143,235
142,736
55,770
750,868
757,836
365,603
240,915
778,998
421,893
37,531
19,178
248,406
107,515,805
585,635,996
377,510
18,762,871
329,718
216,506
4,286,886
602,688
249,478
200,258,877
308,621
263,586,614
494,883
135,305,766
36,896,919
213,634,709
62,648
205,736
349,671
16,768
208,263
93,617
299,681,989
532,853
649,947
314,936
619,672
65,101
9,561
437,444,502
393,661
279,671
434,565,727
245,812
221,490,996
108,977
39,328
245,923
828,867
64,357
196,854
644,772
284,901
66,160
12,63
412,579,693
200,446,794
112,135
218,728
657,706,844
161,315
18,274
636,770,870
338,428
88,475
303,656
74,670
144,636
619,836
51,865
73,423
625,988
432,469
18,545,787
262,828
778,822
591,727
9,78,806
435,634,890
588,694,830
236,496
352,804
141,416
163,816
586,780
316,559
174,971,980
501,568,851
690,705
60,267,358
260,363,760
334,393
252,283
3,229,883
644,805,829
301,433
574,714
13,627
389,940
419,597
11,641,715
455,662,729
9,548
279,356
605,623,911
18,152
265,409,573
81,380
1,373
59,816
458,688
287,823
19,225
329,659
149,361
370,668,929
256,416
294,396,806
194,918
42,786
369,867
655,740
751,880
252,732,838
325,491
60,559
195,969
156,311,728
623,690
12,212
390,553
585,849
303,581
48,509
103,296,508
204,396
349,652
14,919
273,295
14,922
303,599
71,830,861
264,984
255,583,594
268,547,870
292,647
3,201,813
117,699
95,371,654
86,712,804
195,749
353,980
61,280,918
397,941
746,861,950
770,816,867
191,946
239,997
407,687
373,746,849
347,691
845,936
551,769
86,733,804
400,486
738,873
255,877
136,359
590,907
97,461,922
206,310,791
104,970
88,479
325,630
489,756
259,838
43,124,678
413,601,750
630,845,885
6,864
372,592
107,278
146,869,960
544,787,818
84,283
277,709
101,643,824
78,718
390,668
682,950
34,523,684
13,457,616
37,646
231,383,623
196,517,600
331,334,355
577,728
298,584,663
45,89
6,376,627
1,140,448
460,770
256,834
468,947
495,954
251,367
318,549
160,649
62,578,603
133,322,858
608,611
417,905
750,851
104,575
543,694
445,539,582
689,820
219,345
161,927
327,946
396,583
248,406,637
368,653,750
315,765
723,757
214,583
236,463
13,977
744,781
741,902
304,942
265,347
398,939
29,74
137,363
635,928
494,733
759,866
895,959
561,841
58,385,602
402,995
553,886
234,325
238,409
697,952
27,424,987
186,214,330
980,983
410,650
82,933
445,684
530,905
282,833
89,976
24,302,745
83,747
46,747
383,837
277,436
830,888
103,578
52,524
616,692
230,260
623,677,906
735,791
162,919
709,844
346,591
287,354
141,900
20,617
8,155,723
298,717,788
44,499,773
9,406,539
328,687
788,794
426,725
388,445
82,703
664,993
735,968
186,423,728
427,665
813,903
479,601
54,321
615,973
53,456,730
72,363
497,848
252,257
23,51,831
394,662
476,778
19,510,791
163,811
695,734
247,722,794
284,367
100,737
41,97,861
717,839
526,673
349,835
477,949
332,875
72,614
288,545,829
271,543
365,974
396,567,680
212,854
146,368,906
502,624,780
652,693,791
432,672,866
168,711,795
361,959
138,697
489,853
11,858,867
774,933
25,358,540
79,687
393,396
605,763,830
401,721,830
74,130
232,697
484,996
375,694
255,750
824,902
553,717
386,518,602
156,711
51,886
192,951
540,661,838
361,674
317,602
225,387
570,610,933
873,985
413,653,814
37,628,817
468,470
507,642
180,354
798,884,920
482,661
516,659
242,386
186,857,893
779,786,832
301,485
265,488
59,468,500
318,650
172,769
323,776,934
452,923
89,515
181,995
705,985
325,845
96,600
734,909
703,820
273,763
509,529
504,949
442,702
312,953
85,464,514
869,902
79,976
238,783,819
213,528,961
394,607
73,443
859,894
333,391,587
208,328,503
544,708,834
179,415
302,883,919
74,138
484,603
315,609,733
733,953
552,915
38,208,401
92,373,612
78,126,679
26,327,433
492,526
347,746
66,327
42,744,833
632,863
137,512
23,136,474
263,434
157,476
352,975
685,743
272,589,930
362,375
856,985
359,491
388,600
39,539
393,735
53,592,927
195,210
629,787
39,271,376
634,701
799,952
76,259
77,115
729,889
622,879,934
279,792
647,767
699,765,928
563,877
144,747
347,400
281,819
620,707
864,934
411,486
501,935
378,692,738
886,887
362,567
496,726
40,709,792
461,488,902
65,197
588,882
178,977
204,258,714
81,150
802,844
118,418
204,409
538,633
288,996
103,485
501,716
134,135
263,279,464
49,452,971
568,583
386,626,952
769,895
185,640
65,716,796
292,384,595
340,810
743,801
112,779
528,840
1,870
362,529,982
482,663,677
189,799
353,594
162,258
779,895,983
17,637
157,976
34,36,893
77,813
115,158
341,549,681
6,273
180,461,474
5,128
620,759
546,807
470,678
106,154,862
144,799
193,361,738
129,398
55,593
282,787
59,302
652,792
109,607
61,792
74,835
246,454,505
24,837
439,680
763,837
525,944
224,792,956
49,205
244,464
411,527,759
470,642,992
276,853
160,599
328,472
27,465,512
166,506,753
283,849
444,589,774
47,570,886
897,906
293,342
39,295,362
468,964
352,411
39,248
80,398,890
145,735,991
370,681,790
10,858
146,179
325,477
252,354,408
200,407
527,584,678
3,227
30,723
251,647
795,867,897
144,553
411,572
48,200
148,989
452,823
711,781
588,649,772
134,316,702
71,382
555,708
299,339
432,893
160,561,680
274,629
292,430
348,351,529
505,615,792
647,706
55,152
204,445
261,710,863
178,562
182,784,909
566,754
306,315,608
543,918
723,978
201,936,955
30,480
134,477,523
569,647,679
24,790
631,658
758,773,798
135,503,741
43,644
413,742
154,351,580
877,971
309,972
221,238,429
77,483
190,390
116,499,630
643,695
963,982
284,429
136,393,813
554,819
320,485
204,808,863
357,468
49,254,588
695,745
576,1000
39,403
174,590
647,648
409,682,783
412,631
17,127
69,96,377
519,627
594,634
8,300,676
21,80,756
155,316,334
252,290
21,810
15,277
676,995
484,566,952
309,966
80,553
491,655
668,757,923
534,629,668
66,680,914
372,488
148,736
433,792
246,772
666,927
321,805
701,954
559,978
568,643
45,174
170,179,366
430,558
39,109,288
42,975
281,504,766
363,815
1,670,786
92,315,645
285,443
280,284
683,856
277,569
274,435
13,799
453,695
529,566
83,361
524,618,958
457,815
634,705
131,368,695
48,266
56,888
603,655
404,789
6,510,542
150,154
31,566
155,233
106,333
91,171
531,714,904
750,812
102,863
97,365
136,230,518
107,212
25,581
425,974
445,710
253,622
1,219
454,648
568,947
196,792
117,345,569
728,755
218,707,741
601,623
20,346
350,533,750
236,626
360,364,617
158,374
168,327,938
448,731,889
161,749
259,361,796
514,583
531,970
630,707,868
124,854
213,506,943
231,993
290,395,562
251,395
289,419
182,476
569,718,990
291,753
196,567
800,810
730,847
14,365
750,947
593,733,867
476,601,736
40,637
469,754
314,709,950
57,107
514,843
636,730
116,675,994
3,405
52,607
108,132,472
166,504
724,917
59,454
3,816
117,433
664,906
116,396
268,314,701
145,607
241,282,753
47,381
187,300,717
84,128
609,620
497,636,798
11,251,906
715,730
363,861
844,918
8,353,428
304,351
30,195,771
505,578
455,866
133,942
42,321
674,861
551,785
108,586
22,352,455
507,730
141,261
522,759
81,116
160,859
432,524
50,440,785
223,333
93,717
353,396
75,165
101,466
853,916
140,226,767
369,883,893
521,548,857
53,502
228,353
875,972
215,258
469,836
614,986
132,747
145,162
233,592
449,896
90,844
542,957
132,855
333,975
443,625,889
141,873
636,851
34,722,738
232,890
127,524
544,612,636
374,883
377,664
192,352
560,621
404,673,802
763,939
89,376
246,713
949,978
736,995
588,888
13,902
530,765,972
222,258
176,857
714,939,969
56,496
64,261
375,917
139,215
385,985
78,836
265,794
777,830
308,833
10,963
667,900
839,943
178,332,761
32,109,965
90,187
200,205
341,551
125,689
397,641
321,656
595,987,998
169,473
57,514
772,956
878,914,990
488,649
497,910
1,309,540
391,500
112,543,782
308,777,983
235,257,835
132,359,587
852,934
151,404
854,988
289,931
558,580
593,690
836,899
454,603
41,196,996
20,114
162,343
368,555
83,128,978
178,784
185,617,786
391,694
942,1000
637,797,890
374,568
10,200,949
768,939
748,812
26,742
282,283,363
97,487
96,699,974
148,448
449,596
161,949
213,645
97,712,775
722,878
151,525
303,660,942
206,226,605
333,957
275,639
136,592,740
215,947,948
151,722
12,151,946
58,505,578
40,586
221,462
348,791
723,894
12,457,725
304,403
93,365,637
496,902
308,997
95,457
182,913
311,842
232,380
26,626
23,125,212
122,362
13,589
66,627
229,975
73,237,738
727,935
276,698,962
472,879
550,595,888
922,958,963
103,573,589
150,217
237,460,721
157,661,741
58,498,864
85,443
275,879,982
621,731
165,591
262,631,889
8,797
211,551
297,700
246,627
599,970
65,878
302,515,685
856,967
3,975
37,427,984
304,388
83,611
585,775
33,344
227,647
202,269,864
526,832
144,315
98,649
428,673
507,590,734
729,813
1,138,281
323,498
353,410
157,195
135,420
168,204,846
17,435
6,78,819
172,331,498
108,953
307,547
217,479
98,462
288,567
163,381
54,641
51,389,960
170,727
125,527
145,378
539,790
82,147
798,997
332,419
533,964
143,636
53,319
42,831
370,955
63,722
98,882
18,601,798
218,683
73,356,866
545,722
184,513
17,80
394,531
748,765
873,976
2,896
263,890
352,441
41,43
318,454
398,409,484
539,650,998
863,873
311,720
76,261,863
565,991
451,481
557,855,902
41,132
819,912
285,714,770
235,421
195,841
924,977
106,447
259,512
501,519,853
437,502,774
152,430
579,790
183,499,744
107,431
350,794
40,219,987
69,135
360,876
32,193,252
79,614,941
678,781
791,883
112,687
509,986
874,902
35,491
446,504
236,390
401,566
327,706
818,833
889,997
109,925
168,376
108,182
138,265
321,522,787
327,377,925
261,317
93,760
111,535
410,443,887
173,556,734
66,501
439,603
770,865
303,416
397,917
263,491,932
353,860
79,673,733
344,379
524,687
187,233
81,823
79,105
209,454
197,615,650
46,175,681
257,456,583
904,951
144,215
111,359
364,666
634,713
433,463
79,273,789
123,989
392,812
106,574
460,965
545,771
270,848
87,258
29,461,614
782,985
354,674
39,304
721,815,988
113,292
113,543,848
90,796
29,934
107,561
238,713
387,877
715,920
112,382
61,694
398,569,861
334,408,737
39,788
284,824,916
581,619,716
77,252,751
478,553
61,232,406
72,237
331,993
351,848
7,177
173,194,211
136,601
149,602,627
313,518
348,363
291,306
379,615,944
29,213,270
431,698
3,853
112,966
333,955
186,437
287,444,683
278,636
199,657
279,309
166,583
185,973
69,747
223,343,803
728,840
49,690
248,384
173,689
59,251,511
490,588
836,973
718,845
767,887
80,320,732
184,610
439,454
81,922
248,294
874,878
59,174,257
228,483
898,914
344,843
255,547
484,855
168,276
290,535
308,967
444,487,732
14,537
330,930
33,729
295,573
503,612
544,877
834,889,957
685,862
2,3
16,295,658
188,586,821
97,144,164
68,598
308,335,563
141,367,409
553,648
447,600
313,384,556
210,374
321,811
403,810
292,592
282,373,631
611,741
369,391
315,927
381,440
130,192
230,575,978
84,447
147,646,933
216,478
250,522,995
617,774
235,391,984
274,489
378,485
204,292,569
436,637,819
650,669,752
367,452
448,680
469,964
162,174
357,430
323,665
916,919
115,533
328,905
586,653
290,675
184,721,797
236,437,873
199,404
259,801
149,933
4,597
236,807
23,250,643
214,293
510,526,598
629,876,894
611,682
447,726
581,944
335,352
13,904,908
365,782,898
373,908
102,941
606,892
142,163,769
19,443
777,830,902
702,781
578,984
151,849
261,390
42,88,785
307,438,565
20,700
251,798,895
182,201
199,421,979
163,510
807,882
576,980
57,746,952
440,769,941
473,476
256,719
459,856
209,358
1,977
104,537
733,905
354,661
6,788
231,535,716
132,300,700
541,583
291,766,958
271,294
86,297
68,422
484,495,716
67,698
16,948,991
405,453,496
81,184
638,907
113,284
886,963
76,296,392
416,803
86,290,689
142,415
136,735
409,825
178,859
54,223
75,396
319,552
77,456
193,814,943
215,961
31,439
335,937
83,264,403
419,709,765
24,251,962
487,624
323,553
394,720
287,424
689,918,968
44,373,951
205,644
451,734
366,996
380,481
351,478
750,782
89,473,852
31,84,977
455,845
123,647,680
95,836
19,748
466,816
273,337
4,526
747,770
682,857
107,520
516,843
116,678
195,812
9,908
72,232
248,464
380,749,759
668,710
373,678
252,660,780
241,342
693,954
292,931
476,744
261,785,826
333,893
705,874
284,366,913
219,350,635
402,532,535
49,322,975
331,430
244,427
491,757
102,373,594
451,501
211,533
180,257,518
565,690,772
42,163
175,615
635,937
568,878
400,756,990
301,340,630
500,889,975
128,839
137,431
474,747
289,559,614
203,745
237,313
525,956
404,571,767
171,497,709
392,722
102,568,705
849,961
451,670
11,146
151,489
152,843
94,874
328,672
294,439,597
234,526,746
198,895
91,343
243,594
581,652
369,686
711,758
112,331
652,832
724,850,937
426,831
118,847
939,998
172,446
76,147
513,646,797
152,385,694
238,320,710
267,395,781
454,549
791,939
156,948
365,596
551,700
669,763
436,582
157,169,260
134,976
12,401,528
110,454
36,184
142,276
813,899
580,847
769,921
773,828
127,525
28,836
59,920
305,905
598,674
307,594
458,561,910
316,516,547
469,804
289,397
665,798,964
397,723,948
88,632
303,451,587
215,977
7,392,671
720,778
103,402
593,960
183,751
617,891
257,561
51,854
116,860
622,866
309,374,826
538,795
154,972,974
60,498
404,704,914
662,685
434,452
615,990
42,652,834
95,195
462,506,874
83,617,674
247,297
107,205
311,909
265,822
473,712
694,867
693,697,796
244,559,707
68,247,631
58,767
53,851
626,927
201,615
610,920
699,762
676,959
442,837,914
259,318
439,659
579,991
716,717
222,349
320,796
54,231
27,501
754,779,964
357,770
216,513
566,986
677,883
34,807
515,623
472,610,794
525,825
222,294
490,539
221,825
682,898,970
588,853
597,936
593,643
712,982
114,428,954
295,523
145,822
292,646
440,819
43,343
889,952
799,932
291,728
261,621,810
63,781
427,807
629,857
149,619,819
162,712
279,867
66,722
425,939
157,503
370,930
471,688,835
51,425,911
380,994
47,453,903
460,468
554,843
143,485
96,495
149,554
507,636,833
106,784
404,997
240,587,916
775,910
154,322
390,800
606,911
252,332
750,821,854
616,906
180,845
286,943,979
642,995
168,968
35,529
103,709
548,775
307,599
80,172
55,146
157,354,537
270,512
613,762
329,362
638,693
46,123,324
18,186,600
42,473
625,851
90,246,938
227,923,976
98,113,360
395,889
780,864
328,774
85,156
150,568
243,512,565
441,664
365,399,556
831,922
287,631
46,361
109,794
306,899
198,463
588,639
397,962
658,998
248,776
912,971
3,218,309
94,773,948
199,396,451
63,589,948
208,906
82,181
640,893
206,654,837
247,252,607
181,346
39,592,607
443,832,974
182,976
126,157
692,958
533,535,654
718,813
144,651
207,262,596
90,837
335,459
413,551
482,616,915
69,300
118,354,441
298,597
289,532
832,860
178,367
6,351,502
602,694
54,554
642,744
964,987
150,286
270,863,994
322,347
155,944
283,980
529,645
492,810
139,230,713
603,613,621
795,921
143,216,810
891,897
700,749
483,561
84,516,958
140,185,866
461,778
557,861
891,943
282,623
176,838,968
457,900
152,510,673
334,487
373,864
662,977
66,941
74,994
463,498,621
424,577,823
70,673,898
282,951
83,244,815
120,513
606,846
40,135,554
620,639
28,242,887
587,811
361,684
386,937
247,992
22,346
283,308,743
266,409,584
311,548,949
256,350
670,961
341,676
806,871
193,326,515
755,946
328,364,900
210,660
196,554,893
133,229,965
297,329,693
479,911
157,394,617
575,838
171,495,790
245,762
855,908
588,704
362,825
135,302
44,370
48,340,855
276,365
338,890
14,156
65,225
702,952
528,737
621,682,853
914,960
2,708
694,726
72,926
341,621,873
27,30
137,981
193,736,821
105,603
716,809
181,311,422
112,356,370
597,789
333,962
201,251,254
632,917
132,210
403,715,995
63,95,958
234,729
831,889
269,958
86,133
899,931
19,876
395,686
226,420
169,666
533,818
239,291,677
111,319,880
471,987
476,685
203,723,760
351,766
548,884
189,739,809
118,196
198,476,515
750,905
206,380
286,882,917
432,529
231,453,620
208,410
366,745
314,613,970
93,411
283,485,793
763,946
34,545
156,842
37,196,542
219,761,835
679,710
77,528
348,482
190,767
385,637
648,756
47,235,383
46,810
492,933
715,821
263,683,827
259,671
63,168
614,740
637,827
320,729
445,967
366,428
114,960
393,489
125,243
809,944
695,833
65,359
275,401,576
184,797
289,738
327,856,981
111,734,824
253,464
611,872
336,497
504,978
441,833
146,388
624,886
416,741
112,379
198,800
378,456
92,210,614
625,768,771
70,361,398
387,791
306,499,584
11,158,351
711,883
95,688
565,715,820
434,649
359,619
846,890
138,744
257,521
421,536
181,777
217,816
873,923
182,448
710,991
37,326
9,24,676
243,404,939
362,530,765
17,593,870
258,772,919
422,877
245,619
276,541,858
143,615
396,496
604,880
3,779,804
346,695
47,55,919
437,668,982
580,920
74,271
307,460
296,597
146,864
69,316
387,418
75,167
28,935
34,164
351,940
487,859,921
9,743
642,653
385,647,944
114,785
389,600
93,731
48,539,801
90,118,673
453,811
806,881
124,555,755
213,430
366,884
279,413,917
272,866
113,858
246,688,935
213,264
490,972
173,400
922,935
1,975
365,511
562,723
689,874
809,938
231,901
152,503
200,862
376,747
237,934
235,318
116,591,785
141,927
56,464
573,819
161,521,868
317,329,712
114,615,688
498,530,933
192,252
727,875
426,826
403,903
853,963
379,538,796
41,309
385,959
559,775
561,626
346,544,835
475,641,752
613,942
510,761
247,411
67,777
704,857
268,952
393,771,775
653,974
365,573,792
360,391
405,988
509,548
65,634
44,963
115,993
189,461,514
568,698
254,962
53,750,772
83,139
157,986
102,161,185
17,212,569
173,933
414,894
834,916
67,622
71,373,921
92,488
205,870
617,792
738,771
88,715
115,350
142,426,507
471,973
5,943
101,992
88,745,770
448,576,703
466,733,867
189,626
42,244,473
362,528
312,438
42,882
89,128
176,487
16,35,46
589,987
191,515,917
66,526
270,881
789,817,827
19,137,271
393,487,950
186,212,902
1,55
154,808
388,452,686
107,825
512,790
523,529
33,855
616,850
232,818
103,225,411
201,339,440
671,710
504,749
340,618,781
309,835
38,300,894
132,431
628,636
44,340
535,889
38,856
305,479
441,695,999
701,791
708,761,823
486,913
174,371,945
203,654,766
405,647
385,923
447,965
176,305
224,757
22,94,269
105,387,684
64,946
344,756
183,900
325,540
114,164,273
463,465,767
534,739
70,768
164,578
216,243
487,553
62,513
51,292,415
135,417
484,502,961
120,941
23,276,331
27,598
423,530
733,783,884
154,959
577,727,894
20,571
341,780,885
582,935
365,615
64,375
324,981
643,867
521,559
169,780,896
570,612,759
635,756
37,592
327,648
40,227
496,540
357,910
532,608
362,526,783
85,147,149
417,986
440,466
128,813
5,304,514
106,286
450,633,761
260,266
107,680
33,842
292,706
210,640
32,772
303,803
437,757
204,801
622,653
206,376
164,567,823
86,198
352,448,916
365,743
138,433
25,171
52,466,822
135,740
21,359,378
226,903
256,727
616,793
134,412,487
301,473
617,861
626,810
237,950
28,361
36,391
115,440
277,552
140,410
37,409
134,946
766,982
2,652
248,923
286,742
117,471,802
63,701
751,815
587,818
123,186,755
90,330
563,736
290,407
731,939
840,966
6,310,710
205,533
302,553,988
263,907
44,823
462,772
195,263
28,619
179,404
265,351
13,509
47,54
349,807
389,453
433,543,675
176,925
98,230,557
345,674
55,163
216,966
509,653,758
226,390
135,764
649,715
386,524
566,646
446,565,832
108,564,751
134,425
286,326
527,649
557,715
574,605,895
62,872
156,755
234,359,653
144,263,745
56,877
449,520
339,841
342,978
255,520
135,404
137,209
246,287
163,625
665,924,995
314,406
316,440
5,285
275,915
319,680,767
125,494
464,752,972
80,143,394
80,179
330,567
253,948
15,374
25,265
12,77
907,981
242,268,677
164,474
304,607
309,430
313,369
514,545
276,465,709
414,663
262,475
426,906
277,613
31,222,754
168,481,819
98,763
218,774
191,274,500
174,500
158,371,830
210,363
259,420,500
873,984
42,662
166,352
310,410,722
305,454
47,924
107,159,850
192,814
238,637
303,587
208,266,535
41,637,859
452,971
105,421,569
100,554
45,625,992
620,651
475,564
638,738
732,807,880
358,457,874
543,641
691,868
97,460,465
14,586
58,699
300,523
326,829,997
186,570,780
16,553
112,268
428,679
105,609,899
538,714
357,635
407,770
563,865
189,241
3,948
6,371
78,987
838,879
253,604,792
536,601
86,101,943
576,973
488,752
157,330
452,750
342,711,757
142,473,779
171,243,582
458,602,985
133,368
699,708
280,827
57,516
339,617,986
426,794,861
433,985
18,448
101,925
132,403
223,588
16,74,671
238,974
697,840,974
230,859
257,957
591,992
92,236
383,532
443,860
49,414
159,768
414,618
467,514,558
72,744
267,998
109,536,668
435,587
175,204
7,36,621
164,487
664,968
477,499,720
24,111
367,419
211,966
538,922
274,322
414,549,742
541,881
619,846
195,394,839
264,653
139,653,796
565,581
562,629,729
267,744
174,702
220,543,658
477,950
599,662
235,811,992
421,483,698
166,467
491,813
117,899
69,857
145,758
200,565,689
304,450
256,374
71,373,442
161,242,358
129,227,326
448,613
683,873,969
703,874,923
275,525
256,474
492,870
243,971
559,845,885
924,942
376,615
471,905
257,730
60,618,977
668,683,987
11,124
514,516,932
218,369,723
450,553,860
286,821,831
451,725
447,721
165,610
368,691
646,968
25,635
133,507
534,689
12,248,789
443,746
39,595
58,893
258,940
121,221
401,481,774
115,231
24,818
217,284,835
571,861
58,324
92,696,781
273,337
578,883
309,460,818
58,918
340,569
395,455
107,568
526,602
354,945
1,36
402,577
157,272,394
755,785
136,164
517,722
354,827
436,609,693
222,328,904
280,296
450,781
574,588
20,220,619
665,830
445,731
254,651,748
85,285
1,439
419,582
862,909
232,445
270,444,654
388,643
43,765,887
276,601
76,508,925
188,933
260,589
390,735
758,809
495,637
166,744,829
307,369,816
295,594
173,512,848
264,289
253,631
962,984
153,547
175,219,454
737,757,775
802,985
715,922
396,658
612,868
877,938
59,544,636
304,645
643,831
136,237
554,639
360,520
651,858
88,483,850
557,709
69,590
259,428
489,910
134,174
111,966
211,240
49,532
253,857,899
169,644,768
136,471,778
375,546
126,543,651
391,710,927
251,434,830
11,858
26,651
588,733,851
199,458
12,608
179,279,599
82,580,858
61,199
25,934
225,796
652,772,847
255,333
251,937
159,747
212,897
860,991
254,952
467,477
223,834,995
431,753,899
280,446
500,533
245,768
669,859
570,757
118,123,829
261,808
451,991
329,650,805
342,589
463,565,842
672,874
541,644
65,404,938
573,797
87,761
76,880
337,424
295,378
264,372
275,433
357,854
915,921
254,937
72,355,542
283,968
180,407,540
303,593
207,731
112,585,776
685,805
741,932
148,231,807
7,648
796,923
224,868
235,278,997
139,910
910,959
629,706
477,753
73,242
491,758,838
489,893,919
371,589
356,527
53,325,563
187,571
79,85,789
528,904
689,902
48,70,619
97,612,986
160,945
43,574,961
176,178
315,894
210,766
222,639
404,890
360,773,910
37,147
75,661
53,271
630,707
109,691
784,842
312,896
317,337
617,764
135,704,838
471,606
181,853
449,778
619,842
851,913
709,996
281,691
116,574
515,524,949
147,261,692
537,556
65,273
206,987
200,841
349,824
382,604,991
282,911
283,628
62,458
239,831
332,581,843
107,736
104,314,973
268,931
785,938
571,742
461,885
652,812
452,895
689,915
243,795
227,744
79,213,285
734,883
2,378
101,432
357,675,756
156,934
111,644
603,785
150,254,568
522,649,679
574,834
584,647
433,450,539
163,561
658,663
299,510,722
303,690,865
413,664
362,778
186,267,915
16,87,437
44,180,614
300,343
554,672
256,451
116,460,804
122,177
37,339
395,873
251,400
90,271,890
885,967
367,830
106,163
140,149
81,777
405,593,831
38,231,290
24,332,649
110,133,542
5,896,907
727,919
189,415
320,885
210,693,707
350,355,723
168,233,422
131,806
62,190,365
6,996
107,164,602
271,558
139,861
43,200
121,715
4,48,691
96,518
224,938
666,828
773,949
32,966
794,985
90,633
214,348
347,883
441,541
700,762
36,170,244
161,727
786,870
348,906
823,974
133,807,920
184,928
410,451,713
855,965
591,695
168,694
522,750
301,528
826,867
1,749
305,399
34,264
14,771
88,620,622
112,394
642,822
470,640
277,680
573,748,860
676,755,923
174,423
500,773
104,434
452,663
697,812
646,905
589,751
166,520
679,808
25,236
282,534
415,551
340,712,933
560,921
200,908
417,452,686
773,888
16,43,252
248,985
236,707
321,640
107,205,980
426,452,820
202,783
24,784
22,370
191,512
279,965
646,694
579,955
518,571,682
656,811
387,733
251,553
576,666
454,618
210,942
398,705
515,862
439,912
6,387,400
119,538
139,805
143,773
44,358
185,520
220,410,670
161,338,480
657,822
294,356
281,739
670,878
318,949
14,412,900
401,617,771
387,991
68,542
747,984
844,880
283,768
347,939
66,318
49,173
257,415,452
77,265
511,590,671
552,795,949
274,826
261,808
169,601
253,910
457,957
57,482
203,532
198,488
522,854
457,1000
810,895
205,223,662
540,957
626,702
323,976
26,994
874,921
406,443,578
338,679
530,843
828,896
483,678
211,884
394,696
547,937
206,424,913
226,299
653,962
136,285,409
10,350,975
32,253,595
225,569,844
104,973
680,832,989
165,286,913
354,582
571,806
80,353
130,702
393,692,827
149,261
606,665
42,565
57,739
473,769
4,163,353
711,870
354,585,778
124,281,491
604,788,824
320,553
228,365,505
32,447
977,999
341,508
263,503
565,587,754
564,655
484,497
737,795
499,948
234,534
323,394,650
530,741
62,427
222,425
9,127,392
798,802
617,660,908
586,626,836
187,730
109,588
227,456
226,607,671
173,466,826
284,841,850
195,202,314
367,975
34,966
252,961
144,334,394
323,600
568,745
483,490
224,600,682
18,172,610
632,688
389,988
621,987
28,79
887,939
57,304,876
591,790
535,613
154,749,995
237,631,886
334,779
59,793
223,552
474,866
40,328,617
175,783
569,702,819
515,642,690
52,526,706
507,984
32,419
195,963
150,307
252,443
302,486,810
718,726
64,781
128,758
745,819,920
883,999
701,871
407,777
386,580,724
179,966
613,627
22,311,589
445,518
633,857
168,428
123,301,387
202,367
288,881
292,778
492,783
146,676
241,843
711,948
93,124,783
142,327
465,849
160,875
180,244
34,582
528,712
751,880
122,650,776
344,390,534
402,432,837
497,956
202,656,905
84,655,771
265,465
446,633
16,387,706
75,549,726
32,156
244,289
90,950
642,644
343,777,829
575,689
37,374
290,840
310,458,842
525,581,875
70,225
721,946
545,588,851
299,774
57,284
343,593
381,773
422,541
101,572
555,820
83,740
263,666,696
708,952
270,378
111,813
634,875
335,467,853
229,649,882
606,820
112,625,721
14,371
663,714
368,430,811
1,191,691
610,734
282,999
50,573
83,160
218,477,885
105,174,857
234,552,604
464,531
17,50
209,344,462
806,893
895,936
152,430,605
207,537
222,428
318,361,571
388,858
221,935
399,619
75,416,556
36,148
794,847,915
232,844
510,701
259,713
198,201
114,119
24,73
16,78,546
444,473
138,976
222,604
238,357
490,671
122,673,696
12,582,962
139,581
603,806
265,650
192,651,759
218,387
280,331,705
303,713
337,513,954
444,915
153,457
30,314
2,93,436
174,416
104,359,885
315,963
47,668,935
672,983
155,230,771
222,496
745,832
812,912
603,731
388,856
274,871,932
327,361,398
809,857
619,639,885
109,436
23,203,412
67,167,418
315,620,624
62,398
354,773
420,541
392,903,946
744,773,978
307,366,678
383,415
557,721
253,670
259,576
43,779
551,988
52,74,224
168,261,617
460,881
39,433,471
274,967
752,929
273,697
353,369,584
436,712,789
715,744,995
253,482
355,734
130,338
251,460
169,857
177,379
647,961
259,676
896,992
375,409,767
15,77
232,791
488,553,866
2,859
669,719
118,387
432,449
484,769
361,998
148,382,882
338,442,703
4,658,892
272,995
83,782
533,893
9,171
389,526
395,601
375,620
260,364,425
224,710
729,1000
392,454
568,593,729
207,819
244,909
9,151,187
