605,895,939
77,111
442,825
78,857
494,567
107,599
452,582
538,948
625,665
704,748
366,479
339,796
545,973
660,735
198,445
74,243
64,181,288
383,540
19,73,566
333,736
387,871
7,107
139,539
168,507,645
378,407,678
751,957,960
210,359
387,817
155,759,893
200,670
160,724
909,976
822,938
508,652
433,675
283,548
574,621
277,754
378,380
287,378
325,416,529
44,996
406,866
234,412
552,593
401,836
593,620
585,860
36,557
223,817
651,966
359,536
215,429
372,890
246,886
26,730,982
336,874
72,812,818
594,760,863
144,312,845
59,686
141,208
243,694
282,960
332,504
41,657
316,361
214,230,877
512,558
396,908
657,829
401,769
405,522
34,226,936
128,421
272,645,834
10,690
188,944
136,706
118,992
99,114
828,897
188,798
16,326,789
602,859
109,699
643,929
6,165
263,572
46,603
724,841
118,625,639
731,782
238,252,497
344,504
61,389,597
216,740,793
333,823,907
917,1000
385,445,693
75,205,870
31,390
577,817
118,910
929,988
198,318,504
136,865
532,841
514,858
449,669
684,926
887,981
82,195,581
346,603,716
268,490,796
424,426,1000
106,164
717,931
276,322
219,371,841
177,497
105,620
54,454
204,757,935
234,260,997
77,805
185,988
573,662,910
29,481
400,953
778,829
638,940
40,144
626,735
304,826,940
528,909
100,535,928
135,888
633,877
540,992
522,650
130,174,455
6,862,887
163,919
131,646,867
136,150
33,254,326
301,735,739
160,947
164,453,834
157,752
31,146
884,905
103,134,240
131,613
370,741
116,527
302,612,912
209,804
527,846
38,243
97,810,957
193,652,959
272,779
604,917
23,405,853
536,578
3,575
196,284,960
117,464,737
335,431
94,103
257,583
486,654,769
753,765
523,811
99,296
115,403
557,587
384,941
259,737
400,435
80,665,956
240,285,429
135,261,456
639,933
389,460
108,624
694,757
86,87,850
500,650,833
155,262
519,919
536,649
74,191
7,10,493
318,581
153,919
602,952
616,809
595,965
24,158
540,639
4,970
61,177
122,152
148,792
560,658,863
54,719
273,365
224,375
341,358
96,494
518,725,935
86,544
73,96
625,671
684,849
778,811
440,610,768
493,779
284,699,754
377,623
228,587
186,290,387
367,411,802
204,236
814,924
490,529
22,34,595
46,425
567,581
780,973
591,611,644
625,646
136,550
34,96
59,378,958
631,770
512,951
640,772
929,977
199,356
462,686,728
368,819
313,760
342,758
882,971
220,233
417,644
3,767
744,759
246,811,878
109,371
142,176
482,786
549,633
262,520
507,527
638,696,833
426,524
134,1000
284,400
597,640,794
305,805
253,885
318,432
786,811
197,287,348
343,597,651
137,576,875
208,623,674
663,800,839
501,605
403,463
107,577
73,229
223,769
447,473,700
883,929
218,242,915
145,777
60,121,888
5,160
232,238,815
245,701
132,147
149,207
794,994
287,289
101,653
574,831
20,36,679
317,364,909
49,155,804
314,430
459,531
537,731
744,792
239,312
297,354
77,954
686,811
3,149,395
64,163,875
230,899
680,757,871
995,999
454,779
180,631
601,726
368,417
279,285
385,584
107,313
36,384,911
50,398
45,63,673
60,575
352,829
504,723
34,447,847
126,458
393,722
288,566,697
129,494
255,681
655,943
190,470
332,569
260,275,841
52,492,552
18,693,982
745,787,987
100,814
431,489
660,845
425,691,710
43,96
204,734,857
913,946
2,252
622,689
362,791
445,598,957
679,965
37,576
88,129,442
94,925
651,811
56,594
634,694
490,998
145,798,855
915,980
411,473,700
59,731,775
125,452,975
413,585
88,96,725
178,574
19,63
66,276
713,860
599,600
65,345
282,492
134,497
144,225
189,225
675,845
69,198,780
635,885
284,418
107,271,382
841,858
515,544,903
111,479
385,687,998
485,562
60,656,941
603,844
289,581
485,594
458,505,868
374,768
152,692
372,462
373,996
15,131
141,817
135,869
75,401
1,13
691,882
459,912
74,308
584,995
217,982
330,348
695,975
133,418,745
8,850
298,868
225,253
112,117
436,929
383,886
298,337
927,937
54,801
231,993
721,911
46,610
289,576,902
136,567
477,827
400,543
101,224,546
501,862,911
157,411
106,932
110,544
184,434,645
138,156,697
605,696
154,883
288,525
25,824
310,737
404,456,873
488,540,775
83,340
101,270
541,788
403,678
6,528
75,776
45,381
427,939
229,868
250,945
385,863
254,402,621
497,546,636
636,740
398,755
50,208
213,531,960
422,651
572,588
406,717,881
125,328,594
738,818
3,207
119,931
299,334,637
240,577
247,871
353,383,969
199,939
109,213,268
219,526,669
746,921
87,891
548,778,950
456,543
409,793
193,498,994
388,719,748
433,746
241,822
813,898
35,113,532
167,870
43,350,770
110,857
379,451
316,413
282,879
168,997
19,283,735
266,560
573,723
819,882
19,423
407,544,733
29,915
97,799
74,682
240,938
77,989
624,832
111,372,918
528,672,743
139,329,537
40,681
387,909
39,552,846
208,637
330,733
566,995
291,703
529,616
301,780
136,737,805
29,502
232,950
63,560
883,975
49,117
224,271
395,407
389,408,514
804,1000
91,341
232,429
606,814
514,593,931
526,820
502,838
334,916
136,703
226,386
190,498
745,966
328,785,787
515,941
367,833
399,638
73,516
131,246,584
52,61
263,678,882
597,937
382,839
65,840
43,335
781,920
324,976
214,644
19,458,702
636,790
70,336,840
85,615
289,315,367
488,525
12,430
333,598
754,988
217,241
270,781
660,764
25,756
420,604,723
258,597
175,727,888
120,919
348,810
145,164
139,431
166,786
190,761,865
148,987
294,325,488
163,617
366,380,873
203,953
542,912
401,427,565
108,386,964
223,872
121,687,846
2,520,691
273,938
285,361
25,703
266,963
111,142
192,264
474,946
742,950
476,524
247,714
80,540,876
377,787
250,314,840
103,352,827
95,541
238,400,927
184,374,680
617,969
371,940
195,623,631
585,913,938
4,173,373
630,669,829
229,280,462
301,495
66,377
6,418,446
370,674
218,475
86,865
358,792
63,287,710
12,261
439,647
104,798
293,865
52,101,897
456,773
310,609,653
746,830
211,637
243,367,821
95,465,499
569,857,921
860,875
181,259,480
40,598
252,476,927
233,534,775
193,577
448,518
340,538
379,814
107,896
166,217,631
175,815
271,958
229,823
5,984
182,404,840
303,946
224,261
109,637
136,342
346,505
72,172,600
583,830
451,861
454,632
263,853
167,626,881
290,428,953
396,646,920
212,392
383,643,713
697,912
147,517,668
132,302,602
160,221,792
568,810
256,865
528,791,985
590,697
131,449
310,544,843
622,805
168,476
360,571
559,823
255,592,888
712,775
210,273,472
642,668
729,999
134,588
61,591,972
269,898,920
501,571
106,161,998
147,970
270,652,798
7,267
281,992
239,338
98,429,668
273,606
25,325
237,746
330,436,825
203,643
325,690
139,761
9,712
606,961
37,631
451,491
551,877
798,943
203,267,557
230,730
824,863
144,523,813
74,759
45,301
163,561
384,521
492,682,964
593,785
410,544
143,260,667
371,718
802,946,947
269,509
443,763
244,254
35,790
180,290,737
871,997
133,712
516,552
309,330
302,451,466
367,767,825
312,436,879
842,900
19,52
56,436,591
219,311,470
105,894
661,753
86,396,457
464,638,871
734,738
88,789,886
97,109
572,648
460,589,855
98,128
147,272
346,562
319,402
84,702
441,842
341,588
140,712,909
213,390,888
244,810
363,649
89,590,862
500,987
340,452
2,520,534
350,749
292,521,819
150,834
734,782
575,647
18,834,960
208,356
107,406
64,563
814,900
642,695
347,429,814
222,313,346
277,559
297,861
149,553,695
69,872
284,981,993
78,781
320,407
13,836
175,337,768
588,690
383,624,726
90,209
393,473,683
622,777
754,928
308,806
2,977
558,750
270,782
46,257,735
24,889
232,436
255,596
601,897
129,832
281,942,962
354,900
26,478
808,993
133,390
224,409
158,594,870
117,135
680,765,974
210,288,587
112,412
599,637
312,671,826
29,530
410,644,877
30,550,577
395,632,766
558,885
62,908
808,923
22,980
223,623
107,726
731,786
574,679,695
432,449,614
43,134,231
615,956
331,617
557,789
528,817
62,664,950
637,694
290,760,870
42,589
124,506,675
748,797
554,637,835
34,218,660
728,861
205,290
88,550,866
181,476,539
9,860
833,895
736,990
102,418,576
590,733
695,834
257,356
26,43,90
344,865
413,547
569,692,878
510,691
238,830
311,537,745
311,569,827
525,735,958
980,993
30,284
77,296,384
264,919
667,780
568,598
253,892
135,181
109,211
146,267
109,814
123,631,788
491,761
341,370
692,900,945
216,393
129,440,527
177,240
139,440,708
184,296
735,934
190,617
851,863
654,863
104,807
331,380,675
726,976
180,561
355,864
835,970
869,893,955
65,213
23,278
81,887
217,831
355,413,968
364,397
576,710
556,823
260,913,954
364,532
26,510
253,602,782
42,364
253,594,767
78,328
78,119
194,478
683,951
562,957
132,161
273,821
698,875
111,780,998
261,489,760
231,982
499,648,806
545,980
715,717,754
520,734
458,667
52,187,453
384,636
670,942
373,446
361,822
813,865
312,645
189,237
325,384
779,819
143,363,533
549,875,964
872,875
544,959
708,847
535,601
962,970
505,685,841
460,465
254,533,862
1,67,368
263,389
67,306
207,587,978
623,649
239,412
583,666
174,304,366
215,237,440
699,794
31,120
750,935
105,143,701
189,491
532,731
1,33,226
690,706
924,937
430,698
101,841
117,566
133,807
7,64
224,457
322,558
174,296
437,875
6,125,718
325,445
691,996
382,963
4,375,875
897,961
666,670
660,796
337,641
385,753,816
455,618
161,170,516
8,781
219,625,967
2,439
129,435,998
153,438,979
174,307
200,208
50,100
94,201
241,388,888
190,625,826
512,544
357,671
441,776
21,747,785
481,807
43,397,502
1,896
834,920
369,831
55,526
114,393
298,682
546,608
505,800
562,621
198,727
6,345
247,609
71,458,686
392,677
131,389
103,697
271,501,919
582,933
462,557,860
504,651
521,761,974
473,718
179,446
400,543,809
551,580
143,842
194,979
96,290
32,529,679
372,797
91,180,456
418,745
114,554,914
451,491
302,937
502,831
565,886
612,876
361,454,601
129,375
216,538
397,824
976,998
229,528,985
375,846
105,614
897,901
815,851
569,830
214,772
30,805
484,894
622,636
240,338
419,879
356,478
860,916
31,933,999
281,504
708,749,851
283,313,334
116,528,710
635,795
442,551,846
307,431
413,815
200,814
207,256,283
189,748
264,427
516,585,588
201,422
501,989
804,885,935
82,353
375,698,924
133,853,868
124,764,987
126,127
957,979
358,815
189,880
957,963
79,250
145,302,927
689,886
88,438,819
623,800
151,388,470
672,869
519,572
183,226
237,437,773
528,978
438,856,868
10,223
1,999
5,67
226,702
116,213,839
90,646
273,531
148,170,468
87,395
5,549,976
41,804
295,308,851
104,229
510,876
401,868
70,396
140,952
781,975
656,915
31,695,916
124,170
628,986
300,981
123,409
373,996
226,379,905
738,796
245,414,704
62,443
531,991
265,518
229,266,999
99,188
57,694,840
720,770
578,635,945
567,771,980
220,510
662,713
411,869
878,996
163,811
491,530,730
574,605,764
97,793
456,824
38,222
650,668,677
168,778
823,845
409,823
252,255
28,218,586
164,720
740,861
55,426,613
404,766
13,134
131,634
554,587,740
469,590
132,525,857
557,911
397,732,965
636,786,936
60,396
651,958
31,663
405,656
112,616,875
560,576,956
8,127
106,242
235,269,527
109,776
314,878
363,422,944
124,267,1000
121,337
266,566
142,555
46,620
237,803
77,548
416,706
492,618,902
355,399
197,608
384,819
58,208,442
27,188
270,807
481,486,833
144,646
349,474
87,842
348,951
53,973
382,679
760,864
567,771
638,755,869
634,801,899
332,909
277,359,968
279,366,750
386,499,914
192,675
565,872
101,219
329,410,817
118,649,956
50,808,988
318,607
560,868
28,998
161,338
215,230,813
22,179
315,470
200,637
125,301,957
254,334,891
201,732
259,538,932
149,216
124,698
53,314,510
506,846
111,206
976,978
81,454
38,991
110,1000
345,845
4,972
631,657,700
528,947
92,764
660,675
104,454
606,783
13,53,486
469,767
883,997
80,151
27,50,797
558,927
142,401,895
5,819
443,693
462,578
437,583
686,816
457,946,977
122,609
295,851
251,492
18,694
183,377,939
10,720
421,881
467,606
222,592
449,642,847
58,965
662,931
178,210,599
316,873
91,162
300,582
391,922
484,735
308,618
120,663
454,766
131,859
244,694
369,799
313,662
315,631
558,607,956
29,90
165,890
577,723,809
46,339
433,686
49,255,851
56,721,977
177,576,721
14,709
346,625,858
416,587,668
479,886
306,661
12,153
238,500
454,608
253,561
418,560
233,498,601
721,870
23,288,499
360,850
120,620,798
505,523
37,569,974
82,772
98,184
147,227
248,472
20,342
62,571
68,281
307,923
420,661
106,294,846
188,565,628
21,641,690
58,123
516,687,949
163,214,827
528,552
593,602,713
859,867
291,448,881
455,572,819
797,886
469,536
340,740
483,533
288,638,921
302,470
183,198,985
150,407,546
625,729
404,409
415,804
671,952
831,845
235,981
682,759
684,844
277,711
291,507,792
4,188
336,351
293,894
92,354,451
36,382,405
70,395,984
411,585
475,646
340,758
534,719,863
278,627,942
642,968
803,884
187,546
758,763
142,491
88,420,765
229,432
125,414
305,756
879,894
301,721
682,769
177,275,547
311,387
188,624
198,887,899
357,410
718,900
551,683
592,991
29,814
412,825
61,593,973
302,659
157,318
84,796
586,738
104,211,302
871,971
301,808
594,814
44,192
554,825
554,677
531,813
31,332
551,741
324,980
560,743
593,621
131,512
202,758
373,743
134,457
189,388
401,928
516,518
207,665
28,239,359
113,673
347,749
458,787
218,283,708
261,687
309,657
3,835
26,245
444,882
110,357
18,933
210,698,708
17,834
530,875
153,179
514,746
103,480
170,256
495,793
606,918,922
637,703,738
48,229
78,312,438
459,625
336,433
251,378
309,351
407,960
291,364,990
145,895,989
401,714
362,375
694,711
801,880
237,926
9,340
25,328,529
160,345,521
69,238,534
612,900
11,490
148,629
25,331
580,929
754,995
101,167,662
371,509,963
347,549
31,128,600
196,1000
449,864
197,371,997
553,946
398,424,711
208,501,692
722,803
376,905
206,353
277,908
145,696
483,723,760
403,946
198,645,943
398,666
456,693
119,846
71,361,605
69,505
556,757,867
725,767
242,539,582
203,828,962
122,407,447
293,687
178,623
722,896
915,956
311,979
451,881
197,364,716
7,130
715,972
472,533,654
20,878
344,443,580
233,961
156,163,924
137,387
192,955
56,352,514
246,400
441,447,718
479,683
22,815
213,862
508,968
171,369,662
163,223,675
90,276
591,981
378,530,831
47,584
85,196,939
464,547,774
163,534
89,356
432,621
13,357,857
63,838
70,545,670
391,401,536
239,408
493,786
499,572
299,482
116,934
133,525
377,659
587,728
327,787
201,409,608
607,644
194,991
177,717
73,192
28,522
96,287,906
369,871
266,284,537
287,975
176,685,912
284,710
107,779
828,834,878
291,802
486,500
343,853
128,286
370,518,946
392,658
216,431
652,711
805,872
192,449
448,586
138,686
15,60,86
146,989
579,732
522,616
104,940
185,526,673
111,280,749
249,638
348,594,893
219,549
234,328,907
761,774
181,659
116,500,899
166,479
566,952
395,769
36,89
430,716
336,357,500
280,435
234,446
426,428
110,556,927
161,672
97,159,299
316,745
686,879
96,258
178,279,505
95,262
105,892
202,588,604
499,786
180,207
178,358,820
113,218
633,664
151,675
584,887
633,843
533,648,937
336,519
9,304
540,629
147,265,895
389,435
212,838
125,719
516,665
132,232
286,547
324,499,572
752,828
375,575
329,569
302,750
294,701
102,762
277,355
200,1000
263,418
135,698
118,716,951
239,305,638
530,834
106,651
333,546
512,670
114,927
665,687
201,387
259,616
934,946
278,435
367,383,564
35,160,177
336,987
168,401
701,750
156,796
144,339
282,512
120,571
23,960
342,833
622,792
529,680
360,498
382,976
54,457,980
417,553,656
521,720
361,712
150,372
165,964
284,822
495,780
489,896
321,949
227,847,941
569,581
886,924
160,327
376,480
7,544,700
77,194
207,957
653,970
285,982
63,320,716
68,931
61,820
725,986
69,533
790,891
105,524
365,655
206,468
136,504,937
404,547
141,276
297,311
863,973
428,478
549,905
354,779
358,962
46,360
467,975
460,809
495,629
33,55,474
63,908
89,571
223,311,732
116,229,571
753,816
357,797,866
13,310
98,641
102,994
278,474
51,511
61,106
704,973
473,589
376,955,958
605,663,812
199,465
298,797
319,380,523
81,260
83,332
180,251
488,815
129,366
344,855
454,586,726
455,798,855
274,310
638,863
164,265
207,794
65,749
667,802
452,686
584,616
856,942
46,98,280
539,964
187,353
423,507,602
649,982
110,956
143,221
265,579,658
287,822
110,845
148,526,685
608,852,943
332,521
120,262
406,646
150,273
104,761
660,907
945,973
28,611,727
276,476,539
387,612
515,615
176,377
434,680
260,652
378,587,782
244,346
266,436
422,763
608,953
317,452
832,837
339,627
415,768
86,357
57,355,362
503,949
108,368
459,763,813
713,947
9,594,720
438,469,629
440,478,772
285,303
17,853
265,808
884,972
397,859
143,397
296,900
285,667,812
139,264,707
490,743
357,953
47,61
133,495,734
469,653
271,797
138,307,866
574,844
35,312,553
71,532
577,818
471,522
52,713,721
558,966
879,899
246,896,912
230,850
1,105
158,728,931
124,385,556
438,603,712
333,422
616,653
165,235,265
609,932
361,964
714,912
262,327
220,554
112,288
134,489,674
40,699
79,105
130,227,450
295,656
215,246
19,852
989,1000
465,617
234,627,967
164,518,775
231,908,984
155,840,857
164,982
340,344
156,393,998
839,926
7,797
605,615,936
87,238
91,754
110,634,805
108,381,840
67,455,967
339,537,966
61,676,767
55,74
438,720,787
342,811
272,376
275,675
303,646,885
134,713
34,183,748
462,946
145,465
144,919
884,929
43,546
219,829
176,858
404,696
140,348
202,326,445
176,286,652
85,476
326,970
198,715
392,627,889
266,467,964
337,350,885
148,801
57,62,984
704,950
314,889
292,612
482,687
306,848
51,637
146,789
3,129
236,692,757
537,681,867
487,772
18,984
78,797
469,568
34,789
114,344,405
222,753
443,481
142,781
623,697
99,678
9,291,853
93,879
220,966
554,579,831
339,361,837
32,800
821,845
288,385
105,759
334,614
801,872
879,984
49,477
818,907
397,464
47,506,795
528,793,881
343,770
4,413
565,880
170,322,749
744,818
375,863
423,520
325,570
624,769
160,951
783,862
452,815
135,352
475,875
349,547
457,609
866,878
129,399
553,795
76,238
210,277,583
193,257
753,779
72,123,557
22,610
757,933
4,171,749
346,768
367,436,481
296,399
97,555
581,948
465,617,818
6,307
101,379
562,572
116,235
6,854
97,293,911
701,827
54,762,770
38,365,596
302,713
77,918
355,477
52,677,698
420,907
466,739
553,618,974
83,216,789
92,785
560,684
120,488
289,936
123,539
574,626,823
765,956
610,635
261,863
281,950
264,740
272,419,899
220,957
434,790
138,399,503
44,449
166,169,239
311,757
68,524
318,722
157,673
31,722,905
229,960
469,553
129,239
221,290,528
773,804
698,720,944
508,938
134,806,917
123,455
520,633
523,925
574,721
894,980
64,171,481
285,432
48,387
660,852,961
157,782
25,173,588
276,498
366,724,917
759,791
465,869
396,848,984
426,615
151,266,732
229,612
97,721
121,270
162,168
69,103,158
124,689
414,698
598,639
101,255,550
49,81,701
155,749,915
585,934,937
84,210,293
20,888
434,577,580
385,780
668,970
374,472
517,963
52,821
57,638
189,264
37,312
259,815
7,11
364,903
422,424,474
12,998
595,953
87,395
55,755
159,882
45,304
203,401
436,511
589,733,738
467,654
822,944
145,165,474
5,796,905
110,341,900
84,99,950
282,970
6,846
289,484,992
180,993
528,775
218,437,794
34,472,703
430,801
769,970
127,142,268
662,816
624,940
392,876
378,780,981
347,780
579,722
78,234
86,427
394,749
140,494
245,504
47,950
194,897
156,274
106,392
251,302
160,893
538,910
719,754,776
253,339,411
785,904
118,448
643,867
556,693
835,976
98,104,331
163,742
240,560,685
470,976
643,828
146,187,529
33,416
270,676,920
23,387
90,403
281,656,955
36,388
281,932
522,564
621,752,844
660,849
52,564
172,826
583,790
349,667
9,745
379,696,802
409,562
213,561
269,400
265,369
359,453
17,374
620,737,753
662,997
77,531,766
122,556
278,752
430,444,715
224,516,795
108,360,365
82,773
91,481
516,809
165,613
11,341
136,610
199,369
99,177
240,293
550,683
241,646
183,811
173,446
129,475
132,400,468
411,433
216,994
501,736
415,531
390,604
27,529
75,207,241
498,709
260,576,702
407,717
102,258,880
88,135
588,816
784,796
454,489,836
307,710,908
154,711,837
441,461
407,703
397,790
682,724
82,534,877
323,458,603
62,729
59,839,864
253,559
165,264
660,886
407,772
169,856
296,773
4,811
288,572
117,465,576
463,560
744,979
690,985
255,409
286,542
220,787
66,194,374
298,644
302,944
200,911
186,608
207,541,826
150,340
40,710
445,978
548,801
239,694
349,756
629,760
120,489
207,988
289,628
81,236,753
90,272,757
306,478,863
754,765
661,902
864,921
804,859
57,277
59,275,743
334,895,917
158,906
175,862
183,733
349,420
90,304
256,306
519,550
139,770
146,183,509
682,717,729
293,368
825,939
39,953
420,664,684
148,506
546,919
287,378
779,864
176,506
495,676
75,334
74,446
7,696
373,464
379,398
491,818
26,283,803
161,285,508
202,598,811
127,330,662
248,709
53,500,656
453,901
528,805
175,354
402,627,923
145,522
693,752
422,590
8,770
577,618
223,990
328,710
476,998
204,846
185,601
547,720
287,290,906
507,889,929
622,945
244,692,875
475,585,772
276,493
73,983
323,649
10,572
134,276
252,316
494,594
3,616,873
282,954
143,572
348,449
227,542
122,615
238,396
31,521,902
272,690
619,855
363,676
54,172,705
58,494
34,919
438,507,931
124,452
538,555
367,773,782
197,419
79,498,978
54,530,582
151,788
693,751
28,995
749,916
55,324,420
586,681
178,193
269,710
772,908
277,696,937
40,890
15,277
337,951
498,985
230,513
316,670,920
315,918
120,657,956
379,583,775
7,917
521,547
280,489
713,726
249,924
9,38
431,814
489,557
224,927
49,793
365,603
444,838
642,664
21,481,998
533,772
654,785,787
391,544,766
348,774
583,998
951,991
430,780
534,641
738,889,954
644,939
350,669
255,833
12,878
3,470
214,481
41,119
107,654
286,470,659
297,300,515
62,979
297,652
250,256,827
559,819
276,813,986
283,698,901
417,637
311,558,857
121,747
325,848,873
403,657
220,380
360,460
86,363
84,204
47,567,859
228,880
97,388,700
350,692
319,714
253,719,889
533,555,796
207,558
8,52,759
33,883,916
7,961
534,768
149,989
100,405
452,497
342,909
259,646
23,699,947
420,577,833
94,528
84,420,711
535,847
207,391
393,565
210,801
126,619,739
3,136
76,946
166,830
443,812,911
534,568
525,858,903
47,475,661
273,391
111,723
741,748
415,723
71,87
319,469
305,399
434,658,753
235,772
524,611
361,882
410,476,768
330,794
208,546
177,724,809
269,558,676
491,886
101,938
372,495,626
611,848
443,536,739
698,710
448,664
456,968
415,925
320,383,946
198,342
251,319
290,301
188,580,738
261,528
264,599,657
389,504,827
670,998
266,387,459
113,152
201,884
38,136,521
3,163
161,784
571,830
84,725,736
284,645
605,990
255,375
247,398,467
243,942
246,457
385,585,701
396,848
278,879
574,859
101,900
187,489,831
77,462
111,326
376,755,955
76,574
546,779
344,434
817,955
122,247,972
321,838
517,711,976
134,819,876
75,101,320
536,781
863,998
208,272,974
105,477
542,565,882
348,862
289,482,562
330,620
348,438
166,722
186,828,961
79,270
272,880
176,418
228,277
402,406,907
3,815
16,269,299
311,672
62,763
468,617
138,468,813
10,76
397,907
742,825
316,474,635
527,926
110,472
415,816,830
67,94,369
103,838,872
126,197,514
181,551,799
615,636,900
638,977
13,362,585
573,979
622,945
244,634
322,355
626,634
282,420
82,170,283
461,649
469,786
484,864,947
162,190,668
33,183
59,101,402
588,733
518,647
133,428,627
133,282
530,896
316,805
19,821,970
677,939
44,420,648
203,388
349,855
85,204
199,873
234,623,698
375,413
215,737
200,830,993
121,794
308,449
82,165
821,907
708,863
149,180
121,828
131,716,832
235,254
251,749,820
209,957
29,294
142,157,705
149,421
75,220
115,330
15,638
523,643,780
731,913
498,606
249,494,522
48,822
399,891
450,571,723
550,779
256,454
490,782
41,671
325,770,998
20,349
173,189
222,558
7,780,857
8,540
264,870,905
82,737
819,864
558,909,946
376,554
78,245,689
302,561
10,380,699
392,679
460,690
531,711,798
311,562,861
143,606
94,550
634,730,932
68,939
509,563
412,757,776
232,696
667,697
38,575
154,944
283,565
422,528
760,857
111,353,818
623,682,727
932,945
238,535,891
152,624
304,389,817
590,714
6,32
13,968
79,578,760
195,673,877
153,501,649
539,824,927
89,471
60,729
74,279
386,686
334,646
89,334,579
48,520
53,581
753,992
853,978
412,669,957
177,759
387,851
585,942
346,929
13,826,857
149,488
686,893
338,949
212,623,916
244,440,534
313,942,947
773,910,946
174,519
41,133
86,885
826,978
114,691,996
285,401
92,442
294,957
36,199,665
272,566
227,740
163,351
423,840
134,580,790
45,481,873
210,396,480
496,897
181,477,817
311,526
71,79
143,578,952
208,831
357,755
266,321
23,398
97,636
169,436,675
880,933
551,995
258,589,944
375,995
512,514
18,508
215,677
410,635
359,804
107,907
476,906
535,956
94,648,818
340,773
234,735
119,570,699
78,167,278
290,596,820
399,533,583
381,718
71,471,809
192,260
281,564
520,834
346,413
85,857
338,419,968
374,911
729,849
96,920
225,846
419,429
399,641
527,644,752
332,902,916
207,865
383,407
328,339,670
67,663,798
25,223
311,412,780
100,691
16,377,776
266,532,870
74,562,601
66,772,888
344,741
299,527,816
496,706
839,981
815,984
387,596
15,501,704
274,672,937
666,724
309,494,783
203,320
104,628
103,762
699,710
267,593
111,722
198,376
571,572,862
564,651
351,857
549,752
704,940
815,899
33,798
448,502
320,492,758
430,438
130,875
19,321
517,976
293,673
52,152,607
868,991
300,697,935
301,527,558
145,686,752
185,348
240,378
354,465,474
36,50
251,466
142,333,429
627,687,870
412,429,433
99,247,313
58,837
173,835
577,628,664
527,618
486,998
134,657
104,790
401,463,514
53,843
92,574
44,291
53,277,352
193,271
586,710
339,413,447
356,911
89,331,393
43,62
6,929
346,714
325,522
5,426,493
177,244,325
139,408
78,996
376,701
119,583,630
298,913
28,692,937
405,416
218,801
79,545
84,104
792,989
519,725
103,943
35,558
35,178,610
287,841
99,341,776
79,158
237,535
278,816
256,570,623
2,927
16,492
374,839
542,892
456,607
123,953
180,457,609
180,693
751,821
617,828
370,417,485
138,140
208,426
131,141
281,481
306,829,874
873,930
13,413,448
391,863
188,864
258,894
93,868
211,379
507,534,846
283,851,890
939,961
228,235
333,569
128,386
152,766
82,701
6,756
178,812
43,295,838
189,565
152,185
228,389
42,335,641
132,610
279,671
743,969
9,327
3,559,846
294,893
613,671
722,988
430,830,937
533,736
387,863
40,440
613,728
356,733,794
201,514
299,739
712,825
819,938
274,698
427,580,755
417,541
664,978
332,786
133,260,624
75,225,603
229,281
190,997
42,50
76,203,243
930,935
165,994
341,446
246,440
82,274
10,284,990
839,876
569,708,773
480,986
312,898
547,892
124,329,338
23,269,530
599,819
194,709
480,985
40,89,943
46,896
14,594,687
448,477
495,620,989
403,507,673
31,965
834,908
199,282
37,125
182,356
154,605
375,947
499,752
281,880
138,458
684,848
444,749
227,983
426,802
310,355
478,815
794,829
217,689,871
176,616
474,914
383,824
15,799
20,127,277
568,577
310,602
137,717,822
16,536
101,245,891
125,863,999
126,403,967
228,895
432,831
358,784
19,541
215,252,397
640,872
36,741,928
15,336
706,744,859
826,828
834,877
709,807
102,607,734
87,475,488
874,994
690,815
588,733
187,379,461
20,690
212,745
430,902
351,875
488,508
783,881
116,449
461,531
89,493
242,948
108,656
60,539
25,511
88,490
660,702
181,403,899
794,808
101,193,971
431,953
129,866
170,245
55,983
281,488
338,426
738,988
220,720
465,938
253,624
79,415
349,588,617
49,793
372,952
352,638,887
41,192,946
117,207,230
596,962
276,816,834
431,776
24,703
251,807
144,436
246,616,884
723,930
451,835
109,476
389,749,901
371,510
184,658
258,689,740
623,960,973
117,505
476,846
157,694
248,518,827
158,457,824
179,495
122,424
222,225
603,992
56,822
864,874
104,302,950
274,680
326,374
67,364
434,859
263,792,855
372,684
138,553,764
299,366,862
345,506
838,872,933
187,808
255,540
652,779
8,594
198,730
251,266,387
109,483
365,374
673,720
111,851
544,914
14,76
143,181,781
669,833,995
50,671,890
188,434,651
577,865
442,572,796
232,529
28,34
168,284,348
160,289
116,378,532
540,729
209,588
299,665
631,719,831
20,343
41,917
685,721,767
304,480
486,888
395,470
90,840
208,361
651,774
21,69,626
85,741
264,350,542
415,571
756,987
386,862
257,686
466,497
196,635,782
591,957,970
624,802,859
91,335,521
132,350,476
200,398
527,807,879
623,684
130,286,723
151,849
311,457
532,956
341,497
437,576
14,178
951,990
143,260
89,760
393,699
556,598,928
82,690
649,808
117,504,843
341,446
117,143,678
293,723
843,943
817,852
624,960
170,534,801
103,117,661
292,470
139,968
59,257,961
29,317
801,804
239,641
132,475
362,801
215,560
49,843
12,278
104,618,695
504,534
248,501
371,411
561,960
963,989
446,721
439,709,995
111,369
413,448
162,747
503,730
306,574,963
691,893
572,695,983
387,426
516,701
702,843
867,981
223,228
8,563,658
516,877
230,486,735
582,638
33,640
39,49
28,303,634
627,732,785
278,558
388,918
140,222
750,826
686,911
470,682
145,939
151,152,891
351,666
900,919
4,15
701,954
443,724
67,91,839
80,819
197,446
374,426,568
461,900
397,672,898
51,602
22,947
62,88,158
378,639
651,806,937
656,888
143,716
360,455,763
515,661
211,509
724,760,978
739,798
333,739
547,911
120,442
92,108
127,561
295,752
205,592
314,508
86,230
77,501,926
236,512
849,920
607,621
378,627,957
37,488,514
139,181
105,453
148,514,602
26,615
444,464
4,850,995
323,437,989
262,528
20,91,314
253,444
217,691
248,694
197,446
241,546
339,861
807,844,890
108,165
665,814
71,950
337,640,971
370,684
336,875,877
250,299,463
82,799
765,916
194,209,961
290,971,973
653,949
88,951
428,843
193,981
265,612
293,462
16,504
153,901
232,960
442,589
90,236,351
113,507
32,174,450
412,428
844,904
256,870,943
523,553
192,734
604,698,728
704,804
134,466
163,959,982
619,879
33,620,776
639,851
106,278,898
53,400
367,643
388,994
930,968
71,179
85,106,191
116,591,967
770,791
78,961
136,248
626,660
312,859
298,330,552
192,526
121,281
939,970
97,688
48,320,328
578,623
331,519
86,382,505
565,800,863
198,452,772
226,877
574,773
347,598
124,488
463,775
571,727
232,691
292,423,872
827,867,949
60,214,371
87,198,544
361,962,996
77,550,718
288,415
54,796
460,572
90,980
166,283
24,296
111,157,431
338,367,937
601,942
1,131
231,554
540,682
270,515
58,267,895
979,981
4,306
235,346,549
97,373
334,831
737,771
16,31,324
367,897
351,727,731
888,984
579,832
85,770
133,645,825
61,752
173,254
48,414
68,423,625
618,818
81,817,908
381,401
77,292,454
47,81,772
708,850
253,879
20,915
776,864
382,779
631,767,791
596,675,728
790,796
46,375
814,867
175,276
553,911
97,274
622,699
257,954
34,156
41,841
37,311
149,594,822
251,738
822,951
595,748
21,87
298,881
663,755
508,872
662,984
400,546
120,215
284,815
554,871
749,770
238,503
338,400
430,480,987
228,819
96,533,656
107,326,650
1,628
119,836
36,39
190,293
198,985
253,869
168,532
344,469
218,567
37,966
396,937
123,386,743
69,316
666,713
398,799,988
76,126
22,639
702,885
287,824,853
221,755
674,946
233,295
192,649,666
74,204,551
103,854
800,812
414,724
27,579
288,786
358,610
43,811
57,247
736,874
115,372
239,502,610
435,542,825
400,807
407,511,574
380,621,680
182,551,888
667,767,924
106,968
195,344,460
492,879
786,905
449,491,633
96,196,857
221,678
177,257
82,804
119,565,679
107,308
593,907
334,524
594,849
329,622
227,555
82,175
164,283
620,844
33,166
497,620,719
260,602
83,227,814
340,837
399,480,927
269,523,573
38,787
507,574
201,346,616
262,377
739,919
77,343,830
7,16,614
329,824
251,979
149,855
375,811
229,279,726
793,852
44,353,550
133,416,680
211,550
262,775
189,199
653,901
477,561,824
359,375,708
371,505,925
371,904
438,612,905
284,758
34,880,894
22,133,714
242,428,446
294,472
90,277,472
205,749
353,674,989
174,322
220,272,910
174,825
487,700,920
729,879
286,334
513,528
102,135,173
60,785
103,170,506
333,787
540,650
290,436
654,842
193,747
277,356
462,596
341,869,970
235,971
742,970
462,675,897
126,334
678,720,775
336,448
644,726
589,624
388,892,928
63,851
187,487
331,514
293,876
24,529
118,921
141,185,776
293,514,737
275,629,906
421,513
855,861
399,514,738
283,399
728,812
145,717
252,877
380,663
232,419
338,533
786,824,965
549,621
174,437
232,320
204,768
556,956
88,174,894
166,336
311,401
346,591
531,953
706,909
190,842,954
187,356
458,512
16,393
548,616,885
60,758,929
181,539
79,416
144,323,820
50,708
631,719
298,317
117,838
287,543
47,884
54,369
5,531
429,697,813
279,778
259,357,935
117,476
44,441
768,888
580,653
56,606
126,232,266
308,855
401,983
22,229,358
564,643
53,811,884
167,739
732,973
376,470,890
52,860
482,612
204,787,868
508,756
57,539,730
729,764
340,747
400,497
620,980
668,936
197,498,934
28,776,892
590,636
244,622,651
98,196
161,283,430
47,150
195,454,894
4,794
432,652
187,299,590
501,622
736,741,954
109,286
386,710
99,286,876
615,783
24,92
348,397
270,378
258,369,900
187,424,784
704,776
194,317,702
251,639,679
168,785
606,680
269,611
634,762
384,680
60,250
343,379,752
167,639,845
181,585,809
489,579
443,884
724,808
153,749,772
416,705
341,426
255,430
621,854
481,592
964,997
270,907
723,860,898
124,339
199,681
111,199
27,835
61,78
558,771
373,911
56,440
130,263,387
218,486,749
209,445,804
108,341,474
563,618
199,413
120,845
59,882,992
506,520
90,448
251,625
22,545
53,400
86,416
6,855
456,671,906
775,925
120,183,739
513,898,961
30,108,356
712,717
222,637
297,714,717
545,678,836
98,535
549,706
46,495
310,457,486
262,344
2,129
231,481,977
507,606
338,591
169,545
31,107
16,665
180,245,508
378,819
378,707
112,274
267,738
297,777,844
236,415,804
265,955
541,805
402,458,804
5,975
68,487,906
94,429,557
124,793
38,64,755
254,868
5,262
7,546
197,290
418,782
365,871
794,945
343,686
36,934
13,548
317,428,971
64,486,914
87,889
675,719
248,554,714
113,776
104,655
287,526
572,598
608,788
86,198
489,625
98,142
104,153,755
59,302,911
70,583
390,539
465,574,981
200,693
342,371,491
442,771
374,544
10,755
163,387,517
38,681
15,888
608,851
329,489,577
439,834
207,265,686
622,995
558,848
838,988
621,990
467,469,670
487,960
153,469
673,729
615,900
129,418,911
325,409,634
37,775
67,507
701,754
609,908
98,653,766
166,515
80,536,912
256,779
39,176
792,993
541,677
503,559,811
258,424
204,810
202,721,775
556,781
394,954
209,494
137,346,745
288,747
81,244
464,716
651,846
535,738,937
539,558
274,339,364
596,935
565,749
19,269
834,930
529,677
369,709,942
377,937
392,511,1000
373,621,746
446,728
23,945
646,897
775,942,978
134,360
95,218,950
518,638
170,641
374,515
433,678,823
58,67
743,753
20,277
96,439
396,888
190,450,471
649,796
146,538
403,552,952
175,627,678
181,558
286,461
238,242
25,518,937
449,479
168,777,802
118,552
481,865
119,836
334,517,637
83,418
177,192
119,127
208,245
314,651,753
924,994
149,385,982
544,786
146,228
416,426,529
287,752
354,719
165,565
130,484
643,849
834,857
501,741,965
164,445,938
761,904
59,673
156,766
460,974
300,738
10,498
432,962
353,785,894
126,492,844
323,780
489,736
99,187,206
467,721
10,188,938
436,713,841
142,334
129,788
227,663,892
367,801
251,761
146,808
711,867
423,759,885
30,894
231,303
67,231,698
113,824
424,971
90,160
416,529
150,672
84,565
523,772
38,961
136,152
293,410
250,794
916,917
245,871
506,749
234,823
108,780
11,858
248,502,791
447,468,991
6,696
294,747
120,146
308,617,837
84,393
210,409,884
97,443,883
695,869
76,446,621
468,664,768
775,861
52,207
365,412
139,448
661,715
751,982
256,708,815
115,342
329,530,696
764,803
351,583
335,990
88,340,495
239,350,969
383,570
488,634
40,836
132,476
280,387,433
300,666,984
208,517
201,438
55,836
170,230,544
22,529,719
457,892
184,818
251,361,558
627,996
117,163,425
898,917
416,631
135,921
793,963
28,117
62,449
125,243,745
210,398
79,675,699
139,478
452,592
115,205
158,860
574,877,914
32,207
509,983
169,603
362,488
425,954
24,557
626,770
132,504,833
129,245
14,17
191,818
204,345
36,91,453
278,606,967
19,593
663,669
283,478
629,769,886
40,726,981
298,318,510
6,140
137,463
427,612
679,989
48,802
617,787
90,161,306
56,68,724
369,820
131,387
46,298
159,463
62,450,479
398,477,554
259,727
187,271,658
182,430,742
351,452,672
182,742,937
514,553,991
479,605,858
369,955
50,738
432,985,992
272,888
470,604
188,190,611
537,670
383,421
427,451,617
234,517
785,812
386,447
214,520
104,226
209,304
176,394,460
149,151
240,450
441,461,623
293,797,867
334,524
350,706
302,695,919
690,806
537,591,752
53,705
14,820,853
772,933
443,818
444,543
825,955,971
670,778
319,854
449,514,537
390,623
50,586,796
443,847
169,965
46,289
12,167,693
437,835
370,800
630,646,715
487,679
28,878
471,741,906
556,930
566,793
582,712
588,944
753,770
624,964
24,248
579,631
10,607,728
381,571
500,567,597
351,519
88,297
199,847
245,312
342,776
160,223
88,398,858
98,252
73,630
126,235
119,682,702
317,673
281,302
331,453,618
595,905
92,861
156,866
153,159,991
54,395
590,593
4,248,762
183,761
257,576,670
455,779
442,523
106,977
30,376
213,752
256,750,975
220,330,693
173,286,547
709,951
320,376
340,740
151,438
812,847
341,674
484,708
147,216
449,648,912
261,572
658,812
297,825
416,481
61,416
220,236
30,615
54,277,830
163,535,961
427,453
152,987
465,652,822
908,984
142,227
55,265,324
415,503
517,905
516,773,872
194,225
60,229,640
105,812
29,704
436,562,662
128,723,858
482,649
500,634
160,625
215,366,792
43,595
547,652,699
282,733
254,464,967
228,239
462,743,981
201,627,673
810,876
452,727
209,356
19,313,720
52,167,897
126,275,792
352,376
61,83,601
176,790,939
256,734,881
64,405
255,630
150,634,703
155,207,815
108,747,958
463,781
98,466
373,400
177,686
144,341
832,858
275,329
388,623,806
210,238,504
311,660,759
302,525,836
147,420,965
50,60,459
621,686
538,915
346,579
660,769,859
91,550,842
94,240,620
750,989
578,727
70,295
772,974
291,553,856
328,775
581,720,803
199,577
495,532
95,100
584,862
37,76
751,825,891
83,566,593
221,222,734
50,587,738
159,710
683,712
41,578,884
883,903
330,333
162,825
63,229,995
292,812
151,160,869
288,959
792,881
73,238,845
343,418
114,864
700,835
214,626
474,515,954
73,960
104,530
338,583
467,822
312,907
801,884
242,901
635,692,708
473,919
663,761
591,959
335,648
183,409
443,680,695
226,257
192,537
6,153,482
289,844
35,236
137,537
262,542
332,645
128,491
256,450,501
29,559
129,457
719,796
106,546
226,505
76,601
298,591
443,595
527,854
160,483
203,383
87,245,929
112,607
148,798,865
151,319,564
37,467
352,647
96,445
228,659
14,423
331,983
89,335,928
504,995
267,826
53,643,953
887,982
69,338,794
157,800,963
75,679
287,319,576
525,901
373,897
290,374
221,417
620,741
636,939
193,334,923
62,485
165,501,620
157,441
78,280,726
430,656,884
736,746
530,763
255,295,840
6,153
447,948
189,741,765
80,97
627,780
74,162
248,725,777
41,826
474,880
531,953
60,87
338,868
227,585
45,305,472
499,808
749,778
276,567
62,750
224,995
223,783
416,658,736
367,687
585,952,989
558,945
306,385,446
336,667
909,949
73,364,967
788,880,931
40,438
203,330,713
327,895,1000
597,887
260,940
309,566,715
365,474,600
35,278
12,153
50,584,814
299,665
567,833
161,865
173,625
530,772,824
572,613,633
491,943
354,365
40,65,459
212,448
51,667,745
139,163,478
194,429
100,668,925
8,71
480,959
482,784
233,524,945
45,549
149,414
326,563,588
524,612
145,249,839
508,672,866
193,254
560,905
540,837
145,362
601,624
561,908
1,193
666,854
12,687
247,534
113,751
86,218
333,928,983
265,549,637
867,918
423,459,849
72,356,886
525,753
134,786
166,787
402,540
121,848
514,560
124,619
162,556
549,771
224,548,899
634,901
26,328
533,890
3,247,351
359,452,457
591,731
66,247
69,795
830,904
181,224,506
447,518
598,755
43,116
66,318,439
375,490
754,877
226,228
107,840
66,138,582
147,447
129,932
485,681
564,667
4,753,857
182,224
747,846,968
427,956
126,787
19,780
429,862
72,563
61,103
397,567
332,479,928
30,349
134,684,739
459,604
104,542
169,785,787
195,659,894
311,919
328,546
224,817
535,630
420,707
551,846,887
45,360
226,341,668
609,690
36,965
349,374
536,686,903
321,358
7,836
153,594,882
174,604
614,929
259,795
96,141,341
342,779
251,284,699
106,539,672
3,355,624
319,433,639
48,319
453,509
539,983
356,763
756,768
25,245
105,241,271
120,311,544
609,616
284,573,606
26,359,661
492,757
814,835
98,858
44,304
95,969
472,885
632,753,813
354,388
529,681
287,668,910
439,872
960,976
161,214,742
613,705,754
186,374
480,836
209,421,911
827,984
19,807
729,756,987
70,217,772
75,881
201,660
432,511
170,342
173,206,464
762,901
79,677,971
461,983
786,876,989
514,634
360,453
541,858
473,580,664
394,451,900
351,559
577,665
769,860
466,604
514,744,788
315,979
297,1000
165,172
539,733
151,238,645
220,828
479,660
382,963
400,824
310,901
57,357,915
153,429
215,582
10,758
117,760
401,785
43,357
41,320,991
108,157
632,898
504,561
470,896
169,328,372
243,592,676
13,395
222,389
373,825
258,966
120,402
813,959
210,389
381,451,886
472,525,753
26,462,527
487,536,711
702,787,942
64,296
158,603
134,465,964
55,88,837
24,939
161,701
269,303
863,929
50,363
403,447
271,658,777
43,144,395
56,259
241,705,862
288,300
78,604
33,35
292,912,976
497,869
406,515
142,286,684
12,64
589,892
170,520,561
393,700
601,742
55,461,620
745,929
10,65
233,739
275,287,593
47,794
194,897
274,687
474,589
505,861
243,558
87,322
95,186,833
640,788
303,846
571,868
190,624
230,803
287,655,781
80,310,509
393,951
282,409
836,959
336,634
359,814
307,794,953
405,855
689,692
53,482
477,559
115,603,893
190,517
219,282
322,924
496,780
593,821,882
112,644
184,485,835
247,584
952,960
329,888,982
101,318,901
890,915
587,894
153,297,913
76,472
307,401,442
203,459
237,689,709
243,339,372
162,683
163,319,806
824,957
148,827
178,859
458,713,829
522,839
300,783,961
197,242
523,720
202,949
791,946
310,870
85,385,719
707,957
413,829
632,646
497,890
813,861
359,708
677,930
39,786
144,630
871,947
754,883
444,961
459,856
496,580,974
530,556,597
276,609
28,238,527
458,667
384,518,864
23,40,521
166,406,748
54,164
336,538
247,295
60,320,667
426,580,953
35,237
74,288
534,586,737
491,951
796,898
307,757,983
508,651
76,530,599
284,942
13,259,518
223,884
208,871
485,529,718
43,237,336
31,179
245,322
767,778
288,575
94,790
818,971
135,285
492,678,685
179,453
53,322,413
74,898
150,224
363,497
536,791
130,252,820
195,374
3,307,846
704,821
283,887
193,222
205,860
459,482,990
124,877
156,516,986
106,322
428,472
291,924
479,895
255,449
477,629
101,480
364,558,573
46,549
192,380,676
174,755
343,762,959
125,734
75,859
622,795
756,943,945
171,230
129,756,986
531,568
163,209,696
205,711,827
502,872
575,632
572,739,755
163,439
274,866
677,700
718,911,956
173,511,928
617,976
401,458,671
628,763
115,593,942
312,613
462,543,742
76,929
38,736
53,609
693,851
12,121,132
409,730
269,386,789
37,219,942
148,650,980
174,674
495,881
18,899
45,288
600,806
340,819
39,960
320,574
790,893
302,388
323,841
378,978
808,989
210,700
57,915
387,971
380,489
154,620,652
335,521
161,737
410,873,967
17,861,926
60,756
275,411,676
35,955,960
233,558,856
540,625
7,645
110,929
482,511,519
1,696,939
156,742,873
168,428
142,146,880
708,764
149,212
339,765
263,451
320,463
429,839
67,519,837
274,476
404,885
758,992
699,856
365,896,905
65,433
24,752,786
975,994
180,933
278,401
327,491
544,816
519,899,938
295,400
44,138,506
468,542,772
647,689
64,559
237,397
459,607
95,384
438,693
22,278,511
11,62
155,829
155,937
705,767
136,303
322,616,927
434,584,930
327,819
865,885
283,322,622
378,773
202,369
439,582
744,981
439,648
111,326
167,775
409,577,930
32,216
324,471,664
16,747
106,771
447,901
22,505
581,757
607,783
331,374
853,976
670,710
17,751
103,548,656
276,901
178,301,992
923,969
393,521,965
644,888,929
78,704
63,934
355,844
276,653
241,988
759,871
349,615,637
397,647,694
53,866
441,779,894
215,283,857
409,555
337,656,932
52,126,317
96,101
965,989
123,450
127,928
309,597
530,817
62,363
229,953
174,871
85,307,774
393,998
138,801
50,216
352,661
333,613
557,986
221,698
222,856
631,690
100,531,534
93,140
930,995
345,952
282,442
75,257,675
369,633
465,784
715,751
374,823
104,488
37,824
6,273,714
574,795,901
78,387
84,451
363,489
167,746,949
7,512,579
320,456
103,256,495
469,850
720,897
464,679,814
118,233
363,637,718
242,609
215,708
138,566,838
74,902,976
71,828,979
205,626,820
91,328
281,703
225,584
821,951
242,409,998
227,930
610,674,829
156,296,479
163,653,773
743,996
563,937
366,833
918,984
350,534
362,666
417,774
625,799
277,857
169,725,781
68,675
53,643
329,558
216,764,910
107,776
578,902
576,826,999
73,897
278,669
201,575
462,514
1,505,652
71,243
476,687
105,526
215,283,815
604,795
256,569
104,719
384,388,707
9,239,391
154,871
825,980
189,769
28,849,992
240,767
283,304
623,689
185,787
374,649
244,516
840,871
955,968
136,234
1,489,490
424,779
235,540
311,459
621,709
127,709
675,979
256,291
249,972
221,422,990
247,866
497,578,801
254,469
478,663
754,765
526,807
179,717
358,785
634,844
376,887
451,881
18,826
526,758
570,666
760,971
885,915
682,735
205,707
53,468
3,81
72,103
110,304,578
242,887
433,507,971
337,766
714,971
277,368
48,421
2,322,399
308,417
119,327
249,810
179,340,920
447,958
825,859
256,445
34,326
628,663
767,890
124,793,921
71,292,605
203,511
527,649
382,521
485,668
147,579
508,762
551,834
251,682,759
120,668
18,181,207
106,842
498,568,885
458,535,746
144,202
23,499,863
198,980
98,100
693,801
63,434
826,960,1000
489,935
321,495,996
213,636,797
243,320
358,523
98,388,451
787,990
463,762
228,286,662
606,851,980
14,56,670
318,696
112,239,542
466,517
61,505
65,505,540
271,862
10,196,962
108,602,618
437,608,817
529,800,880
184,398
94,600
107,173
92,454
110,817
42,855
482,484,485
94,208,426
1,334,615
108,157,856
287,957
20,82
97,755
107,733
267,323
233,878
389,488,543
13,246
237,340,379
95,346,864
279,284,432
228,570
445,502,511
144,946
215,959
229,569,815
549,631,668
407,752
580,600,956
874,910
759,967
381,837
482,490
105,156,696
92,725
248,915
81,503,872
182,300
773,930
249,569
252,870
805,933
54,914
126,160,528
134,535
31,241,490
211,392
434,497
109,493
361,458
156,221,974
426,806
640,930
281,534
446,662
154,488
158,627
406,592
192,373,630
728,903
177,527
310,848
62,487,919
29,413
730,776
199,488
322,982
496,823
227,617
697,937
142,285,450
25,404
29,815,887
6,792
15,122
512,562,828
208,764,982
229,540
220,803
42,537
27,74
774,809
780,804
148,360,737
41,245,787
12,503
220,422
445,697
784,889
257,475
426,515,864
782,967
92,320
112,609,901
132,207,415
44,711
126,438
694,963
37,985
565,605
216,892
222,699,752
447,687,716
246,935
367,821,955
635,703
293,623
69,295
14,387,890
577,619
86,504,520
415,581,634
907,946
566,703
393,405,591
296,577
311,888
892,905
72,711,943
297,407
263,977
343,636
603,695
191,211,739
703,775
934,992
409,543,976
35,71,76
352,442,523
75,496
37,68
867,930
403,422
146,334
525,780,806
9,503
536,569
285,409
425,966
682,804
389,391
345,576
294,986
265,411
391,861
240,450
132,479
88,672
28,764
249,562
477,657
52,317,372
98,976
283,285,672
130,967
35,545,913
78,905
660,702
666,708,773
299,763
214,504,848
182,245,646
678,770
81,283,877
145,299
342,575
25,661,863
197,402
32,369,839
2,64
598,974
158,297
241,896
377,394,479
525,875
259,804
112,873
35,760,990
585,766
343,757
19,936
237,352,920
91,393
139,210
74,375
72,563,719
115,225
276,283
390,701
37,233,291
96,186
369,452,973
79,987
303,770
261,306
204,276,300
116,765
356,871
368,798
308,736
388,621
110,621
205,378,744
211,339
85,189,784
452,939
300,620
123,427,493
293,721,996
392,684,894
58,444,450
384,909
423,609,884
3,952
735,826
33,411
152,247,634
47,666,815
152,720
794,834
594,967
121,327
55,901
425,881
62,761
314,545,813
247,661,833
622,859
231,430
178,551
193,501
19,301
147,887
371,546
10,17
696,867
54,517
483,714
137,666
504,510,670
317,436,992
27,372,813
295,582
239,646
457,982
130,393,789
17,549,851
60,804,938
287,625,882
571,579,750
2,325
572,589
761,886
243,929
952,962
34,911
488,726
395,769,917
327,420
489,588
246,486,867
806,946
505,816,838
464,547
176,263,646
308,627
417,448
548,795
480,867
835,972
761,989
386,655,842
123,203
554,562
403,610,680
571,765,774
360,425
198,559
704,825
34,917,928
59,792,942
173,330,972
601,735
121,647,937
804,824
70,496
153,524
3,293
207,422,964
706,991
355,981
103,163,353
142,912
243,660,940
213,875
191,334,738
403,753
17,446
133,945
16,584,811
23,183,274
331,615
712,720
735,978
215,457
178,662
245,336
431,484,748
255,534
160,526
691,713
24,515
310,525,878
32,835
168,441
511,753,961
466,925
403,879
361,906
612,988
140,265
91,790
388,542
141,883
313,424,744
247,810
8,965
605,832
124,135
635,803
418,540,955
104,814
325,432,568
609,827,877
77,842
374,707
109,334
602,760
430,809
508,742,833
525,705,864
100,658
131,968
411,818
2,396,998
512,706,995
474,648
11,279
93,990
615,854
51,140
616,642
157,453
846,857
128,379,734
464,731,815
360,427,895
342,476,694
42,604
55,559
535,598,776
273,950
275,485
507,688
344,382,835
554,780
153,325
79,840
603,923
593,837,984
66,396
257,705
37,498
398,796
246,253
4,187,568
341,665,842
324,637
507,615,706
2,11,487
2,643
257,676,951
727,887
240,680,903
361,602
270,836
49,351,794
238,436
19,646
345,593,836
139,181
521,613
332,761
505,766
503,772
273,771
443,900
85,324
443,986
366,572
398,821
444,768,771
187,765
416,598
353,385,474
34,478,579
599,862
386,773
505,999
247,369
131,150,773
380,537,992
138,394,791
202,371,463
376,880
384,842
295,506
456,584
314,753,811
317,358
33,892
83,848
204,742
5,479
81,204
162,664
88,420
48,978
470,633
235,411
5,143,432
321,554
577,663
213,608,895
821,910
113,913
407,767
495,854
132,304,551
498,562
282,917
133,639,925
37,992
74,78
6,421,999
394,665
316,512,685
223,730
743,867
252,893
554,818
244,391
400,705
64,198
441,572,726
81,811
214,303
727,935
370,702
30,829
300,955
151,282
118,668
428,718
568,605
25,255,452
83,541
423,660,946
34,471
7,38
528,782
559,880
111,388,976
28,131
105,291
479,487,588
177,820
39,262,783
892,931
220,826
63,576
179,726,882
725,843
210,884
427,895
68,489,780
209,525,986
169,779
379,485,524
241,426
365,725,900
1,33,42
82,729,824
431,474
19,429
722,733
378,505
388,579
170,337
487,854
692,732,860
312,317,371
28,279
387,772
227,241,996
629,646,836
446,576,970
481,548
171,199,230
538,761
376,480
209,243,600
403,576
58,386
193,302
218,304
140,768
23,66,871
302,556,702
507,779
187,668,889
935,946
363,659,754
327,612
192,962,996
248,598
232,548
169,651
36,783
90,445
4,592
184,497
82,92
129,906
566,702
76,192
473,759
237,669
308,831,835
453,769
293,695
49,408
88,725
261,476
333,466
677,918,983
227,347,589
98,211
470,777,847
77,969
329,1000
22,996
220,497,659
381,945
518,536
371,949
134,618
240,454
625,677,937
38,513,532
376,768
617,665
160,260
716,942
411,424
190,248,917
179,879
673,699,788
607,703
183,594
233,942
342,503,764
635,815,938
224,655
336,404
284,528,728
126,845
276,696,851
524,876
368,864
443,832
89,695
340,348
607,645,992
87,198
537,712,881
375,952
125,977
149,646
383,728,810
135,252
20,418
113,577
96,780
860,948,987
406,775,960
433,690
172,206,754
490,739
153,318
135,181,273
341,455,648
71,96
68,689
155,395,504
604,623,963
587,919
437,824
647,912
253,625
224,543,696
538,700,862
271,489,919
93,578,869
39,455
33,97
299,956
82,186,883
728,845
123,482,541
76,82,215
158,912
10,945,953
352,416
207,610
33,206
717,743
385,787
320,551,677
770,795
11,24
528,777
282,981
227,321,782
16,761,871
788,861
289,976
53,252,336
390,664,862
395,815
282,935
480,693,984
476,481
413,421,597
850,879
300,372
512,574
453,659
253,373
313,746
61,575
389,666,873
709,846
184,340,386
284,552
113,310
102,395
214,715,834
160,363
544,586
570,602
8,262
343,963
246,337,644
142,173
424,656
21,601,907
316,507
598,637,797
652,842,947
283,439
73,256
509,627,821
327,956
540,666
400,757,908
146,543
80,995
270,523
25,508,582
70,470
566,872
367,639,886
99,491
820,898,992
277,351
193,280
489,836
194,495
675,967
71,893
964,991
70,724,861
80,983
101,496,782
352,477
486,596
645,962
647,823
229,282
197,371,752
488,534
328,643
420,563
393,756
367,373
207,919
813,851
171,207,284
427,611
72,420,663
74,606
337,647
42,203
39,96
51,973,981
806,988
33,92
520,534,585
154,410
522,805
206,774
286,390
220,597,684
377,549,902
238,921
82,288,336
288,930
66,82
848,915
221,229,882
93,109
374,947
59,603,673
183,680
120,575,945
83,191,900
208,924
283,794
80,454,774
464,659
492,545,717
572,598
141,969
581,919
4,475
156,375,982
319,904
344,896
247,632,635
82,242
344,519
81,444
530,870
647,935
499,781
179,334
512,528
185,225,940
791,945
716,813,943
263,798
348,997
541,830,904
163,171,938
467,894
25,875
129,795
345,358,853
566,972
61,428
264,350
604,989
43,309,875
179,372,952
75,290,537
544,869
578,593,735
412,858
59,183,392
292,618
315,734
116,725
681,730
114,324,854
302,852
206,265
447,588
75,78,263
60,568
237,872
241,329
71,257
207,539,650
136,269,770
630,676
368,840
832,948
206,779
499,683,948
134,613
665,912
55,470,505
246,845
139,644
492,760
211,401
87,357
199,550,790
691,773
90,175,615
277,872
339,709,860
280,514
56,454,563
46,868
95,114
305,654
116,513,643
136,933
668,698,962
56,169,435
115,669
107,550,886
333,654
304,439,804
187,413,928
11,262
42,187,976
543,879
442,805
693,867
486,517
721,979
277,867
196,775
29,86,368
484,511
539,758
391,415
274,566,753
338,437
711,936
483,686
734,880
441,658
147,596
268,795
114,524
569,872
489,751
566,720
636,900
47,58,233
340,465
125,325
3,136
202,462
51,125,257
107,293
684,750,964
546,797
238,413,747
232,312
106,540,646
411,913
586,808,966
328,952
695,865
639,643
493,557
556,800
752,787
161,400,803
281,544
91,200
300,861
196,516
444,561
118,865
232,278
51,320
379,814,981
20,678
61,358,625
99,104,902
21,379,633
16,152,768
277,303,478
356,497
394,837,928
