672,859
397,534
419,879
200,262
544,750
229,264
284,591
166,460
7,484
494,579,986
197,769
654,953
463,619
2,579,965
844,898
207,966
358,706
67,233,682
343,900
601,926
282,691
149,186
246,629
701,926
321,389
9,792
264,699,922
128,848
716,736
347,654,845
707,730
637,771
25,438
9,348,664
555,741
197,421
365,645
643,993
365,659
93,316
43,771
222,981
8,918
509,871
263,290,296
46,958
582,722,858
266,382,839
389,615,728
171,966
707,912
688,804,895
398,426
114,534
85,731
379,719,933
3,285,978
222,627
590,862
727,849,874
104,445,839
430,452
196,465,482
81,160
258,607
356,724
185,957
306,887
314,483,862
144,794,981
207,459
106,266,804
157,390,610
94,647,729
430,839
226,421
140,154
307,328,335
328,334,878
61,385,440
500,775
425,494,765
98,788
4,428,487
75,704
573,705
572,829
503,547
760,873
711,807
254,281
695,822
191,824,856
26,737
2,11,246
295,453
470,627
122,189
107,294,437
337,547,828
302,673,696
794,988
216,334
264,737
84,422
36,735
257,895,947
496,744
254,319
209,419
855,893
347,385,666
29,459
239,869,962
285,694
326,667,838
272,452,459
268,957
101,678
114,806
25,816
498,706
161,370
252,558
467,749
413,561,818
189,285,640
817,830
104,157,849
92,659,681
912,953
194,929
223,604
71,355,681
497,696
161,250
129,650
407,891
85,608
464,574
567,712
293,382,962
171,274,539
867,961
120,829
420,751
423,681
178,501,579
117,148,843
581,999
540,750
235,383,680
443,588,612
570,866
518,664
269,784,871
377,529
134,237,838
381,494
22,30
516,751
4,877
227,244,462
394,590
171,267
147,281,955
17,304,966
33,248,363
114,846,902
470,680,961
161,389,773
436,497,820
453,947
549,557
76,279
278,541,894
423,934
586,767
196,476
353,456
162,991
101,399,688
65,581
35,940
736,749,959
333,947
367,586
415,844
784,912
216,934
371,954
677,887,986
274,509,670
452,597,750
518,787,948
729,996
676,848
299,646
49,640,951
62,85
242,464,612
89,571,933
356,879
340,533,849
207,517
211,360
305,716
146,881,908
309,488,953
381,499,921
500,724
370,903,905
546,895
679,729
110,340,584
477,795
194,651
438,850,865
185,915
244,650
654,720
832,920
171,427
22,977
4,369
474,774,964
187,380,651
578,639
397,575
152,795
77,159,872
11,691,959
291,475
166,543
699,815
628,864
134,394
91,157,620
699,737
229,501
515,627
17,787
380,464
519,521
544,800
2,817
736,934
115,614
552,575
604,913
389,566
439,833
339,649,806
196,787
218,697
380,859,889
403,408,731
613,928
687,979
603,869
45,581
136,361
145,467,659
662,943
200,209,346
333,381
350,636,697
316,597
293,891
310,561,876
664,804
7,615,707
795,871
339,904
455,714
266,729
262,402
203,491,819
446,469,952
359,438
546,590
662,963
21,161
229,423,551
380,660
249,521,880
661,670,964
81,202,410
486,496
260,732
148,730,953
112,432
498,506,936
264,750
453,499
725,837
395,480
386,838
383,770,917
677,862
222,328,713
355,374,851
371,397
319,752
421,691
153,733
150,810
131,262,662
431,903
95,387
466,769
53,585,797
382,548
245,246
11,352
426,702,863
347,826
359,415
659,813
124,389,441
390,587
90,287
534,549,956
881,994
284,706,813
293,839,925
577,875
398,738,785
216,708
31,40
462,836
22,38
13,848,981
240,270,934
283,840
139,784
375,733
750,760
256,269,306
692,894
578,756,891
924,971
93,689
498,978
745,947
138,966
260,345
433,579
755,841
175,777
284,364,412
126,623
253,897
90,793
804,977
174,731,792
145,931
636,768
199,884
188,276,926
256,285
39,635,808
705,840
668,726
231,614,829
475,694
42,563,971
461,591
634,655
370,385
818,961
215,260
214,797,815
255,435,888
172,428
385,549
124,527
521,821
517,539
143,194
161,360,888
702,783
188,368,672
399,873
484,728
370,734,937
449,864
103,596,974
77,494,724
408,435
241,563,750
55,666,970
743,869,871
6,276,653
252,800
87,797
119,295
154,648,767
438,689
23,199,568
685,821,892
573,828
26,608
209,581,905
37,411
366,508,986
427,730,746
221,905
361,621
286,894
382,447
441,867
681,912
68,174,445
454,499,703
116,921
669,942
288,711
116,532
11,587
56,825
414,480,854
5,508
88,610
59,899
17,217,424
253,430
210,231,425
187,670
214,603
152,400
181,234
202,359,839
645,925
31,452,691
56,272,609
113,553
157,426,584
611,623
604,819
70,344
170,941
801,858
719,730
85,604
42,933
209,267,832
389,875
537,735
352,832,836
388,460
279,579
5,502
121,997
160,714
383,816
157,413
594,628
119,390,501
35,462
24,289
211,288,571
396,789
414,547
666,844,966
65,229,478
606,766
18,330,990
549,653
127,163,182
278,433,891
519,624,973
666,708
196,458
403,600,676
103,306,307
389,480
37,144
568,803
445,532,654
207,911
71,365,872
937,960
164,192
271,400
18,431
527,965,1000
742,815
86,536
153,631,657
170,192,283
677,714,922
46,85
128,268,273
191,989
138,272,577
71,753
267,464
445,627,684
560,786
791,897
261,865
67,236,795
71,543,980
407,444
238,650
985,1000
249,388,689
126,361,457
197,475,898
772,917
1,718
202,520,638
215,567
201,858
28,492
14,830
70,463
492,711,852
60,385
86,136
370,831
632,663
619,643,871
102,709
715,806,987
559,954
347,665
188,717
195,731
308,408,753
176,478
33,504,811
809,963
427,752
204,747
281,604
208,456,506
11,770
83,505,983
351,910
163,533
318,857,962
356,499,706
116,488
289,847
332,622
433,537,999
144,713
278,594
37,189
248,349,476
154,949
40,341
415,881
463,859
84,372
471,601
7,292
471,788
314,691
636,793
46,658
448,459
20,815,901
251,884,895
767,827,856
207,725,893
590,614
7,707,788
811,986
741,963
59,396
312,819,896
172,404,405
542,804
399,805
26,95,572
155,532
680,725,726
176,357,389
296,527
386,691
657,929
488,823
256,801
239,345,886
264,372
39,179,808
320,327
664,829
60,385
272,332
375,687,965
515,634
33,288,365
316,807,966
716,875
389,830
264,910
676,807
364,489
109,369
317,675,966
384,406
416,810
323,560,615
117,922
54,377
459,496,959
613,680,989
475,957
410,597,835
2,176,802
276,953
502,756
18,469
52,329,835
402,702
160,918
328,507,778
759,908
136,431,713
544,648,872
256,619,833
12,847
352,703,713
557,622
30,934
220,429,744
204,365
69,849
564,746
308,325
510,904
768,780
522,570
310,315,621
324,712
386,850
187,751
198,471,732
518,845
83,890
221,318
184,217,845
497,874
428,598
427,998
136,657,721
196,969
233,715
533,590
57,418
38,304,401
217,946
425,988
222,923,985
358,677,687
31,133
73,155
677,823
628,685
606,957
39,793,895
33,547,944
160,961
416,694
113,653
567,798
554,658
150,301
492,738
372,863,965
213,458,598
327,730
35,295
355,527
467,952
195,661
118,700,783
437,530
77,512,732
528,891
521,545
480,891,974
364,917,979
342,764
650,855
570,613
314,983
163,336
428,553,797
773,891
110,581
113,934
362,925
543,817
722,918
126,366
140,287
439,595,717
606,842
349,746
340,458,598
14,75
331,674
341,435
402,522,720
529,630,723
16,396
641,828,903
70,595,756
717,820
662,983
228,514
766,787
404,750
317,458
118,257,784
145,384,938
341,900
173,437
366,480
354,726
144,492,984
221,799
698,914
40,498
107,183
492,868
59,78
41,464,829
422,756
173,468
385,899
134,310
662,831
61,940
356,894
365,870
9,356
129,893
721,725
480,898,986
293,601,643
781,852
135,745
137,245,614
41,589,611
102,397,624
329,523
55,190,328
320,734
632,720
22,234
145,397
490,911
10,60
476,514
91,250,335
533,812,956
94,643
645,890
602,869,879
245,612,876
287,873
148,614
165,989
578,968
762,822,976
38,719
7,605,870
353,836,885
95,473
548,905
94,176,983
135,997
62,383,953
646,824
477,858,869
289,695
563,564,728
473,963
12,46,858
156,646
531,876
90,569,841
300,469
227,665,802
435,602
724,802
850,994
530,969
58,548
114,747
561,980
268,697
117,200
393,482,862
360,445
695,913
141,572
604,847
7,972,987
173,668
443,527
191,206,860
771,951
410,795
271,498,867
868,882
415,872
305,338,558
405,800
684,746
207,212,538
274,322
9,104,814
282,747
545,913
108,314,537
220,528
470,725
170,246
805,900
134,415,616
404,638
806,911
115,613,801
381,676
142,672
406,854
190,795
104,404
628,909
384,773
366,855
281,436
99,405,430
296,938,970
154,203
28,269
369,516
112,609
64,179
710,823,847
369,467
106,592
8,775
475,517,611
46,243
414,549,782
103,850
65,215,587
815,999
526,929
638,860
151,920
127,817,892
252,875
32,745,746
93,497
110,536
378,793
26,683
162,944,960
754,919
440,547,829
187,785
138,540
52,712
73,405,552
15,306,452
254,561,612
828,846
125,508
73,719
113,207,752
232,383
157,304
126,496,540
314,854
227,320
189,500,908
165,377,991
20,68,413
491,527,760
330,354,777
118,181,929
205,677,991
654,938
723,909
18,217,493
487,962
104,801
297,551
278,508,697
177,203,823
402,723
500,966
50,239,979
355,714
220,839
162,473,610
50,276
140,522
25,674
669,823
852,918
157,208
662,823
388,931
178,565
140,557,703
236,393
213,376
145,160
100,404,489
127,662
106,284,555
294,740,796
322,330,910
205,710
89,432,600
22,678
377,756
181,820
105,676,903
317,709,894
288,448
546,737,888
484,857
41,526
53,453,533
496,948
80,987
627,744
232,826
237,492
951,966
392,986
510,703,877
376,556,738
866,946
558,588
357,535
50,331
753,994
489,997
420,801
218,864
100,143
121,434
25,191,681
619,676,733
200,338,550
162,218
171,855
302,401
615,700
567,929,992
118,378
42,410,940
165,746,782
24,592,828
581,829
643,742
45,94
226,785,963
129,134,605
312,364,705
169,201,745
488,702
849,985
245,843
316,651
162,819
58,485
281,511
298,946
7,820
602,958,1000
48,513
328,794,940
16,531,647
120,665
380,585
303,317,718
435,731,863
341,898
399,751,828
136,522
847,887
796,930
380,670
45,684
163,304
686,704
163,604
82,470
513,995
562,621
94,375,902
133,494,613
12,158
437,779
251,402
112,538
89,741,845
279,816
289,661,756
219,819
756,928
177,886
454,632
53,520
508,570
446,866
700,919
330,723,899
687,701,745
363,554
123,484
198,484,499
303,338
443,982
409,827
380,416,634
51,504
361,639
297,558,648
222,443
234,584
150,438,592
268,473,782
561,826,965
280,288
561,706
267,961
60,322
137,484
788,906
346,352,802
320,471,606
42,993
783,805
90,772
447,1000
333,580
460,723
248,355
66,998
104,138
301,461
565,638
221,668
243,931
336,552
204,432,644
356,460,726
456,498,515
829,969
20,145,582
305,503,879
201,716
292,468,810
210,353,877
196,673,710
613,751,834
13,316
709,787
286,320
131,366,753
365,744
507,650
704,898
31,826
122,463
535,678
586,628,913
706,797
311,769
177,393
12,472
245,488,957
527,874,993
210,644
107,330,848
215,387,578
62,629
562,885
525,569
10,769
332,637,671
241,542,672
344,597
251,353
257,587,917
271,899
504,623,993
640,890
637,838
361,363
235,722,881
433,561,714
118,780
104,110,983
17,181
196,732
645,746
7,366,446
6,20,509
38,316
428,808
649,892
286,727
525,606
434,846
282,451,773
97,285
37,780,930
190,520,816
480,687
100,173,916
302,366,687
92,135,817
133,186,506
224,265
442,536,785
160,794
737,927
155,330,800
677,777,847
658,919,951
711,768
357,683
199,580
344,564
122,728,750
98,944
207,242,925
585,705
91,144
63,137,314
452,798
476,509,654
621,842,918
744,804
146,570,996
565,758
640,766
513,542
312,882
195,767
389,779
41,137
106,952
3,666
116,531,799
254,441
183,246,610
215,441,670
88,679
503,961
14,458
32,812,954
505,560,891
352,433,930
38,483
762,798
41,142
80,576
75,253
22,924
857,988
353,753
54,402
10,54,589
336,452
321,891,994
203,232
483,896,971
445,990
483,653
5,128
534,568
394,436
301,878
3,815,822
459,848
419,590
471,707,765
373,746
671,847
866,874
191,448
459,599
793,810
69,316,864
8,704,996
493,552
68,369
33,191,217
212,349,684
763,817,879
27,1000
172,282
274,763,988
379,871,942
277,427
171,704
96,181,565
195,586,785
373,599
56,781,907
170,697
70,456
322,626
176,666
184,983
270,455
779,833
313,351,546
390,886
263,351
15,88,328
381,785,819
72,681,725
266,418,489
192,728,859
195,423,883
137,791
239,284,992
266,543,948
284,791
878,969
163,259
125,285,842
310,948
552,703
366,996
239,934
97,156
252,766
180,761,999
572,892
718,981
248,726
452,845
129,203
187,828
170,727
187,947
357,670,936
51,440
184,547
254,259,676
243,312
436,815
497,561,904
127,443,952
320,482
231,453
64,439
158,813
421,802
202,534,872
107,680
398,619,950
196,268
297,753,856
269,323,473
130,454
211,365
452,566
770,809,879
257,318
329,869,928
457,569,793
50,849
259,293,467
147,280
221,771,821
134,454,930
104,304,661
706,708
323,579,685
468,730
381,466,573
498,572
629,632,665
94,806
769,879
248,450,823
104,590
670,995
629,720
200,696
480,980
32,681,772
332,873
175,476
83,843
394,954
86,757,866
50,878
203,481,812
126,835
94,159
559,600,667
151,300,479
594,666
435,970
24,376,961
214,823
173,548,672
99,676
431,488,766
379,543
629,696,936
585,751
644,901
287,679
415,622
7,999
321,380,597
187,699
673,707
370,526,706
429,495
311,508,799
628,834
337,406
210,221,939
247,433
223,348,674
543,596,647
68,114
66,338
361,827
145,293
31,697
416,801
101,582
437,439
462,686
288,647
184,569
130,702
384,657,995
280,403,973
36,975,976
433,740
424,948
305,963
403,879
483,581,940
53,868
69,197,958
281,517
547,723
77,328
142,330
581,738
89,174
149,739
402,459,622
79,258
313,355,921
147,313
69,329,786
512,885
615,893
464,848
134,410
373,738,885
488,595,869
97,152,201
396,838
752,858
74,882
318,586
682,901
714,789,867
396,502,540
416,592
371,538,985
530,968
48,165,588
484,844,849
163,816
113,258,723
142,356
6,487
606,849
53,332,718
397,785,902
580,754
769,946
496,977
422,983
40,595
173,333,672
404,685
74,668
30,114
18,517
302,740
474,761
156,623
22,678
396,416
661,678
450,824
31,653
118,186
248,753
582,759
271,963
757,815
102,353,875
514,628
508,983
129,893
21,725
285,897,960
293,830
63,606
811,942
28,210
161,252
572,896
495,593
265,319
17,673
837,944,992
335,487,620
492,832
169,536
153,563
727,935
374,938
82,580
404,917,919
387,571
573,787,984
485,590,674
891,960
367,591
283,559
621,982
74,506,582
9,102,379
41,989
485,535,962
103,553
659,841
159,638,977
389,706
603,665
218,701
773,826,918
877,936
269,443
193,623
427,795
264,448,570
169,523
132,853
393,951
277,889
124,275
680,798
401,817
148,387
817,947
224,614,829
363,772
411,843
215,357
472,675,928
530,915
90,308,897
675,786
550,561
9,648
146,831
111,220,899
647,880
104,696
603,877
814,974
705,808,816
248,781
622,714
109,633
61,539,815
768,886
85,690
111,238
9,572,738
178,352
221,404,973
19,517
307,531
195,948
437,759,842
166,206,877
411,741,921
577,846
238,684
246,349,811
763,892
96,519
154,578
224,324,790
99,447
162,308,363
270,554,698
186,833
432,887
661,780,969
134,200
189,862
406,939
825,907
378,901
50,621
142,492,725
62,219
42,810,901
216,685,742
443,662
18,636
793,829
481,523
1,242,799
686,955
510,833
39,918
86,843
252,868
102,394
288,960
433,437
214,617,920
492,663,710
472,893
346,581,603
774,863
682,999
219,732
592,770
415,912
54,788
300,737,954
650,964
184,337,973
209,797
17,843,941
524,661
366,691
540,623
26,456
557,963
838,863
267,433
439,530
180,597
577,796
120,242
174,636,792
423,654
431,662
453,939
68,163,534
68,482
106,834
428,739,896
421,957
471,788,894
156,764
581,653
694,807,829
723,811
82,657
526,537
380,708,928
503,596
440,565,728
372,653
515,636,767
251,407,805
43,720
414,604,849
536,870
363,426
42,320
261,567
219,758
6,612,820
436,577,904
235,685
125,993
59,430
715,775
168,423,486
524,703
193,758
381,524
77,144
85,449
653,810
141,268
41,309,953
226,899
124,657
799,920
46,226,697
580,709
101,535,873
664,861
296,804,921
94,829
116,542
335,574
20,987
69,208,225
206,754,954
290,533
543,814
671,722
170,493
346,736
171,816
465,589
392,465
60,923
55,949
521,524,606
538,759
100,256,442
30,808
20,227
29,361
472,754
180,377,380
75,184,534
470,859
749,757,790
205,766
233,316
31,448
295,694
311,832
171,453,523
420,480,779
596,788
144,312
611,731
454,577
68,282
157,693
32,602
513,523
346,670,810
117,281
208,345
374,704,708
143,380,743
85,363,870
346,488
261,470,784
493,798
103,530
334,753
20,220
36,404
652,841,843
355,617
139,909
46,251,834
414,588
5,326
235,257
228,478
44,165,693
156,638
21,335
199,608
526,562
214,450,813
84,845
204,671
627,653,866
750,758,959
587,779
130,374,628
447,833
651,664
38,492
78,934
247,929
241,438
743,932
663,696
131,659
249,802
553,696
762,832
485,666
44,875
388,519
241,813
505,833
689,849
186,468
80,496
746,860
169,687
171,877,967
274,655
201,569
554,860
9,16,585
24,132,526
118,793,954
78,167,264
498,732
244,612
574,913
480,654
452,939,962
567,582,892
735,863
94,940
187,380,798
863,897
295,874
11,402
148,825
70,82,712
3,465,746
749,823
266,663
697,854
145,577
510,907
549,610
16,21,562
328,469
314,711,825
271,1000
731,838
202,470,529
377,441
333,452,816
131,431
135,941
444,481
465,927
635,808
166,667
422,880
641,934
134,833
104,428,719
461,849
160,660
18,360,423
71,354
218,629
164,929
640,901,1000
649,777
419,462,727
456,509
498,503,586
392,415
129,624
207,432
270,910
99,740,803
322,551,811
74,394
653,869,965
187,426
112,125
573,831
418,567
169,713
378,507,981
388,455
566,641
634,737,996
511,671
664,721
195,783,792
12,539
572,737,947
262,955
384,478,938
573,601
405,979
303,648
32,423,946
661,686,815
455,540
320,467
302,956
889,993
487,628
38,300
251,269,728
79,558,835
588,869
449,571,870
351,456
134,872
750,993
29,863,925
587,822
508,514
349,750
106,541
526,609,790
69,376,983
250,558
105,510,799
158,358,991
321,824
389,750
423,697,813
160,503,743
324,448
212,918
481,697,755
151,613
391,659
550,576
465,745
447,633
228,848,994
526,850
234,905
209,453,742
678,897
71,113,980
50,362
258,638,716
438,761,800
245,261,492
250,319
334,965
43,661,907
311,380
251,548
343,761
510,614
192,788
733,815
376,846
232,726
282,556,973
238,848
86,632,877
538,960,994
91,418,945
91,581,850
36,138
303,925
140,734
357,613
694,702
773,826
171,381
534,800
292,587
364,587,917
123,196
27,406
880,926
142,193,737
386,388
251,567,992
485,816
334,406
627,807
621,723
312,548,867
626,704
315,683
18,944
262,313,973
448,864,927
90,515
528,834
87,525,932
351,547,566
380,962
602,673
135,329,564
188,725
131,403
242,738
1,780
242,948
736,892
851,861
123,384
95,520
293,610
74,400,501
663,931,936
463,502
369,486
115,844
79,142,629
406,816
336,941
132,904,907
187,817,867
190,417
104,675
218,585
14,284,886
272,359
280,599
221,713
430,658
267,338,721
266,704
367,835
322,824
235,314
490,767
496,569
182,595
172,318,688
257,625
112,532,638
228,811
155,199,444
677,923
6,770
200,265,526
86,370
27,33
781,783
588,723,804
764,887
622,777
134,971
43,652,760
73,364
543,957
723,810
565,769,825
72,150
265,421,447
390,979
220,270,297
90,967
40,711,924
233,252
300,334,863
22,284
349,708
98,708
219,423
255,412,672
34,583
124,923
109,948
63,941
132,207
138,874
168,467
269,568
496,806
24,548,893
315,435,841
821,962
242,980
243,459,873
528,852,992
336,946
351,941
203,909
631,837
55,289
517,921
893,932,958
202,528,805
249,327,665
86,192,643
599,745
8,468,934
186,545,756
177,803,861
251,856
8,85,302
19,104
248,455
102,258,649
43,462
523,555
51,396
84,200,785
564,866
234,939
140,167
34,968
214,766
19,391,652
297,670
369,395,451
15,922
63,310,711
225,615
75,658,671
102,151,688
836,846
202,463
153,741
227,588
231,866
50,519
198,829
569,983
311,732
166,395,540
731,967
848,955
318,658
98,198
73,478,778
626,824
234,821,880
306,517,828
393,903
339,343,725
243,441
499,880
608,785
134,884
757,980
282,323,436
81,945
185,878
767,798
19,161
503,678
306,422
245,506
691,765
78,220,765
709,877
88,873
309,596
346,807
661,983
679,700
100,762,801
236,711
452,594
376,493
529,817
68,217
132,451
517,547
63,709
486,852
326,630
374,751
92,768
322,571
768,936,984
47,565
301,500,719
513,668
259,973
24,507
308,376,817
513,530
77,565,972
218,916,951
384,857
892,960
15,801
540,611
346,483
111,163
43,371,909
11,361,927
582,584,693
24,83
713,907
55,673,886
55,664
34,192
187,920
5,158
240,669,744
145,256,463
46,542
41,749,922
187,929
451,649
254,336
153,303
81,190
185,589
614,809
857,970
637,672
42,382
500,994
69,975
277,813
226,372
298,733
183,654
219,703
701,869
108,258,422
446,845
403,723
196,584,951
287,444
192,931
14,617
181,281
433,518,907
251,995
122,595
102,786
219,610
576,583
604,860
1,370,375
5,302
129,655
44,190,333
484,553,601
153,609
746,980
247,385,451
611,648
63,377
99,244
231,455
171,493
99,424,696
23,337,758
142,264,576
82,170
769,796
2,299
575,584
316,596,859
41,353
548,985
234,682
130,222
80,540
68,967
42,415
267,906
770,884
590,957
748,924
266,491
606,665
587,680
398,821
851,967
287,485
108,393
672,850
536,903
223,428
207,343,838
165,754
118,333
323,333
51,534
193,514,848
571,699
230,292
350,406,575
192,696
418,622
531,594
434,565
438,930
28,356
701,831
27,993
135,493
695,819
530,779,828
66,179,515
274,501
184,216,415
557,583,617
30,99
29,309
140,399
458,949
52,177
522,942
396,460
760,765,839
468,808,855
67,713,877
53,155,290
489,871
166,406,600
117,730,767
157,302,533
398,614
23,731
270,749,758
399,531
36,911
691,862
213,440,459
664,893
8,781
21,558
158,260,698
874,966
45,117
988,989
179,470,678
21,377
82,473
314,532
229,584
106,707
581,964
56,718
814,866
17,22,745
374,483
382,843,875
283,676
235,810,992
569,570,792
319,534
266,304
65,278,529
327,676
407,468
55,580
131,633
160,731,765
492,959
568,786
152,369
314,692
66,840
60,61
6,595
336,512,633
164,913
262,299
256,527,795
111,465
218,290
383,804
698,967
534,583
735,826
111,222,991
89,114,299
372,584
198,709,936
329,383
126,476
292,855
207,849,901
417,861
303,987
335,497
386,826,872
44,83,554
158,495
410,522
469,923
697,955
421,550
312,357,592
253,911
163,625,770
296,841
463,917
514,680
23,414
97,358
733,735,937
168,201
34,54,114
40,664
828,947
801,892,961
85,331
199,680
214,839
357,869
382,882
52,215,653
538,967
245,473,801
605,868
659,925
293,414,906
218,918
427,794
124,230,970
262,856
53,502
494,867
529,833
280,308
205,902
725,870,974
115,163
141,720
332,351
100,539
283,972
847,874
491,854
375,862
516,700,950
444,526
425,830
103,530
164,913
211,848
171,857
75,174,455
247,359
241,250,696
3,491
411,919
74,132
309,464,509
335,814,954
113,183,337
328,485,528
189,691,978
295,447,948
370,401
205,738
85,410,898
33,268
53,940
43,201,286
332,505
84,504
176,541,959
342,349,931
220,590
759,975
178,939
506,598
46,995
79,729
722,748
171,515
57,117
459,787,956
500,915
198,531
50,501
130,836
167,755
641,874
194,404
74,617
774,816
36,330
159,339,688
677,792
195,316
25,135,805
92,405,684
489,519
290,992
61,355,621
382,947
60,267,979
203,921
131,264
524,965
317,629
349,990
897,956,966
100,533
306,933
700,962
97,456
230,377
188,279
147,352
99,719
95,142,395
23,475
669,676
376,402,405
309,821
164,973
800,963
503,982
549,701
125,954
772,940
83,695,881
360,680
127,224,329
967,974
162,300
356,436
424,458,984
96,959
109,375
571,799
427,696
239,798,844
252,259
195,264
199,554,975
22,353
199,602,983
150,227
76,795,865
877,918
159,689,843
424,682
18,218,781
380,887
3,852
540,887
57,644
272,430,703
249,268,436
705,933
95,598
266,283
135,486,654
176,657
311,462,875
318,679
746,781
61,201
27,721
828,950
251,558
88,674
222,595
213,955
63,152
258,465,753
146,841
229,281
512,543,807
189,905
45,943
130,513
240,918
197,405,883
84,746
111,275
559,621,823
437,519
69,568
164,763
371,777,995
615,950
333,474,801
222,989
655,692
52,202
664,762
373,665,877
185,902
85,268,590
51,533,783
519,556,723
370,461,702
115,524
591,997
313,475
353,730
244,411,849
334,814
685,807
501,558
548,816
124,150,284
275,487,651
327,760
74,257,852
65,933
273,863
481,853
774,917
109,210
239,356
475,868
109,563
334,617,659
745,782
39,823
29,60
88,581
370,425,608
215,256
520,725
714,930
15,168
194,456,872
108,890
358,726
51,633
77,155,157
32,212
636,945
138,492,878
616,695
357,832
200,236,531
29,990
588,766
59,73
246,270,638
581,736
4,904
78,600,627
584,966
312,728,786
980,988
8,809
574,728
397,745
153,242
316,430
88,364
271,607,835
685,773
23,766
54,985
345,985
411,488,642
163,237,754
456,744
545,628
480,973
155,192
724,865
155,242
141,863
21,87
684,986
198,780
110,655,753
40,351
13,321
125,188
257,602
920,965
247,253
33,195
8,33,148
396,662
158,659
804,928
60,445
633,692
209,304,890
126,586
23,609,897
303,596
211,363,993
438,539
289,791
433,435,833
463,904
339,504
688,719
170,430
466,935
171,367,401
722,785
85,88
266,324
53,110,641
26,844
396,600
145,151
345,439,779
819,929
512,785
381,844
252,405
391,924,967
644,828
304,808
531,836
145,292,674
425,894
99,590
439,938
158,174,973
261,786,798
628,801
158,854
525,696
207,998
371,385
79,966
169,451,679
441,442,586
149,303
414,450
3,505,816
105,661
301,611,742
191,944
309,612
595,759
443,657,674
629,852
356,789
45,311,911
375,474,486
122,287,303
190,676
377,455,691
210,678
20,965
252,732
100,977
509,653
257,407
69,736
550,589
607,692
554,824
1,703
6,180,187
28,458
540,671
616,953
718,998
420,528
310,320
415,749
183,205,831
137,681
50,348
474,789
376,422
51,540
707,769
144,300,612
64,937,950
173,544
96,572
138,361,429
338,682,692
258,960
618,632
937,994
416,430,638
11,654
57,233
46,457
193,799
312,432
79,411
346,905
818,848
417,556,907
86,601,689
3,721
333,568
64,503
200,959
20,184,337
393,413
428,971
591,657
397,972
185,593
571,697
107,317
46,76
687,848
573,789
48,858,998
306,646
246,325,637
157,483,703
189,249
137,522
240,523
89,695
104,643,701
358,823
286,643,907
180,539,630
292,953
170,976
568,833
435,489
781,969
627,903
339,483
503,732
217,696,828
770,828,939
82,869
344,544,873
396,517,699
90,239
40,597
44,785
631,913,955
184,238
78,723
81,520
21,45,907
123,630
537,865
171,602
282,403
477,503,912
632,636
547,734,772
84,290
425,693
288,804
10,286
662,859
631,695
321,548
316,662
484,991
288,532
271,780
351,355
408,806,954
60,450
11,622
20,834
565,673,813
101,970
392,834
181,319
625,969
230,547,720
37,684
415,906,942
221,682,933
511,975
240,266
68,748
7,461
134,365
418,787
439,441
158,954
299,620
313,393,807
71,899
500,665
859,988
75,677
80,723
36,135
772,990
192,598
45,81,1000
616,667
243,761
891,918
47,139,203
84,101,777
191,482,514
99,707,730
211,232,674
440,671
428,847
167,686,933
390,708,778
258,366
24,88,869
2,489
321,506
32,639
607,903
262,924
296,981
62,409
666,936
277,645,859
281,808,833
142,372,845
509,591,938
273,444,513
601,682,815
109,655,724
239,970
268,894
159,345
494,821
163,744
785,953
375,387
104,553,596
467,611
23,460,854
131,653,882
104,536
245,302,566
109,525
365,973
713,745
363,549
189,436
57,606
177,330
327,373
170,378
30,778,976
468,696,790
302,386
686,975
307,314
477,715,819
150,756
357,439,446
20,115,947
420,528
10,453,707
366,540
361,486
164,230,857
64,143,407
758,769
123,509
457,927
64,268
491,493,705
357,983
437,900,992
334,415
723,925
124,384,758
364,387,725
855,900,950
263,338,552
42,99,242
255,891
122,695,961
76,566
222,886
287,956
210,858
337,768
64,596
771,796
34,312
457,705
12,670
268,716,806
13,724
55,394
350,666,877
18,430,885
77,219
24,374
161,612
249,647
580,879,916
82,519,882
375,733
382,937
26,263,378
229,623
263,356,735
246,580,867
338,530,746
654,959,993
741,878
8,90,637
946,951
246,287,516
128,556,745
507,895
447,675,903
25,288,994
716,773
375,553
521,609
38,63
147,881,960
633,700
192,816
274,983
183,288
11,313,394
33,410,637
385,488
153,697
177,597
269,632
683,835
347,956
275,996
139,655
233,722
242,586,868
677,967
494,680
405,492,706
188,344
313,736,956
291,329,595
374,767,841
586,662
128,509
29,71,429
487,529
10,859
94,986
11,540,636
325,392
104,175,537
963,990
123,838
189,428,730
759,912
275,414
94,153,531
255,651,819
144,196,780
139,964
307,319,430
629,862
323,326,851
57,220
64,995
42,433,673
367,970
35,209,562
356,363
232,422
102,493,610
363,803
749,751
130,702
400,503,871
69,806,810
68,848
419,660
580,668
475,640
59,162,932
299,827
38,104,697
398,708
116,583
536,974
250,729,948
64,850,974
302,466,507
55,924
216,459
20,185
1,141
12,947
225,613
217,549,638
110,573
45,300,434
626,690
135,861
186,544
63,923
95,551,887
349,620,626
242,697
326,349
98,480
205,927
200,413
466,686
148,253
409,567
815,945
155,843
700,988
165,514
216,508,734
309,497
345,529,615
259,886
82,833,979
59,236,676
228,268
296,847
125,226
65,753
80,247,331
92,388
369,793
93,221
851,945
707,961
238,401
842,923
45,372
476,847
282,541,792
287,750,916
137,242,880
834,914,932
123,222,258
450,689
319,875
723,758
849,928
13,589
682,708
9,217,817
295,447
507,830
383,900,924
140,716
384,412
316,603
672,708,803
302,375
561,674
309,688,769
626,931
101,886
186,700
5,734
411,537
382,924
184,355,465
39,230
528,817
348,368
227,345
278,979
135,896
323,626
122,830
743,786
111,782
181,525,657
209,528,807
456,582
896,950
758,903
169,231,808
250,411
91,315
101,577
184,575
278,487,879
133,770,992
296,857
767,847
229,648,819
492,869
200,213
125,656
243,977,992
546,787
616,855,919
95,111
329,760
58,332,487
14,899,988
304,336
228,811,827
120,286,730
81,374,934
277,574,728
255,649,667
827,978
248,487
231,870
341,687,973
118,835
103,290
573,609
70,184,749
452,709
94,155
537,605
9,265,411
635,729
486,897
484,759
115,175,996
10,389,740
239,762
200,769
71,299,994
152,783
398,642
39,54,504
162,556,600
859,968
104,345,821
312,465,958
83,383
777,906
79,802
617,827
547,929
258,348
90,327
466,917,946
454,518
276,519
91,471
210,275,975
574,581
393,500
302,996
302,444,775
485,495
326,346,817
141,198
292,653
47,289
188,608
8,75
508,752
374,700
271,828
183,780,845
50,869,985
489,892,1000
109,488,626
487,804
161,283
39,821,887
229,946
159,951
136,734
258,736
324,814
421,802
696,969
115,751,763
171,477,708
110,365,879
559,627,740
215,587
229,285
153,875
57,239,685
570,627,826
733,771,951
370,616,676
108,424,902
95,638
32,978
13,743
513,968
201,312,595
108,789
740,921,992
33,932
73,907
595,928
450,599,631
315,852
173,232,732
280,415,734
550,785
884,909
840,923
280,547,954
93,238,260
588,984
385,753
451,713,860
489,685
327,366
611,902
395,697
696,880
139,551,714
255,274
228,239
157,686
238,546
33,714
192,303
6,145
174,812,839
639,730
826,850
90,584
348,727,916
37,536
411,617
110,847,965
601,804
123,861,938
85,244,279
50,444
459,687
141,479
89,213,838
353,563
442,761
234,239,267
305,330,468
8,508,532
147,913
628,653,817
58,138
461,768,876
292,383
6,489,542
201,598
300,612
252,705
389,850
807,885
595,607
331,992
432,617
78,117,890
116,265
184,473,959
817,997
300,634,948
407,415
356,684
20,235,591
152,385,991
62,578
6,101,420
269,353,375
153,797
411,875
682,690,759
439,564,893
275,328,879
280,514,998
368,540
98,402,611
508,909
260,687
41,554
648,684
188,554
343,389,527
685,733
427,615
169,305
67,536,940
83,95,803
502,946
851,931,949
251,875
479,828,856
414,467
808,844
358,453
138,420
329,522,656
378,439,882
45,766
42,157
250,876
180,237,757
437,501,551
87,116,430
545,653,774
46,343,412
123,805
433,984
48,729,969
1,616,904
644,911
177,215
54,130,574
79,999
320,553,661
534,627,745
310,775
11,611
713,868
337,762
34,153,930
339,757,780
389,889,919
418,991
801,917
80,837
452,801
254,601
464,579,704
28,161,589
95,156,824
99,735
18,211
1,327
311,885
576,590
190,372,679
59,356
14,433
574,674,863
35,875
23,408
1,275,655
450,906
68,538
24,58
38,375,928
167,554,765
165,946
203,514,570
105,122
328,503
111,125
464,708
186,690
623,669,858
42,499,676
382,657
466,790
345,808
298,777
37,426
132,439
175,486
228,334,440
655,902,941
458,744
374,848
724,729
198,590
6,516
88,203
63,825
401,696
461,472
143,770,1000
422,715
173,577
803,905
97,368,926
658,743
748,898
22,496
148,809
73,307
341,557
582,982
318,535
219,258
686,974
82,236,658
206,754,857
613,690
478,917,919
391,788
255,970
86,339
126,247
195,264,844
56,769
192,902
25,408
131,179
9,59
156,828
600,883
133,848
779,977
499,785
211,299
213,608,817
426,951
187,255,678
147,624
516,558
558,657
887,890
556,746
188,316
471,639
526,724,797
523,546
353,397
282,860
420,619,750
319,953
124,714,982
242,483,553
89,428
14,903
27,123
131,217
557,739
73,482,727
118,316,804
6,604,754
642,742
310,966
439,523
861,997
33,366
853,898
358,780
563,647,660
280,963
188,545
538,889,922
66,242,848
240,368,911
641,975
332,843
14,344,767
8,350
81,913
708,877
313,527
565,568
360,703,801
174,806,960
158,986
528,587
597,873
2,856
20,839
445,550
626,659
394,846,854
242,953
361,443
133,456,916
481,770
287,946
12,503
261,725
105,724
136,344,487
84,580,931
601,831
432,942
241,811
280,654
455,687,823
361,766
297,846
23,191
440,659,895
429,691
311,785
62,583,599
27,83,522
72,586
792,854
76,835
184,283
445,617
119,916
16,471
516,687
90,736
358,858
154,359
102,471
186,443,950
524,717
211,611,679
858,867,884
199,377
945,978
4,575
313,495
639,704,747
165,610,944
303,398
151,433
217,229,669
198,373,818
554,955
242,429,882
361,722
861,995
262,848
394,933
100,472
151,371,590
10,301,937
769,951
238,285,476
57,182,952
107,646,891
172,612
422,662
39,715
38,372
559,570
19,943
510,931
205,496
157,273
20,165,578
122,208,805
809,949
446,938
28,533
36,561,966
405,464
650,776,983
771,978
470,656
207,615
316,390
501,947
13,808,914
139,329
536,912
422,508
358,516,704
299,986
322,324,801
40,535
209,483
445,956
165,175
150,182
297,768,921
129,290,921
453,504
741,758
415,627
65,402,422
12,490
292,873,947
346,707
723,726
153,634
256,391
224,461
53,138,829
205,548
497,818
172,332
402,657,842
54,846
609,987
183,848
270,603
313,555,764
214,301,780
442,483,965
830,887
2,216
100,792
199,591
835,926
133,580
95,241,428
189,902
121,645
77,483
281,842
599,841
145,935
471,664,737
240,695
140,376
133,321
263,670
491,713
481,990
115,910
319,603
69,453
339,449
621,662,737
39,257
114,703
55,292
834,857
77,406,480
354,757
159,205,948
809,912
128,871,920
308,978
155,650
341,696
724,741
89,268,812
611,767
153,215,729
52,515
289,695
26,343,367
915,945,952
914,976
31,121,623
157,356,553
146,599
263,608,801
725,736
425,432,783
572,718,844
693,697,926
700,850,938
189,546
888,982
133,176,478
927,936
781,970
106,489
151,675
196,266,267
61,304
846,896
650,949
254,301
98,531
549,918
433,447,550
541,627
5,973
428,709
1,773
231,483,688
221,479,616
115,173,303
54,510,574
41,246,709
553,866
10,911
10,598
401,680,745
441,888
151,198
826,933
156,514,516
364,879
945,991
541,817
623,887
492,607,874
38,461
172,252
435,448,752
175,875
493,895
608,700
443,650
319,988
378,503,873
387,710
241,496
459,538,945
160,613
348,498
385,723
96,412
59,768
257,667
203,669,923
439,819,919
868,936
813,952
563,572
46,539
165,267,373
874,887,895
351,670
340,741
387,847
321,871,888
73,639
802,955,956
77,307,821
254,329,452
458,787
27,231
77,407,623
39,939
262,364
270,967
133,164,344
477,817
331,534,910
315,332
199,213
28,874
164,668
566,859
28,499,537
167,280
331,341,422
120,511
55,210,479
429,511
395,860
392,398
115,159
310,346,766
471,940
200,900
424,785,948
330,672
499,589
776,858
643,923
113,222
307,565
501,734
128,152,359
858,871
286,452
311,462,797
517,576,658
566,896
106,958
487,867
562,939
108,349
266,938,989
179,188
283,733
37,399
645,852
459,583,636
302,994
537,688,949
31,65,704
228,351
43,686
499,524
91,902
108,234,335
548,983,997
318,345
897,975
426,778
201,379
562,663
91,771
285,556
193,491,599
147,238
102,940,971
175,232,734
552,646,956
245,577
534,621,792
290,308,634
387,404
320,983
144,356
113,454,638
281,694
496,643
323,485,545
221,361,911
130,315
264,972
577,614
161,997
396,521
213,570,753
387,527,779
355,496,636
618,887
116,170,231
540,872
9,304,700
243,368,1000
48,726
16,300,382
286,518
181,461,606
180,488
407,678
82,892
299,639
60,865
183,496
603,676,920
165,829
814,988
46,55
716,920
279,513
232,394
103,765
87,93,667
558,632
152,699,745
537,709,813
210,674
226,579
259,552
169,851
616,727
577,759
716,952
138,536,836
232,393
35,588,616
682,759
179,564
45,266,574
16,510
221,569
795,871
161,492
202,392
345,385
672,891
202,579
31,480,753
746,748
533,814
2,697
64,470
287,517
75,470
261,935
426,904
541,704
517,541,959
451,690,930
629,724,919
128,611
621,980
135,195
310,606
6,811
24,627
477,927
883,962
382,761,887
182,674
224,729
131,376,550
124,278
551,610
634,790
46,554
701,891
70,400
441,773
697,723
154,299,827
83,341,733
624,696
339,768,825
1,923
507,805
64,361
77,379,531
111,592
418,539,888
2,304
152,350,627
414,928
341,399
727,953
219,783
251,961
216,746,963
617,723,777
98,161,381
646,648
389,530,586
436,776
30,966
481,555,622
423,571
247,362,662
326,652,922
446,798,983
188,256
429,973
249,585
113,578,870
37,311
115,664,801
46,380
199,595,859
158,183
416,563
495,847
99,116,921
207,448
33,612
583,767
100,604
649,811,992
185,453,844
56,804
239,463
229,856,922
262,731,839
118,913,997
344,885,937
186,409
75,271
104,213
294,370
103,842
962,998
319,713
75,325
242,268,560
103,966
500,593,846
952,978
352,820,878
144,154
38,327
302,458,661
537,832
95,422
144,786
232,412,744
13,556
736,803
693,784
65,213,764
2,460
63,403
251,445,858
159,397
91,642
128,480
139,852,896
564,873
104,471,584
104,304,729
161,984
811,944
77,901,905
415,918
186,977
102,200,483
62,826
217,559
119,929
325,361,547
142,687
425,563
294,367,749
500,718
274,380,803
298,476,864
347,698,897
855,977
54,102,585
387,594
182,535,685
144,896
200,613
275,883
396,839,891
626,714,927
418,855
374,378
545,972
114,172
168,704
63,791,849
350,378,896
777,826
67,355,532
129,234,596
9,375
11,241
610,838
405,492
499,661,972
264,649,826
751,979
188,230
26,263
972,999
140,698
530,634
880,917
193,268
226,347,716
78,701
191,663
89,287,749
453,847,957
20,743
376,518
183,983
361,478
240,783,973
523,847,986
658,897
264,407
390,478
349,380,421
546,801
109,675
168,242,393
21,117,550
28,93
666,737
44,299
945,975
185,642,964
282,713
234,473,755
149,615
606,979
137,207
462,768
323,409,472
55,545
688,987
377,390
113,165
15,92
462,661
38,671
228,611
493,512
327,330,851
471,510
36,374
610,745
561,749
741,948
412,687
242,273
262,502
521,550
172,858
642,769
585,845
7,34
223,560,927
87,236,905
19,852
684,860,921
149,188
61,419,677
352,618,915
438,830,952
355,387,843
71,612
120,871
766,903
488,825
155,621
418,664
177,399,857
506,954
122,230,493
56,99,117
593,763
502,525,593
317,411,609
237,612,667
483,658,862
756,914
339,926
729,815
683,728,792
597,678
187,832
151,315,622
294,952
374,808,964
798,813
242,424
366,707
628,763
462,901
731,923
578,637
95,240,946
65,74
438,532,952
98,298,480
386,944
292,647
109,641
366,554
304,479,588
828,914
258,288,752
14,222,651
856,985
623,675,909
32,225
63,675
202,297,402
93,253,317
112,154,465
356,706,939
9,120,707
148,701
306,595,816
122,418
449,725
459,785
215,726,884
221,324
235,561
142,566,910
991,994
439,903
147,782
207,213
21,908,984
35,103,880
507,590
346,890
431,670
836,969
86,170
760,834,1000
53,453
279,697
254,572,575
314,742
61,77
413,550,632
17,171
56,320
439,449,607
14,398
392,569
432,960
157,788
424,626
650,707
133,683,976
629,951
108,785
949,955
3,36,674
46,344,639
97,881
42,196
378,672
810,854
479,727
262,510,871
727,981
410,870
500,850
394,665,667
96,990
301,441,898
154,689
19,268
99,497,873
211,298
25,292
105,871
870,951
572,647
123,993
168,741
54,359
71,617,631
594,722
171,544,795
491,527,997
254,294,692
431,893
691,771
284,833
20,789
142,967
480,625
51,174,571
516,789
399,438
237,742,843
218,616
191,676
305,963
156,433
31,523
208,545
29,41
549,990
774,922
125,446
800,870
531,827
58,627
202,449
99,281
18,220
69,230,952
59,140
179,485,717
315,915
180,358
484,609,665
109,243
551,831
28,526
790,818,987
195,956
113,444
138,689
758,898
25,735
77,96
122,223,416
155,565
244,304
17,45
604,961
5,374,772
654,695
456,490,607
150,722
56,335
329,699,926
262,347
517,851
297,1000
446,834
42,235
245,877
620,966
204,581
83,602
22,669,916
206,716
19,805,931
247,854
52,282,516
712,965
296,936
689,908
813,838
433,508
55,335
193,268
135,651
420,953
399,722
419,814
22,647
4,499
749,883
172,883
181,819
118,275
266,675
221,976
128,258,440
506,515
365,648,980
42,215,434
206,998
224,590,738
273,947
376,738
414,460,627
26,628,693
77,974
659,748
655,664
174,569
227,373
391,709
377,417
8,755
63,210
230,630
45,921
514,646
113,619
153,338
353,355,413
214,664,874
30,620
2,504,892
34,953
68,679
88,124,800
761,913
516,539
403,486
12,955
133,376,938
150,795
147,386
445,476,758
105,515,726
294,431,550
706,735
221,665
683,804
142,871
331,622
147,291
592,950
221,566
817,919
57,126
61,169,204
341,795
266,775
403,500
78,195
323,828
182,575
556,934
71,772,824
114,585
619,924
216,355,704
259,963
188,877
417,727
86,572,642
532,698
376,644
526,926,973
203,236,449
752,943
559,975
316,560
65,235,670
335,740,825
583,918,954
20,194,316
505,542,861
257,501
436,603,987
451,884
107,147,793
481,922
120,770
450,523
575,940
676,781
176,230,761
37,67
551,638
82,914
133,544,693
412,827
10,151
774,819
378,805
306,526
401,491
6,323
414,629
508,677,841
72,286
262,959
290,865
182,828
26,810
97,517,860
915,948
536,984
886,889
127,411,756
259,440,870
608,731
538,637,753
387,441,889
464,688
427,801,859
233,997
11,32,80
17,338,843
545,942
136,518
433,931
36,331
479,483
194,527
834,914
632,984
308,518
706,812
78,546,671
177,306
35,173,799
945,999
357,942
152,281,788
540,569,794
42,1000
233,741,743
170,707
166,331,943
482,813
557,681,943
385,619
267,514
938,961
406,784
287,586
34,121
66,776
1,168
37,137,818
89,486
670,679
409,610,653
382,711
379,629
677,748
38,204,379
6,770
175,547
848,899
382,836,896
26,424
29,571,848
95,945
701,799
709,902
57,975
24,557,670
631,851,897
13,474
582,635,997
109,452,693
136,895
286,629
10,492,866
171,658
99,260,432
436,512
414,654
41,835
371,919
466,546
818,966
330,754
24,742
520,996
436,618
221,273,353
124,855
5,90
640,687
336,553
373,589
135,392,443
460,557
149,474
275,815
199,513
111,551
110,497,499
630,862
513,714,932
764,953
44,155
327,531,562
445,806,954
338,577,633
339,708
754,996
293,927
250,253,569
168,429
30,371
203,558
528,564
77,654
431,615
802,909
231,920
251,828
498,535,873
330,704
329,874
585,733
328,949
151,729
174,860
6,470
256,680,695
608,636
381,565,668
315,622
254,787
562,662,701
122,608
323,671
295,647,799
57,441,653
459,480,758
319,589
96,879
122,437,443
238,508,851
557,824
767,781,944
342,959
105,434
259,415
565,769
112,142,993
296,379,489
206,737
63,278
725,950
514,918
98,561
139,229,984
286,550
544,681,835
168,584
259,332,811
174,681,736
537,809,886
228,260,392
423,579
169,273,956
347,654
664,877
148,375
299,503
417,873,919
410,932
45,436
280,823
656,732
863,897,946
211,576
392,504,910
748,805
173,700
273,365
22,671
125,270,343
372,746
519,681,996
202,450
187,477
291,429
679,957
835,968
63,254,533
393,665
801,989
450,965
407,463
124,339
154,562
623,905
343,528
102,433
412,811
213,812
124,644,650
128,645
325,648,998
60,586
3,831
20,180,884
189,662
725,938
485,889
405,589,685
215,522
322,513
136,277
258,855,974
9,276,408
86,102
360,582,646
625,938
387,602,786
184,270
598,933
465,930
17,596,915
284,504
185,560
203,228
327,745
690,837
97,350
178,735
119,197,653
564,794
727,950
41,877,911
137,436
315,955
784,953
260,700,965
65,344
362,995
700,876
623,957
31,622
108,452
238,380,965
363,478
178,741
13,887
9,96,689
906,921
284,635
237,239,910
187,215,916
691,715
197,981
44,348
300,497,676
671,704
312,805,997
234,763,769
577,907
333,924
447,772
7,359
126,840
22,438
158,435,662
209,552
97,389
328,808,869
279,474
53,642
377,417
469,804,828
589,810
41,458,574
293,346,984
93,214,652
640,724
236,238,413
212,636,672
154,187
128,923,952
13,302,866
215,477
5,490
70,316,770
57,140
337,523,559
160,920
4,499
163,192
87,499
184,595
546,666
392,540
368,929
64,442,625
53,911
149,386,545
237,355,627
473,541,639
372,429
64,929
205,465
760,763
837,935
419,495
611,614
349,678
148,597
51,216,520
464,880
125,407,546
521,849,882
387,501
88,830
845,965
307,799
44,245
114,320
739,854
456,670,792
292,351,420
41,605
483,921
463,544
311,756
84,553,642
487,724
239,532
970,979
299,934
134,252,894
938,976,997
526,572
51,452
563,851
158,386
344,441,804
237,311,826
72,509,523
378,511,849
23,193,943
188,276,923
189,678
549,676
315,471
123,473,945
361,785
156,692
717,809
251,996
106,851,958
109,192
228,396,679
177,805,913
114,400,643
44,401,719
153,862
393,937
263,660
123,477,977
130,283
346,462
383,681
221,248,613
183,456
67,565,645
80,240,788
66,953
493,779
143,916
261,360
41,250,614
84,93,941
714,754
879,999
135,923
305,516,551
97,826
434,993
540,823
241,835
673,720
445,481
460,910,978
478,881
48,201
18,986
682,876
256,548
348,732
598,630
432,954
492,799
101,982
34,593
208,405
32,162
377,783
84,305,797
724,753
340,620
524,607
363,956
46,101
200,310,847
618,727
277,470,900
305,476
257,953
685,770
686,718
724,923
287,325
203,710
395,841,980
82,407
409,940
510,725,753
633,940
497,634
79,109
5,281
665,768
530,999
256,638
64,146
85,356
313,944,973
300,660
8,212
5,245
729,875
213,337
228,756
333,835
154,253
225,545
525,814
908,926
265,563
412,525,803
151,310
309,580,876
135,187
166,570,978
139,728,881
137,935
258,681
316,468
462,993
364,766,836
84,356
328,686,957
529,604
324,471
643,718
41,908
141,182,262
217,623,722
405,713
47,653
693,895
87,678
242,915,939
61,85
177,888
65,106
38,750
597,985
487,896
128,872
458,727,935
210,613
159,470
345,824
386,671
60,748
121,268
768,942
18,651
458,713,971
493,692
422,579,679
214,672
239,989
68,863,991
117,696
346,405
269,530,865
427,929
69,125
279,865,879
113,486,927
312,394,595
139,144
32,402
976,987
336,878
411,874
306,308
154,359,617
209,351,672
3,216,331
209,840
667,933
190,657,694
229,259
6,127
237,351
275,790
124,151
159,481
241,323,399
51,292
849,870
280,437,802
810,825
432,514,559
444,495
173,555
497,880,902
472,857
364,498
198,249,689
866,890
172,566
350,975
47,984
528,623
92,195,211
600,749
453,731
57,311,576
130,225
296,425,548
711,759
157,822
86,902
599,783
241,396
85,692,778
796,820,915
147,650
71,610
78,481,838
875,902
302,558
20,355,674
62,737
92,529
100,301
920,924
361,766
140,164
203,663
437,830
357,463,586
338,912
337,847,910
517,925
418,595
302,669
235,367
353,974
637,938
371,575
390,738,849
212,429
227,709
23,184
8,204,504
761,810,893
200,253,380
167,716
310,400,729
328,560
568,856
64,604,695
16,192
2,238
69,145
344,783
841,981
458,497,703
142,168,811
599,639
287,552,855
233,247,870
339,718
857,863
158,295
733,757
288,780
163,432
290,501
144,925
701,745
127,448
226,372,699
391,862
289,882
98,460,687
254,692
84,209,647
350,678
36,59,159
218,520,617
22,102
685,743,808
506,762
148,339,543
16,738
406,841
572,742
196,594
97,351
564,916
53,394
276,407
128,723
53,243
419,880,974
494,1000
859,882,929
63,737
158,662,716
381,811
225,296
731,917
552,878
1,709,920
86,459
420,701
106,530
593,621,643
138,447
124,224,384
217,225,680
522,851
179,187,988
31,145
372,825
388,838
176,255
83,227,324
61,468
246,508,877
414,511
245,303,317
337,460
653,968
174,459,559
9,52,455
121,499
54,799
180,530
139,811
110,236
131,259
121,633
56,825
296,932
159,336,877
327,902
377,394,715
167,927
182,986
677,752
175,943
886,938
483,640
227,421,682
185,317,709
385,993,994
373,571
243,528
228,319
148,538,950
604,976
835,989
725,846,861
216,259,390
388,422
775,799
281,697
18,523,639
8,638,998
195,347
660,761
479,618
443,622
70,143,298
81,153
82,832
193,831
401,931
82,463,728
21,309,605
144,732,957
133,666
222,717,769
446,938,992
153,602
3,24
512,596,686
23,386
289,418,805
167,993
425,666,833
225,650,882
748,927
594,635,694
227,775
310,319,433
711,904
14,669,751
68,622,946
18,142
94,405,545
119,970
324,958,974
211,496
438,882
47,504
176,717
781,806
311,703
93,340
239,864
455,598,850
424,583,691
686,786
375,655
378,485,789
26,867
758,775
236,254,907
526,790,878
171,730
676,804
40,573
19,228
145,214
475,835
123,865
88,405
454,891
724,825
184,612
5,944
95,805
110,700
347,659
767,957
11,963
55,819
373,392
419,575
223,348
391,591
614,677,981
27,46,908
128,679,996
157,364
842,926
435,737
699,856
414,945
201,697
604,995
296,391,435
833,861
681,777
55,106,776
152,752,823
155,850
185,319
241,250
315,928
113,894
72,493
8,968
317,866
749,766
166,775,871
501,858
290,309,820
200,461
160,347
342,578,954
186,195
35,261
247,746,960
42,130,221
230,528,981
427,989
95,154,736
226,256
76,160,407
232,287
436,894,915
328,861
143,182
648,839
539,827
27,210
755,821,953
358,360,767
153,767
16,149,827
262,331,701
242,935
107,753
5,980
567,814
157,424,434
538,867
2,334,748
315,919
64,146
422,963
734,756
24,357
743,859
14,163,653
180,781
724,876,957
97,282
231,436,643
148,643,940
218,312,514
101,352,813
592,850
530,736
288,704
70,745
35,163,850
90,687,697
95,613
420,452
157,231
64,1000
194,530
195,960
119,774
474,861
101,316
499,905,974
497,846
164,613,970
667,931
227,750
506,955
204,627
371,581,890
194,679
418,551
284,493
304,702
658,698
491,709
524,752,781
31,906
358,910,990
516,637
753,939,996
166,280
165,351,831
11,492,513
246,449,837
783,981
157,804
640,714
47,94
707,951
242,324
283,643
410,801
228,473,667
562,655,709
819,871
22,916
443,701
292,448,686
733,878
428,742
570,996
263,312,932
132,816
189,616
211,212
137,296
18,980
596,601
39,485,545
399,680,760
216,467
96,442,759
94,446
178,198
679,690
569,949
100,251
200,751
701,746
171,443,667
161,864
802,824,856
72,889
26,196
276,897
24,854,954
571,639
26,488
338,694
679,909
306,682
9,724
829,903
126,649
488,907
249,514
486,796
138,856
11,374
84,832
100,259,659
111,315,363
6,491,591
359,747,837
506,871,968
126,380
159,360,387
287,734
299,466,678
50,441
153,294
399,404
136,755
188,479
914,943
698,997
249,261,692
309,456
149,467
182,377
204,973
115,264
355,579,826
41,310,720
23,538
113,223
475,571
7,944
61,107
610,783,980
756,798,881
150,173,666
517,782
426,730
3,331
403,561,782
18,310
193,369
184,315,457
579,765
23,363,388
16,169
357,830
318,819
121,759,797
90,238,388
122,550,683
276,774
635,997
82,355,690
119,439
191,218,934
156,842
246,723,853
225,274
172,310,356
743,917,950
102,192
213,337,523
468,968
109,835
24,805
392,552,657
165,173
382,419,966
393,461,581
91,301
605,905
22,329,364
276,789
672,958
10,170
299,306,462
557,559
569,838
80,737
551,891
754,899
95,662,831
221,851,924
75,915
124,506
765,977
588,889
75,704
449,902
336,544,582
301,370
34,419
137,973
478,914
56,138,868
498,857
112,985
293,355
51,860
27,256,515
151,976
342,675
83,251,664
401,807
676,850
333,888
262,571
838,965
30,453
196,596
731,898
445,569,753
139,389,779
212,541
28,999
611,841
350,829
255,377,378
603,787,915
88,328,567
278,838,916
203,219
178,196,903
319,524,713
650,708
135,859,983
184,414
140,210
395,649
642,675,738
492,809
90,275,287
240,935
370,802
243,341
451,590
196,515,931
87,513
257,443,515
438,998
104,240,337
334,998
314,771
92,772
500,875
386,408
742,771
279,792
20,620
444,490
162,637,652
513,784,816
861,895
558,776,834
6,343,670
590,999
476,888
88,965
117,249,809
153,690
607,923
87,205,434
60,912
540,587
464,655
138,810
381,554
23,856
47,993
210,323
142,290,447
288,724
373,379
25,88,776
148,527
19,827
429,623
132,313,898
146,233
72,545,546
194,254
13,867
177,702,974
572,783
380,439,470
505,526,924
269,820
157,302
90,344
376,485,725
546,589,797
126,714
273,470,604
183,758
241,762,891
317,442
38,517
214,567
182,348
227,602
446,889
453,930
628,686
161,718,846
412,859
105,497,821
615,835
509,562
332,759
663,903
398,492,780
102,568,860
731,860,891
397,811
514,793
39,857
286,802,843
91,938,976
261,766,984
387,607,795
431,667,758
529,816
96,661
743,947
166,380,589
847,852
161,302,471
296,725
170,797
190,321,509
558,665
266,524
245,426,573
50,202
596,705
70,179
94,173
451,906,944
712,836
461,558
126,366,444
525,559
34,402
152,191
109,170
476,747,965
321,884
199,477,958
147,700
142,677
323,825,914
455,631
605,769
115,286
209,692,735
172,821
115,651
8,875
520,924
169,415,772
95,166,773
977,989
392,822
58,131
456,686
210,553
438,735
228,802
87,428,836
66,695,989
319,631
533,969
422,677,837
735,933
309,388,955
113,505
241,591,892
392,450,839
565,890
46,952
220,639,839
206,954
185,310
232,607,964
281,773,839
484,492
324,521,911
121,302
277,965
185,775
450,784
202,621,773
369,578
852,891
759,984
339,827
333,478,594
258,657
261,381
494,628
111,389,693
342,583
722,966
776,828
191,621
294,584
250,382,419
620,797
963,969
264,392
366,723
409,539
265,499
298,706,833
271,452,670
251,507
86,685
29,58,832
231,724
623,665
159,930
536,861
230,503,950
31,275,322
450,752
128,183
38,727
232,708
87,430,797
231,512,911
350,637
143,277
132,193,839
288,308,859
190,855
401,561,735
86,353,655
108,180
110,788,901
395,752,755
280,615,932
543,953
558,686
547,626
229,293
168,275
205,697
438,977,992
631,925
193,280
77,598,966
116,768
574,799
215,446,625
80,111,663
355,405
477,816,995
63,124
337,642
363,391,551
192,250
689,756
172,740
378,384
281,526,597
11,369,897
314,371
498,762
58,106,378
209,237
772,782
349,805
586,674
234,758
65,810
369,469
2,280
535,573,646
466,864
418,664
44,830
286,583
576,792
32,954
288,404
785,837
308,430
154,653
355,391
58,549,664
256,438
535,668,761
11,226,270
327,574
11,248,270
111,361,687
257,805,840
314,606
147,922
621,671,843
80,140,842
415,429
302,499,825
230,499
409,491
37,583
326,540,869
116,612
700,739
324,501,710
100,433,780
370,492,711
428,605,799
197,779
277,876
690,761
525,842
753,889
67,908
186,808
437,575
57,882
584,637
636,918,949
495,716
181,930
22,249
187,715
538,716
399,840,928
691,810
142,146,410
389,528,914
356,712
224,425,426
124,194,989
