12,40,79
22,28,83
91,98
11,57
23,67,72
25,33
20,27,45
18,64
3,36
1,4
1,54
1,4,88
20,68
38,48
2,90
63,71
4,95
4,7
3,8,55
3,76
28,30,65
4,34
7,60
5,33
1,43
16,59
1,6,42
5,15
2,92
11,15
8,84
87,93
12,14,29
1,34
9,17
31,47
37,42
9,14,40
2,27
2,10
24,26
13,70
6,69
6,16,31
8,81
4,17,25
2,21,24
19,51
35,62
7,39
8,41,94
38,82
6,10
3,5,6
3,99
10,61
26,46
1,19,75
13,80
7,18
1,78
2,21
3,30,58
29,52
36,77
11,39
1,37
22,23,74
17,53
5,66
7,9
14,56
5,10
18,96
2,89
2,3
9,12
41,100
16,32
35,49
9,11
2,5,6
1,73,86
10,15
8,97
32,44,85
12,50
4,13
