1,24,41
19,23
1,6
2,6,7
2,60
9,10
18,74,97
34,43,82
19,71
46,88
15,44
47,54
59,67
1,13
1,4
5,24
32,33,42
17,86
30,48
2,4
2,13
3,32,96
20,66
13,26
11,33
1,92
8,28
6,64
1,11
27,75
1,2,29
4,16
12,22
1,77
1,7
21,45
16,81
52,83
22,24,94
12,14
4,9
2,25
3,61
1,2
8,50
5,6
8,27
2,18
10,87
7,58
2,10
12,19,80
25,69
37,49
7,11
5,63
3,37
20,78
1,29
9,23,34
14,22
3,6,12
3,55,73
3,89
1,57
1,70
3,51
5,7,30
5,14,100
3,68,90
2,21
2,38
38,79
1,8
2,16,76
20,65
4,35
36,93
1,3
9,91
31,62
23,95
10,17,85
18,96
31,36,72
1,11,99
28,84
15,39
8,40
4,17,53
2,15
5,9
1,35
26,56
14,15,98
2,13,21
