7,31,100
13,54
4,7,46
5,29
15,42
24,35
30,72
21,37
11,38
3,11
4,69
3,82
1,10,87
5,16,33
4,9,76
52,61
13,25
18,63
6,11,22
1,28
1,75
14,26
50,62
8,28
19,31
8,23
56,65
2,23
83,95
40,43,90
78,91
16,81
92,97
1,34
10,66
17,34
13,29
2,93
7,12
2,49,68
6,85
2,27,60
32,98
6,77
6,7
11,27,86
25,84
10,44
3,53
4,47
1,22,30
2,94
7,18
4,16,21
24,70
3,48
6,9,73
1,8
5,71
2,3,20
10,17
2,17
45,57
1,14
13,89,96
26,99
1,5,8
1,51
3,9,32
55,79
12,36
4,6
14,67
8,33
1,15
12,39
2,58,80
7,88
5,19
20,64
5,9
3,4
5,74
15,59
1,2,41
12,18
