4,20,30
7,8
7,22
33,92
19,36
48,87
2,6
4,5,9
7,55,80
13,36
2,3,96
1,4
1,86
14,39
59,64
31,73,95
10,63
2,13
9,74
3,93
3,50
9,29,60
3,10
3,18
1,12
54,79
4,100
1,11
2,12
2,28
4,16
4,20
1,82
5,65
4,5,99
1,66
8,25
1,6,31
7,13
1,2
41,56
1,10
1,26
3,4,10
26,27
8,27
1,81
12,15
9,11,77
23,30
38,52
2,12,20
3,78
17,44,69
68,91
4,83
13,47
37,46
1,57
6,42
25,34
2,94
19,97
2,15,29
4,14
1,88
3,33
1,24,35
7,18
1,6,14
8,21
5,43
2,70
3,40
2,21
6,19
1,8
11,39
1,3,11
2,17,23
3,5
17,53
5,76
4,5
2,24
1,89
2,37
1,3
2,22
49,90
15,45,72
3,32
16,18,51
28,98
1,4,71
2,14
1,7,35
2,3
9,75
21,61
16,32
62,67,85
3,34,38
3,4
6,58,84
