12,26
13,63
1,58,72
7,8
2,5
1,32
24,55
1,6
33,92
1,45
9,11,15
2,3,24
1,9,47
3,23
7,17,91
1,6,12
14,23
3,36
4,41
16,58
4,11
9,16
18,90
4,82
1,86
1,14,88
8,15,73
10,13
2,4
5,99
3,7,22
21,40
4,76
8,52
12,64,69
22,98
50,62
8,28
20,34
27,28
2,3,5
30,60
14,19,42
2,7,74
4,20
8,11
15,17
10,68
2,11
2,5,16
3,9
4,44
10,77
1,59
43,56
80,94
2,15,25
2,66
4,29
6,12
1,81
27,100
1,14,30
8,20
6,85
1,19
1,31
13,78
18,31
19,33
3,83
17,29
3,51
1,21
2,4,7
18,21
16,89
6,32,87
3,65
2,4,18
1,53
3,5
10,25,67
4,5
2,17
7,61,93
2,37
1,96
1,10,13
3,6
35,79
48,75
2,14
10,26,84
2,3
12,95
1,97
38,70
9,11
2,54,57
11,49
1,5
3,13
9,39
3,46,71
