72,82
7,73,100
8,34
17,19,81
41,61,82
73,99
12,62
30,79
24,38,57
10,30,37
13,23
1,33
3,12,92
2,22,49
9,73
30,58,76
30,36,71
29,75,94
19,45,51
17,54
61,93
6,20,23
13,100
55,68
1,17,29
28,33
50,88,93
15,49
54,62
38,85
2,89
2,18,64
20,71,96
11,18,23
37,81
70,72,96
8,54
61,76
1,94
7,86
9,68
52,100
70,73
19,42,49
4,54
69,92
16,20,37
15,85
52,99
6,35
28,46,90
18,88
52,62
2,67,95
8,45
3,37,84
23,46,71
26,63,97
13,47
60,90,96
75,79
38,78
6,8,36
49,60,67
43,67
38,65
41,99
40,41,67
68,81,96
56,63,98
59,72,86
10,92
14,83
28,36
25,44,90
52,82,99
59,80,82
25,47,74
63,69
87,90
27,41
54,72
24,81
30,46
5,98
17,27,62
47,82
5,48,76
12,100
60,76
47,50
59,81
21,79
41,49,61
45,57
29,75,91
17,71
2,54,81
64,80
64,69
17,42
6,65
52,62
19,82,100
92,93
87,98
22,95
6,69
37,55,56
27,50
15,56
27,92,93
30,31
47,73
3,36
54,90
15,38,42
27,43,92
17,34
37,84
47,99
22,26
11,51
22,46
41,70
26,71
1,74,96
9,45
29,74
28,57
46,98
36,62
44,57,84
7,30,83
17,22
53,95
29,66
10,69
8,25
3,14,84
43,76
57,85,90
33,48
95,97
3,64
1,66,78
14,15,58
27,82
4,35
96,100
8,34,51
63,68,89
12,32,65
50,64
38,63,68
34,80
66,99
52,94
40,51,79
45,75
2,27
18,65
17,94
47,73
4,84
57,98
10,64
21,91
58,100
16,24
88,97
9,68
2,62,67
31,41
14,87
25,51
50,88
9,62,67
15,98
30,89
38,83
21,75,94
9,52
3,84,89
50,69
47,93
42,61
31,61,74
7,75
45,73,80
9,76,98
52,61
97,99
21,64
13,24,83
39,84,98
77,82
7,21,51
34,77,82
49,52,64
1,17,91
52,93
18,65,88
25,59
50,69
27,62,88
41,65,69
13,39
17,23,26
31,34
10,64
28,36,45
41,64,69
33,34,45
49,64
44,92,96
1,87
5,99
16,71,76
41,60
35,67
28,68
5,77
14,39,89
9,35
58,87
64,69
19,94
23,85,98
43,98,100
30,46,85
52,63
14,28
29,47,98
22,75,94
80,83
79,97
55,81
39,71
13,44
32,38,51
6,52
75,79
34,70
81,82
35,75
63,88,95
22,51
49,64,97
25,48
32,53,72
23,24
18,44,78
63,92
17,34,81
14,85
16,36,43
44,79
78,90
48,51,79
8,19,48
30,43
59,81,98
13,85
28,40,86
21,68
31,89
18,31
2,93
20,28,30
2,65
1,66,70
13,39,98
47,65
11,66,68
30,87
43,100
38,44
8,72
68,86
49,95
28,94
15,83
38,67
23,46
2,5,18
64,99
31,100
62,64,88
69,83
14,31
39,56,85
9,25
29,51,70
46,90
18,32
13,38,76
23,77
83,91,93
45,49,91
40,83
2,6,36
44,54
2,88,95
33,51,97
93,97
38,46
27,62
28,30
5,6
21,35
14,47
68,75
9,86
14,58
36,39
55,59,84
54,76
26,41
41,50,60
30,36,58
1,40,73
26,88
50,73
15,43
8,15,41
9,85
57,75,78
33,58
1,11
4,78
8,29,34
95,97
5,29,82
12,61,63
52,77
14,51,87
15,24
9,11
13,52
54,95
42,49
36,60
31,83
52,65
46,76
31,39,42
24,61
10,92
9,34
60,95
20,28,34
66,76
76,100
49,61,69
20,85
18,61
47,52
12,65,99
5,67
33,68,86
17,19,66
12,92
4,26
57,83
50,67
41,49,61
35,48
31,72
11,66,91
10,12
37,90
28,55,91
70,74
57,58,88
53,59,80
3,87,98
19,74
13,75
29,55,70
91,95
52,99
13,98
20,84,85
10,11
51,56
18,67
33,79
29,33,80
39,57
12,47
21,29,45
18,27
18,90
36,56,89
71,98
31,84,88
16,58,76
31,73
14,23,28
82,88
36,38,85
45,55
37,39
82,86
3,30,31
61,95
36,39,58
9,51,74
38,56
77,88
8,25
27,72
17,33
49,61,67
1,16,78
88,92
32,62
64,95,99
18,60,88
7,21
4,14
27,97
67,88
23,39,98
84,87,97
33,73
32,63,88
60,62
50,66
25,39
57,84
40,54
3,20
26,77
27,69
17,45
16,36,87
40,81
3,14,44
29,68,81
19,60
34,35,91
9,34,80
14,56,84
34,39
50,62,82
16,58,89
16,61
50,52
70,96
10,21
64,82
30,36,85
50,64
78,91
1,34,81
55,82
19,96
25,72
32,71,94
51,53,80
20,86
52,67,93
63,82,99
18,50
56,57,84
62,64,65
32,63
53,80
9,93
15,17,48
16,24,71
77,89
3,21,34
52,64,95
68,80
10,49,93
59,84
22,82
13,32
76,100
84,85
15,30,46
29,33,81
20,44
11,25
19,53
35,51
7,40,45
3,15
36,93,96
24,31,96
44,90
68,73
52,67
22,99
5,15
62,77
37,83
5,69,95
1,94
13,28
17,19,78
59,94
2,12
7,45,55
40,97,98
30,89
34,53
72,91
65,76,96
14,38,87
31,32
11,48
36,85
28,58,83
8,70
48,59
68,88
6,97
42,56,89
1,4,75
28,79
6,52
15,16
3,12,49
30,38
47,69
25,78
20,56
23,36,87
36,83
2,81
7,23,94
51,99
2,18
20,42
12,50
59,83
23,24
75,79
37,42,89
41,75,83
60,65
51,53,94
22,67
16,28,58
8,54
5,67
2,46,89
16,46
4,19
4,52
29,31,50
9,74
15,38
40,54
14,42,56
18,46,88
19,82
46,87
50,61,79
39,59
31,65,70
65,96
15,83
20,37
46,56
85,90
53,68
20,39,78
13,20
49,99
24,51
