3,77
1,18
22,78,87
23,29,86
27,57
11,83
64,82
13,82
15,60
75,86
53,91
26,35,50
23,75,100
43,72,91
62,72
50,53
40,79
78,84
56,74
56,78
60,76
24,28
57,59
21,59,95
10,53
27,64
9,51,71
67,83
29,82
7,28
49,78
22,40
41,71,74
78,92
86,98
59,62
3,56
51,97
31,32,94
7,81
13,78
33,87
1,72
45,54,90
58,72
2,24,46
6,61
29,45
50,53,99
49,53
32,84,94
13,18,89
9,76,83
22,97
9,44
18,33
9,23
11,91
68,98
50,96
35,51
73,93
32,37
27,33
15,99
87,99
25,56
2,86
63,82
95,99
5,39,89
62,96
18,49,71
9,61,100
31,40,74
29,52
26,63
11,28
81,94
43,74
84,98
40,46
12,56
31,95
67,97
39,79,96
53,76
78,81
84,100
49,63
12,25
19,45
33,86,97
21,52,65
53,74
75,99
21,50,63
4,28,59
56,100
28,64
43,71
72,100
75,83
67,75
18,82
23,60
45,70
36,98
29,69
36,86
36,52,86
27,61,95
21,37
33,69,70
10,34,60
39,89
6,60,93
28,63,77
50,92
74,100
38,49
3,87
16,35
23,61
32,55
8,19
11,46,67
29,46
78,91
18,84
66,99
76,83
2,6,20
7,61
27,95
25,46
35,37,40
40,48,56
70,90
8,56
53,65,96
17,27,73
20,97
32,78
6,93
28,68,81
84,91
78,85,99
21,70
59,66
2,21
36,94
20,58,59
18,46
82,99
50,91
18,89
5,38
22,55,57
26,30,61
37,85
37,85
20,68
3,17
3,39
17,56
21,38
29,49
49,81,100
2,42
3,81
16,36,67
65,91
7,15
9,78,92
93,98,100
6,83,98
18,45
34,61,72
20,93
16,74,78
27,60
7,63,65
59,94
4,82
18,30,78
63,64
2,26,46
35,85
26,81
70,93
24,64
19,63,97
6,67
47,75
5,12,30
44,98
48,99
40,96
4,7
30,45
79,89
17,48
23,35
9,36,76
24,42
20,76
44,69,86
28,95
48,51,58
45,52,90
9,43,98
12,30,72
7,27
23,51
51,55,97
2,76
3,43,54
25,70
9,23,86
26,99
44,73,86
24,49
19,36,47
40,42
68,76
61,65
11,55,67
31,88
11,13
13,30
7,15
41,71,77
13,87
19,27
14,18,66
26,35,96
63,79
20,51
15,58
45,59
17,87
71,82
22,48
14,83
12,56
69,83
26,37
31,86,95
20,23,32
40,89
9,33,52
5,74
83,87
27,65
20,28,78
12,60
68,86,90
9,51
64,77
23,70
11,36
6,28
5,49,99
68,76,93
15,86,91
14,71,74
27,34,96
95,99
51,69,70
7,99
44,79
27,57
61,93
4,26
32,35,43
15,50
34,85
13,81
39,85
19,88
32,77
49,76
9,25
87,97
31,94
11,29
15,28,95
66,98
82,98
42,92
77,79
50,92
10,50
3,16,71
49,89
76,81
81,84
50,56
2,70
11,33
90,95
4,9
3,74,84
61,99
46,73
55,69
10,28,35
61,76
16,41,100
83,90
78,85
36,46
24,68
30,38,94
56,81
33,42,46
19,68,90
12,26
6,36,53
76,83,97
17,56
1,52
8,31
7,37,61
35,48
7,91
26,69,79
26,92,96
3,46
47,68
28,36
31,40,88
17,94
32,48,89
38,54
64,87
7,27
10,85
26,82,96
69,97
33,47,86
66,67,68
48,85
82,88
17,84
38,42,86
38,55,89
14,81
38,79
63,94
28,29
1,64
10,99
78,94
56,87
7,46,100
79,94
50,62
13,77
40,73
49,53
57,92
8,49,78
25,81
9,33
29,38
42,75,97
28,82
14,79,94
18,23,79
6,68,73
11,42
27,35
12,48,87
17,22
68,94
14,28,59
1,27
48,84
51,82
8,87,89
17,55
62,72
61,72,95
73,94,95
30,79
62,81
9,23,29
42,57
27,28,95
1,50,64
5,28
11,42,76
9,45
28,61
13,74
2,24,33
27,60,85
50,96
57,63
52,61
25,89
37,72,82
35,84
16,32,87
58,89
27,92
61,62
64,82,95
18,41
7,10
23,40,72
23,44
44,60
6,38
22,24
74,100
80,84
64,92
58,79
15,53,64
70,85
8,77
33,63,88
14,79
7,34,63
23,39,52
11,24,62
63,86
33,44,54
29,61
5,91
81,100
15,72
4,15,63
16,46
2,66
56,84
65,85,95
27,37,63
51,76
38,55
24,34
20,53
49,87
31,71,79
80,89
17,56
18,40,48
56,88
33,83
15,64,66
16,33,99
36,51,67
32,33
63,85,95
77,94
57,97
9,78
34,91,93
25,32,88
63,99
36,86,98
14,18,32
15,65
4,63
17,68
72,73
49,87
57,61,91
20,60,76
26,34,85
27,69,99
26,86
9,60
45,100
14,43
53,92
31,56,80
69,90
17,67
26,37
20,52,93
54,68
36,90
40,77
1,64
85,95
4,64,95
27,37
21,91
59,91
70,83
14,100
15,28,35
36,83
8,22
20,21
28,53,61
52,55
50,85
11,20,98
79,84
17,33
47,71
74,79
59,65,82
32,45,100
3,12,61
57,85
12,32
31,39,87
41,94
37,50,95
10,56
54,63
35,39,50
10,27,58
1,34
61,87
1,71
60,88
4,61
45,69
26,28
68,76
27,61,99
29,44,54
20,47,54
28,91
83,100
3,77
76,90
15,26,35
20,55
77,84
7,57,99
73,83
3,32
68,98
32,41
13,71
25,95
33,51
23,68,75
41,71
54,86
9,16
70,71,88
78,88
23,90
23,97
39,87,88
33,76
23,29,45
9,63,100
29,74
15,26
4,22,52
37,95
8,86
5,15
52,76
37,65
20,49
28,48
77,84
67,98
42,97
42,70
90,94
24,36
45,47
15,52,74
