40,99
12,73,85
31,36
54,71,76
53,62,84
20,56
28,30
40,60
6,86,96
23,61,64
43,61
7,67,76
10,82,89
11,24
7,69,72
18,47
38,88
3,16,86
38,72
69,99
19,66,88
15,25
12,18,30
26,33,49
1,7,38
25,48
1,3
30,47,73
36,44
38,62,79
37,75
23,59
16,61
39,48
28,77,97
27,28
72,84,91
5,63,65
55,69
6,70
75,78,83
4,19,28
59,62
18,34
35,56,58
1,74
35,63
8,11
14,36
26,34
9,17,81
17,89
20,32
74,91
9,19,31
56,81
4,97
22,88
13,26,36
64,81
30,78
38,46
26,56,63
24,96
24,65,76
40,41,84
7,71
70,83
39,86
33,37,58
37,66
86,91
37,65,75
51,97
15,44,68
24,79
39,58
42,62
10,100
3,47,97
77,100
43,74,84
25,27
37,47
28,77
6,86
19,50
8,43
1,61
70,71,90
39,78
22,75
4,16
32,73
12,57
19,89,97
85,93,100
63,94
3,75,83
24,32,95
13,89,94
18,28
5,67
88,98
56,90
12,34,80
72,98
11,56
49,55
22,32,84
2,25,95
3,77
6,81
8,40
20,24
34,73
9,32
47,87
57,59
26,71
6,20
7,24,67
13,20,54
61,72,79
38,84,88
23,51
3,11
15,35
3,52
59,96
17,36
23,53
47,66,68
3,31,85
46,87,100
37,68
19,48
39,59
72,78,84
34,89
29,73
38,91
19,93
31,43
39,48
45,68
8,31,45
60,71
76,92,94
25,33,67
5,50,60
3,33,95
9,77
23,53,59
4,34,51
36,92
20,50
8,85
75,91
19,66,83
39,62,70
5,19
9,45
10,68
12,73
18,67
12,61
11,82
2,15
10,28
66,86
42,97
6,21,81
5,55
23,53
47,85,93
2,21
31,33
31,80,100
56,69
32,53
29,42
51,97
52,81,82
83,100
15,34,68
17,34,57
66,87
4,9,18
40,61,64
35,39
51,73
9,12,45
34,35,94
92,99
44,49
66,68
32,66,100
67,79
60,89
70,98
2,44,95
59,84
53,73
15,20
15,18
3,37
68,80
12,63
11,57
9,30
47,51
24,61
35,53
17,47,80
57,66,80
3,10,34
8,38,72
77,89
17,29,45
1,88
1,3,42
39,64,91
3,48
18,31,51
28,43,95
15,49
87,92
9,16
61,84
67,76
38,42,63
6,59
41,92
65,75
10,68
74,98
20,99
9,68
16,52
61,75
24,36
45,73,80
24,40
44,57
42,53,62
2,25
54,76,82
57,75
61,88,90
9,34
29,89
5,47
18,93
22,47
15,73,93
51,93
50,72
3,93
32,72
5,12,51
14,56
9,18
11,20,94
33,65,71
6,44,93
64,72,75
21,70
62,63
39,63
34,92
39,62,81
4,19
6,41
17,69
54,67
7,87
45,46,73
13,18,66
5,26
42,64
25,76
5,11,69
11,43
28,87
6,71,76
57,89
24,27
23,98
5,61
2,76
2,45
16,74
32,72,84
24,96
9,56
51,87
41,52,76
21,33
75,80
43,48
42,53,91
1,91
39,75,83
14,88,98
36,77
70,81
19,45,93
9,45
21,60
3,30,73
3,13
44,50,52
41,63,92
44,50
9,16,47
2,36,69
23,75
48,91
22,42
4,89
16,66,68
10,30
30,76
26,56
15,68,93
24,52,55
5,11,33
32,64
18,47
45,85
23,44
9,47
86,91
48,75,98
66,96
11,20,92
69,73
44,81
49,69
49,68,100
13,50,81
32,90
7,52,58
30,37
28,80
27,30,81
39,81
35,86
32,39,61
2,14,54
2,7
89,97
20,32
19,34,71
4,47
19,57
7,44,49
26,35,65
12,82
5,17,22
3,12
84,86
80,87,100
7,95
4,77
27,60
20,55,69
59,91
19,50
21,76
1,75,78
51,63,85
59,61,79
25,54
17,80
56,73,99
9,45
5,71
49,99
44,48
36,56,63
23,78
19,27,45
35,43,75
69,81,82
24,79
14,20
19,20,72
39,79,98
65,66
35,88
21,41,81
11,13,98
51,83
10,20,48
42,88
45,93
17,51,66
58,76
8,27
65,79
8,75,88
43,86
16,39
49,95
24,92
7,56,58
12,77
28,100
1,48,72
12,24,26
48,79
4,10,30
16,77
32,39,61
62,92
79,88
15,83
42,43,84
43,91
26,44
65,94
1,61
20,49,76
37,89
51,92
4,29
39,84
36,49
31,51
80,97
44,82,85
42,51
1,74,78
9,34,68
56,58,94
23,64
33,49,96
14,36
88,99
26,49,71
31,37
58,86
22,88
31,68
21,50
54,55,95
16,31,34
3,16
1,38,70
22,59
26,56,77
53,78
63,97
40,90
32,62,98
15,28
37,85
67,81,99
24,52
74,92
43,75
65,98
15,45
25,83
87,94
5,63
24,94
38,81
3,53
24,47,67
40,45
66,73
2,32
42,72,78
6,56
55,68,99
59,72
44,48,75
71,94
42,84
4,77
53,84
17,57,68
20,94
18,66
4,16,51
41,60
5,40,70
21,91
22,40,91
19,87
37,51
46,51
40,61
37,45,49
36,58
28,97
25,69,99
17,19
12,33
79,83
62,74,79
14,58
43,61
32,72
28,29,42
17,19,97
25,97
51,56,79
32,49
8,46
17,87
8,24
1,41
14,33
19,29,45
33,59
34,66
24,50,54
16,29,77
3,76
36,77
7,95
4,46,57
5,32
13,15,64
44,70
1,42
19,47,87
8,53,61
58,63
29,57
7,74
52,70,80
10,92
23,79
18,92
10,37
46,53
26,33
26,76,81
34,41
32,73
30,57
62,72
59,67,75
35,53
40,89
9,15
10,36
3,27
41,67
64,86
85,92
34,87
2,24
19,73
26,91
64,80
33,39
69,75
59,85
9,12
16,89
37,54
32,36
12,66,83
61,72
14,87
31,57
33,43
50,69
43,79
