33,44,56
8,24,36
18,55
31,67,90
1,42,84
7,79
9,92
46,61,69
49,97
27,36
18,40
18,33
8,82,87
23,29,72
1,13
51,72
25,100
27,57
9,11,59
11,70
34,39
30,96,98
7,34,78
62,77
32,78
65,77
53,81
23,29
33,90
52,54
10,48
9,71,95
71,85
21,22,67
42,57,91
6,74
10,45
12,19
54,97
33,54,78
7,12,19
13,84
53,67
23,40,58
81,96
51,78,83
21,22
61,83,100
81,89
68,92
32,62
26,30,34
12,26,43
25,47
28,62
8,76,85
56,94
8,74
10,15
37,79
21,56
30,45,74
68,71
80,81
20,24,70
7,45
41,63
17,26
26,39
17,78
19,29
12,68
10,23,63
2,44,70
44,51,85
8,27,87
55,63
17,47
6,78
32,39
57,71,88
17,32
91,94
20,76
12,25
59,88
30,68,78
5,76
34,44,53
28,70
17,25,97
42,80
46,60,93
31,67
73,75
86,94
25,32,72
12,32
56,67,83
33,78
31,52
12,90
26,96
56,96,100
5,22
61,96
43,68
58,78
10,29
17,39,78
83,90
43,80
8,95
27,82,88
80,86
44,53,99
27,80
29,48
63,92
42,73
38,43,62
6,44
9,75,91
70,82
8,73,95
38,39
47,73
42,95
28,61,67
8,22,36
36,71
16,29,80
21,98
30,78
42,56
82,87
58,61
11,82
5,71
32,49,54
18,27
42,84
45,88
3,59
11,59
79,91
23,90,93
38,84
60,79
32,34
36,57,95
12,29,95
14,60,64
26,98
69,71
12,32
15,69
47,62
77,95,100
22,57
29,86
1,91
4,56
22,91
26,30
3,90
28,33,72
38,76
8,83
1,63
9,69
18,48
12,97
2,16,91
52,69
6,54
26,34,49
58,81
6,26
42,89
44,50
4,97
24,82,92
6,12
40,98
10,41
19,49
53,61
38,54
42,58
20,30,72
6,7
7,58
60,98
43,51,60
67,75
3,40
34,43,54
21,77,90
57,86
49,83
9,80
86,100
12,19
45,89
11,82
1,8,9
19,30,43
27,95
12,72
5,54,76
40,73,98
5,58
68,87
36,91
50,100
66,79
35,98
44,83
29,37,99
28,62
19,35,38
19,76
68,97
62,99
26,43
75,82
1,89
30,39,43
24,69,95
9,63
55,82
14,52,78
77,79
48,51
41,53,94
18,58
4,21,53
42,69
44,46,81
59,82,87
5,87
98,100
9,92
41,53
17,34
22,92
26,29
37,61
53,98
33,84
7,19
5,19
63,92
22,43
3,57,73
7,23,29
33,68
86,87
28,35,54
11,28,91
78,94
16,92
10,21,23
36,75
35,40
39,68
1,29
74,95
67,70
5,76
34,38,62
5,34
5,45
35,54,72
5,17,97
47,64,90
6,89
24,88
54,78
38,76
35,70
24,42
17,72
62,96
21,62,88
34,38,78
5,28
15,24,36
26,52
19,39
20,99
8,20
20,30,68
25,62,97
1,36
42,74
19,79
9,27,45
2,51,56
46,80,86
2,23,56
11,40
10,46
69,73,88
3,96
42,91
22,34,44
85,100
37,74
24,52,82
33,94
22,85,98
5,35,76
62,74
45,53
59,73
28,59
47,72
9,34
27,61
61,96
2,14,37
16,90
87,98
12,49
19,28
18,47,51
57,88,89
5,25,97
22,40
3,16,21
30,54
74,83
7,13
40,95
53,74
41,80,81
29,81,100
3,59
12,100
25,43
71,77,100
31,61
49,95
67,94
62,68
1,28
45,99
63,84
92,98
4,47
37,100
68,70,93
86,90
33,54
18,66,94
23,41,47
66,73,84
84,92
28,65
36,40,52
71,88
73,92
30,33
7,72
39,59,85
14,29,59
14,31,58
5,34
5,6
85,92
55,89,91
23,76
21,47,77
6,7,34
16,50
41,44
52,76
3,70,71
79,85
85,97
7,22
10,31
62,98
25,64
8,15,92
2,53,77
35,76
49,76
15,42,57
47,48,66
19,49
30,88
18,79
14,23
17,46
21,68
54,72
11,13
59,64,69
58,64,85
4,44,93
46,65,90
2,83,90
20,34
19,79
60,85,95
22,80
1,24
19,20,76
34,82
4,64
74,92,98
8,71,82
1,22,87
9,57
45,52,70
28,38,78
6,7,97
9,19,39
12,32
45,52
51,56
11,22,89
5,20
88,89
44,64
17,97
45,82
22,42
37,55
30,68
91,98
33,99
27,45
54,74
79,96
77,99
36,82
79,85
46,48
47,61
58,83
56,68,79
24,84,87
42,73
23,29,64
7,20,34
5,35,54
21,64
2,14
26,30
69,79
47,77,78
29,31,95
1,13,84
61,90
37,62
12,34
6,44
12,39
80,100
9,98
16,51,81
4,37
71,87
26,66
88,95
22,75
5,39
18,83
55,57
12,35
7,32,76
48,88
74,82,87
62,85
54,65
90,99
52,74
61,80,83
1,3,11
27,98
17,54
21,41
56,58
27,40
18,89,91
73,95
69,70,92
52,89
27,59
5,20
17,33
35,60
4,82
21,35
13,43
5,32,62
42,70
32,68
34,97
32,50
72,82
25,76
52,82,84
6,54
4,97,98
44,53,93
41,88
19,34
34,67
2,60
40,67,93
25,60
52,75,82
5,7,54
1,3,40
21,99
1,56,98
48,91
20,44
11,71,91
32,38
19,37,79
12,28
36,42,70
48,70
14,58,86
28,49
32,49
12,26
63,95
69,89
39,41
36,55
10,66,96
67,74
27,31,98
22,24
90,94
6,39
1,8
53,88
45,70
7,34
9,13
23,46,48
7,34
9,24
83,97
66,99,100
42,55,95
59,82,89
17,54,97
60,77
22,69
60,80,94
32,76
7,86
67,97
58,96
50,86,94
17,39,78
17,89
8,13,89
13,75,89
5,35,39
24,75
1,20,45
41,65
69,82,92
11,88
81,99
