27,96
30,35
61,65
15,65,96
82,86
60,66
19,45
44,79,82
46,88,93
35,57
23,75
50,57
45,95
47,71
63,83
45,47
87,90
18,61,62
13,18
30,39
31,44
10,26
1,73
27,44,63
24,84
8,29,47
40,58
4,43
34,85
21,22,23
50,92
6,49,74
45,47
27,67
55,89
27,94
63,80
21,94
5,90
11,24
69,78
60,91,96
47,90
6,77
1,37,72
5,37,73
53,94
48,72
21,44,86
61,77
1,54,89
40,45,59
65,83
2,67
38,44
32,54,69
32,90
20,78,82
55,71
2,64
37,60
56,88
5,35,52
1,34
26,72
34,62,63
85,88
14,83
2,90
5,28,80
20,66,82
30,77
39,63
25,64
49,52,92
28,87
40,97
24,93
25,40,48
5,59
3,23
23,50
15,67,71
75,92
66,83,96
8,10
38,40
37,69
57,61
25,52,66
3,19,42
23,90
25,83
56,96
23,26,97
15,23
2,33
61,74
46,56
34,58
2,73
17,28,98
32,38
12,73
47,85
49,61,81
31,68
44,64
55,58
58,97
10,13
3,41
62,68
31,55,60
8,45
11,62
39,46
24,35,58
41,47,100
28,34
48,66
18,24
2,29,71
49,67,77
48,69,73
21,33
17,22,31
48,63
13,90
12,78
31,60,76
33,67
27,77
52,89
11,51,63
50,67
4,92,99
26,57,95
1,76,98
66,78
59,90
51,81
4,13,92
40,45
40,90
41,85
39,67
54,55
31,73
8,17
36,68,81
16,92
26,47
31,57,87
33,56
41,47
23,58,71
30,85
44,97
27,43,88
26,40,100
35,71,82
5,55
21,42
16,69
54,82
8,84
5,81
23,92
25,50
52,89
74,97
35,93
41,100
85,95
20,74
6,80,96
17,44,89
36,39
83,89
22,76,92
72,100
53,86
47,95
2,38
41,47
4,13
37,59,76
11,38,100
14,17
39,51,74
4,50
26,34
64,87,94
10,47
29,58
47,90
26,41
42,70
78,84
53,77
12,52,91
20,76
26,41
18,68,74
10,90
42,50
3,90
24,55,89
41,45,92
18,58
3,38,42
6,27,30
51,56
4,87
41,85
7,74
21,75
71,85
26,38,95
69,78,87
8,41
45,47,70
56,84
42,55
21,99
29,33
11,21
18,78
4,26
30,75
18,84
11,34,68
23,41,93
48,86
46,54
10,76
2,10
3,26
43,79,84
22,72,94
28,35
15,57
30,93
1,37,72
57,92,100
16,83
41,97
31,88
1,25
30,39
50,90
10,38,47
37,94
16,17,89
23,87
56,79
78,80
8,70,92
9,37,98
25,60,73
47,90,95
37,72
25,26
11,16
27,35
19,65
22,83,93
64,72
24,75
12,80
43,56,67
59,66,78
52,89
25,64
8,93
69,93
10,62,95
9,98
16,35
24,51
31,60
11,27
15,57
51,74,93
25,82
2,10,23
70,71
22,36,65
53,72
35,86
58,96
39,77
24,84
60,97
49,64
80,84,97
34,47,64
61,100
2,81
79,84,96
34,95
22,39
73,86
9,37
16,35
3,58
13,17
25,55
32,53,68
14,68
35,38
41,71,92
43,88
11,49,68
40,78,80
42,92,95
9,18,49
54,95
21,53
9,12,28
42,99
82,87
70,85
26,84,86
30,83
26,57,71
70,71
21,42,87
62,74
27,36
31,69,79
21,56
56,83
10,23
28,48,66
4,71
18,57,92
22,68,88
37,98
18,61
23,38
20,51
13,29
5,53
14,74,80
44,66
90,92
13,23,100
48,82
14,21,67
68,77
48,98
43,46,62
49,93
73,88
73,84
45,99
31,86
73,82
47,92
76,87
14,51
2,38,41
23,45
8,95
8,92
70,84
66,74
1,20
15,51
17,20,86
1,60,94
2,35,36
47,84
13,38
72,73,94
15,87
52,94
50,100
11,84
6,79,81
16,48,69
4,25,38
32,47
17,35
69,92
23,42,70
43,57,84
1,55
27,62,96
10,71
2,57
38,66,80
32,41,99
56,84
22,67
23,41,47
24,51,83
5,86
38,74
9,73,87
85,97,100
46,67
26,96
72,87
35,76
19,94
14,74
21,24
51,71,90
19,89
62,67,68
25,42
7,94
15,53,61
11,34,49
22,27,30
41,50
33,38,42
46,55
30,85
13,17,82
90,93
58,100
47,70
62,83
29,58
7,20,59
34,61
2,99
57,71
2,45,92
21,57,59
28,89
19,99
38,70
79,84
22,98
9,69,86
69,91
75,88,96
20,62
3,26,90
1,31,37
3,70
1,44,53
46,63
55,64
13,94
52,73
5,52
55,96
4,71
30,31
39,84
3,4
50,66
3,10
28,73
6,18
39,81
3,38,85
31,35,91
15,31
1,72
7,46
12,67
41,57
50,93
76,86,87
92,97,100
4,23,57
34,65
21,61
9,91
58,90
54,76
20,31,87
50,65
25,47
54,73,87
1,52
20,66
3,82
8,64,88
5,16
52,72
92,97
28,55
6,34
49,63
91,98
2,58,92
35,71
6,65
14,18
37,86
18,45
1,24
37,73,78
85,91
9,92
28,91
4,48
57,58,92
41,96,98
12,44
2,26
8,11,32
28,69
23,65,82
48,72,94
5,23
78,94
69,91
19,20
43,47,82
13,53,66
69,98
64,69
52,86,91
8,92
36,91
42,78
29,31
65,99
24,36,67
17,98
21,93
48,86
11,68
11,56
6,11
3,13,42
69,73,87
3,95
65,67
50,59,97
43,55
15,51
92,96
12,64
3,41
4,53
15,54,83
41,90
10,94
43,77
27,37
70,95
15,66
29,42
21,24
20,78
62,96
43,63
31,60
54,95
54,97
71,92
36,63,80
23,71
7,82
21,89
26,77
9,75
2,57
21,53
40,70
3,20,43
18,58
51,81
33,43
36,85,97
