35,81
49,55
15,57
7,57,75
35,40
33,45
13,34,64
51,95
38,75
35,50
18,32
14,72
10,84
22,45
80,82
22,61,85
79,91
38,39
26,50
16,56
22,80
16,48
57,64
20,65
5,60,78
60,71,80
62,84
66,77
49,55
35,74,99
40,52
51,68
33,82
83,93
67,82
27,79,93
39,59
21,37
27,51
10,48,71
16,49,65
17,46
52,53,95
55,86
2,65,74
18,83
27,44
45,86
3,66
42,77
24,42
21,58,76
42,54
21,67
13,64,89
29,30,58
90,99
88,90
92,98
36,58
28,65
18,23
39,50,79
23,97
53,66
14,22
15,27,76
45,68
12,36,91
26,35,63
25,34
27,84
17,47,91
18,39
14,38
61,66
72,90
56,77,96
43,69
72,93
18,23,46
49,54
31,94
29,92
35,41
7,23
11,15,74
15,33,77
15,45,71
68,93
40,93
30,44
11,55
51,66,84
22,25,42
18,92
8,39
2,48
32,87
61,71
46,49,89
63,99
81,85
65,88
60,75,100
9,15,19
34,62,71
16,70
54,75,94
8,45
23,34
11,25,96
61,68
53,73
29,80
23,80,93
1,18,31
48,55
20,73
15,40
41,76
25,35
7,61
46,67
10,82,88
73,80
23,82
17,24
28,73,86
12,58
66,87
14,81
60,65
31,82
57,75
26,99
69,74,77
3,19,68
70,99
24,87
63,67,81
23,49
30,73,90
50,59,63
36,76
42,82
53,61
25,80
49,88
15,47
16,65
49,55
64,69
11,71,73
90,98
28,95
27,35
40,50
41,59,81
93,94
55,62
12,24
15,36
33,86
31,39
43,88
48,68
52,82
13,89,92
88,99
8,94
78,90
48,86
93,95
20,30
18,27
98,99
13,46,89
3,17
35,36,69
2,99
9,29
32,56,83
31,57
41,83
51,56
12,36
23,32
8,64
57,91
50,68
13,23,31
3,80,89
50,67
4,12,14
5,53
61,64
18,58
22,24,27
63,70
6,78
55,97
3,53
48,53
7,18
7,34
25,60,90
18,49,100
9,74
24,36
7,13
15,47,59
64,75,94
45,47,90
35,39
20,31
8,30
18,89
33,84
23,50,84
18,86
29,57
11,37,65
3,99
35,88
50,86
63,79
81,88,90
77,86,100
57,98
41,63
89,94
27,51
80,99
16,24,74
33,50
24,59,90
16,45,60
15,18
21,41
72,79
6,96,100
72,83
10,33,83
17,22,63
18,57
28,37,90
32,49,94
61,97
41,58
2,62,80
43,83
18,23
46,75,87
53,84
9,98
2,39
31,52
32,89
14,41,62
6,74
15,47
69,77
12,85
83,93
47,72
26,36,67
48,96
34,55,57
27,47,58
14,22
87,98
83,90
1,32
45,51
13,46,57
48,51,56
40,44,77
16,48
85,95
13,34,54
47,94
21,58,69
36,84
49,89
17,90
87,91
22,26
22,38,50
67,82
31,64
44,60
33,100
50,62,65
37,64
47,90
43,74
52,74
8,91
40,53,74
27,50
64,97
28,61
27,72,98
3,10,77
16,73,98
5,92
94,97
6,11,45
36,79
17,27
57,87
49,94
27,92
33,48,51
67,79
58,82
24,47,85
23,94
1,55
5,10,19
18,89
61,65
17,88
5,15,19
24,26
1,23,97
9,89,98
17,50
1,79
3,21
65,84
5,44,73
66,70
79,81
23,54
2,6,70
41,99
36,50,72
42,56
20,28
23,85
2,73
19,81
20,77
56,74
5,20,65
7,18
68,100
30,59,90
18,32,98
29,59
54,78
1,37,66
8,12
55,57,98
16,33
37,66
31,46
28,46,76
22,23
22,30
47,83
7,54,64
44,76,79
26,39,47
11,75
14,27
4,59
5,29,61
83,87
4,54,76
7,27,57
21,43,76
40,44
39,81
40,67
43,54
9,20
23,99
5,10
3,95
10,54
7,13
26,60,80
8,54
42,83
12,67,72
15,52,93
39,43,90
49,89
35,63
32,94
9,85
41,69
86,91
5,31,54
21,67
2,86
31,55,75
12,15,95
8,32,62
35,76,88
15,42
17,21,83
13,54,87
79,80,91
58,91
63,74
48,93
52,93,96
13,68
41,60
20,93
32,87,92
33,45,82
7,92
22,41
35,91
7,8
9,12,22
6,56,66
9,16
18,23
26,35
1,18
10,73
49,86
23,92
5,43
57,65,86
4,80
24,26,83
48,59
23,57
18,54
21,44
10,39,46
19,76,92
15,95
22,30,50
67,100
46,97,99
33,62
31,49,92
30,58,83
5,63
34,55
31,75,97
48,81
16,100
62,71,93
48,74,82
7,23
6,46
13,46
1,8,94
7,31
22,93
32,74
42,60
23,64,97
3,34,89
72,83
1,75
7,92
19,86
26,98
36,76
66,93
82,96
56,69,70
14,63
60,100
9,60
15,51
30,79
62,74
57,98
10,96
11,73,78
63,69
50,61,67
35,59
10,19
49,99
14,58
13,34
36,38
23,29,98
54,89
11,68
73,93
1,98
81,100
11,15,16
34,97
72,76
36,48,86
50,88
24,58,83
20,22
4,63,99
4,11
9,62,80
42,56,100
32,34
9,65,86
44,86
75,97
36,72
67,81,83
15,35
5,100
49,87,94
46,72
15,59,89
13,29,66
15,38,48
17,21
32,80
5,42
45,59,82
24,70
11,25
61,66,94
90,98
25,95,100
41,69
72,99
35,61
7,58
14,43
44,96
7,75,97
35,85
89,98
51,61
87,94
23,32,84
22,80,92
87,97
2,32,95
38,77
32,57
11,78
10,45
37,86,89
14,39,91
10,93
3,6,91
28,66,93
4,61
6,11
28,95
41,65,88
2,48
17,50,69
4,58
73,86
9,37
32,89
63,67
26,58,76
40,44,51
12,50
51,83
69,87
5,24,86
29,91,100
24,90
58,84
87,97
44,66
46,79,89
