42,89
31,94
76,96
15,73
22,72,92
71,79
78,79
6,31
7,42,99
59,87
44,78
8,45
22,71,97
23,62,98
81,99
24,33,69
42,75
45,58,86
10,50
29,52,67
84,85
8,29,49
37,41,90
16,23,24
62,89
24,31
54,88
20,70
36,80,97
13,26,31
27,88
14,65,94
12,34
62,94
7,50,65
4,95,97
34,38
11,48
40,86
59,98
14,48,76
9,75
14,79
64,70
18,28,97
57,77
46,73
24,26
49,52,85
1,92
33,69,80
33,100
53,61
4,70
34,63,84
33,47,57
4,18
26,61,69
1,72
40,100
37,83
9,20
42,84
5,48
6,34,65
65,76
52,73
1,18
31,54
22,68
20,57
29,84
82,87
70,100
24,79
27,53
3,14,93
56,100
33,65
19,100
16,37,80
35,42,92
37,46
84,85
12,92
18,25,87
20,31
60,82
9,16,80
17,58,86
22,32
18,65
70,87
2,58,83
31,75
19,24,77
13,81,84
33,57
30,33,80
65,99
40,83
4,22,63
21,64
10,93
22,72,95
84,97
5,52,88
7,47
14,21,81
18,89
35,98
34,76
56,85
40,90,100
5,68,92
42,95
22,51
1,86,89
31,60
46,92
24,26
31,43
25,58,87
33,47,60
8,79
15,96
11,74
43,54
63,95
57,61
10,97
32,36
1,50,97
71,72,95
21,49,85
54,90
20,44
23,57
4,67
19,70
53,61
32,65,71
5,32
28,77,97
4,91
10,12,78
11,30
5,81
12,92
29,67
60,73
37,38
17,61
11,83
39,77
18,32,79
38,58,98
70,90
15,67
18,92
14,28,62
46,55,69
3,38,81
63,66
10,92
23,47
51,54,89
4,71,72
15,22,75
20,58
7,13
3,50,93
68,77,95
34,68,99
10,18,78
50,60
6,83
25,79
2,56
24,48,97
4,34
3,74
13,16,30
15,40,91
7,25
14,52
38,50
27,100
29,56,81
36,85,88
35,69
12,67
9,37,43
79,89
19,64,74
31,61
1,28
36,51,62
77,84,89
64,82
69,75
49,64
22,38,63
7,17
4,23
1,50,70
65,78,95
38,63
33,75
16,46
58,68
32,86
53,75,90
11,32,38
63,70
31,54,66
11,27
51,86
16,39
76,86
12,50
27,89
42,94
74,96
53,61
50,75
46,53
4,6,34
42,92
37,46,51
34,84
28,87
38,40,70
12,87
4,22
4,47
13,56,88
44,83
13,64
45,58,93
43,58,73
26,37
22,65,99
1,35
34,95
5,52
49,81,96
35,56
6,43,76
4,78
12,32,87
14,74
41,71
11,27,67
5,56,96
2,89
1,71
24,46,90
22,91
3,46
5,52,93
10,32,70
12,28
35,44
70,85
23,26,95
12,72,99
16,57
11,44,82
16,30,55
16,63
56,70,71
3,31
67,84
39,69
11,30
71,86
30,39,63
21,68
35,77,79
10,97
38,68
54,88
12,79,89
15,17,100
14,67
4,22
36,39,75
21,40
43,55,69
13,52
13,46
28,38
61,62
58,100
8,100
39,60
10,87
28,72,77
12,56
1,7
44,52
11,67
26,54,88
63,76
67,84
52,81
3,81,87
13,80
25,32,71
92,95
58,73,84
54,73
30,67
38,89
84,87
61,63
46,74
30,32,74
43,66
12,32,95
27,57
5,58
19,56,58
35,71
36,90
11,85
15,41,54
10,50,63
38,92
4,89
40,70,86
52,76
12,44
55,60
30,46,54
40,60
3,58,85
3,21,40
21,44
49,83,96
19,74
11,54,100
48,67,86
67,86
4,46
1,74,87
27,45
35,68,97
6,70
64,91
45,78
31,59
64,76
39,73
77,78
5,67,100
11,14
30,51,62
29,72
9,89
9,25,94
57,75
6,54
41,52
22,44,65
12,16,67
64,94
49,86
32,77
25,34
65,92
2,34,78
52,89
42,57,86
79,97
37,60
74,99
50,65
35,60
67,86
13,39,57
36,74
13,59,61
40,82
8,68
16,17
11,93
28,32,87
14,92
13,30
29,100
6,65
21,52
34,38,71
24,33,59
22,65
4,68,84
23,59,98
46,75
65,88
6,91,96
7,90
47,88
48,91
58,81
34,68
55,90
12,38,63
24,82
49,52
11,54
19,94
43,47
20,79
21,82
24,73
44,56
34,71,87
22,65,74
30,46,62
15,29,49
24,59,77
26,65
35,64
2,29
2,76
12,63
14,53,85
13,60,61
28,68,95
32,56
10,72
26,57
70,78,79
53,88
36,69
10,25,42
46,55
39,100
3,26
71,92
53,88
28,84
24,46
17,46,92
40,95
47,63
5,74
42,91
11,52
4,28
32,72
54,55
36,91
47,54
10,38
2,13
1,12
5,19,21
39,69
2,11
12,28,78
17,29,81
74,81
8,100
57,61
71,76
1,86
30,37,53
10,35
18,85
38,64
3,5,100
75,88
26,88,90
11,82
4,16
82,85
29,56,100
30,55
83,93
32,100
43,66
72,97
46,73
5,48,94
46,86
32,50,63
14,91
28,46,75
20,27
23,39
13,62
62,77
16,80
37,59,75
32,45
23,26,33
2,10
57,59
70,77,87
9,47
11,36,85
58,87
14,25
3,52,83
20,80
57,59
12,59
42,85,88
11,19
23,70
51,66
4,10
68,77
16,23,61
22,87
78,97,99
66,73
10,44,47
10,32
23,36,98
18,48
5,56
14,32
64,91
29,100
18,28
9,47
17,48
47,57,66
34,93
15,82
13,37
81,82
31,51
71,87
14,74,82
1,7
9,27
1,25
30,35,82
38,72
29,69
2,64
37,47,66
74,94
47,80
26,46
77,84,97
31,39
43,57
5,55,82
14,100
13,90
15,93
7,11,64
68,71
33,64
48,49
57,90
10,35
13,37
37,54,55
1,63
65,89
54,66,80
50,57
7,65
87,89,95
43,88
3,100
23,73
19,78
