48,56,83
25,44
13,48
4,91
67,92
9,65
86,89
68,71
72,89
23,25
56,74
12,35
61,93
28,37,55
1,32,46
49,75
49,96,99
28,33
96,98
5,28,47
53,66,69
6,13
68,79
30,37
38,72
46,82
43,57,68
28,61
4,77
6,13
50,60,96
28,83
2,15,73
7,17
36,91
33,68
35,41,84
46,63
37,93
10,46
13,42,78
2,80
20,59
53,91
21,32,60
44,81
52,83,100
13,42
52,61
19,52,68
12,17
29,71,87
3,6,71
26,47
35,80
2,25
73,74
26,51,69
32,33
39,66
8,40,79
61,72
11,37
24,34
11,30
13,48,80
24,94
14,16
9,55
39,43
26,94
43,57
12,40
41,58
37,45
37,94
13,58
32,71,85
76,95
12,27
22,66
35,39
39,83
10,36
30,37,85
60,69,92
11,72,92
35,74,100
27,39,47
94,96
22,65
41,49
36,70,91
6,59,81
55,64
3,80
82,98
48,56,68
11,37,78
44,65,79
57,67,99
9,70,89
2,100
21,24
24,28,93
39,41,42
1,32,50
19,59
64,79
13,34,88
47,74
25,42
55,100
7,70,76
24,46
53,70
24,94
40,48,61
23,83,84
43,93
1,7
36,88
32,82
22,28
35,42,64
66,70
12,22
79,87
55,58,100
17,69
30,45
17,62
85,95
20,69
8,45
22,96
89,95
16,82
16,50
13,66
46,77
3,11,47
88,94
80,90
58,60
20,90
27,48
7,76
12,58
9,38
1,19,55
11,65
10,27
56,67
9,78
4,32,58
15,25
47,64,69
35,48,73
65,81,99
33,92
34,92
35,69,84
15,74,88
16,24,25
60,77,94
54,79
19,62,87
2,39,73
61,95
16,45
43,66
32,71,88
16,50,71
9,56
44,59,79
24,96
6,34
18,44,90
46,51
35,82
39,42
36,38,45
10,39,42
32,37
12,75,86
39,72,80
54,86,89
43,99
56,68
7,65
31,33
69,71
39,73
12,64
37,94
7,36
20,76
10,74
25,82
54,56
44,91
45,79
10,62
11,16,94
52,55,58
76,79,92
44,61,95
25,99
14,25
17,51,53
49,50
90,99
25,75
40,60
20,65
57,79
62,82
11,24
6,15,20
74,86
16,93
11,34
50,82
24,85
2,18
41,74
93,96
41,74
13,15
35,42
5,96
2,44
41,56
30,94
42,58
68,97
67,86
44,50,68
37,68
26,42,64
44,63,99
15,29
49,67
8,18,57
28,99
5,88
17,35,77
5,37
54,79,90
36,43,45
19,44,65
25,71
69,94,100
29,98
44,70
25,75
64,79,94
8,79
13,18
39,73
14,46
8,41
19,86
23,26,86
2,48
34,50
64,83
59,61
45,100
18,67,76
15,59
42,83
27,97
55,58
17,39,84
2,35,100
21,29,88
26,80
28,61
32,41
44,60
30,96
39,47
38,53,91
26,97
9,24,98
25,51
18,65
15,18
7,18,76
3,13
20,64
2,80
47,55,100
27,30
13,27,64
61,75,96
51,75
9,34
31,35,40
30,70
28,45
3,39,80
50,75
54,68
28,89
8,59,62
24,78
43,44
63,72
47,80,97
47,56
24,71
79,86
20,96
69,100
22,84,96
1,68
8,40
23,25
60,68,84
11,49
3,39
15,95
47,62
9,16,34
23,46,96
27,62
89,99
60,91
19,57
60,97
12,58,62
3,45,74
7,28
19,26
53,61
44,91
41,42
12,52,80
14,46
21,46
11,75
14,85
5,30,47
40,66,92
21,32,37
1,64
59,62
38,95
6,56
23,78
44,90
17,61
13,73
16,29,94
38,95
54,85
15,71,72
16,72
20,28,94
5,13
17,74
9,92
11,37,94
11,49
37,39
26,61
53,93
62,100
39,59
26,41,56
13,29,98
5,14,72
10,49,91
1,37,77
27,56
15,84
16,57
53,59,61
71,100
33,93
18,62
46,71
12,42,64
50,60
46,82
83,100
38,92
8,22
10,17,39
27,36
24,49,87
14,29,96
41,58,69
13,100
1,77
35,73
73,97
13,27,83
39,58
5,37
56,64
34,82
3,39,83
51,82
31,81
44,45,53
26,42,62
9,23
26,33
58,84
11,82
2,80,83
13,41,69
67,91
21,25,98
34,68
35,94
6,40
74,80
29,55
24,60
12,74
22,77,88
5,14
2,80
6,22,44
11,24,85
14,89
22,38,70
35,41
33,67
39,98
27,84
73,85,86
8,22,99
11,29
34,71
26,92
5,96,98
8,95
8,30,60
24,49,77
10,41,62
8,79
25,87
24,96
44,97
2,26
84,92
33,91
49,58,72
37,50,96
41,42,100
34,51,82
24,45
7,12,77
19,60
9,74
27,52,58
33,68
41,74
29,79
23,24,71
13,21
22,31
23,51,87
8,89
56,95
46,98
30,76,87
10,62
43,90
48,93
61,63,76
8,91
3,41,64
8,57
1,16,34
50,51
25,91
64,72,88
38,45,63
24,94
48,52
89,91
49,79,88
14,15,78
4,8,92
96,98
30,65
30,85
26,27,52
3,95
1,5,14
10,42,71
64,74
9,22,41
57,79
50,77
7,67
25,46
9,39
61,92,93
59,84
16,87
46,48,63
29,55,73
18,55
23,75,87
23,42
41,74,83
58,62
37,46,49
5,14,75
41,84
4,45
17,44,93
1,34,60
22,40,86
17,35,74
67,95
71,87
35,73
15,68
48,49
1,9
19,100
7,57,65
23,88,98
33,57,59
25,34
54,71,85
23,49
72,79
45,67
38,65
42,80
51,70
3,92
6,72,89
18,40,76
24,30,85
48,62
59,74
43,57
44,92
6,33
33,78
4,8
1,23
28,59,95
34,52,66
41,50
15,24
22,73
15,88
12,26,69
6,66
20,22,70
57,63,90
62,85
68,96
17,62,73
65,68,90
1,37
8,33,63
18,72
22,31,38
21,75
38,99
11,14,88
24,30,46
