21,131
27,56
27,35
63,147,178
2,60
8,117
5,163
15,187
2,34,135
3,71
89,108
18,69,179
1,122
9,107
1,188
25,74,184
4,42
2,177
3,195
5,65
12,17
138,190
1,50,128
8,25
2,77
41,134
19,41,49
2,103
14,29
2,9,85
8,19,183
5,115
49,175
6,98
32,118,176
10,22,45
19,198
21,23
16,46,158
29,139
2,46
14,51
15,54
3,5
20,55
143,150
16,30
9,36
22,35
82,109
1,35
31,39
127,197
1,3,146
56,159
22,112
17,28,55
4,23
3,20,153
24,186
11,72
12,161
3,7
3,18
17,58
1,111
5,17,51
2,154,166
47,162
2,28
7,48,121
1,130
14,20
91,94
3,26,86
28,80
1,4,40
3,61
8,27
26,167
16,21,63
2,18
7,52
3,193
2,157
10,16
4,133
2,19
66,194
6,11,13
9,64
4,113
37,83
15,18,33
7,9
31,54
1,5,17
37,79,126
31,199
36,81
1,5
3,13
155,171
1,5,110
45,99,145
2,6
1,24,50
44,180
5,11,26
7,32
14,169
7,196
12,53
15,33
10,156
37,42
59,172
3,61,137
95,173
10,20
70,104
78,136,191
18,160
6,7
38,119
12,73
6,19
88,132
4,48
44,185
57,75,105
24,192
2,39,60
7,42,142
13,30
2,6,62
8,149
92,140
58,84
4,90
101,102,200
4,5,144
1,30
1,164
114,120
3,13,151
6,9,100
14,68
1,13
1,25,41
2,62
12,129
1,43
1,11
29,40
43,123
9,53
24,59
4,23,33
3,10,23
2,87
12,165
38,173
11,125,181
36,168
10,96,148
3,47
6,124
2,106
15,182
39,76
8,152
25,116
67,141
1,8
4,174
93,170
16,40
5,34
11,34
52,64,97
4,32
4,8,22
57,189
21,38
