6,99
7,154
4,122
3,12
4,58
19,25
119,175
1,54
9,135
71,164
41,51
3,79
38,67
7,27,34
10,130
6,62
11,35
5,60
1,14,15
4,13,87
22,42
1,42
31,166
8,18
51,88
47,141
2,26
30,91
4,21
50,140
1,52,77
4,53
2,5,101
18,159
3,33
94,183
6,7,10
2,170
5,82
12,13
1,28,146
23,171
2,72
17,83
1,3
55,100
6,7,9
6,70
40,177
66,120
64,178
6,12,173
29,53,198
156,184
1,56
2,5
8,30
63,65,75
5,57
3,36
11,68,95
55,137
18,139
1,168
3,25
7,9,152
84,97
24,46,69
15,38
15,163
1,11,158
10,92
107,189,194
9,105
1,59
9,17
127,169
10,16
2,16
8,9
7,96,113
2,31
1,78
57,125
7,20
12,63
9,27,110
7,8,143
4,61,191
5,147
3,6
13,136
4,145
36,200
15,59
39,89,126
10,30
6,33
9,27
44,50
6,123,129
5,12,13
14,41,61
12,102
2,4
3,16,86
7,32
17,23
49,54,56
28,33,74
4,19
4,149,187
2,108
1,18
34,118
2,124
1,16
73,76
7,188
8,180
3,8
111,185
13,17
19,155
3,32,176
14,28,114
25,34
8,9,157
6,7,66
5,11
1,21,24
4,48
8,19,20
7,160
2,8
5,10
131,161
2,14
6,193
4,182
1,15
14,112
4,90
2,13,128
11,64,138
45,121
5,109
3,48,179
132,153
17,45
11,43,148
15,31
1,4
5,24
5,37
10,62
1,52
29,133
11,14
3,167
1,44,165
2,58
1,11
1,43
1,85
5,174
1,39
20,35,142
4,80,93
37,172
3,6,32
1,2
1,10
8,26
1,20
103,162
104,190
7,9,197
3,47
1,4,151
10,106
5,12,21
3,181
150,186
6,9
2,192
60,116
49,196
16,40
18,22
98,144
1,22,199
3,115
134,200
9,23
5,26,195
46,81
2,5,117
6,8
8,29,65
