22,32
119,131
7,154
28,195
10,88,179
92,138
29,44
8,45
27,67
2,39,162
5,87,105
3,82
1,32,171
19,147
72,151
13,50
3,9,18
15,142,143
12,101
5,155
4,74,146
37,100,184
10,41
4,5,47
2,41
89,189
64,76
4,94
1,4,56
7,30,43
1,160
3,133
1,106
8,44
69,168
6,62,178
7,25
9,55
4,175
104,149
16,17
27,107
27,46
31,182
170,194
3,5
6,49,117
10,22
1,3
40,177
3,5,36
16,66,137
130,161
8,15
1,35
29,200
1,60
24,134
2,5
23,187
8,39,91
1,67
12,20
1,73
19,36,58
13,23
6,65
9,16
115,153
3,84
11,65,68
14,124
3,9,144
59,191
5,33
58,163
4,127
2,148
11,15,156
1,125
3,19
1,71
39,47,128
9,35,43
1,59
2,7
6,111
22,141
8,20
19,190
20,193
3,9,24
3,5,30
2,31
7,108
2,13,69
2,29
1,129
11,28
8,25,40
4,33
17,21
17,38
2,159
21,86,158
57,66
4,5,118
4,45
1,113
1,53,85
19,122
1,5
157,197
3,4
97,116
1,136
51,75
9,10
12,70,83
2,6
18,196
78,114
4,7,8
4,95
10,13
2,4
14,30,99
8,62
3,132,139
14,42
5,15
12,35,60
29,96
121,180
7,54
6,28
120,188
14,70
5,90
49,80
6,7
14,192
42,61
2,9
4,166
16,53
2,37
21,30,181
11,20
26,40
77,152
6,17
109,167
15,169,183
56,102
1,64
6,48
26,38,52
14,23
1,13
1,4
11,31,54
12,46
13,126
3,34
21,174
1,11,63
16,103
1,48,164
55,123
4,17,176
98,110
1,2
1,10
1,27
24,71
10,34
2,34
18,26
1,81
2,51,150
73,172
2,15,140
7,41
1,9
26,61,79
24,135
6,10
74,145
5,199
8,57
11,173
33,50,52
2,38
37,72
12,28,36
8,11,198
10,22,68
23,25,93
2,7,186
1,14
16,165
13,32
2,3
3,112
20,185
18,25,63
12,18
