120,154
47,86,144
2,35
3,23
4,33,150
25,113
1,191
91,145,161
21,155
7,165
10,168
1,58
2,183
20,66
1,173
10,12
18,49,164
2,68
24,36
4,66,153
3,46,53
1,34
1,50
52,178
3,13,59
35,45
8,93
12,15
6,188
138,174
3,24,43
12,110
8,19
21,23
13,53
9,55
30,44,122
55,75
89,190
11,12
2,57
13,149
20,33
2,129
21,26
10,72
94,111
1,3
11,26
1,13,71
20,136
14,64
61,124
2,40
2,26,100
1,60
12,35,88
1,3,29
104,125
2,10,109
5,133
17,54
38,114
5,25,107
17,98
3,44
2,7
62,163
1,7,187
26,194
48,96
8,10
25,42,106
54,131
23,32
25,43
28,30
6,77
11,33,42
15,60
40,142
2,19
7,39
4,22
3,198
18,69,70
1,152
21,95
3,48
2,4,10
21,147
6,11,43
9,13
2,17
3,30
5,18
2,17,84
30,135
41,50
3,6
34,137
15,123,146
13,117
5,16
16,32
10,34,85
3,29,82
4,158
4,176
1,7,63
3,7,38
39,51
32,65
2,8,57
11,19,182
73,197
29,38
9,189
14,26,64
6,45
1,28
3,200
15,78
63,195
4,16
5,97
2,11
1,7
3,9
19,70
4,31
1,25,160
34,162
6,148
2,10
14,102
1,31
3,24
28,32
3,8
115,180
2,23,61
20,37
1,24,56
31,185
4,15
90,166
1,17
19,27,68
2,8
15,28
2,14
5,20
6,101
7,21
16,67
3,6,9
3,151
5,7,11
5,9
1,6,139
33,179
1,22,108
8,35
1,6
12,79
3,17,51
74,127
9,18,41
16,67,143
9,167
46,193
4,69
31,141
1,13
7,65
4,22,186
5,83
5,14
20,23,105
13,27
10,36,118
3,87
8,12
1,11
4,5,37
24,72,184
8,41
1,119
22,126
18,56,156
2,80,196
5,6,22
18,103
1,27
37,116
1,2,47
7,12
2,140
10,169
1,2,3
1,9
16,170
58,134
2,49
7,172
6,27
4,99
4,14
11,199
29,45,59
1,19,36
2,128
92,177
1,8
2,192
42,121
130,157
8,22
40,62
1,14
3,6,132
2,175
9,27,112
71,159
2,3
5,44,181
39,81,171
52,76
