21,69
26,68,71
3,80
27,60
16,79,100
51,59
5,77,89
38,63
84,88
48,95
44,69
37,55,89
52,54
20,29
10,12
12,29,88
47,53,74
77,81
45,70,97
8,89
19,54
2,61
60,63
59,91
1,27,69
22,61,70
50,98
33,40,71
3,88
52,84
19,75
20,53
44,69
44,95
4,22
17,31
20,48,88
11,75
6,19
57,88
11,72
81,98
18,40,88
68,84
18,97
24,38
37,51,72
53,75
11,21
30,49
79,87
34,39
20,36,77
4,24
17,29
42,58
87,88
35,40
53,62
10,56
5,19,40
2,28
18,43
8,19,54
44,77
11,15
45,76
39,100
38,46
24,57,82
28,35,53
11,74
85,92
61,78
30,34,84
82,91
34,36,91
29,33
31,78
51,60
81,92
54,57,67
49,74,100
4,5
45,99
42,58,65
14,38,93
22,25
37,65
79,87
43,49,89
58,60,93
8,35,65
53,71,89
13,95
95,96
65,90,96
19,75
10,79,100
52,61
82,88
29,39,48
33,64
37,51
16,49,52
68,89
73,79,91
35,99
44,47,83
12,44
17,53,63
38,99
14,69,86
12,96
5,18
41,88
34,72
58,69
20,28
15,88
78,82
55,57,88
31,32
61,62,90
40,63
63,93
65,72
38,47,58
36,57
11,48
6,11
48,58
3,14,44
49,77
14,64
20,62
47,57
37,39,43
53,64
8,82
7,23
12,17,67
72,98
62,72,74
51,96
26,63
31,53
20,100
52,55,87
29,60,88
27,37
23,35,85
32,97
32,81
11,25
10,16,45
37,82,84
37,99
67,91,100
44,71
40,65
17,70,91
12,94
13,46
31,96
40,70
87,88,94
34,67,100
3,35,64
16,39
27,28,68
11,35
62,94
54,78
33,73
21,95
84,91
33,52
37,76,96
20,88
24,46
2,18
16,43,94
50,67
51,56,97
11,19,93
56,84
2,47,54
36,52
3,80
33,41,69
49,52
1,78
13,40,47
24,86
29,42,77
34,60,63
23,41
14,27,46
54,57
55,92
18,60
52,87
48,66
7,86
39,55,94
7,10,59
13,38,63
35,66
71,98
11,78
40,92
40,63
20,61
6,65
64,75,100
50,97
32,53
17,29,73
5,23
38,40
49,83
14,84
53,56,75
28,89
11,65
19,48,82
8,81,84
36,60
29,43
6,49,59
60,74
19,70
57,63
19,97
9,92
18,61
47,96
5,62,85
27,66
12,17,91
5,90
2,32
49,50
46,80,86
31,47,81
64,73
12,77
40,60,95
25,56,89
23,43,73
2,77
15,70
13,63
17,39,62
49,88
3,4
27,70
10,89
1,47
53,74
6,71,95
6,37,56
6,70,85
37,72
10,14,44
35,45
48,82
50,84
21,63
13,26,47
28,41,98
57,58,69
29,100
40,63
14,33
19,30
61,70
41,69
4,43,49
42,71
68,71
39,68
47,90,97
9,42,75
32,84
26,47
64,81
57,68
48,59
6,15,25
47,91
2,92
31,99
48,49
54,70
17,57,82
2,90
49,92
1,59
54,83
11,25,58
41,97
52,73
46,86
12,15
36,75
38,95
20,40
21,46,71
45,76
4,48,79
20,49,59
31,45,66
39,49,88
11,37,65
47,100
39,79
56,58
36,39
70,83
57,58
10,98
21,82
5,24
43,55,59
48,53
12,62
30,54,57
79,82
24,86
67,88
68,100
29,34,50
3,14,63
18,92
53,56,96
55,98,100
10,70
12,54
9,37,85
62,64,82
2,61,62
13,27
82,92
68,87
61,98
46,51
6,68
4,63,94
36,67
2,9
11,25
4,46,69
19,87
72,83
44,68,99
15,44,46
31,35
6,11
16,31
20,100
15,83
10,50
26,30,96
2,6
15,75
1,24
13,26
26,36
70,97
68,80
46,92
23,32,65
15,28
63,76
4,7
38,49
24,89
1,86
40,91
4,16,58
16,25,49
11,51,90
22,34
36,59
54,59
38,56
38,40
18,96,97
92,99
11,63
10,87,94
8,16
62,70
31,91,98
38,42
81,82
10,50
21,47
12,82
43,52,100
57,98
4,60
17,75
54,95
41,74,100
35,70,88
2,6
65,70,90
50,98
9,25
26,38
12,43,82
28,66
31,41,85
66,72
17,59,72
25,35,72
32,47,83
60,90
7,88
23,37,70
69,74
30,57
19,89
78,96
14,69
81,96
23,24,79
27,85
16,31
81,97
2,28
66,75
40,69,71
28,83
49,55
24,27,40
63,79
22,34,44
29,79,94
21,47
13,26
51,61,98
7,50
39,80
23,96
44,87,98
12,34
60,74
50,63
2,22
18,97
22,45,89
22,25,53
34,43
41,55
3,26
42,53,78
46,86,93
10,29
71,81
11,66,82
36,87
19,32,65
37,58,96
14,33
30,36,100
11,97
1,3,80
20,95
78,100
32,88
54,98
60,85
27,33,86
51,97
18,78
8,87,88
16,91
17,54
24,76
14,33,63
54,62
21,44
36,69
40,95
23,97
36,52,100
27,67
65,66,80
17,30,84
26,46,68
6,15
18,46,81
13,37,53
7,76
38,40,80
53,85
33,86
1,14
9,42,92
21,95
42,96
40,50
54,95
3,9
6,67
3,65
19,24
2,18,56
40,44
45,73
46,60
35,62
16,79,88
46,63
9,11,23
59,65,96
65,69,84
12,48
5,37,53
44,63
31,32
8,84
19,76
59,77
11,41,70
3,70
37,72
19,30,77
31,45
44,93
43,89
48,71
23,28,32
51,79
60,87
19,88
20,87
60,69
27,31
18,21,87
39,40,62
4,73
2,79
3,63
24,74
21,80
30,70
62,98
11,99
47,68,69
69,84
13,44
22,44,49
2,6
24,95
20,48
6,31
10,43,94
46,86
23,46
84,93
19,52,76
51,68
5,28
21,80,83
26,38,93
36,43,83
69,75
42,67
81,99
78,99
33,90
53,80
1,95
33,45
83,100
2,44,86
10,79
46,71
77,79
60,93
23,42,97
11,78
67,73
38,86
39,82
19,27
22,34
23,100
36,82
31,66
33,60,68
6,14
48,76,77
44,95
46,63
16,44,65
5,41
28,98
9,25
59,84
45,55,75
1,5
8,88,89
46,71
37,74
35,78
37,97
30,76
44,80
53,81
40,54
40,66
1,47,80
10,53
25,58,90
10,82,100
11,25,65
12,65
45,55
36,41
20,75
1,14,40
29,85
55,91
22,37
30,73
40,47
13,25,84
44,46,86
20,72,94
59,88
31,90
21,24
1,95
5,50
31,42,47
30,83,88
19,66,90
39,54
37,39
17,36
40,86
10,16
28,80
42,92
46,80,95
6,18
23,96
4,19,63
4,77
15,44
49,73
6,46
3,63,95
19,77
38,63
41,55
22,49,70
11,23
8,39
22,37,51
3,63
11,22,37
35,98
62,75,97
58,97
2,58,70
71,100
49,51
42,44,79
13,17,88
71,99
10,42,97
34,50,52
64,96
10,46
41,61,71
36,53
1,74
32,75
13,69,86
12,62
19,36,87
46,100
70,97
17,50,82
3,26
36,37,56
38,51
26,74,95
33,45
38,44,86
46,67
70,98
2,10,82
15,43,47
15,56,99
45,64
15,67
23,66
53,99
6,58,96
21,24,40
3,46
37,42
36,48,59
32,90,98
18,23
11,43
39,70
20,41,57
7,12,79
40,93
14,48
3,82
19,33,67
4,79
27,33,63
23,37
29,89
12,68
35,50
22,87
2,28
67,87,91
5,88
10,72
10,27
35,70
6,24
10,39
22,56,97
53,78
2,11,46
31,81
23,69
4,48,83
41,96
67,91
34,53
2,35
11,42,85
21,24,38
1,21
12,83
16,55
8,66
40,64,93
38,71
48,51,83
22,89,90
45,85
87,100
93,97
4,91
36,98
20,24,60
22,71
13,99
52,94
30,80
13,93
28,97
29,36,57
27,54,59
32,53
23,32
3,35,93
36,62,90
76,77
56,90,96
9,72,98
8,17,100
1,71,95
39,90,94
76,94
43,55,81
21,27,95
67,89
33,48
63,69,80
15,41
60,93
10,13
54,82,89
19,76
35,96,98
41,46
7,43
4,10,54
2,23,31
14,27
85,97
11,58
3,96
1,74
41,89
7,45
64,75,89
47,66
8,34,39
15,58
11,63
28,65
10,39
32,85
5,51
69,73
1,52
5,81
33,93
42,85
76,77
10,82
6,61,77
50,98
68,78
49,91
63,98
6,97
9,10,83
12,43
19,49
12,57
66,91
10,85
15,81
17,44,97
9,21
32,66
74,95
56,88
56,83
31,63
76,82
34,41,82
38,94,96
1,38,93
30,49
76,79
81,92
45,96
30,58,79
67,94
6,66,70
8,84,89
57,73
60,68
38,39,83
48,62
44,87
12,51
52,76,94
10,84
47,95
16,67
14,32
38,70
14,26,47
8,19
16,73
31,73,94
8,65
1,13,64
5,56,75
4,41
33,39
27,40,46
40,54
12,49
80,97
18,22,32
44,68
46,57
22,56
39,63
13,27,93
37,39
45,61
76,77
12,50,100
57,85
8,79
38,60
12,83
45,61
37,62
1,15
1,10,86
69,71,93
6,29
9,32,45
13,47,64
3,93
24,38,86
55,83
71,100
25,42,72
8,17
2,92
18,31
10,64
19,83
14,43
68,95
10,12
18,19
73,82
65,74
40,46,60
40,53
3,69,76
41,76
3,68
59,82
5,28
34,94,99
11,37,72
9,30,93
93,95
23,71
22,75
62,72
15,32,65
84,94
2,45,56
25,60
29,63
39,61
61,88
84,94
56,75,78
44,61
47,92
70,99
52,76
17,67
5,6,68
13,94
26,68
53,78
24,86
70,96
31,62,98
49,85
51,72
67,72,90
18,65,92
46,64
40,79,80
36,40
25,55
53,83
52,57,77
33,96
66,90,96
43,84
27,64
69,97
34,37,49
8,43
25,65
33,71
45,57,85
26,35,36
67,73
25,32
41,99
17,41
19,50
23,53
16,41,83
45,77
83,89
10,91
22,81,96
9,78
5,48,76
20,90
20,82,100
50,54
77,91
3,48,94
28,51,94
28,37
44,50
66,98
6,18
6,90
27,90
51,70
40,94
13,40,68
20,30
49,84
7,99
27,56,74
44,92
9,70
25,28,62
5,74
29,33
25,92
9,35
68,95
30,51,62
49,77
2,14,34
73,85
25,28,53
56,61
52,54,88
17,73
39,84
37,48
12,59
3,13
34,43,50
11,34,60
23,70
31,51
1,71
24,27,29
42,75
16,32
26,44
19,57
25,35
30,74
9,42,61
48,49,91
15,24,60
55,74
42,58,92
15,96,100
77,87
34,84
44,74
17,41
55,57,77
40,44,68
42,65,81
26,44,95
30,100
13,29,74
13,22,44
5,25
2,42,92
81,92
14,80
47,54
46,69
38,40,69
8,48,83
24,63
53,58,60
24,25
14,69
33,63
37,62
35,58,90
6,72,81
40,44,53
46,95
15,99
66,81
22,66
13,26
38,95
23,26
55,84
9,48
20,83
67,69
13,53
36,76,84
13,93
17,87
46,98
4,53
74,93
25,81
4,18
37,46
4,59
1,69
44,72
39,55,59
27,61
7,8,17
18,65,97
15,42,96
4,87
47,91
1,8
5,18,23
91,94
92,100
60,86
2,27,92
14,60
35,58,66
14,71
22,31,75
75,99
5,45,81
13,26
57,77
41,84
26,38
49,57
40,64
15,37,81
29,58
36,73,83
70,95
45,78,80
29,41,43
23,98
66,98
31,92
6,96
10,12
41,69
67,96
20,49,84
18,42,81
63,64
46,93
2,70
46,60
49,51
11,37,61
72,98
36,39,76
21,97
21,69
7,9,42
9,51
50,81
24,64
11,72
3,65
27,65
27,63
33,40,47
26,38
39,64
30,41
42,97
4,80
24,37,38
34,89
35,98
6,98
10,35
64,71
41,54,88
7,30
75,99
9,11,72
26,75
66,95
41,80
66,81,92
1,13
41,80,98
12,67
77,80
3,27,62
20,67
21,47
82,87
20,48
18,100
25,31,32
23,97
60,95
56,70,98
44,74
24,81
9,10
7,17
5,61,78
13,54
8,85
1,11
16,83
29,92
18,62,97
1,70
5,81
51,53
96,100
13,91
29,89
51,86
38,40,64
14,24
2,25
12,30,100
1,3,63
24,26,93
39,71
62,82,90
60,80
57,79
38,95
18,28,31
18,32,66
3,38,74
9,39,57
17,74
7,83
16,41
40,43
33,64,92
65,99
3,14
9,53,92
15,81
53,70
2,51,81
4,41,83
33,46,60
1,99
21,51,99
14,33
1,45,87
92,96
64,75
4,100
55,96
78,92
1,47,68
33,73
11,58,62
33,97
26,74
87,91
41,79
23,99
28,61,71
20,48,55
32,85
44,72
17,19,89
68,95
13,70
48,55
19,89
40,47
13,25,90
32,78
6,42
8,77
34,73,83
29,64
38,40
23,73
23,31,75
56,77
50,91
57,83
38,46,78
73,99
53,77
90,96,97
21,86
63,78
30,48,55
14,68
29,76
17,27,52
38,93
24,58
53,81,98
75,80
12,88
20,74
39,88
32,92
5,60
24,80
17,50
10,50
76,100
4,59
38,74
24,33
48,55
16,88
35,37
11,65,85
62,66
2,15,70
2,28,75
10,59
5,42
49,57,65
50,83
29,34
29,39,57
49,67
61,63
75,80
58,62,97
11,31,97
16,23
9,11,58
56,78,99
44,68,95
21,80
4,17,29
21,24
72,78
25,62
29,77
7,54
22,78
10,85
71,72,81
5,33
46,69
59,76
7,29
38,46
18,37,53
21,24
21,27,48
46,86
43,57,59
12,65
4,29
5,55
21,38,47
56,85
25,94
12,61,67
42,51,53
73,79
12,16
49,52,89
32,66
3,12
14,38
8,32,41
7,34
1,26
30,91
80,81
14,69
35,81
18,63,75
18,70,92
19,29,42
6,64
29,89
45,68,92
31,90
13,21
32,76
3,44
41,49
67,77,99
56,65
9,90
40,47
23,45,51
48,77
35,46,91
11,67,94
3,25
5,85
14,57
74,86
84,90
38,68
48,55
45,55
12,45,53
42,56
26,46
43,48,82
58,72,96
10,28
92,98
2,55
36,76
65,98
44,97
75,86
16,57
5,70
2,6,23
14,21,64
20,47,84
45,77,89
13,35
19,45,68
85,96
46,94
16,57
47,63,68
15,78
60,80,95
27,49
69,96
39,89
35,72
1,21
47,94
79,95
47,79
22,85
78,81
33,44
12,14
52,70
54,71
41,76
4,28
50,57
5,42
37,75
16,39,94
14,60,68
17,37
25,75,81
14,65,79
53,81
57,67
21,26,64
6,13
14,31,33
6,88
5,25,34
54,89
30,59
46,64,67
63,64
28,31,78
55,59,94
33,63
1,40
18,43
46,69
17,56
20,52
33,87
25,56
40,45,88
80,88
11,42,62
65,90
55,88
13,24,60
17,43
10,89
29,30
22,32,85
72,91
25,31
15,35
27,40,44
57,98
16,49
19,43,67
2,4,16
50,73,77
11,56
38,44,74
25,66
1,10
22,61
3,79
2,59
37,79,80
11,18,23
14,42,97
31,96
14,100
1,64,69
24,33
38,95
40,47,69
18,32
61,72
49,72
29,57,67
26,95
1,71
40,95
57,85
45,84,97
47,80
63,94
4,14,100
80,91
5,22,99
35,96
52,84
10,12
3,33,38
3,7
2,70
53,81
47,71,77
1,3,63
26,44
47,81
10,50,68
18,76
6,56
41,76
36,97
51,65
24,40
19,55,67
19,52
59,84
84,88
3,40
39,71
7,77
47,63,95
81,91
30,34,100
62,81,99
39,93
74,95
2,60
54,63
2,31
52,59,82
22,55,67
56,96
67,82
57,79
57,67
25,85
46,68
64,80
83,89
57,67
39,88
33,68
36,61
21,93
17,77,80
68,86
83,96
19,37,70
29,34,48
20,57
3,69
37,88
6,18,59
39,71
16,17,78
73,82
20,36
1,3
2,66
24,27,95
24,37
62,81
68,71
32,60
1,33
20,75,87
20,24,48
33,44
57,87
8,33
61,90
52,100
51,82
23,89
14,25
10,48
39,94
3,64
32,83
9,72,98
8,17,83
28,66,98
38,40,95
51,98
18,61
13,47,80
8,59
55,85
35,81,90
1,74
