19,33
68,98
81,85
10,18
25,44
9,58,68
9,14
2,80
17,92
67,75
23,71
48,77
53,64,85
68,87
5,19
46,55
44,99
1,11,93
13,90
10,39
15,59,78
21,22
83,94
18,21,90
20,52,65
56,69
90,96
43,81
24,89
52,63,65
38,52,57
83,89
49,73
53,82,92
15,18,36
5,10,19
9,15,77
86,95
91,96
3,25
65,74
61,89
6,18,96
9,56
75,80
18,44
5,85
79,96
6,90
41,49
24,80
2,14,85
48,79
13,32,87
52,72
16,58
5,11,14
10,64
7,71
34,87
71,73
6,70,99
52,65
56,63,71
58,69,71
6,59,96
16,56
25,56,83
25,79
41,43
14,38,88
27,81
1,25
71,92
18,81
38,99
17,34,88
81,84
63,69
41,54
4,49
30,34,47
72,98
10,38,80
12,73
20,37
43,98
88,93
39,69
75,81,100
16,82
9,49,90
51,70
72,77
33,36
67,90
74,78
79,83
50,71
45,53
30,74
51,69,82
62,74
35,97
47,86
8,38,88
13,91
25,32
9,51
4,50
51,57,89
48,73
28,59
19,64,75
5,74,84
55,83
33,90
18,48
55,76
7,61,73
24,35
40,99
39,48,71
21,70,91
61,97
34,76
27,97
90,91
1,27
72,95
40,68
60,80
5,48
1,50
70,76
20,32,61
17,64
49,58
20,22
29,40,43
30,53
44,76,89
43,46
5,47
37,56
23,65,83
25,37
39,53
16,20
8,42
32,54,78
12,15,36
13,29
31,68
31,89
51,94
9,25
6,49
3,47
73,82
28,50
33,100
35,84
34,98
29,88
60,64
61,69
42,79
9,22,43
41,70,98
36,51
58,96
23,68
4,75
30,53
15,74
57,79
68,96,98
52,92
7,16,57
34,43
27,32,44
3,5,30
47,72
50,63
19,26
36,44
6,49,76
13,22
17,93
50,69,87
5,30,65
21,59
26,65
44,59
22,70
74,79
43,58
10,19
18,92
13,91
37,74
23,27,36
22,41
37,39
68,98
45,98
35,75,98
4,24,83
25,30,79
36,38
48,53
8,18,20
10,53,54
62,85
26,42,79
9,44
34,77
71,94
24,44,61
15,47,91
15,43
29,32
62,74,78
29,69,75
35,42
17,36,56
9,47
29,32
3,55,62
6,72
23,56,75
22,82
12,50
10,11,39
29,76
69,87
50,83
36,79
22,69,84
62,96
14,40
11,90
21,41
10,25,32
23,63,73
60,62
20,28,63
38,86
23,38
4,24,57
58,67
58,91
17,35,61
18,99
34,65
29,48,59
35,59
68,90,98
13,36,40
12,40,99
76,89
13,33
82,92
30,48
12,49
90,100
19,30,62
18,29,49
36,37,91
35,50,89
14,55
49,98
27,38,53
33,99
43,98
29,68,96
26,35,46
22,43,91
37,54
31,53
10,22,36
33,41,96
66,74
49,81
47,78
36,49,68
7,16,20
20,59
13,49
4,35,94
45,53
20,89
7,12
8,74
19,28
21,48,96
23,26,42
72,73
31,78
5,35,41
29,77
22,58
48,68,70
44,70
16,24,42
22,63
63,73
26,42
74,79
13,24
25,72
2,13,35
6,15,68
67,87
9,70
15,49,70
18,33
52,61,87
2,89
78,95
48,70,76
24,51
19,72
44,49
41,76
7,51,82
27,49
30,38,86
40,60
37,60
24,51
17,61,92
84,85
44,65
41,96
6,13,58
17,30
57,83
45,88
32,39
6,29
4,24,92
8,15
32,64
4,69,89
81,93
43,97
23,66,73
9,41
66,83
37,74
85,86
48,77
67,97
32,80
32,34
3,75,100
7,61
27,37
69,88
21,43,58
67,100
41,43
15,33,70
50,100
45,60
17,46
17,66
40,41
25,29
39,60,88
47,69,78
22,29
33,59,91
28,92,94
26,69
40,90
49,87
5,33
16,90
17,31
2,68
54,78
6,48
63,67
40,49
21,25
61,77
8,31
28,89,92
44,95
66,70
25,37
21,70,77
55,65,76
9,33
46,82
28,34
1,5
78,91,99
31,73
32,80
34,73
2,75
34,94
15,33
14,74
33,73
3,24
58,99
71,82
60,64
51,52
8,100
19,32,60
35,46
13,43
5,80
10,35
9,12
18,96
46,51,71
30,85,86
53,62
32,68,72
18,56
13,66,92
61,64
51,56,71
9,23
20,34
14,53
63,90
32,78
13,44,70
61,89
12,61,83
98,99
18,60
13,99
14,53,86
50,67,70
7,71
17,35
6,15
13,77,90
68,98,99
12,98
31,57,71
14,95
23,94
15,26
54,91
14,67
9,29,91
27,45
58,64
25,54
28,82
47,55
64,97
17,81,92
56,69
6,77,90
31,44
50,99
9,32,69
2,22
42,71
50,78
53,79,85
7,56,89
21,22,76
29,44
16,25,91
28,52
87,94
61,92
2,62
11,62,67
42,70
7,65
62,100
50,56,62
48,59,96
49,68,98
55,71
6,70,92
17,26
6,31,63
12,59
9,55
37,54
19,55,60
21,48,68
3,73,82
52,71
6,12,43
40,49
59,85,91
9,44
48,96
18,66
38,72
3,61
84,85,97
8,10,11
50,71,82
88,100
12,98
39,88,100
72,78
35,52
56,63,87
36,98
31,37
5,90
16,91
1,45
28,45
19,38,86
66,95
51,72
48,77
11,57,92
26,79
7,69
47,67
23,26
37,57
2,47,89
24,34
59,70
10,30,38
8,67
8,32,84
16,43
50,54,66
24,51
1,54,85
48,98
57,92
14,18
43,48,76
15,38,56
6,90
81,95
1,43
38,64
66,71,92
4,20,51
52,87
24,36,64
7,94
14,38
63,72
69,83
11,79
98,99
17,19
2,27
40,63
9,64,87
49,76
40,43,91
51,57,97
58,96
13,48
13,58
38,95
8,10
33,80
10,16
15,48
36,70
1,2
55,95
59,77,99
23,98
44,58,68
29,38,57
21,36,44
58,75
8,74
23,46,89
13,73
9,41,58
23,78,98
2,19,80
5,38,84
71,74
25,52
8,25,30
20,75,86
34,83
19,45
35,46,69
8,86
15,48
1,97
77,81
35,69,94
17,74
80,93
37,67
11,81,100
20,63,65
10,86,100
6,36,76
1,35
12,15,18
28,61
78,100
22,40,99
17,68
2,4,54
74,93
21,40
73,100
16,57
10,45,56
18,33
1,80
13,22
1,56
5,84
37,53
42,57,76
38,78
37,60
2,93
54,87
40,69
91,99
80,92,93
38,86,97
27,73
3,60,81
44,49,98
38,71,87
1,48,84
17,82
34,61
21,59
36,71,84
88,100
60,80,100
46,83
17,28,35
38,69
41,77,96
11,47
55,61,69
38,60
13,68
7,41,83
6,9,96
12,84
2,40
73,98
52,58
9,43,99
55,61,94
6,77
7,16,82
53,64,79
3,25
5,6
42,55
5,7
16,57
47,74
6,21
61,92
77,96
4,42,87
64,76
15,21
81,96
69,98
53,60,69
1,28,63
27,54,95
8,14,92
79,84
8,38,97
71,93
69,71,88
76,99
28,42
36,59
64,88
63,71
19,47,72
22,77
41,78,92
18,54,100
71,75
42,69
33,37
9,96
22,77
5,73
10,36,81
35,57,65
43,44
43,96
30,62
38,49,76
42,64,79
1,59
43,91
3,28,77
18,33,98
63,73
24,57,63
59,91
6,85
12,59
15,19,33
26,89
13,30,77
45,100
22,59
38,81,96
23,66
66,90
28,36,40
26,35
51,63,73
13,58,68
41,90
9,33,76
45,88,97
86,93
17,31,56
45,81
30,75,79
15,17
66,90
20,26,51
42,92
12,40
6,73
13,69
19,69,72
9,50
11,42
9,33,70
23,87
15,16,27
33,60
37,74,88
25,60,71
41,68
8,25
3,18,46
9,88
24,34
67,88,100
42,79
28,92
15,58
19,37
38,57
21,36,76
4,44
83,89
38,82
47,63
43,87
69,73,82
19,32
57,83,92
57,63
30,35
11,80
4,16,28
22,90
68,77
12,77
5,30,84
16,63,94
19,30,100
50,52
65,73
49,99
25,80
13,21
34,38
13,20
5,53,100
64,72
18,58
34,55
2,32
25,56,89
59,66,86
34,65,92
5,41
21,44,48
58,68,79
51,73,82
34,55
53,85
45,97
10,78,100
42,59
86,94,96
3,14,37
2,36
3,86
48,66
30,47
36,41,98
5,80
46,66,83
31,77
12,29
85,97
4,66
58,75
15,96
35,83,89
18,73
28,82
9,21,90
24,83
15,40,41
17,80,88
9,22,98
42,65
21,87
7,55,65
63,94,97
33,96
12,76
27,39
23,36
26,55,73
51,59
35,45
63,82
28,33,89
9,43,96
2,20,54
69,85
59,99
28,52
38,62,74
22,96,99
9,17
3,29
20,68
18,25,26
1,53,79
23,63
26,50
31,60,75
91,92
14,88
5,55
2,75
11,88
19,53
5,96
25,44,50
63,92
33,43,58
76,99
1,8,74
49,55,72
33,41
31,33,60
64,78
29,54
14,50
33,36
13,76
34,50
63,65,71
62,74
7,73
54,97
20,54,61
50,82
2,21
40,91
25,27
44,49
18,84
24,61,65
40,99
17,23
5,93
91,96
6,61
9,40,43
24,34,62
53,74
67,93
43,86
41,53
29,43
21,41
7,39
34,68
26,61,92
2,7,33
80,100
4,51
43,47
22,55
9,12
42,55
16,40,92
3,5,84
1,35
20,24
35,72
2,54
6,65
5,14
20,71,89
60,92
37,53
28,46,56
18,41,77
68,91
5,8,25
13,21,33
17,25
54,81
24,50
21,43
39,90
39,98
4,24
7,64
10,38
53,77,91
22,58
33,59,70
16,47
35,57
23,24,50
28,57
42,82
10,70
5,64,74
7,31,55
34,42,63
58,79
20,23
21,43,98
53,72
8,28
51,90
10,93
37,97
47,79,93
63,94
13,15
40,59,96
80,100
29,96
67,96
9,40,41
13,33
35,46
41,49
12,29
44,89
12,45
46,59
30,91
1,27
7,17
18,77,91
22,27
33,65
36,77
16,82
14,57
24,49,86
12,33
34,72,82
6,59
52,63,73
42,55
4,58
11,84
36,96
2,85
18,38
14,81
80,85
8,54,95
60,78
27,63
16,35
40,66
20,67,69
5,60,86
36,40,64
31,82
70,90
70,86
4,98
17,34,89
1,5,10
8,88
75,79,93
24,26
57,94
54,65,67
16,61
25,47,54
74,95
70,98
80,94
58,68
35,42,53
61,73
9,58,96
42,63,82
33,58,98
75,89
45,71
70,79,99
77,91
37,79,88
33,90
35,46,82
33,50
5,81
17,45
74,84
64,87
30,58
37,85
53,89
20,51
36,57,71
12,77
8,80
23,57
16,42,86
12,79
31,57
56,77,91
51,57
2,31
21,23,67
50,89
43,98
25,56
23,56
29,88
34,57
3,12
74,88
30,47
15,97
17,31,83
27,30
9,29,96
25,27
12,49,59
9,21,43
78,80
63,87
50,63
60,91
32,93
15,81,99
11,43
19,29,95
11,66
16,69,78
42,80,81
78,88
7,35
70,75
2,14,85
11,47
20,53
15,34,69
35,42,87
22,98
82,98
13,22
20,42,65
7,94
85,98
36,44,49
22,41
76,89
52,92
14,53
8,34
17,46
6,74
37,74
55,69
3,69
66,69,71
40,49
8,64
1,91
23,73
2,25
56,83,90
13,77,91
23,53
2,4,64
1,71
77,83
53,86
53,98
4,7
34,53,84
28,82
25,38,72
6,76
29,60
7,52,87
15,91
66,86,92
34,57
35,60
30,72
56,71
57,69
48,73,96
73,90
60,98
24,69,89
55,56
21,47,59
53,82
52,70
27,78
7,69,87
5,79
23,65
51,58
27,99
11,39
48,91
60,86
67,94
49,91
16,24,51
5,54
60,62,72
10,35,88
1,97
42,56
35,70
14,45
40,43,86
37,86
34,59,68
20,50
54,78,87
11,66,71
24,35
26,69
69,89
52,79
21,22
1,72
61,71
27,37,88
33,76
57,74
35,70
51,67
25,30,93
11,41
48,81,92
36,40,58
56,94
50,99
40,44,99
6,59
71,82
14,100
26,35,65
53,97
47,81
8,37
17,89,92
17,66
61,73
12,76
22,70
5,64
2,88
92,94
48,99
16,46,57
3,60
48,99
53,97
9,69,90
35,50
44,46
35,56
18,65
13,58
45,47,99
21,50,63
53,57
3,8
40,84
67,79
26,40,77
6,43
72,93
21,80
43,49
15,33
51,66,83
33,36,96
8,60,74
5,93
16,49,68
39,81
76,96
1,52
21,81
33,91
60,88
51,60
18,41,43
28,86
39,81
23,31
8,52
16,34,67
20,59
64,74
49,76
2,54,100
7,35
6,9,91
44,69,73
28,65
48,91
22,74,76
28,56
6,48,98
43,94
28,79,84
31,35,57
66,87
72,84
9,29,48
33,77
50,83
42,52
2,42
36,56
5,25
61,94
52,61
22,29,43
52,56
24,93
16,82
40,84
55,69,78
5,67
30,95
6,40
5,71
17,42
63,73
2,53,64
38,44
17,69
4,35,56
44,58
50,69
41,48,80
12,38
6,59
5,46
57,63,78
5,19,80
39,81
65,87
63,89
13,16
62,63
29,98
52,89
8,24
58,72
40,41
41,76
14,89,95
90,99
29,49
29,40,99
14,75,88
2,38
22,49
1,72
13,15
65,71
7,50
87,88
2,62
18,29,33
47,53,67
26,40
5,63
23,44,71
7,17
54,70
56,87,95
17,92
14,56,70
13,40,65
43,98
47,49
42,96
34,43
27,94
58,91
43,60
27,32,42
36,52,77
71,76
71,94
39,54,74
6,70,96
76,77
3,85,97
80,99
25,31
9,76,98
36,59
54,61,85
42,65,66
16,61
29,89
21,72
26,85
1,47
36,58
40,62
35,47
11,30
53,67,97
37,54
50,59
1,32
22,29,75
30,48
20,26
9,12,41
47,86
67,81
33,43
28,51
60,80,88
7,56,92
58,96
30,78
32,67,95
18,29,98
69,86
9,32
50,61
23,91
12,29
20,35,82
5,48,96
4,82
25,47
6,9,39
57,82
53,79
5,38
15,91
53,86
70,78,80
7,46,87
16,57
33,76
82,86,88
3,10
28,72
2,37,39
25,97
60,78
45,68,72
34,47
10,27
12,44
1,84
40,58,91
35,82
6,35
2,99
13,44
58,76
85,88
30,60
31,68
7,31
27,60
44,48,70
23,89
14,46,68
13,29,70
34,42,89
7,89
31,57
5,85
11,79
34,35,55
8,73
8,20
40,59
34,46
37,59
44,57
41,45
7,61
41,62,90
34,70
11,40
34,84
38,76
11,73,79
29,70
57,66,83
53,60
75,79
3,84
62,72,79
33,54
31,61
67,94
24,52
39,55
24,42,82
41,73
71,79,96
3,16
34,65,89
22,59
15,77
4,16
25,97
12,41
8,36
30,80
32,97
6,77,98
17,92
33,77
20,44,63
13,33,99
67,93
52,83,87
95,100
53,95
3,59
3,12
23,26
16,28
9,36,72
20,78,89
16,55
26,50,51
13,40
38,65,99
12,32,53
2,84,85
4,42
24,55,83
18,97
46,91
18,33,68
78,92
33,58,68
29,64
4,35,89
58,100
3,47,80
60,67,84
44,77
37,78
14,52,54
11,49
13,74
15,76
45,60
33,49
9,31
8,27,81
26,42
28,66
38,67,100
41,42
12,54
84,100
14,97
7,72
3,14,76
29,96
53,97
29,70
28,70
31,57
50,94
66,88,93
35,92
46,92,100
75,87,98
2,67
33,40
4,16,20
4,24,65
64,75
30,51
34,35,71
28,46
25,49
48,70
5,78
8,11
24,35,82
53,97
37,80
42,56
31,71
52,53
5,17,23
7,58,85
5,60,72
10,47
62,75
8,81
93,95
4,50
27,72
40,88
27,80
33,36,96
40,44
66,89
2,10
44,72
38,79
42,64,69
45,92
11,53
35,52,69
15,40
9,93
22,33
4,24,55
13,37,90
87,91
28,53,79
23,40
38,54
11,62
24,89
3,93
76,91
20,87
15,77
22,29,44
61,69
74,82
40,87
26,91
78,81
39,60,78
32,78,97
34,55
88,91
15,24
5,45
10,85
29,51,53
25,53
7,23
44,98
57,92,94
30,68
