15,52
1,70
1,25
23,65
3,49
24,26
77,97
2,100
11,33
56,99
55,56
1,55
29,65,76
51,62
27,53,80
66,98
15,68
2,21
89,94
26,70
14,24,31
1,28
44,84
33,94
21,77
4,14,16
42,77,96
28,48,71
50,60
4,50
35,40
39,55,67
37,85
33,70
47,100
15,39
11,14,80
9,86
74,83,84
78,80
21,74
50,56
74,88,97
55,66
38,52
9,35
5,19
12,87
40,44,45
17,23,53
10,49,59
10,40
39,94
60,94
58,61
50,84
42,86
52,61
11,21
66,90
36,76
7,70
33,97
4,96
19,35
58,90
18,29,94
50,71
32,35
34,68
8,40
1,93,97
41,53
14,97
11,37
33,57
35,58
15,16
12,40
19,71
1,47
60,67
45,51
10,46,85
76,82,97
36,86
29,100
20,45
12,42,81
19,23,85
14,16
55,86
36,100
47,67,70
29,60
15,72
11,32,54
6,85,90
24,73
15,88,96
34,51
7,35
2,10,89
15,99
16,68,69
22,78
7,84
13,38
5,17
28,82,95
18,75
11,24,37
7,98
16,47
14,95
30,34
29,84
69,80
15,30
21,51,90
18,87
40,98
19,36,61
6,32,78
11,60
34,52
57,70,73
38,47
27,34,36
8,76
29,33
7,75,76
6,43
34,43
3,31,82
35,92
21,22,97
26,66
26,39
11,64
15,21,55
6,26
36,47
17,88
42,70
53,54,96
26,83
9,13,42
49,77,92
26,87
59,79,85
53,59,94
13,16
9,40,49
35,41
9,41
78,96
72,81
12,88
60,69
23,73
55,76
10,36,48
17,97
57,80
8,76
53,63
14,86
51,63,69
47,92
25,89
53,74
56,98
29,99
10,23,46
36,87
16,34,72
11,16,69
15,48,49
12,73
10,65
24,34
24,37
52,61,76
15,52
61,74
77,83,88
34,49
34,38
56,66
16,57
32,59,82
47,92
49,89
38,78
5,13
32,68
1,63
3,76
2,11
11,27,34
6,55
38,78
49,62
20,75,83
29,30,97
6,42,53
11,69
20,58,97
2,54,94
9,12,49
72,81
32,64,78
16,64,69
27,31,52
57,67
4,27,54
74,83,85
48,57
24,26
11,75
27,96
15,27,37
65,90
73,80
13,34,72
73,74
44,63,99
1,31,78
18,38
41,92
17,100
26,28
6,15,33
48,65
17,78
12,86
28,50
14,38
25,41
22,85
6,36,96
17,72,88
96,99
22,25,93
84,98
8,26,87
16,38,54
25,46
71,91
65,72,100
35,100
77,95
1,66,98
29,30,55
30,54
42,77
48,71
48,66,67
15,27,32
40,42
7,8,90
35,100
24,57
25,45
65,75,94
6,65
53,83
20,58
35,90
10,18,54
59,83,90
15,90
49,69
62,83,88
2,59,81
44,70,76
10,30
7,67
5,46
16,85
4,14,30
3,70
45,87
39,44,87
75,93
22,25,49
2,26,68
26,71
41,83
31,64
23,49
22,77
8,67
43,55,76
29,56
2,17,62
2,63,80
62,86
81,94
27,43
57,63
71,73
76,82
2,38
48,94
8,36
79,100
7,97
1,37
22,26,77
40,98
49,62,79
6,27
32,90
73,90,97
18,63
82,94
37,91
34,96
57,64
18,56
30,50,85
11,43,69
4,24
27,31
12,35,46
2,90
53,92,99
52,80,90
42,73,89
46,97
69,80
46,100
71,99
9,23,86
8,50,76
5,41
4,78
63,98
13,90
12,52
44,100
1,8
41,88
5,10,81
28,93
2,10
45,67,86
20,26
13,33,43
16,54
35,61
63,86
22,40,85
30,33,87
62,79
38,41
5,59
17,21
7,28,58
8,18,62
8,87
15,30
44,93
18,39,63
24,27
7,58,63
66,82
19,47
3,6
58,71
93,98
66,70
30,57
4,32,36
65,66
31,66,81
10,73,100
8,35
1,26,67
40,41,74
36,78
15,30
2,59
52,82
60,71
41,51
1,40
15,78
18,65
24,27
26,51
39,56,95
63,67
2,39
5,96
20,60
15,69
15,33,47
36,96
6,33,38
50,89
66,70
16,28
19,22,83
54,65
11,37
56,91
13,52
28,95
3,8
60,63
24,54
4,6,68
39,99
20,95
84,85
35,77
52,64
15,62
1,5
17,31
5,29,59
37,38,68
13,85
37,47
20,24
2,67
26,56
34,64
54,75,79
15,27
10,74
19,40
52,68,80
81,90
55,70,76
3,18,97
54,57
26,44,66
13,19
42,63
63,95
34,64
27,34
11,31
63,75
28,87
70,71
49,91
27,38
48,62,79
10,41
1,26
66,91
11,19,36
78,99
45,56
42,84
40,90,91
1,27
7,90
30,75,79
16,33,54
58,66
1,3,29
43,74
27,68
36,78,96
13,70
84,100
35,100
9,22,99
28,64
21,46
73,86
3,67,90
24,64
4,59
62,64
50,55,91
82,90
66,93
31,47,59
33,54
83,86
21,33,65
48,50
88,95
86,97
52,80
10,47,65
14,31
11,90,98
21,74
3,99
15,38,69
58,74,84
1,18,82
1,18
50,98
15,96
61,66
43,46
2,96
7,8,94
35,56
14,27
26,58,71
27,52
55,63,93
66,93
17,87
67,71
24,69
38,52
13,14
50,97
56,69
8,19,77
36,53
11,80
26,63
71,95,98
38,65
8,75,95
18,36,87
29,39
11,14,47
13,62
25,47
5,77
4,44,78
51,79,83
44,67
45,63
72,97
3,54
37,69
60,85
30,57
18,73
26,60,63
90,95
42,67,69
27,36
2,31
33,64,68
44,67
6,30
15,94
53,86
11,30,31
32,70
29,81,100
14,77
82,99
53,62,77
12,25,42
7,37,77
49,61
45,48
29,60,65
57,94
21,84
46,68
33,92,96
59,84
48,91
26,88
16,34,96
76,78,87
47,97
32,52
1,67
9,98
9,81,85
28,89
5,77
35,75
31,68
60,69
9,35,79
25,51
3,16
16,74
4,33
54,66
54,80
7,82
62,79,86
7,15,82
38,76
13,24
5,77,84
14,56,65
9,59,84
53,88
16,87
8,71,75
27,68,69
20,25,53
23,51,96
13,23,83
66,76
13,86
14,96
15,39,83
57,99
55,70
15,46
15,23,64
12,62
34,57,74
11,30
84,88
47,95
12,60
11,77
17,48,79
33,41
54,84
10,72
47,80
11,47,78
5,42,85
11,66
82,91
34,47
13,62
32,54,96
18,98
50,99
25,81
24,96
26,31
6,9,97
7,43
5,89
20,48
12,37,82
41,89
24,31
10,12,74
38,92
56,96
36,55,62
39,75
53,68,75
19,22
1,28,56
57,90
3,56
39,90
53,60
21,79
15,100
3,63
9,19,85
61,71
27,37
70,98
59,99
30,68
50,52
7,87
37,80
41,100
23,76
6,24
9,73
37,40,94
53,83
5,81,100
23,86
20,100
49,100
5,22
21,88
42,43,52
15,30
12,97
18,67,90
32,39,43
58,98
35,87
13,97
3,67
29,50
60,67
3,28,63
51,93
47,96
16,73,75
18,28,70
83,85
34,36
30,32,80
52,88,95
3,98
24,37
39,45,70
10,57,71
3,75
8,32
32,33
82,87
51,81
32,47,92
55,71
67,94,99
12,47
3,4
15,24,42
6,79
8,43,91
24,33
49,61,86
45,77,82
42,90
43,45,75
21,96
66,70,82
34,47
7,66,93
6,34
14,38
9,28
3,58
52,64
25,30,77
12,36,46
33,95
49,62
35,63
77,80
11,30
1,58,95
2,45
40,42,81
3,26,66
79,84
14,27,57
5,21
15,54,68
21,77,81
11,14
33,84
1,9,20
41,59
16,36,38
2,100
41,98
26,91
45,98
30,52,54
78,80
2,74,88
12,92
51,98
27,54,78
58,71
13,25,51
74,84
1,9
2,87
30,32,33
15,34,69
70,84
39,60,93
37,47,96
70,71
48,58
28,39
42,43
9,12,47
22,38
16,38
12,49
21,79,89
35,40,46
44,94
6,44,90
14,31
10,40
56,57
58,69
39,78
2,53,77
16,21,33
2,100
42,70
21,68
37,57
5,54
19,24
4,12,24
42,72,81
20,95
38,96
21,71
11,25
32,37
29,63,66
16,86
35,73
73,83
22,97
58,63
33,98
6,98
24,33
27,70,94
8,39,43
9,100
8,29
30,57
23,80
55,75,98
25,85
15,68
34,78,80
43,63,66
11,32,80
24,78
8,17
39,93
82,94
23,97
34,44,59
3,28,95
73,85
13,37,95
14,16
28,83
53,72,100
65,67,98
5,31
36,49,76
25,81
41,74
26,46,72
19,75
67,77
88,100
74,85,89
68,73
3,66
38,46
12,34,59
2,5,17
18,52
21,25,35
70,87
27,55
43,51
10,51,74
42,74,88
2,85
5,36
30,79
58,64,84
74,81
18,29,95
48,56,90
19,41,61
17,53,59
34,57
33,37
3,40,57
4,68
6,25
63,67
15,27,52
36,69
1,20
14,16
18,75
65,90
2,70,76
24,88
33,47
4,67
1,46,91
8,69
17,83,85
32,90
58,75
24,32,88
2,35,62
4,63
72,89
27,64
19,85
2,33
7,65,87
18,99
9,72
5,71
46,60,69
92,99
8,58
39,43,65
36,79
32,63
4,34,96
74,88
72,77
43,78
2,22,30
6,72
43,53
4,14,95
83,88
9,61,74
16,34
70,79,97
54,57
12,45
22,68
70,79
55,72
17,45
58,63
24,78
9,67
10,37
30,94
27,100
68,69
46,81
15,57
24,33
6,8,64
53,88
75,90
28,56
35,100
40,60
3,20,48
86,95
46,83
2,3,21
9,25
58,67
1,15,51
30,60
9,84,99
33,43
53,84
16,24,59
50,70,91
12,80
60,82
6,27
2,64
14,32
9,13,17
25,76
60,65
4,68
16,68
49,59,72
11,27,54
1,86
19,34,46
15,16,54
65,92
45,88
35,46
26,48,75
30,41
43,87
36,54,96
48,66
57,80
10,46,88
77,100
3,5,6
62,72
30,45
43,100
59,89
23,55
47,52
44,91
62,82
53,87
17,90
3,28
51,84
44,100
2,21,73
32,63
28,55
47,69,80
26,74
4,24,80
38,54,69
32,71
79,84
60,90,91
31,33,52
32,81
4,6,96
10,40
15,87
22,91
21,88
22,23,62
7,45,55
55,70,75
53,81
79,88
4,89
6,23,24
56,93
7,21,64
17,32
52,70,71
54,100
53,97
9,22
54,78
19,83
11,47,57
3,85
39,94
27,54
3,55
23,79
55,64
65,95,98
55,79
28,57
29,66
15,74
74,88
3,10
23,42,62
21,46
61,100
16,25,40
8,94
59,73
39,95
30,80
31,69
65,91,99
40,52,99
4,41
24,34,52
29,49,95
13,21
3,63
9,17
34,70
13,27
26,95
21,63
7,26,50
47,80
60,99
23,24,90
35,61
1,20,90
34,92
27,99
42,53
28,58,67
12,98
21,61
16,32
26,91
22,32
8,34,67
38,53
10,83
4,96
39,63
15,34,96
4,15
77,92
10,77
80,89
28,67,70
67,99
1,7,91
22,52
45,50,67
94,98
20,74
2,79,97
60,82
5,24,68
22,25
7,31
18,48
56,70,75
34,56
68,69
14,74
77,91
42,78
37,62
15,64
52,87
27,38,41
11,60,100
5,39
65,82
25,77
29,87
28,48
9,61,79
29,71
24,32
31,57
56,65
19,74
16,99
51,85
27,33,78
36,59
71,94
2,23
18,56
41,67
34,37
48,65
2,10,22
90,93
38,67
95,97,100
49,88
22,59,61
13,22
24,96
3,26
13,25,42
27,32
48,63
34,53,94
56,60
3,56,95
24,63
45,73
11,55
52,68
92,96
19,77,83
5,84
16,96
58,60,87
1,58
24,86
44,93
1,65,98
30,57
38,68
43,93
7,40,60
34,68
51,82
52,92
32,69
1,99
43,94
7,34,81
77,100
60,67,93
7,43,94
11,34
39,90
45,71,94
7,39,57
16,89
16,51,76
45,63,87
65,71
23,97
41,49
60,61
13,44
24,27,32
46,77
4,14,68
23,52,71
3,70
26,44
14,16
9,56
15,69
1,77
21,79
11,65
34,47
87,93
7,43
35,52
93,98
49,55
31,68,92
28,44,98
92,100
7,29
66,87
1,96
62,86
2,83
51,65
42,73
18,99
3,14
44,95
13,55
90,99
35,75
55,94
32,84
40,74,79
44,76
31,36,57
5,41,61
31,34,80
11,69
3,66
26,70,75
16,81
60,99
27,42,84
15,99
7,41,74
46,59,85
11,52
17,77
60,100
6,16
42,52
9,51,73
21,41
24,32,96
9,62,84
60,83
4,15
70,91
43,67,71
46,60
23,74
33,44
6,11
3,55
26,60
19,88
30,52
11,34
19,74,79
91,95
27,38
10,85
71,93
84,95
7,29
21,30,84
33,63
29,86
9,50
5,22
17,41
9,29
1,75
23,38,45
46,89
9,61
59,95
27,54,68
47,62,64
50,90,94
3,7
14,61
17,62
4,36,64
14,27
11,12,59
4,33,36
1,29
14,69
81,88
5,21,25
43,58,75
42,82
31,39
25,53
15,69
51,53,74
66,91
21,82
16,80
48,58
33,78
35,46,49
90,91
5,75
7,82
19,25,59
15,83,93
54,95
19,96
64,68
61,72
6,66
3,70
17,21,85
10,61
3,98
20,44,58
20,88
1,13
66,100
14,76
15,27,47
88,89
87,98
54,65
15,100
28,56,63
53,85
6,16,24
9,88
19,61,89
5,88
8,63,66
14,28
18,26,45
8,71,99
79,81
20,33,55
18,50
73,78,82
9,17
46,71
30,31
33,44
46,85,86
49,83
47,54
8,55
31,37
26,29,65
59,74,100
58,76
40,50,77
57,78,92
5,10,74
31,33
91,96
58,99
50,86
24,40,58
24,62,93
51,93
27,32
5,41
51,56,99
41,86
18,26
68,83
39,60
55,63
37,64
14,63
4,40
37,71
63,99
53,67,76
44,48
44,65
12,37
65,74
95,98
56,94
12,53,81
60,63
15,83
79,100
86,89
19,84
64,69
1,45
9,74
11,30,36
2,49
17,92
2,41,61
5,51,97
2,5
9,73,85
8,65
25,83
4,64
2,22,86
20,27,96
93,99
9,91
28,89
77,79
10,62,89
16,32,52
1,30
1,84
12,19
24,99
24,76
77,87
62,90
13,16
57,91
36,40
47,99
16,78
47,59
9,35
39,87,94
76,95
23,42,62
43,48
18,82
41,72
39,90
29,67
30,32
15,36
15,68,96
32,57
41,80
26,28,60
3,46,65
6,38,47
24,43
67,86
12,95
5,97
2,27,42
35,41
4,41
24,80
30,33
10,87
82,87
47,51,69
48,77,95
29,45,99
40,63
53,70
14,92
27,32
12,20,100
47,52,68
90,93
17,94
23,76
4,38,80
19,74
45,56,71
11,92
11,38,96
11,47
8,25
42,86
79,89
88,100
7,71
54,93
58,60
24,89
2,88
48,58
29,87
20,54
9,22,88
60,99
63,80
7,10
9,86
40,81
10,21,83
28,48
7,26,63
56,97
10,64
9,41
29,37,74
1,54
16,65,70
39,69,84
64,70
15,38,68
8,44
13,32
39,60,63
4,11,27
26,73
11,14,34
3,8
19,83
6,30
29,45,65
54,64
60,92
14,32,33
94,95
28,63
9,61
32,47,57
24,97
37,97,99
16,100
57,64,95
35,75
27,68,69
18,100
23,73
23,70
24,31
82,99
26,39,55
26,68
40,79,89
72,97
29,93
12,93
32,69
7,46
7,8
6,30,47
18,73,86
28,45,70
52,54
35,86
1,25,41
3,14,80
27,36
10,52,67
18,55,93
30,46
1,86
66,90
9,13
7,87
12,46
58,95
34,36
16,49
83,96
21,96
36,70
60,66
10,43
35,83
30,31,46
9,19,65
4,36
10,21
14,34,69
44,75
30,58
27,38
58,74
3,44,98
21,59
33,54
14,70
81,85
60,73
34,52,69
64,91
39,75
30,79
13,81
8,41
22,49
20,95
84,85
53,86
46,89
1,98
19,40
29,50
7,37,59
60,63,99
79,85,100
41,46
5,31,71
37,39,94
17,66,74
26,91
14,15
1,2
4,33,38
