44,52
29,75
1,71
25,33
46,69,77
42,55
7,91
1,20,57
30,90
21,82
35,56,59
16,84
30,55
19,96
26,80
7,42,85
50,61
3,17,27
60,74
80,81
29,31,73
6,55
47,67
5,26
10,26
46,86
12,19,54
7,8,13
31,49
17,90
21,30,82
61,91
30,90
22,66,79
66,91
2,61
4,81
39,82
8,99
1,76,100
40,47,65
11,14,73
28,36,95
33,60
58,88
15,75
46,68
13,85
30,58
19,97
43,90
46,52
8,56
46,64,80
2,31
46,55
7,42
19,36
21,65
38,65
11,46
18,20
54,70
23,45
17,45,76
60,65
64,89
4,34
20,34
69,72,75
20,83
28,39
30,90
17,20,58
4,49,87
50,63
36,83
89,94
18,26,72
27,86
22,97
43,80
17,94
12,66
48,99
3,34
26,33,74
4,70
39,52
17,55,92
7,15,34
18,39,67
54,70
15,60
5,77
3,15
9,79
14,25
27,41
52,81
65,86
35,97,99
18,28
30,100
30,45,64
11,57
41,64
8,54,84
41,46
77,84
54,55,95
41,67,69
55,66,99
12,72
20,42,76
80,84
29,87
24,94
28,40
2,12
25,77
14,34,35
57,89,93
27,90
19,35,39
82,95
7,17
33,41,93
10,15
13,25
41,47
54,90
8,12
14,78,85
15,84
1,32
16,97
6,92
27,67,72
11,17,42
3,85
4,15,26
59,92
25,28,34
3,51
32,55
51,66
13,64,85
32,70
60,77
70,90
36,54,98
17,60
46,63,95
6,76
34,44
37,43
29,65
68,91
82,95
4,38
46,60
26,98
27,52,61
49,68
42,74
13,94
13,41
56,83
50,72
57,71,89
64,76
13,24,92
6,83
64,92
15,56
16,52
46,90
8,98
1,57
3,79
27,93
69,70
12,16
14,22,43
32,71
28,32
6,36,68
30,89
16,84,96
39,51
11,39,52
53,84
22,25,71
2,79
57,95
24,76,100
40,82
10,28
60,74
17,24
9,67
23,78
1,30
50,75
37,45
39,96
77,80
8,25,52
42,88
7,94
15,67,73
31,75
84,90
20,76
71,100
72,80
1,32,55
5,40,77
6,9,61
17,57
39,47
26,93
71,76,100
25,48,66
6,65
5,46
15,62
70,71,83
45,83
72,97
6,15
38,46
57,78,88
58,100
70,76
1,17,94
53,84
83,85
21,72
38,81
20,30,59
2,75,95
1,55
10,60
46,47,87
21,81
36,90
1,32
42,83,85
14,23,97
40,90
40,62
60,91
46,72
41,100
28,38
13,82
25,35,36
34,94
2,11,25
7,48
20,32,78
91,95
40,86
19,22
48,79
45,70
44,72
27,63
21,55
48,84
8,18,71
24,31
65,95
61,67
27,73
40,65
28,48
60,74
18,22,43
12,25,96
29,89
38,50
21,81
37,61
58,62
28,89
15,85
90,92
23,48
15,38,68
56,88
85,98
85,92
34,39
2,11,97
14,46
6,55
24,92
21,41,47
21,76,84
41,69
14,84,96
15,46,62
34,98
8,34
64,71
20,34,48
24,26,71
81,86
24,57
22,43
37,100
19,88
3,91
38,74,95
1,2,37
19,51
11,49
85,100
57,64,85
26,73
37,41
61,86
4,68,73
19,32,47
13,91
7,81
47,61,82
55,70
67,94
10,27
43,51,52
3,97
16,44,99
43,79
56,81
30,31
27,80
17,24
53,84
50,63
22,28
8,25
4,27,87
1,64,88
24,59,70
43,65,71
78,98
23,35,56
21,45
8,15,70
19,55
4,91
69,75,87
74,97
20,55
2,57
24,100
17,57
10,69
10,46
70,71
51,69
28,88
19,28,84
25,45
58,97
8,19
23,48
32,45
19,59
23,66
6,19
1,11,17
36,75
14,16,44
35,96
33,56,77
17,21,30
8,66
25,71
25,35,96
43,98
73,80
1,45,89
10,49,50
16,41,47
26,94
15,53,54
42,59
22,34,99
23,54
5,29
30,55,64
4,85
14,19,25
18,87
11,29,89
36,99
39,99
20,46
50,92
53,54
17,78
3,7,31
14,35
5,77
48,79
11,70,81
10,30
88,90
9,26
26,69
18,42
5,48
28,85
91,96
81,89
3,66
45,58
2,56,97
14,28
43,92,98
33,40,61
71,83
11,64,100
53,100
47,63
13,57
10,14
43,57,98
3,61,79
59,64,83
8,75
6,81
61,87
40,45
23,36
2,90
2,3
24,90
21,27
65,82
19,25
54,66,99
3,36,52
47,72
80,85
24,88,89
6,58,89
92,98
11,88
45,85
16,44
4,56
37,43
28,52
21,32
17,78,92
49,70,92
51,84
18,84
13,18,23
11,70
75,80,81
69,96
1,59,94
26,38,60
30,45,55
47,98
77,93
15,47
34,41,48
79,84
13,66,69
3,50
40,47,72
40,66
16,44,91
7,95
10,19
53,97
33,59
16,44
25,43
48,83
9,91
6,26
6,56
1,85,92
37,72
12,51
25,35
53,76
33,84,93
10,21
17,42
21,35,91
4,55
20,97
66,86
25,72,99
29,64,70
57,76,94
31,42
54,84
20,64
70,88
6,17,37
5,95
52,95
3,34
4,22,92
7,39
51,52,53
5,22
40,81
11,72
3,68,90
2,54,97
33,47,80
32,37,78
16,36
67,77
33,34
28,52
3,39
38,53
21,26
26,27
68,87
77,81
43,71
2,19
16,51,75
41,72
8,28,99
3,49
7,26
50,73,91
63,74,86
46,95
88,100
25,39
20,95
6,51,86
19,40
33,34
54,57
16,95
3,87
23,96
39,99
42,90
55,62
2,85
30,100
7,42,77
8,36
4,78
10,13,63
20,30,71
17,58,96
50,95
10,45,96
4,5,10
9,93
50,84,95
63,67
41,86
27,69
50,65,69
61,85
85,89
44,58
17,64
19,48
19,50,55
11,57,70
8,31,69
37,65
46,68,76
25,66
69,77
3,5,35
10,73
24,51
22,43,53
19,97
25,99
2,12,99
67,76,92
13,74
41,74,86
58,100
31,78
21,40,50
10,38,60
16,34,54
50,87
42,97,98
40,68,75
25,84
23,45
10,63
63,77
5,84
25,50
28,39
47,92,100
3,12,16
53,66
16,44,47
5,62,82
42,91
13,59
30,55
12,28
72,86
21,72
15,78,96
17,31,45
58,70
34,48,79
61,69,78
27,50
37,56
42,58
15,19
21,59
11,56,85
6,37
22,27
20,71,83
60,61,81
46,91
67,68,77
34,39
22,98
70,94
44,52
1,50
5,62
15,27
13,59
46,90
45,75
12,22,97
35,63
6,27,78
29,57,64
16,19,28
40,47
22,97
27,85,93
3,73
4,26
49,60
51,79
45,56
65,82
4,29,93
9,98
29,48
11,52
6,20,96
12,64
74,87
30,37
15,85
71,100
14,43,51
23,85
44,98
7,31
16,82
43,48,96
46,73,77
10,69
38,77,93
51,66
60,82
30,49,74
23,49,89
7,29
35,36
31,54
71,94
69,87
39,43
2,96
17,86,97
7,54,81
23,41,94
57,59
31,59
25,51
27,40
14,15
1,16
41,86
23,39,44
45,86
21,98
25,53
89,95
45,46
30,59
67,80
10,83
12,98
49,65,75
63,93
13,37
12,35,53
54,98,99
25,97
30,39,87
3,37
64,71,90
31,52
6,64
29,33
14,36
59,93,97
76,100
23,97
18,72
18,95,100
10,61
29,58,76
11,48
86,94
28,50
28,48,53
55,68
20,29,94
32,58
25,28
4,54,55
49,95
30,59,76
4,39,54
8,51,97
14,89,91
40,60
7,61
14,28
22,35
4,82
60,85,100
35,77,92
40,86
59,65
51,97
56,73
13,30,88
62,73
26,87
45,70
26,87
34,97
11,89,96
63,64
55,78
20,30,71
13,38
47,62
15,80
55,99
26,69
23,39
15,38,67
26,41
52,86
60,95
3,36
89,100
41,63,69
10,93,98
53,97
7,38,85
16,50
46,61
8,84,86
52,73,92
30,64
69,75
20,54
8,12
10,26
10,71
24,55,76
31,57,85
47,48,89
52,97
21,70,88
59,72
65,66
30,89
18,69
6,55
46,88
86,88
44,52
49,75
9,75,80
55,96
50,96
48,68,80
52,54
52,53
60,72,87
60,68,69
8,11,83
2,25,35
42,59
94,95
8,84
49,57
43,68,73
3,66
64,83
65,74
14,92
10,18,95
36,48,96
41,66,98
19,72
15,60,71
61,65
40,43,52
6,7,85
10,46,63
1,45,58
17,71,78
56,76
32,87
47,88
46,62,89
46,61
43,48,99
14,36
42,94
11,65
83,91
22,47
23,79
37,51,53
74,77
11,93
39,78
19,87
68,75,91
38,95
2,7,92
26,33,75
52,54,98
24,31
23,36,84
25,51
39,44,66
44,54
8,12
6,37,70
40,72
40,49,80
24,51
33,65,75
17,42,55
9,41
25,79
24,55,76
27,50,77
18,67
5,18
9,69
27,52
34,98
7,19
8,39,84
6,37,78
7,8,80
3,31
61,62
3,10
38,93
32,45
33,70
35,43
21,25
37,89
1,45,59
91,95
67,76
72,81,86
17,35
38,58
33,48,85
58,100
57,59,94
51,86
25,98
1,51
16,84
14,48,95
76,100
69,100
2,23,52
4,91
13,31
13,42,94
2,99
6,37,71
59,71
33,69,77
30,65
36,57
33,60,62
14,99
2,8,28
4,10
41,65,95
56,74,100
56,72
2,5,95
15,27
3,14,43
2,12,54
56,95
38,64,93
45,71
6,90
32,65,70
50,87
21,49
41,46
7,30,85
67,82,91
55,77
50,84
40,62
25,52,98
30,88
7,11,25
63,80
15,27,65
7,56
14,19,44
9,93
14,95
25,99
66,74
19,43
66,98
34,44
22,94
26,67,93
5,62
31,71
2,28
27,54
49,83
3,35,79
18,68,87
39,99
47,49,73
52,53
14,49
12,100
61,77
31,89
49,69
26,58
11,56
45,97
23,45
21,49
4,61,67
14,50
36,95
9,23
84,100
68,71
53,84
33,41
59,85
13,30
61,93
28,37,55
49,50,62
65,73
49,96,99
16,22
96,98
5,28,47
53,66,69
6,13
68,79
30,37
23,53
26,81
26,62
48,49
29,46
4,32,93
29,100
49,61
28,98
5,74,87
12,36
37,42,71
56,88
69,73,81
36,83
11,55,94
36,66,99
11,39
16,17
17,42,78
51,98
60,71
12,49,100
16,40
52,61
19,52,68
13,24
11,36,66
3,6,71
24,55
31,88
2,25
83,88
26,51,69
32,33
39,66
12,25,66
43,53
15,60
24,34
15,49
17,55,88
24,94
18,26
9,55
39,43
26,94
28,36
12,40
37,64
37,45
61,87
17,64
49,72,81
76,95
11,30
16,48
31,32
32,90
10,36
47,61,81
60,69,92
11,72,92
31,85,100
29,32,45
91,95
19,64
42,56
23,53,96
3,39,79
55,64
6,88
80,95
48,56,68
11,37,78
34,48,66
39,51,99
9,70,89
2,100
17,30
27,71
37,42,100
11,17
25,36
15,27
65,75,88
36,39,97
3,22,35
57,59
8,52,54
24,46
35,52
24,94
40,48,61
23,83,84
28,98
1,7
36,88
29,79
24,30
35,42,64
48,52
12,22
79,87
58,64,100
20,78
30,45
24,71
85,95
20,69
8,35
22,96
79,99
26,80
16,50
13,66
46,77
3,11,47
87,91
80,90
58,60
14,84
29,56
3,53
12,58
9,38
1,19,55
11,65
28,78
57,70
9,77
4,32,58
21,41
45,71,76
35,48,73
48,79,99
22,97
34,92
30,78,92
15,74,88
30,32,33
17,23
4,17,61
49,85
19,87,99
31,34
39,43,99
16,45
38,60
9,17
65,77
16,51
9,56
34,43,66
24,96
6,34
12,34,96
62,67
35,82
32,45
23,25,35
7,32,42
50,61
12,75,86
39,72,80
36,79,84
28,99
56,68
3,44
19,22
69,71
39,73
13,76
61,91
8,23
14,54
7,85
41,80
54,56
34,96
38,75
9,76
15,77
75,87
55,60
91,93
24,40,82
37,47
6,78
56,92
36,43
44,98
12,34,53
40,60
44,59
34,54
81,92
8,23
20,85
79,98
11,17,94
8,23
42,51
58,64
49,81
54,98,99
37,85
13,15
35,42
5,96
2,44
37,59
49,91
42,58
68,97
58,82
63,67
28,66
35,73
36,84
38,44,63
41,47
49,55,72
7,8
28,99
5,86
17,35,77
9,61
36,54,96
23,28,35
12,34,48
41,72
69,94,100
29,98
44,70
25,75
64,79,94
8,66
13,18
32,78
18,62
8,41
14,79
23,26,86
1,55
50,67
71,90
59,61
45,100
12,51,54
15,59
42,90
27,97
58,70
20,32,92
31,94,100
27,47,87
24,88
19,43
32,41
44,60
47,93
32,45
25,35,96
24,94
10,40,95
25,51
12,48
15,18
8,12,54
7,17
20,64
2,80
45,57,100
27,30
17,29,71
61,75,96
29,61
10,15,62
31,35,40
30,70
28,45
6,31,88
14,70
57,70
19,79
8,59,62
24,78
37,62
72,100
11,71
17,71,76
3,29
30,55
20,88
20,43,55
77,92
11,22,84
32,56,57
2,19
85,90
45,50
51,96
79,97
25,77
30,57
16,66
8,98
26,68
79,99
60,91
14,39
60,97
13,64,71
3,45,74
7,28
19,26
35,43
34,96
32,42
12,52,80
14,46
33,62
15,73
18,81
5,30,47
25,51,97
27,50,61
1,64
59,62
38,95
6,56
33,77
34,96
17,61
13,73
27,46,87
38,95
54,85
15,71,72
16,72
20,28,94
5,13
17,85
9,92
15,61,91
11,49
37,39
26,61
35,97
71,100
39,59
24,37,58
13,29,98
5,14,72
10,49,91
61,74,75
59,87
13,88
16,57
35,39,43
71,100
33,93
18,62
46,71
11,37,71
67,69
62,80
83,100
38,92
8,16
7,20,32
27,36
40,63,82
15,46,93
37,64,76
17,100
1,77
30,78
73,97
17,30,89
33,99
4,87
65,81
34,75,82
6,31,89
51,82
39,79
40,50
19,98
16,28
27,38
21,67
4,50,94
32,76
82,85,86
15,72
40,43
1,2,96
1,30
17,64
12,14,34
77,81
31,57,71
67,72
13,82
22,77,88
5,14
1,88
3,16,34
15,40,82
14,89
16,25,52
30,37
22,51
39,98
29,92
73,85,86
8,16,99
10,46
60,72
26,92
9,91,95
10,60
30,60,73
28,31
62,77,86
67,75
38,82,93
40,91
44,97
1,24
84,92
33,91
49,58,72
60,65,93
37,42,100
50,67,77
24,45
7,12,77
19,60
9,74
30,57,64
22,51
37,85
29,79
38,40,72
13,21
18,49
3,45
7,30
20,89
5,21,63
74,86
10,18,75
2,34,96
48,93
61,63,76
8,91
6,37,76
8,36
5,26,50
65,68
25,91
64,72,88
25,35,44
24,94
56,100
84,96
49,79,88
15,21,75
2,8,97
91,93
30,65
49,81
24,29,56
3,95
5,9,15
10,42,71
79,95
9,41,68
60,62
12,48,66
63,100
25,26
10,74
43,66
5,53,89
4,48
76,88
48,82
30,58,70
12,85
21,69
23,42
37,88,89
62,96
33,39
46,87
9,73
37,90
2,34
17,44,93
4,60,69
16,28,79
17,35,74
67,95
73,82
30,78
15,68
48,49
1,18
17,20
3,39,48
33,86,95
22,36,39
40,50
54,71,85
33,63
53,66
34,51
25,44
42,88
51,70
3,92
6,72,89
12,25,54
38,49,80
55,70
59,74
50,53
47,49
8,25,35
33,78
2,59
15,38
27,62
43,79,98
53,86
40,47
26,77
2,16,97
13,24,78
6,66
14,16,53
39,44,96
62,85
68,96
20,71,83
44,52,84
4,60
12,22,44
18,72
16,22,25
33,73
23,99
10,18,87
40,47,62
10,20
55,76
45,46
24,88
4,77,81
61,68
15,80
26,77
79,99
3,31,46
21,67
30,44
46,57
33,38,49
34,98
28,36,54
73,93
11,46
15,61
33,51
19,28
90,100
6,57,92
46,75
19,94
3,80
9,55
45,55,58
81,95
31,58
36,42
20,24,90
16,83
43,97
51,97
26,33,75
22,51
6,85
5,75
2,40
