138,149
64,144
86,107
15,128
46,109
10,41
96,101
56,132
19,97
7,59,107
76,113
74,81,115
46,123
59,99
38,40
55,143
72,123
73,130
72,81
19,136
7,96
23,135
25,79,99
47,145
17,107,112
34,120,144
52,77
4,6
39,120
50,143
62,91,120
12,15
24,132
63,103
22,112,144
82,133,145
43,53,101
65,95
3,50
53,76,120
56,72
8,20,142
137,150
73,82
20,21
8,95
10,131
4,29
128,130
28,57
11,47,55
113,117
56,118
38,134,137
6,65,76
29,103,132
35,95,100
118,146
13,58
70,77
90,146
120,137
65,75
62,144
1,108,128
104,131
105,122,149
12,48
27,147
38,145
12,112
31,123
38,57,108
54,120
10,100,117
42,99
106,138
28,134
60,145
49,76
27,134
43,77,143
14,86
49,69
3,78
21,66
99,104,110
2,89,147
54,86,123
91,109
24,101
72,88,142
6,47,90
1,19,102
41,130,133
6,41
43,72
83,86
92,130
3,4,57
49,66,100
1,71,90
12,50,126
80,103
22,96,149
48,58
48,62
5,66,102
14,38,82
50,63,98
35,36
5,50,92
3,133
12,45,120
38,41,92
22,112,144
4,44,94
52,81
10,139
21,26
94,108
5,9
56,111
50,88,104
87,141
77,142
16,36
14,113,138
41,123
15,102
51,58,115
9,29,110
7,35,124
18,80
4,109
87,125
6,45
54,113
1,44,98
13,127
77,97,143
67,80
13,46,56
23,128,138
37,42,126
103,121
54,114
16,118
12,22
81,105,132
52,72,115
30,106
99,129
8,66
32,145
18,64,125
14,30
100,142
47,135
40,90
5,66
18,111
39,136
107,133
10,142
84,129
60,108,130
101,111
5,85
52,85
85,108
42,70,131
34,133,145
11,71,103
45,55,111
5,54
39,61
52,115,131
28,59,149
62,107
30,123
5,118
60,134
20,55,144
45,132
101,103
83,96
88,115
20,136
36,79,131
16,74,110
8,59
120,128
10,78
12,83,84
73,145,150
61,129
25,114
25,59,75
72,110
11,111
61,140
1,26
107,134
49,76
25,74,148
74,87
48,69
32,33,73
81,131
6,47,119
12,15
95,98,99
8,76
90,114,121
14,107
105,119
33,145
62,76
33,64
35,107,144
47,135
61,89
33,125
38,134,150
14,80
42,87
34,108
53,86
63,118,146
58,107
22,65,141
31,69
71,122
17,29
21,121
31,97,102
84,107
69,76
74,95
80,100,104
42,110
31,131
66,75
14,64,69
50,143
28,31
45,90,149
99,111
10,43,78
48,60
31,67
11,93,101
27,34
2,73
50,65
16,50,110
35,143
50,94
102,119
88,94
58,110
12,112
28,42,126
39,144
58,83
14,18,142
43,70
27,32,86
27,54,150
53,134
45,133,140
73,130
26,30,146
82,99
47,143
11,96,103
102,105,135
119,150
20,116
45,83
52,99,109
12,146
22,107
62,69,112
2,137
57,138
86,124
61,80,101
117,148
22,108
61,111,129
92,139
2,58,144
29,46
17,52
13,118,146
12,22
23,90,106
21,41
45,51
28,142
9,48,89
23,94,119
11,111,146
40,76
18,47,118
21,26
20,77,124
61,64
86,90
134,147
24,148
2,71
83,84,139
14,91,141
49,136
133,140
55,142
101,125
6,89
40,103
59,92
52,65
53,61,73
2,25
8,87,148
73,102
35,115
9,84
34,76
10,46,130
13,18
96,128
34,61
63,138
41,99
98,109,115
13,46,80
6,125,146
67,129
115,120
46,63,66
13,31
8,39
15,146
89,131
79,87
74,100,130
39,64,69
29,111,113
19,51,79
4,70
120,135
135,144
62,90
51,56
12,108
93,149
42,61
90,128
61,86,108
32,110
72,99,110
33,44
1,142
1,11
6,149
21,53
115,131
94,144
22,85,133
12,77
12,116
108,114
57,104
12,146
55,73
21,58
94,145
76,91
17,33
8,89
31,51,56
24,82
17,60,116
30,80
50,62
18,23,90
68,143
33,85
57,65
53,75,81
25,65
3,109
13,111,118
5,53
37,146
8,120
48,49
52,150
108,144
96,103
47,63
135,136
88,148
35,59
1,121,123
7,85
18,71
60,150
31,59
37,70
34,41,129
68,80
71,146
144,146
26,90,119
13,18
8,43
84,92,135
18,105
5,150
22,34,86
23,132
5,19
111,129
43,52
11,123
80,101
4,79
8,117
49,142
122,132
54,83
65,143
83,119
54,78
42,78
69,84
74,87
31,135
58,121
39,101
48,54,86
32,88
7,91
46,101
78,88
6,69
35,88,143
6,101
101,114,132
33,127,133
61,150
38,82
100,145
19,69
55,114,119
5,14,54
29,68
101,136
14,91
16,90,145
7,110,141
82,110,148
20,109
64,107
26,45,55
47,106,120
33,48,82
76,111,138
75,129
20,79,95
18,125
27,89
34,127,147
42,78
63,77
38,48
92,140
45,57
37,126,131
21,55,146
36,81,87
20,107,143
39,54
9,109,132
26,46
28,32,100
91,129
16,62,94
26,33
3,127
48,127
69,144
86,112
22,82,83
26,73,84
5,76
128,143
44,108
110,116
14,129
23,122
26,93
40,73
69,105
67,100
49,120
11,26
34,58,75
13,44,125
44,73
10,35
10,102
4,132
12,76
9,108
6,52
100,110
39,81,129
17,146
54,59,110
1,31
6,105
17,116
28,45
37,78
86,143
66,105
9,46
132,141
3,18
20,56,118
3,72
16,74
43,72,88
112,150
23,52
88,112
32,48,107
13,136
70,145
81,132
50,86,94
45,103,132
101,104
22,116
53,82
16,107
29,31
102,106,114
17,60
37,117
61,95,127
7,32,59
128,149
76,119
9,32
94,122,139
30,31,120
57,148
41,82,89
19,106
6,51
52,108
77,110
48,116
31,54
117,121
50,131
9,53,95
28,73
59,109,110
123,138
9,126
38,109,131
54,57
65,81,124
15,121
57,143
70,104
94,147
15,127
74,143
101,150
46,137
6,80,102
75,135
6,149
17,92
30,47,80
5,130,139
3,10,126
22,92
38,92,120
18,68
3,65,124
83,99,136
76,127
16,81
46,87
36,65
65,70
26,63,123
110,130
16,143
13,45,68
40,41
29,68,128
15,128
20,62
6,136,138
16,21
74,106,109
14,142
52,135
23,72,108
3,109,115
63,118
7,62
81,90,98
42,68
15,125
30,95
68,92,148
97,127
87,88,147
31,123
1,46,71
15,57
9,54,147
57,80
67,127,139
43,143
56,93,122
12,49
52,135
22,37
81,132
30,104
54,119,145
4,28,35
40,132
21,98,141
21,51
93,141
15,71,93
135,136,146
55,66
24,69
58,133
97,143
27,64,108
3,124
21,118
96,105
23,45,146
86,115
70,115
25,28
76,83,129
1,135
37,110,126
50,150
75,99
11,103
51,80,122
41,51,89
9,129
102,138
3,19
46,63,80
58,130,147
14,30
71,122
12,73
8,51,97
97,113
78,110
30,106
39,84
38,120
26,96
43,126
123,131
105,150
36,118
40,79
9,24,140
85,150
49,98
34,148
29,61
5,111
55,69
55,68,93
86,106,128
29,31,136
26,47,63
21,107,124
1,122
83,133
29,47
27,98
102,125
2,85,127
36,124
28,36,115
19,121,126
42,88
35,37,126
93,96
54,127
6,29,90
44,89
15,139
30,106,135
126,146
7,78,131
11,70
27,41,112
29,128
52,146
51,114
85,129
60,135,149
7,101,138
68,138
33,76
1,128,134
47,90
70,138
35,39
37,59
37,87,130
42,70,97
12,118
22,145
16,111
65,81
90,135
86,92
21,138
48,54
1,68,138
98,126,138
25,49
17,62,64
1,48
25,74
17,95
5,18
11,93,103
9,128
18,47,79
2,54,144
40,42
6,148
18,26
17,45,86
14,113
23,135
54,91
97,117
55,57
25,92
16,125
59,116
23,47,119
57,87,147
104,135
33,92
26,135
21,42,93
65,79,109
5,57,121
94,99
21,135
10,70
77,81,134
6,105,106
22,33,112
40,86
10,20
4,75,139
101,111,135
47,101,149
19,26,119
75,90
8,124
30,119
2,85
35,71,145
11,51
5,111
4,7,35
32,54,134
10,38
32,83
63,80
48,147
49,84,113
53,127,131
53,104
17,100
50,52,59
119,128
38,89,94
37,98
1,46
43,72,99
111,123,128
89,116
104,112
73,96
26,63,90
10,26
6,35
1,71,101
96,118,136
63,90
49,113
10,70
87,101
47,129
77,124,143
17,48,57
80,103
35,77,104
17,40
77,129
10,57
114,129
24,101
31,132
63,141
111,144
78,98
75,112
67,77
1,11,51
66,132
52,67,74
55,122
44,115
57,104,148
129,137
39,133
6,71
20,84,132
61,127
19,95
64,85,137
65,87,110
25,50
26,93,149
5,125
50,126
14,32,84
76,112,145
52,84
8,64,114
11,118
21,46,123
20,104
