28,83
1,141
90,104,133
111,146
30,76
2,85
33,150
20,94
14,103
10,50
115,119
76,103
43,131
38,57,120
37,67
86,146
22,42
54,93
46,72
28,88
56,115
13,38
5,14,19
55,112
34,38,75
66,130
49,84,116
25,31,44
26,116
38,107
55,59,125
74,140
92,111
62,72,136
6,60,67
24,61,70
38,142
22,79,81
62,101
44,59,145
35,81
7,44
36,72,109
6,127
37,39,54
15,133
14,33,136
66,142
70,145
29,69
76,138
99,105
20,128
4,10,47
34,63
8,115
83,118
17,105,122
14,45
134,137
4,24
39,104
27,63
7,71
42,128
137,144
121,133
9,110
68,87
3,84,145
21,42
65,138,147
32,48,78
119,129
17,114,150
79,150
71,95
19,85
15,22
65,85,147
4,92,118
97,114,128
12,113
9,121
80,141
60,68
53,64
3,135
8,13
36,134
23,27
84,113
39,55
105,110,142
64,66,98
51,91
119,128
30,134,136
11,95,136
138,147
17,135
65,129
23,66
5,84
55,65
42,78
31,48
19,123,143
73,105,138
93,124
26,127
20,27,34
16,104
104,111,113
104,143
5,97,146
39,57,89
45,67,82
71,147
108,144
15,60
51,61,72
118,124
20,99,103
4,74
43,51,91
59,99
24,66,136
11,143
14,28
100,139
49,89
39,77
55,75
72,124
14,136
9,39
11,86
5,131,143
55,108
26,93
38,52
80,114
50,126,139
6,23
20,65
31,52,136
5,83
30,146
99,129
38,108,148
36,114,115
94,119,146
41,62
87,111
27,91,103
105,132
7,21,52
7,142
78,142
18,59
6,32,138
11,58
83,103,104
13,39
48,112
16,108
4,102,134
8,105,139
32,51,111
46,52,127
24,54
87,108
50,51
57,99
18,70
57,80
16,25
39,40
87,133
108,113
64,106
8,42
24,77,112
48,91
12,41,148
4,74
10,39
67,102,144
81,103,126
50,51
135,147
55,71
30,143
8,77,129
29,59
49,51
80,85
23,142
5,130
34,144
70,71
63,136
83,93
3,127
45,150
10,63,115
12,54
6,117
15,20,95
28,36,117
25,87,143
75,142
14,67,144
1,2,6
4,148
75,126,143
82,87
61,129
41,103
75,98,103
91,127
129,136
66,87
21,115
68,89
74,106
61,148
6,78,110
11,41,119
115,117
32,91,102
91,108
4,8,52
6,92
36,77
75,80,104
92,145
48,91
32,57
6,111
66,100,138
21,79,138
31,117,135
58,106,110
36,38
48,126
13,99
23,50
75,131
63,145,146
48,89,104
56,124
35,67
6,84
94,115
7,127
37,75
58,70
70,138,150
9,22,38
72,105
24,65,117
23,45
57,127
44,63,92
47,55,99
61,114
4,10
57,100
28,107
22,121,144
20,47
15,129
69,129
50,122
91,103,116
25,69
61,86
65,97
23,28
32,88
14,76,131
11,52
33,40
28,119,128
73,78,112
69,136
85,87,108
58,70
47,142
106,141
77,98
1,75
7,93
15,27
20,109
68,136
67,112
26,44,132
53,94
9,40,117
36,94,114
38,39,57
60,70
34,145
40,128,139
4,110
1,24
73,90
96,120
72,79
84,122
6,43,139
13,146
44,71
17,78
9,30,144
18,95
111,131
45,56
22,127
119,121
29,74,93
35,128
75,140
14,41
24,123
71,88,125
49,92,107
14,104
35,107,144
93,116
90,123
45,74,111
34,74,134
10,43
63,68
46,81
119,147
91,126
71,145
8,130
25,129,145
11,80,121
35,61,140
85,89
41,101
55,93
41,59
20,22
1,24
49,126
47,68,75
67,130
32,147
38,80
133,143
67,69
41,101
101,120
14,125
29,142
60,84,104
95,139
19,52
26,63,99
100,139,145
55,139
45,58,131
4,55
109,117,138
46,78
11,109
44,49
37,68
88,139,145
121,123
54,132
15,91
27,142,149
6,78
36,95,119
16,72
129,141
42,75
56,77,100
82,102
30,33,147
48,88
54,58
80,96
49,66
42,139
35,88,112
74,142
11,136
94,132
1,10,78
90,150
12,82
7,101
18,37
109,135,147
52,91,116
2,50,126
89,98
93,132
85,109
19,36,135
81,92
40,130
67,105
24,133
63,130
16,133,143
94,97
76,128
30,36,117
20,57
51,81
23,120
82,148
24,91
53,70
10,32,87
24,49
78,130
89,143
13,66
136,137
49,82,90
15,140,147
99,139
10,57,127
24,76
49,80
11,126,128
77,109,137
40,114
90,107
30,80
12,17
6,25
15,106
31,72,121
45,86,131
71,72,133
99,139
31,105,131
89,107
98,150
41,135
16,91
7,76
69,131
130,132
75,98
60,107
4,107,111
82,144
74,144
72,101,120
98,106
96,99
73,91,133
73,89,90
12,16,125
8,54,63
61,101
141,142
18,125
74,85
64,102,109
13,110
96,124
84,103
21,138
4,16,148
68,88,125
61,99,146
28,108
22,89,106
91,97
60,64,78
7,11,131
15,69,95
5,65,95
21,117,123
86,121
48,131
71,132
69,93,133
50,78
71,77,145
21,54
62,147
17,98
125,136
33,71
34,119
55,76,80
103,108
17,140
59,118
29,130
89,104,141
35,43
3,10,138
24,32,104
98,105,139
31,45
53,64,124
55,96
70,77,110
83,105
22,34
7,46,117
59,108
43,67,111
36,77
27,84,107
20,61,76
4,48
56,120
30,72,123
25,69,107
27,100
7,27
14,103
41,78
58,139
10,29
13,70,120
7,52,127
10,12,119
5,47
80,81
4,14
35,144
46,72
49,105
63,74
31,38
61,136
5,65,97
141,144
101,114
91,113,126
25,53
57,86
49,72,128
86,87
94,97,146
76,130
37,147
1,76
38,124
21,71,72
100,110,145
105,150
27,90
6,136
20,46
19,62,147
9,145
7,52,117
109,119
27,90,107
45,98
53,85
32,69,81
24,83
16,64
69,84
78,103
44,150
84,111,150
84,108
3,8,142
10,25
34,71,74
8,26,105
84,142
57,95,139
72,119
11,137
47,98,105
69,133
23,67
61,69
11,40,129
87,113,141
82,115
76,126
48,80
55,98,140
44,132
10,16,37
95,121
10,25,84
12,86
34,44,75
3,144
21,143
55,56
99,111
42,74
99,147
51,65
33,141
24,87,144
3,81
45,119
9,58
40,81
74,125
9,63,118
16,89,133
59,149
51,67,102
77,79
21,73
18,150
80,107
45,135
67,91
38,87
17,86
67,146
34,68
23,60
78,80,85
21,75
53,142
14,34
125,126
102,107
100,124
32,48
101,131
19,40
91,140
42,55,82
60,69,80
84,102
73,144,148
39,47
144,147
7,42,71
79,99,103
9,19
102,119
45,55
54,100
39,121
39,93
71,73
43,69
6,48,140
33,150
73,91
42,147
3,103,133
29,66
61,62,117
84,133
90,92,112
55,124
14,76,147
68,110,145
16,59
24,25
20,62,123
93,142
91,106
18,73,150
24,60
78,92
28,78,101
20,30
16,54,99
4,106,107
20,125
63,116
92,102
59,130
76,128,130
55,120
61,115
22,55,106
74,99
10,78
35,50
15,60
21,76,131
36,142
15,24
14,83
58,64
38,141
57,68
18,61
52,114
55,68
78,141
21,109
67,92,112
115,142
17,36
38,88
41,46
45,137
15,53
60,78,113
89,103,138
16,107,137
41,129,147
33,46,72
141,144
28,95
62,79
53,98,130
2,76,86
26,75,93
8,128
112,149
72,84,101
16,55,117
59,83,106
68,93,145
13,105,133
3,150
25,44
41,107
61,62,150
14,21
56,68
22,40
97,112,132
66,68,130
44,63,64
85,89
13,98,106
36,69
64,99
36,141
60,72,91
34,124,126
57,140
1,10
54,133
43,119
30,36
53,63,95
88,98
18,33
118,131
95,114,147
30,123
44,67
30,117
127,143
30,103
26,63
33,145
120,142
25,108
24,75
19,98
70,115
5,17,70
133,144
120,134
86,90
34,125
33,79
18,105
17,87
13,57
1,28,82
16,97
41,116
95,117
4,108
5,47,86
16,49
72,119,121
52,72,109
83,116,145
44,139
51,138
36,123,138
23,111,132
45,47,49
26,34
6,26,91
73,127
28,130,148
47,51
70,74,145
24,67
56,90
14,26
98,115
38,93
14,83
59,70,106
35,145
9,51
26,58,125
80,87
52,123
46,65
53,54,63
11,46,62
67,78
18,112,129
58,107,120
66,118,124
57,58
84,102
13,77
42,47
103,106
58,110
19,121
80,141
18,53
37,106
12,129
48,112
80,83
58,130
57,113
14,114
22,115
104,133
82,91
136,139
36,60,122
55,70
7,127
79,143
68,74
77,142
29,58,99
60,90
66,89
59,106
121,137
11,34
28,131
120,139
12,20,143
26,54
63,76
97,114
67,112
105,139,142
52,129
19,22
53,63
8,143
2,66
61,97
67,141
