33,44
45,49
6,71
9,18,26
6,44,58
56,66
13,64,69
13,42,49
74,95
25,63
30,58
19,80
10,24,36
65,94
9,13
24,53
8,14,15
5,8,91
44,50,87
17,19,60
32,61
45,70
66,87
2,50
60,75
55,99
75,87
80,95,100
6,19,55
41,74
14,68
18,87
62,76
54,76
27,32,83
50,65
25,47
49,71,87
9,44
20,66
3,82
8,64,88
5,16
44,65
81,95
28,55
4,41
57,70
87,94
2,58,92
35,71
4,74
7,12
39,77
18,45
1,24
42,71,72
85,91
9,92
30,92
4,48
55,62,81
41,96,98
22,42
1,21
8,11,32
30,61
23,65,82
44,65,94
5,23
72,92
58,69
19,24,37
43,47,82
13,53,66
69,98
64,69
45,83,92
11,81
36,91
42,78
29,31
65,99
20,46,75
23,94
14,96
44,83
11,68
5,64
6,11
2,16,38
61,71,83
2,82
66,87
49,89
25,66
50,55
23,61,92
16,43,60
3,37
4,53
15,54,83
37,76
10,94
48,85
27,37
66,82
15,66
25,37
14,20
26,72
58,87
29,87
21,64
4,34
12,55,97
6,66
87,100
36,58
9,30,71
13,77
21,89
26,77
9,75
1,55
21,53
40,70
3,20,43
18,58
59,89
40,48
36,85,97
26,44
11,97
36,86
50,83
35,76
53,69,89
23,45
76,98
3,25,95
10,26,100
30,55
3,55
18,38
81,95
59,84,86
18,32,72
30,87
25,53,63
4,69
3,24,37
22,74
3,60,80
23,44,65
43,55,66
76,100
12,40
27,42,45
6,77,85
12,90
3,7
1,11
66,91
15,28,75
41,92
27,44,54
33,81
23,49,83
45,94
7,56
4,68
88,89
18,26
88,96
25,76
38,99
44,73
5,89
24,81
12,84
38,55,61
33,58,67
32,35,43
56,68
73,97
47,58
16,43,82
27,71,100
56,78
7,68
22,80,94
55,63,66
89,98
98,100
7,47
28,68,91
50,72
3,28,82
6,57
27,92
61,63
5,84
3,73
27,32
93,97
23,56
59,84
35,76,96
29,35
10,53
24,45,60
4,20,91
42,50
23,42,92
31,33,76
81,90
17,24,76
38,52,63
74,96
60,63
8,23
48,90
9,13,57
15,59
31,43
46,72,99
11,62
9,84
13,64
12,34
62,95
61,75
70,74
16,28
53,55
13,94
19,29
46,68,75
63,82
16,24,98
4,12,69
18,85
19,44
14,86
8,89
75,90
74,91
15,86
35,43
50,83
17,86
32,39
6,29,82
18,92
1,21,97
36,95
26,58
25,67,76
28,88
57,84
49,72
21,38,86
18,63
21,33,76
5,45
1,27
7,28
56,70
51,82,97
91,93
20,62,73
30,50,58
10,81
39,58
74,93
35,47,54
15,28
28,68,85
9,87
28,93
8,97
14,20
21,85
16,75
23,58
11,45,49
6,37,60
5,41,90
64,99
18,42
37,64
20,24
18,87
13,58,69
12,14
8,15,89
53,77
4,91
6,62
43,76,97
29,87
50,93
21,99
12,68
20,47
19,63,100
64,73
32,72,77
28,47,75
48,94
58,61,77
5,19
26,91,93
20,95,100
68,94,97
19,35,80
11,29,76
36,98
41,51
49,61,71
1,69,80
70,76
2,49,52
78,84
14,28
34,69,99
17,96
55,79
10,38,71
21,68
22,38,43
52,62,81
57,88
46,49
6,81
5,73
4,61
3,47,77
60,70
34,93
5,32,63
41,78
13,66,70
17,56
22,58
59,69
25,29
3,66
56,89
42,92
74,89
13,42
35,47,89
21,35
4,15,81
3,27
46,68,83
94,99
56,89
23,58
13,21
80,97
9,22,39
23,44,87
9,54
23,92
90,93
5,26
32,77
57,80
45,94
23,39,50
3,5
11,48
50,58
44,94
19,58
50,80
33,63
16,24
1,51
16,78
8,48,70
18,49,72
49,64
25,67
33,68,95
8,82
4,46,70
33,85
60,62
32,61
33,53
15,62,82
4,15,57
75,88,96
4,34
31,52
8,9,84
16,52
9,18,77
28,91
26,56
39,45,54
39,78
48,64,91
84,91,95
66,76
49,75,97
27,54,87
14,26
2,7
30,36
36,69,80
66,82
5,74
52,53
12,15
37,61,71
24,60,73
1,29
1,17,99
26,79
28,64,96
8,84,99
3,44
31,38,60
9,68
13,30
27,58,64
27,49
16,82
54,61
82,95,97
5,19,24
35,100
26,39
64,85,91
37,59
5,14
81,84
18,39,42
23,58,87
84,93
49,79,94
30,32
43,60
40,99
14,61
4,5,89
6,25
7,86,88
12,47
23,26,32
42,44,65
35,72
11,38,43
61,66
19,66
35,94
37,60
22,92
70,100
8,70
35,38
9,61
13,23,58
10,12
34,86
63,71
32,94
79,97
48,59
3,17
67,78
32,94
61,75,80
30,44
14,93
85,89
58,98
7,75
68,99
40,78,86
36,45
21,67
17,96
82,83
5,92
20,75
8,74
6,78
74,77
11,24,82
9,72
2,19,33
46,56,66
49,87
8,15
11,21,73
24,37
74,88,93
63,76
23,44,77
22,76,78
13,45,49
90,100
5,56,86
57,75,93
1,43,81
35,82
55,99
57,74
68,98
41,46
3,81
69,91
8,40
41,88
9,41
60,66
15,33
66,71
51,80
11,60,100
35,59
52,60,66
75,91
19,36,55
66,86
12,20,91
26,50,87
17,42,58
9,44
11,16
97,100
18,45
77,92
18,45,77
27,77
2,81
43,55
73,98
17,24
36,70
35,56
44,54,83
39,61,94
40,73
8,99
49,87
5,79
7,99
65,67
38,44
26,71
52,56
32,89
22,87,94
31,32
32,54
44,58
31,84
69,93
64,76
35,75
12,27
47,89
37,62
73,98
31,66
14,29,60
44,87
38,95,98
