47,72,84
34,66
8,31
16,82,86
22,41
36,92
77,95
1,11
18,51,65
74,89
32,77
16,49
25,63
36,59
36,72,79
3,81
42,84,96
17,51,80
24,86
25,83,96
67,84
33,68
8,57
75,97
88,96
13,65
22,33
10,50
8,41,54
6,12
44,55,73
18,25
70,93
22,79
25,65,100
22,76,93
57,94
44,52,94
21,23,30
16,47,82
35,42
4,9,51
28,80
47,63
49,90
36,46
6,78,90
13,20
21,65
1,46,68
88,93
19,29
6,54
32,81
49,50
20,33,80
30,51
11,17
8,53,94
33,71,72
9,29,32
33,39
9,35
18,78
15,24
35,44,97
17,27
30,32,38
52,73
3,25,77
22,69
20,94
3,40,83
9,94
38,63
34,99
23,55,81
7,14,27
30,87
74,81
70,72,95
83,99
4,25,95
72,82
58,86
52,56,73
25,79
61,77
41,52,64
71,85
14,15
19,67,84
45,54,76
6,85
33,92
70,80
42,59
15,82
28,51
62,80
84,92
35,73
21,58,83
3,28
19,81
77,100
52,90
47,92
6,84
5,93
12,76
13,67,78
83,98
7,88
47,72
19,83
33,78
79,98
25,28,32
5,45,93
36,79
9,65
44,93
45,56
72,92,98
13,59
81,82
11,75
15,100
47,78
48,90
68,89
4,58,65
11,37,65
2,34
43,76
3,19,65
22,23,87
58,92
67,82,96
55,58
31,42
38,61
45,52
18,58,69
19,21,65
17,49,93
23,77
17,80,96
10,81
29,52
26,68
9,30
27,33,70
10,56
14,82
18,37,91
18,98
19,85
8,10
54,60
54,73,85
34,42
4,58,65
26,32
44,57,60
1,7
2,37,98
44,49
7,31
7,47
50,87
38,92
22,81
4,22,30
4,69
44,52,76
12,57
1,71
40,47
51,61,87
13,42
29,39
6,42,63
23,30,56
15,16,31
49,92
68,71,84
77,88
8,34,91
41,99
14,42,95
66,82,91
8,50
32,56
16,35
4,78
64,73,99
3,38
17,82,96
29,89
52,70
36,51,56
72,86
22,32
18,29,38
10,45,53
10,91,94
32,77
36,72,99
64,86
37,70,84
30,63
9,24
23,26
25,88
8,89
21,79,81
8,64,76
31,61
12,61
20,36,37
37,63
21,51,58
3,22
12,50
4,96
26,58
90,95
45,90
30,93
15,70
15,88
29,58,63
44,50
55,83
8,97
1,11
4,9,30
24,26
18,58,100
19,22
71,78
62,89
26,61,69
13,37
11,23
44,94
15,61,68
26,48
59,87
52,99
44,85
35,61,76
33,84,90
43,52
25,28
53,63,70
58,82
13,78
26,45
80,98
39,60,96
38,45
54,93
47,88
59,79
73,76,90
62,82
17,81
14,46
79,81
6,62
44,85
2,39,82
45,64
41,48,64
8,81
22,34
4,28
8,62
75,76
38,91
4,61,83
12,79
77,83
43,95
29,63
43,68
17,22
13,96
67,80
5,12,91
15,33,46
45,50
64,76
57,89
38,40
15,79
18,55
25,73,88
38,44,57
5,64
51,77,100
48,75
10,13,24
62,78
13,17,41
5,35,99
61,84
49,54,99
27,42,49
21,84
1,51
30,51
45,75
31,67
16,26,79
13,37
34,49,53
63,97
2,58,84
6,88
12,42
16,56
17,26
30,48
2,74,88
95,98,99
4,41
59,66,81
19,26,65
4,12,95
55,83,90
3,30,55
18,30
39,80,98
54,59,85
24,43
41,49,64
8,94,99
61,66
66,83,87
12,93
88,96
20,36
49,76,90
9,77
38,40,100
2,20
42,72,86
12,57,75
42,75
39,56,91
42,44
81,94
10,74,78
5,28
8,47,58
16,51,70
14,27,46
29,79
15,47,60
57,73
59,78
44,70
93,94
10,52
23,25,70
31,37,86
40,55
13,18,82
15,98
34,45
19,31
53,64
34,73,75
45,48
80,82
19,53,85
68,96
16,80
9,38,79
7,72,86
1,4,93
50,68
5,90
44,67,71
29,35
60,68
17,83
33,36
32,83,87
58,76
27,47,98
23,62,100
74,76
25,79
18,53
11,19,93
22,60
28,63
26,65
9,11
27,67,80
43,92
34,53,59
48,73
28,58
17,67,95
68,96
7,44,80
11,32
52,91,98
32,40
74,78
13,46
52,55,64
43,67
26,100
32,61,87
2,71
45,76,91
19,28
39,46,74
5,9
23,26
26,91,95
19,54
2,74
41,48
4,19,87
30,83
35,57,90
4,41,42
13,81
59,72
28,58
1,67
74,96
33,51,61
29,79,83
25,43
45,59
22,52
21,28,67
5,34,35
58,100
24,58
8,10
47,87
31,33,80
28,40
45,67,82
13,43
30,61
9,28,51
3,8,78
73,85
3,32,66
31,79
35,50,52
27,57
8,72
34,42
16,79
74,100
7,87
34,74,97
54,56,94
27,50,52
2,60
43,72
77,84,95
18,22,81
5,90
11,43
55,87
47,66
6,48,57
23,79
60,63
8,68,96
45,54
21,66,73
3,63
14,42,80
1,19,20
5,44,76
45,87
55,71
19,61
13,23
43,97
44,76
26,81
58,61,81
4,70,77
30,76
34,45
4,24,40
48,84
14,42
43,73
16,31,68
58,67
75,91
24,29,32
11,31
18,45
29,100
23,83
8,48
5,99
5,41,94
13,37
54,91
61,69
28,37
32,36,97
19,57
18,83
70,82,99
60,70
9,52
8,48,50
19,28,55
23,58
12,35
62,71,89
48,55
29,94
31,67
36,53
51,57
58,79
15,56
51,63
8,50,52
15,73
20,86
47,60,84
14,42
10,81
6,12
13,31
22,77,83
3,9
30,32,38
84,92
45,48,62
62,74,82
86,96
59,90,99
27,60,96
33,74
33,39
4,21
32,42,96
12,90
8,50
12,35
2,39
14,71
22,42
49,66
11,60
22,87
28,80
87,88
75,85
19,87
9,32
49,54
10,76
