7,43
13,38
5,32,49
9,50
20,47
27,35
15,24,34
2,46
25,46
1,29
39,44
5,8
21,49
21,25
28,38
6,8
18,38
19,47
26,38
10,20
23,38
1,20,34
16,21,24
18,27,39
19,20,45
6,23,36
24,50
17,34
28,29
17,47
35,41
28,29
5,49
11,41
7,38
6,32,43
17,28
22,41
11,29
26,42
3,15
33,44
34,50
15,17,21
11,12,35
38,48
27,49
28,49,50
5,35
6,27
5,23,44
1,32,42
4,32,36
11,13
41,46
34,44
32,49
23,26
3,34
4,39,49
15,18,32
13,48
38,48
2,8
15,34,41
23,45,50
23,31
13,38
11,26
8,47
6,50
8,42
3,21
14,15,48
2,4
6,40
7,12
7,12
13,18
19,30
20,40,46
37,46
29,32
33,48
11,12,38
19,25
26,38
1,3
21,36
7,35,48
13,48
3,16
27,39,50
31,40
17,22
13,26
2,6,49
46,49
5,40
43,47
11,35
24,25
1,17,46
19,20,24
21,41
5,25
11,28
10,34
19,22,47
29,49
2,30
8,38
27,48
21,37,50
18,35,44
7,35
34,43
29,49
4,9
13,19
10,19,41
14,33
17,22,43
36,40
9,30,37
9,23,40
17,24,42
30,45
4,44
12,20,35
37,48
16,24
14,45
39,48
11,37
43,46
2,12,40
9,44
8,16
43,49
1,14
33,38
7,28,37
14,41
20,22
7,13,26
31,40
12,18,22
16,34,47
11,33
11,12
29,36,50
1,21
20,40
8,49
23,44,49
10,16
30,37
25,32
2,6
9,49
13,23,45
2,8,31
16,19
21,28
7,13
27,29,43
11,28,48
5,15
36,40
7,34,41
17,41
10,17,34
27,32,46
11,13
1,17,47
5,49
7,11,38
10,47
15,34
21,25
33,38,48
13,26,38
15,21
9,19,47
16,17,41
1,8,13
29,39,43
10,16
14,31
26,31
6,9
18,34
17,20
35,48
15,21,22
24,41
6,37
38,48
15,20
4,5
11,23,41
8,20,27
4,38
7,26,38
29,43
17,43
7,11
5,22,46
11,47
27,46
20,25
27,48
2,5
12,35
4,44
17,22
13,28
36,40
5,18,31
26,33
21,40
22,24,25
6,45
24,34
39,49
14,20,33
4,32,50
5,18
24,33
18,31
4,42
14,30
29,39
7,21,36
2,35
19,36
15,16,30
9,27
28,38
22,45
24,35
4,9,18
29,43
5,31,33
15,30,42
30,34
14,16
9,11,44
20,21,32
1,25
1,40
7,33
12,37
11,40
15,35
32,50
5,50
33,35,37
35,42
11,26
11,23,25
2,4
12,47
15,20
4,18
6,22,48
28,38
12,23
30,41
9,36
25,48
20,50
34,41
3,16,17
30,50
19,20
16,22,44
13,35
19,41,47
6,17,30
18,32
7,26,33
