11,32,42
9,46
3,11
9,16
43,50
4,38,40
20,27,37
34,44
12,19
2,11,34
22,39
19,32
1,30
10,39
39,49
28,45
11,44
5,17,31
5,23,43
30,37,48
26,43
11,12,32
11,42,47
33,50
20,39
32,49
2,32,44
5,17
41,48
40,49
33,41
8,28
16,35
19,34
18,21
7,35
11,40
13,18,30
17,23,45
5,10,28
17,23,31
17,23
1,13
13,41
11,20
26,33
29,33
2,44
11,46
11,34
28,35
23,42
9,14,27
12,40
1,16,37
22,35
7,35
3,30,41
26,38
1,35
36,41,44
19,40,46
9,37
33,45
17,31
7,20
8,30
2,12
8,28,29
28,33
5,41
9,10,42
26,47
1,20,22
5,34
17,43
14,39
20,30
1,49
13,37
5,43
7,16
4,44
27,50
13,14,27
40,47
36,37
25,34,40
4,10,11
8,35
3,5
1,16
19,32,36
26,50
17,22,38
20,22,48
2,25
24,39
5,17,28
8,17
23,31
2,11,44
17,38
1,9,18
38,43,49
28,29
5,26,38
19,40
10,26,33
21,42
22,40
31,50
17,24
36,47
10,31,43
7,10,33
12,47
13,33
11,19,47
5,45
16,41
29,40
1,48
23,43
32,44
21,38
11,19
25,46
22,40
12,25
18,24,48
13,15,17
1,27
32,36,49
20,35
4,24,42
9,21
8,22
2,46
22,46
8,41
4,23
36,42
17,28
25,35
3,13
27,30
18,24,48
23,31
10,26
23,28
25,36
17,19
8,29
28,50
9,20,35
10,33
22,30,47
16,35
11,12,32
22,37
15,33
2,34,44
6,44
5,50
22,35,37
20,35
27,28
3,9,35
36,50
2,25,42
15,23,29
20,35
18,27,37
28,47
11,25,49
5,18
36,44
12,34
37,42
1,37,39
29,34
24,35
30,41,48
11,46
12,19
3,16,27
6,42,49
22,48
42,47
6,32,44
25,39
1,36
11,12
30,45
4,7
7,17,29
2,7
6,48
34,36
9,39
25,47
11,34,40
6,19,44
25,32,46
18,19,34
15,24
17,23,45
9,14,24
9,40
3,22
46,49
8,38,49
12,36,47
33,43
46,49
32,40
28,35,41
10,26
40,50
6,34
5,23
31,45
42,49
32,40
43,44
28,31,33
8,34
12,34,44
17,28
21,30,48
15,19
11,25
18,48
32,36,44
26,45,50
7,20,22
8,33,36
21,26,41
28,50
6,25
23,29,45
20,43
12,40
16,37
23,26
10,13,27
15,28,29
19,34,42
3,16,20
6,9,36
3,9,48
13,32
17,23
29,33
14,16,29
28,50
16,39
10,17,26
10,23
6,7
4,37,46
5,41
1,47
2,46,47
11,36
18,30
1,16,48
25,36
11,32,36
3,38
28,44
29,50
34,36
7,10
23,26
9,14,41
8,10
35,36,39
4,23,31
33,38
10,11
15,29
