22,40
7,40
15,47
6,43
6,35
33,36
8,16
19,21
21,26,35
12,18
28,32
25,36
4,13,42
10,46
2,35
21,46
29,42
23,43,49
26,40
31,47
4,7,50
40,45
3,14,47
18,41
30,45
5,50
6,19,21
2,4
1,31
27,37
24,36,39
2,6,33
10,22
23,41
6,26,34
5,9
4,28
20,44
18,49
26,33
10,21
11,42,44
9,30
29,42
42,44
6,21
20,36
4,44
26,33,46
41,46
11,20,50
31,37,47
20,46
38,46
1,30
27,32
1,17
30,42,48
11,29,34
27,41
42,45
30,45
42,50
15,37
22,34
33,40
42,44
42,50
20,44
16,34
31,47
11,35,40
9,15,23
30,37
48,49
12,32,41
2,21,40
1,29
9,48
35,36
2,3
20,32,42
8,14
34,39
11,13
2,46
1,33
10,16,46
12,19
28,37
34,38
16,30
2,16
11,38,44
1,12,25
16,22
30,48
4,17
31,45
20,30
4,45,49
12,15
5,23
13,50
6,34
16,42
3,36,47
5,9,48
17,32,47
6,21,46
25,41
12,28
6,29,40
4,42
28,43
18,37,39
2,38
12,31
25,39
39,41
30,48
18,21
2,26
2,34
14,24
18,29
18,47
4,36
38,41
19,26
3,14,24
4,13,50
44,47
19,32
5,30
3,25
33,45,48
25,39
4,9
3,15,27
41,47
10,26
9,20,44
7,20,21
23,36,43
31,47
1,15,17
18,39
7,35,46
14,17
13,33,42
13,22,34
10,34,38
42,45,50
30,44
17,39
2,8,35
9,29
16,19
26,30,47
42,49
7,33
1,24,31
13,41
4,47
13,30
10,20,35
12,17,34
8,38
7,44
6,47
31,48
6,29
5,45,50
8,19,43
23,44,45
33,40
29,38
9,15,23
24,28,32
24,44
23,46
11,43
12,19,34
9,44
11,42
1,35,47
32,34
37,39
10,26
22,26
9,23
38,43
28,41
10,19
9,11,23
41,46
7,17,26
10,12,33
7,16,40
7,29
3,36
9,19
7,31
18,44,46
7,23
4,21,24
25,37
8,30
15,39
3,24
14,24,29
14,31
31,43
31,37
20,34
36,37,39
9,26
22,36,48
36,42
4,30,42
12,14,16
25,44
15,25,41
27,32,41
14,28,39
12,36,39
32,39
14,36
49,50
29,34
25,28
21,26
6,48
20,30,45
23,41
25,31
13,45
19,29
42,44
17,18,31
11,32
16,22
9,20,34
19,20,29
1,16
17,32
15,37
22,32,35
33,43
5,13
4,20,48
2,43,46
35,39,44
4,45
13,15
29,32
4,48
2,35,39
17,33,41
9,28,40
13,45
9,20,50
15,27,37
27,29
2,43
15,39
11,47
8,25
16,28,40
19,46
10,17
20,43
12,13
5,24
24,39
7,21
5,11,44
14,15
16,40
1,39
27,31
6,21
