4,337
217,266
378,393
124,367,463
397,446
65,125
187,263,332
160,492
294,321,380
202,358,434
126,170
408,420
79,116,387
95,479
101,252,276
154,384
107,340,368
42,101
184,269
314,442
323,489
131,429
33,197
177,207
66,500
58,84,385
207,446
241,481
93,166,396
13,167,484
134,435
78,227
128,281
3,159,465
141,228,342
1,395
23,97
52,329,391
147,214
93,155,488
288,349,477
205,276
86,252,419
311,364
46,415
225,406
205,280,377
178,201,337
114,329
228,350
191,441
340,461
20,402
15,431
61,115
6,116
433,495
78,375
350,397
40,46,428
301,361
58,422
150,291
47,284
32,108,366
20,306
336,374
349,350
42,200
12,363,437
221,231
145,449
355,418
79,336,428
106,329
400,404
111,273
15,94
231,274
38,446
118,334,381
76,110
348,455,482
149,416,463
28,54,154
79,468
83,439
176,440
98,296,440
236,357
355,389
13,383
319,372
285,343,479
292,355,491
102,194,487
141,273,391
214,237
4,416
171,200,455
121,228,373
163,325
63,96
386,414
98,181
46,53
223,380,418
113,134
49,455
357,358
177,290,317
460,462
63,378
2,371
187,207
183,312
243,410
103,319,447
73,337
257,365
29,162,378
49,73
84,314
25,355
135,381
219,308
132,294
113,478
218,375,450
142,174
157,330,337
101,256
8,88,269
10,240,264
35,376,426
205,282,383
176,377
63,487
23,97,307
99,278,285
225,330
134,172,370
5,351
105,122
222,289,391
34,278
179,239,376
20,63
10,295
108,257,316
88,138,391
64,171
314,333,438
27,228
103,229
149,245
12,362,432
138,340
69,159,491
152,228,340
129,160,409
184,365
265,406
299,436
43,148,406
159,418,423
22,374
86,227
228,346
142,481
200,306
150,422
74,87,204
16,45
289,382
16,50
128,338,494
71,154
170,273
273,308
135,366
128,308
141,442,484
161,198,201
148,166,489
367,377
270,417
194,312,369
212,234
30,168,300
198,224,236
128,227,499
204,463
73,296
68,139,409
38,478
250,305,482
366,410
78,137,172
252,406
70,487
8,61
46,250,281
284,285
187,202,345
264,495
411,418
359,486
122,235
38,202
459,482
326,432
100,456,483
115,477
78,130
58,261,447
108,229,367
12,28
44,61
297,366
108,279
155,408
215,426
99,378
404,470
169,234,359
147,469,482
19,184,487
102,121
235,409
158,479
44,98
47,140
219,493
407,446
50,179
131,459
37,305,400
73,270
311,419
401,436
96,254
81,118
350,421
348,399
34,398
94,471
99,237
348,451
8,434
166,210,211
21,183
77,181,407
95,370
64,364
101,353
71,227,369
267,459
66,72
38,88,126
65,380
19,140,178
247,289,321
34,242,286
43,89,424
80,173,336
85,104,118
331,344,414
204,209,491
167,331
25,489
212,439
294,296,349
13,27
81,270,337
196,364
285,298,412
150,152
252,304,349
216,305
422,426
333,479
28,111
129,156,481
63,380
28,128
10,78,486
226,230,319
299,441
28,404
71,413,456
81,92,208
232,416
161,319
127,467
25,33
52,216
39,282
34,127,402
30,57
79,254,455
80,347
2,401
56,102
53,310
140,411,487
47,132,156
29,37
53,245
320,427
93,131,443
73,310
273,462
123,410,450
34,412
124,251
99,235,496
34,273
30,262
44,264,396
243,265,422
199,350
58,275
158,218,468
373,477
239,434
369,424
177,279
157,290,451
87,280
24,65
120,240
156,360
15,23,176
133,217,475
154,276,374
104,227,421
154,201,434
85,132
393,486
26,114
69,129
221,278,441
89,140,151
102,165
127,485
236,299
49,313,449
384,490
188,240
11,78,375
292,394
122,156
96,235,459
285,314
260,410
66,326
173,202,417
161,280
204,477
138,422
84,313,495
217,255
112,148
71,421
34,131
55,175
118,364
449,468
273,446
308,398
257,432
212,295,473
230,292,490
149,223
91,96
154,369
358,460
84,435
260,392
33,88
279,477
357,452
165,259
190,243
308,395
57,316
380,412
358,424
23,69
193,340
262,369,372
98,121
446,449
107,185,400
182,410
162,375
53,270
421,468
171,301
51,59
55,150,170
264,478
122,405
232,398
67,388
248,436
81,157
156,405,469
94,359,450
36,415,454
34,370
368,438
13,52
93,116,269
87,474
358,493
12,121,205
28,448
78,285
73,288,316
22,111
162,463
179,236
299,434
186,224,397
28,106,329
258,330
260,437
316,433
46,251
14,193
44,356
465,484,492
448,449
87,131
141,255
51,394
202,230,500
319,433
202,308,347
39,382,410
30,205
204,304,428
154,202
144,230
161,295
62,134
87,258,379
263,447
129,189,482
14,321
11,72,300
46,434
16,53
173,464,496
195,261
433,493
425,451
144,381
79,92
400,444
138,278
25,95,102
78,378
185,268,290
302,487
58,174,350
99,345
421,485
24,44
145,319,498
74,366
319,336,487
200,264
209,259
235,285,305
248,453
212,250
81,125
346,469
73,156
131,326
119,481
180,192
348,394
40,302
68,366
246,310
11,321,364
321,399
105,224,498
279,326
135,495
75,254
58,82
59,408
63,188
321,464
29,415
67,170
177,202
130,456
3,144
109,362
53,200
486,489,499
204,262
130,458,478
46,488
158,273
75,226,251
1,188
27,180,433
60,348,399
164,475
41,92,268
115,456
223,459,483
142,339
68,105,418
131,175
322,417
44,86,427
79,173,330
265,457,497
75,144
12,279
221,431
2,105,353
32,141,361
1,22
84,421
107,241
104,381
227,468
146,214
149,277,431
160,205
68,108
241,350
134,183
199,377,421
368,419,443
238,349
267,312
192,322,482
311,376
227,493
307,323,431
84,397
12,471
258,375
77,143
40,65,156
109,142
34,189
40,96
123,486
248,351
239,434
20,432
117,391
23,255
250,424
27,241
6,410
111,304
105,405
63,408
276,342,343
202,211
200,256,386
112,387
88,466
234,327
56,63,416
287,323
90,189
224,317,385
100,335
290,382
71,108
24,441
355,461
320,388
107,209
51,136
288,406,424
46,128,312
352,402
257,424
141,360
317,497
384,416
49,94,124
34,259
286,367
130,243
182,443,444
30,66,472
250,268
86,342,407
1,253,434
158,333
172,411
173,271,287
58,232,249
198,398
371,440
257,397
97,489
10,206
179,427
189,234
222,271
159,277
311,374
104,394
316,399
266,442
72,132
93,135
81,218
54,352,492
243,391
90,163,178
113,330
32,448,497
324,366
373,467
363,392
47,364
126,314,428
132,312
253,446
31,57
30,148,226
46,298,405
52,244
119,292
10,191
99,330
23,204,329
8,264,420
143,155,261
133,297,303
225,481
143,309
118,122
2,158,196
273,309,345
48,74,170
144,164
338,356
311,315,378
218,239,391
4,225
300,381
208,434
330,372
13,334,384
122,326
68,165
3,299,467
243,456
164,215
110,402
137,194
333,362
23,426
13,261,418
438,492
86,145,153
74,100
174,244
100,328
122,173,295
189,464
142,416
125,486
326,367
106,111
114,225,456
190,464,469
169,290
48,224
187,325
42,189
88,365
397,411
130,234
121,373
106,410
420,474,497
338,412
201,407,430
148,155
394,484
253,397
54,301
3,213,232
19,154,263
54,69
158,293
363,437
4,428
204,427
157,315,455
88,89
32,42
108,383
102,369,372
30,175
98,193,308
106,324,456
33,263
1,325
25,377
67,297
7,295,301
41,147
58,375
46,52,267
11,233
36,68,148
82,273
291,340,463
234,453
36,267
23,296,335
147,160,182
323,376
201,494
150,275,344
205,338
411,434
361,440
76,121
132,264
316,434
118,271
4,106,226
392,484
132,195,264
354,427
128,284,338
52,437
145,246
168,357
39,262
293,379
146,369,400
228,499
63,239
32,69
33,235,445
114,137,480
252,295
128,142
126,492
258,259,339
13,408
73,439
453,459
113,153,225
196,428
119,403,434
159,420,461
152,244,429
76,155,461
206,400
68,238,395
174,216
54,216,478
196,276
83,137
17,280
315,446
159,366,390
21,277,346
50,399
33,88,215
77,348
89,136
148,388,423
175,202,309
138,325
157,281
214,235
362,421,489
87,314
117,179,447
243,263,368
122,250,311
158,392
135,279
102,178,420
136,261
63,498
61,78
167,215,468
57,140
243,252
188,193
202,327
138,332
183,272
31,115
208,483
162,306
31,459
271,413
81,395
252,292
203,312,453
161,208
206,498
17,177
19,33,231
217,274,424
251,301,479
68,213
107,263
235,264
8,25,424
157,173
285,341,486
220,283
40,216
273,495
32,67
6,138,492
8,138,277
71,283
68,106
423,446,478
130,308,367
98,379
82,105,456
177,476
80,136
15,126
151,376
124,247
141,197
2,375
24,313
50,338,496
119,490
229,331,480
184,308
25,237
306,484
130,229
51,62
224,301
38,368
98,389,436
45,299
90,198,457
82,279
428,483
99,163,213
93,145,170
42,259
17,57
233,388
232,409
316,339
327,393,488
14,92,240
26,74
64,135
165,391
87,276
191,246
246,500
61,384
162,195
39,463
52,367
211,321
153,217,284
136,415,468
112,121
197,204
231,491
119,414
248,390
5,229
73,81
261,340
24,183
23,169
96,475,486
196,265
57,217
331,479,495
64,272
100,479
9,416
222,344
109,198
236,416
53,266,457
183,426
198,402
183,454
365,377
318,469
307,403,467
265,283
136,381
80,177
188,337
73,77,295
32,48,395
128,378
247,418
103,270,351
158,485
213,474
207,323,345
34,120
54,187
41,131
84,183,210
272,382,475
133,301
202,347
27,470
303,409
73,116
32,483
17,363,466
200,458
249,391,462
478,497
186,407
89,209
273,335
265,428
31,34
211,361
312,375
323,497
235,334
191,340
94,196
28,126,218
37,116,295
353,358
90,183
230,370,480
57,472
365,438
16,364,454
296,297
177,373
285,351
77,289,457
26,96
312,417
270,282
222,260
53,113,464
195,279
48,187
200,205
118,337,375
277,305,473
47,425
34,203,218
431,460
87,283
290,300
479,491
114,145
51,357
278,327
36,104
134,417,435
83,218
220,412
258,325,404
69,103
369,401,446
270,285,412
89,476
116,388,420
96,325
285,406
171,342
123,242
22,165,206
62,485
241,338
75,435
87,273,361
250,321,348
216,371
162,275,308
123,335
294,496
60,402
46,457
205,350,420
356,377
5,182
275,324
1,170
279,466
95,103
359,391
42,408
185,277
114,366
333,342
414,493
378,427,453
140,242
331,339,403
307,317
252,389
327,371
39,122
182,469
36,364,425
223,243
127,376
108,378
97,121
303,341
282,365
308,357,383
391,416
76,339,354
189,411
99,164
61,263,490
118,208,267
85,229,488
29,161,182
122,488
277,390
56,277
73,99,124
454,471
74,320
165,448
145,397,407
433,476
61,458
14,227,294
67,402
149,390
270,455
44,267,321
47,233,457
23,158,362
320,483
236,353
134,173
208,366,471
11,46,375
50,162
258,359
87,108,497
141,329
258,307,316
48,61
73,448
20,111
89,442
134,413
71,188
79,104,471
291,427
36,220,486
22,199,318
273,407
136,257
103,258
30,220
286,317
139,327
20,239
66,89,418
36,396
132,350
182,462
198,481
176,296
295,320,427
157,178
398,478
236,291
260,392
57,85
69,126,141
86,319
229,475
335,426
29,287
145,313
220,464
99,408
96,128,287
28,53,391
2,135
41,391,430
130,135,308
135,355
45,426
69,116,332
189,498
304,438
99,287,295
7,11
59,95,148
303,371
58,275
222,416
232,263
161,454
145,174
220,378
143,394
10,99
168,486
148,159
431,470
153,255,358
273,297,400
129,344,385
51,463
344,383
230,366
263,417
120,289
63,79,85
167,309
286,449,453
133,342
60,64,72
325,487
49,157
14,111,316
62,295
199,244,477
295,478
136,369,449
48,483
279,495
128,153
35,78,250
12,106,198
243,498
82,176
282,401
96,205,282
33,166,368
14,312
27,381,423
13,69
317,328
58,64
28,93,193
16,248
79,202
261,351,374
206,396
56,402,492
24,49,104
340,455
17,95
237,368,384
194,403,429
89,466
90,238,361
39,192
40,334
279,289,325
189,215,220
220,405
146,470
10,109
53,156,435
341,482
198,352
47,234
131,415
102,470
33,44
236,286
338,359
137,180
236,462
337,397,463
128,151,175
178,353
257,386
354,436
144,441
289,329
103,110
32,236
171,239
255,325
111,291
388,460
113,124
86,161,411
203,253
26,196
354,401
162,248,300
6,258
121,260,289
298,374
10,208,264
87,238
86,276
195,389,490
296,324
38,251
296,473
9,320
268,448
108,159,488
146,263
412,461
328,428
345,485
202,355,406
266,459
263,480
149,159,200
247,454
314,455
54,110,434
380,426
186,301
434,447
133,222
37,425
32,285
68,275
20,244,491
7,425
151,163,310
99,444
65,268,473
50,159
55,91
143,499
113,182
46,389
8,89,500
108,177
283,298
211,489
377,400
122,267,341
457,464
164,276
285,468
154,424,465
138,305
191,240
67,124
397,492
436,487
271,348
313,409
240,346
170,495
123,220,346
181,275
69,168
91,111,145
70,165
161,257
257,467
256,348
194,485
181,262
327,459,473
195,484
167,402
169,464
66,210
279,425
24,280
316,393
56,322,477
85,250
230,237
60,291,342
114,236
97,120,149
119,121,165
49,82,259
111,398
140,389
164,303
174,405
258,417
12,88
147,201
17,185
31,137,167
296,422,497
11,425
31,43,117
195,399
82,225,391
190,237,325
45,481
260,283,468
85,417
118,149,154
35,247,484
199,339,353
405,464
72,93,398
112,162,407
124,210,445
154,236
54,155,184
157,425
17,50
272,357
94,181
5,476
120,439
14,345
81,378
25,122,305
234,460,495
139,344,474
182,485
37,328
140,148,448
86,192,447
108,378
321,422
143,408
185,422
228,239,249
263,491
163,267,475
60,232,303
19,125,346
82,174,474
195,482
62,171
42,114,218
226,423
4,276,295
95,161
38,164
143,208
114,338
228,347,398
113,195,475
100,433
284,463
429,490
160,364
50,408
335,408
431,499
26,385
229,263
330,446
46,141,222
143,493
175,218
70,126,292
44,87,244
170,195
177,237
309,386
227,239
240,292,408
43,389
180,354
41,258
216,412
36,383,484
383,401,498
328,401
346,498
265,393
164,206,397
13,18,59
405,407
369,421
59,154,500
85,267
72,91
164,330,393
28,108,317
54,89
92,123
180,442
98,106,218
17,54,155
79,484
160,202
149,257
163,413
287,471
6,31
136,293,424
298,478
95,229,252
6,149,404
102,365
231,441
163,265,446
91,238,448
74,108
293,438
415,445
224,330
203,417
246,479
237,493
120,166,436
58,215
32,360
100,306
292,330
197,379
131,171
129,291
20,48,409
34,95,168
23,131
298,327,376
25,489
71,500
255,277,468
247,294,469
246,454
278,407
11,208,439
81,356,397
20,166
100,363
68,379
36,53
308,368
130,441
51,255
52,392
425,491
221,300,356
268,490
396,417
116,472
317,417
214,382
313,359,428
15,430
1,286
61,446
196,377
103,301,370
5,156
76,138,292
35,168
295,298
392,491
220,341
26,218,225
165,345
1,60,466
239,243,421
171,189
124,167
1,92,285
223,277
43,202,433
329,422
157,316
36,330
394,494
311,343,408
98,109
141,324
194,463
53,233,295
60,344,379
409,441
179,199,349
112,122
243,289,383
166,410
95,160,177
81,112,183
370,450,458
90,204
247,292
57,481
195,252
243,244,338
426,457
26,58,67
21,221
1,382
94,134
141,478
46,270,412
124,274,438
133,495
71,102,166
43,180,210
468,478
148,187,273
123,338
174,495
343,418
420,451
18,257,276
5,332,434
248,488
329,438
64,232
391,477
230,311
193,454
270,356
36,71
25,182,184
350,379
154,288,357
199,289
317,418
271,446
6,49
205,473
112,183,235
1,39
3,187
53,442
10,120
154,370,500
107,368,386
98,291
38,341
59,252
196,303,361
229,452
103,302,393
172,311
399,455
111,375
3,460
21,449,481
11,135
178,355
25,28
151,153,458
141,196,286
191,250
36,321
154,403
127,483
188,254
11,327
129,486
74,136
281,416
143,308
243,288
86,103
9,249,322
81,148,482
232,388
169,218
114,379
137,368
227,406
170,356
213,385
95,205
9,214
273,349
96,399,453
196,366,438
102,224
375,427
11,183,267
172,202,449
242,430
30,44,447
141,198
90,409
212,330
97,480,493
174,457
25,89,451
333,471
338,414
157,341
126,383
8,54,106
449,480
337,378
13,355,401
64,290
120,434
258,478
137,329
15,197
27,66,351
152,212
270,378
223,362
49,171
138,472
108,419,440
46,438
59,404
120,159
89,351
124,425
138,463
17,210,255
218,362
303,465
40,45,247
139,174,377
122,194,267
452,455,469
374,447
85,163,494
77,121
283,449
80,152
189,290
8,61
214,424
126,406
374,385
340,436
218,377
86,393
279,426
237,344
268,471,486
92,445
52,117,237
114,313,409
68,72,392
34,59
342,360
160,167,444
15,320,367
7,46
137,273
48,108
148,393,405
94,407,439
223,231
121,225,335
133,466
110,236,338
36,296
392,434
266,340
6,35,145
234,305,425
118,346
105,296
48,476
49,133,308
111,491
160,310
147,359
50,205
60,201,350
215,490
73,165,269
109,260,277
131,193
242,436,449
60,130,145
124,327
48,225,244
343,419
198,366,382
155,283
45,186,189
16,197
82,369
197,395
219,400
107,214
23,415
189,212
175,269
115,210
68,145,427
220,291
110,140,472
90,189,363
157,281
140,374
17,75,428
96,212
100,145
361,477
196,448,495
11,54
135,175
99,278,453
84,316
121,193,243
296,439,448
139,249
6,119
187,383
13,21
240,455
180,332
344,414
237,384
105,427,495
107,151,167
32,220,492
10,124,144
132,441
129,236,308
46,128,199
185,403
121,142
234,248
138,314
344,448
99,337,469
79,190,457
159,167,259
149,428
243,409
2,445
401,407
362,367,373
302,399
372,458,460
413,435
247,334,413
129,134,248
173,247
5,160
6,376
401,432
110,182,263
169,256
152,296,362
75,480
207,341
75,423
13,424
52,492
413,437
141,387
54,478
178,231
165,409
198,218
165,255
48,166,471
322,350
203,300,312
25,230
66,226
54,99,215
85,463
67,271
333,366
218,342
59,76,307
473,485
160,307,364
353,409
192,250,342
387,446
113,183
74,367
113,455
174,206
60,96,308
35,280
199,478
99,413
298,346,494
134,162,183
365,376
185,365
287,425
170,429
20,137,473
174,470
186,334
60,169,434
232,398
163,415
69,342
335,342,392
145,347
124,298
24,482
87,246,297
10,473
50,160
368,470,476
152,197,356
143,414
108,204
29,240
130,362
142,399
152,301,344
193,432,500
159,414
196,373,466
165,462
324,329
2,239,422
163,305,454
95,289
54,353,419
45,113,190
37,99,387
204,273
165,454
128,451
143,237
229,353,376
316,345
350,409
190,239
48,354
234,475,496
269,311,389
97,146,463
329,404
36,267,300
262,374,484
195,451
285,315
83,393
46,158
207,289
66,353
162,241
327,333
284,407,452
230,262,434
128,136
57,460,484
52,150,244
302,413
145,295
158,432
186,421
31,397
166,500
325,458
182,215
359,454
94,160
93,244,495
95,203
86,218,489
278,439
90,222
152,170
135,171
233,456
90,108
141,409
89,167,370
119,166,419
222,421
150,354
159,431
153,159,414
14,62
297,377,491
25,201
301,385
360,394,494
416,426
72,349,381
80,232
196,253,407
38,440
233,494
143,496
115,465
55,105,421
266,300,355
34,487
204,429
142,388
8,484
97,441
245,392,476
20,208,465
129,348,439
93,371
269,340,434
158,357
169,453,464
190,415,475
16,62,241
279,360
270,388
24,221
168,175,253
190,481
41,469
282,416
19,51,239
100,322
54,314
208,486
94,192,494
203,407,486
75,305,417
61,67
131,199,308
155,450,494
158,263,353
101,419
43,339,394
19,226
151,358,408
225,309
138,217
210,423,499
28,65,317
196,436
74,437
22,141,367
7,85
168,332
387,446
336,365,499
152,448
37,294
237,499
169,305
169,223
63,415,454
81,162,330
8,168
373,432
288,402
110,125
30,271,387
148,354
2,412
151,368,468
247,317,477
37,362
67,349,377
204,342
28,477
197,437
102,196
254,383
232,461
260,497
120,333,380
319,441
78,79
178,288,370
70,230
11,327
73,326
143,166
38,485
232,302
98,473
15,315
75,108,397
216,475
441,469
203,425,485
182,323
85,112
371,490
121,449
110,153
182,418
91,304,462
158,437
170,314
269,499
127,368,406
79,287
247,302
126,174
211,282
41,305
112,415
80,442
205,290
7,235,455
236,402
141,224
371,491
216,338
20,286
27,115
204,289
18,160,227
78,247
139,235,419
137,397
34,127
24,359
455,482
211,226,321
58,373
70,473
180,311
134,354
86,235
29,105
146,489
174,328
2,21,152
183,233,247
186,233
94,113
372,481
93,364
111,329
191,347,436
248,496
15,67,301
119,453
161,255
43,198
205,428
69,420
82,209,291
148,373
30,158
76,261
362,429
336,444
13,163,326
32,273
80,94,437
184,418,452
33,70
98,362
119,394
109,306
382,422,426
46,47,397
98,179
238,324,495
16,373
97,456
170,199
39,133,142
119,347
156,191,208
387,435,473
158,329,462
269,468
212,471
362,491
192,404
221,377
103,351,418
53,116,220
62,284
73,475
64,114,126
319,351,418
451,478
350,357
64,296
193,456
37,266
223,443
105,329
4,10,202
4,495
132,182
35,168,477
99,174
425,477
84,353,402
29,348
45,81
26,403
355,361
217,339
172,408,436
18,423
242,482
80,109,197
228,367
6,157,185
6,160
371,393
10,178
180,331
431,468
78,494
54,168,219
62,278
379,483
55,84,409
268,294
125,128
256,390
100,377,498
77,417
24,123,189
84,470
34,210
360,474
92,474
69,385,483
118,212,475
144,459
122,445
133,429
118,190
177,214
341,400
247,256
26,375
31,287
51,408
48,60
22,238
24,172,347
9,185
430,461
144,157
71,147,185
327,445
151,234
200,430
202,227
253,302
34,390,431
94,162,214
19,73,243
357,473
455,460
358,402,494
22,456,474
258,420
230,256,403
174,313
32,411
203,206
305,312,346
39,68,135
224,391,497
28,474
144,250,496
470,477,491
68,407
12,81
71,231
155,350,412
41,181,281
4,52,373
248,412
178,237
171,303
68,158
221,375
46,374
269,443
211,300
234,250
63,377
9,289
102,138,179
65,453
161,355
291,454
297,373
167,217
39,257
130,457
151,339
235,402
310,430
95,434
353,456
22,466
51,358,431
71,143,424
306,363
127,256
207,417
32,304
477,483
100,227
168,419
87,185,303
19,67,102
218,265,357
35,209
168,340
109,296,357
47,252
3,56,96
174,446
54,138
218,383
46,53
333,363
71,307
160,411
410,491
54,447
104,240
12,100
254,273
22,87,464
134,435
26,131
118,218
218,296,382
385,433,453
125,281
255,413,481
17,462
62,320
220,221,282
264,433
72,292
218,368
213,353,402
166,262
74,251,440
43,66,202
282,288,335
9,17
50,53,412
246,396
138,461
235,319
244,359,367
61,494
11,167,457
8,88,102
41,43
403,490
53,155,370
57,420
135,273,479
372,483
21,125,359
149,370,411
77,338,425
123,235
34,153
333,335
46,234
377,483
15,172,471
68,428
154,307
191,245
13,274,424
267,441,477
241,467
469,478
138,419
324,432,465
412,467
101,492
133,218
238,464
244,441
80,460
160,394
109,267
81,315,381
272,344
147,220
206,305,486
106,283
14,164
127,319
283,396
150,416,496
423,440
175,361
22,130,142
71,115,261
311,434
167,465
135,335
291,331
31,180,339
311,434
3,39
36,396
74,207
137,382
259,467
216,331
45,226
198,335
272,361,438
349,370
60,270
199,232,279
9,428
90,121,418
172,370
54,105,447
31,238,296
269,299,470
37,396
41,53,281
48,222,245
358,411
226,406
213,271,357
343,364,365
1,116
60,221
312,471
63,99
15,416
63,190
234,453
187,220,403
198,350
287,346
108,243
191,478
16,156,256
16,53,334
47,234,481
296,483
152,356
51,103
14,88,396
279,362
23,133,236
5,97,428
107,136
55,286,392
72,193
263,433
182,440
50,221,399
32,287,477
144,324
69,196
64,411
150,326,343
89,152
6,99
355,368,389
145,427,430
9,84
21,399,457
252,497
120,182,384
57,240,408
307,482
118,469
227,281
193,428
19,402,444
61,384
101,115,166
61,200,403
349,495
201,212
129,450
41,436,483
276,281
216,267
139,204
210,232
281,462
218,244,429
271,337
235,473
94,157,266
89,219,458
20,213,343
12,100,303
5,335
73,240
23,100,495
105,445
198,329
224,314
3,118
294,303
119,490
365,408
76,434
9,320
183,338
127,340
29,455
189,369
268,385
121,320
203,329
61,322
387,494
260,415
394,406
120,146,365
116,241
98,178,301
219,231
20,96
74,112
189,231,365
92,128,250
5,163
28,303,448
271,294
34,89,394
45,203,381
258,309,419
282,340
110,209,374
144,476
40,118
88,136
368,467
100,207
89,261
426,440
118,181,254
3,138,471
17,272,308
8,57
44,241
334,380
466,485
69,198
26,98
90,244
82,437
362,422
189,378
50,394
126,321
35,81,402
80,337
44,69
190,219
218,228,381
60,64
32,253,374
230,309
322,456
268,321
89,174,232
312,405
112,211
158,334
47,268,302
1,431
129,156,339
99,436
36,96
82,207
249,268
19,151,160
301,447
122,197,244
220,314
46,277
182,341,484
71,243
143,413,443
100,288,477
37,46
21,164,203
227,287,419
24,492
236,284,438
165,300
249,430
197,442
21,183
228,343
236,291,422
138,196,228
152,403,438
226,332
403,471
6,212,333
273,385
51,394,492
45,46,65
229,371,427
10,399
99,449
9,308
207,221
123,285,469
156,175,186
141,239
143,463
367,427
143,160,441
165,343,499
225,366
176,225
55,357
313,328
69,110
149,152
440,479
100,147,201
211,424
52,249,401
27,66,153
44,78
48,242,437
249,296
45,162,173
144,221,475
274,432
245,346
47,315,417
21,31,424
192,443
213,366
170,324
342,427
75,147
112,475
159,182,227
226,275,447
51,107
45,415
151,470
138,385,455
39,441
276,309,447
131,427
154,319
87,204
349,391
15,304
75,164,375
109,126
165,192,376
244,428
188,398
347,379
131,364
192,203
151,180
50,99,240
187,214,329
24,25
30,209,472
41,122,459
98,244,320
157,218,458
273,353,474
47,294
205,460
103,476
69,273
1,67
45,301
376,389
113,164,264
33,53
91,106,318
157,188
352,492
51,155,227
33,339,431
77,459,475
153,421
71,276
69,135,196
268,277
54,192
81,471
107,385
108,174,383
395,428
67,204
13,138
65,435
220,415
46,416
130,425
79,115,249
354,376
352,388
65,213
12,249
5,444
43,51
276,402,479
182,472
3,54,120
23,320
188,232
126,432
35,469
291,414
145,326
124,173
189,245
126,357
5,204
99,158
45,438
156,445
116,337
50,189,488
2,287,486
43,214
4,82
213,343,484
5,107
72,273,438
303,324
251,462
134,443
151,293,343
87,205
57,261,460
248,287
68,335,438
194,236,442
9,412
415,446
249,286
23,312
50,445
367,370
127,431
172,277
80,378
63,214,264
204,250,445
36,75
271,283
216,284
188,250
96,273
91,479
354,470
180,389,490
29,146,318
283,425
196,410
21,364
352,365,434
57,58,128
394,402
1,28,158
21,102
23,133,222
103,148
42,484
136,177
86,204
21,260
72,407
7,125
99,335,342
158,342,350
278,290
34,72
244,351
121,376,402
306,486
204,261
255,257
281,345
70,135
60,64
20,346
392,421
36,118
36,206
40,132
360,362
243,442
120,274,386
338,381
250,359,435
42,121,287
42,248,268
218,299
271,295
163,213
202,404,472
115,342
111,130
73,190,439
59,227,269
186,273
201,261
87,224
41,130,403
18,345
245,324
316,480
15,35
144,173,278
426,480
249,367
121,223,272
5,154
310,451
75,428,461
122,346
225,411
390,424
156,386
21,254
34,467
136,149,280
379,477
151,307
50,163
56,120,177
44,183,464
27,436
224,259
452,498
24,85,156
139,253
182,198
353,402,499
213,232
64,498
88,492,493
54,87,276
306,373
171,188,462
171,239,274
456,498
386,433
162,417,488
341,454
100,167
239,280
176,406
109,324
6,67
210,276,394
29,89
20,366,495
342,365
369,404,426
203,427
212,297
319,332
20,158
311,363
278,281
100,174
119,185,276
133,193
121,150
355,356
1,349,398
417,467
416,438
127,236
415,425
56,151
108,109,495
1,13
257,380
222,479
106,329,437
5,200
86,209
98,330
168,252
166,285
358,427
41,134
404,475,477
273,360
248,432
87,301
89,219,423
276,311
28,34,130
63,338
102,257
204,484
225,238
161,487
97,239
89,147,489
97,107
23,448
235,359
97,433
59,146,480
27,433
297,347
353,493
131,154
34,121
113,378,398
47,238
275,340
266,451,492
44,253
212,449
164,216,331
106,208
237,478
91,193
157,267,285
7,37,356
423,434
158,384
147,209
359,360
58,250
199,273
257,399
279,301
378,407
34,301
310,330
150,451
32,55,171
400,424
205,238,318
338,347
402,406
324,362
328,479
294,365
200,365
17,155
333,348
341,399
329,459
249,366
29,452
77,207
225,418
173,469
149,458
34,470
69,224
32,192,355
60,393
83,481
74,232,344
75,173,264
41,315
119,400
63,79
16,116
65,171
48,430
5,493
153,368
180,273
18,20,255
138,229,447
174,265
154,384
61,211,261
281,302
26,373,474
75,287,399
241,242
254,457
248,284,481
160,293
59,182,431
144,305
222,410,440
45,300,305
88,256,307
167,472,480
162,446,455
26,77,480
176,380
110,230,496
374,436,458
103,231,443
125,283
65,216
94,318
68,264,472
94,335,347
101,178
318,472
172,188,469
233,303
202,414
111,273,306
10,220,312
74,164,363
225,268
93,224,315
37,266
400,422
2,196
185,208
378,462
7,44,327
277,309
340,447
32,176,303
217,465
356,385
298,396,471
152,246
138,177,245
336,406
27,484
157,488
387,455,478
101,140
238,442
278,433,457
241,331
150,249
200,376
15,249,275
96,116,378
66,311,458
429,438
89,119
239,282,324
41,481
58,108
77,315,464
46,124
107,352
59,195,300
263,358,497
240,471
73,378
25,40
304,496
90,470
127,165,221
96,266,488
126,197,352
197,385
10,111
141,324
187,356
102,252,368
1,211,256
112,212
147,226,411
305,405
29,181,330
159,364
322,398
371,422
28,231
155,214
78,496
169,349
91,325,459
186,232,405
172,253
228,298
18,465
224,477
150,286
46,478
206,301
59,93
309,388
18,368
112,240,387
42,102,257
181,285,453
34,147
58,272
189,313,365
207,232
239,379
141,288
57,159,230
11,128,341
193,205
131,179
89,132
31,69,234
81,300
36,425
99,190,445
38,257,408
18,79,241
156,388
83,192
11,206
16,154
120,219
52,213
328,345,471
225,367
118,399
96,246
31,58,382
139,146
386,400,465
119,148,180
44,60
116,451
85,209
64,77,492
58,216
173,221
162,464
27,237,365
20,193,371
314,392
160,226,336
101,434
125,208
25,131,191
37,62
61,480
92,485
139,395,409
299,435
8,256
38,211,500
70,211
130,280
10,45
190,286
203,482
431,494
49,129
236,333
175,382,474
41,92,162
263,490
35,143
350,376
114,385
9,371
330,453
120,494
384,463,472
277,345
68,477
111,149
95,451
74,299
72,320
12,93
59,444,487
159,204
96,216,341
272,419
220,287
242,415
172,257
155,259
28,255
145,225,244
56,325,444
61,226
354,440
276,331
203,266,330
258,336
296,495
78,379
37,132
269,450
4,383,442
197,283
127,152
7,25
7,216
10,240,464
432,435
414,490
187,274
131,279
15,424
185,321
229,400
85,144,240
331,420
388,470
219,391
5,273
380,407
57,301
340,386
255,380
60,457
43,201,499
137,184
60,328
114,432
85,134,356
28,467
409,432,437
72,462
19,290
138,376,492
206,452
27,267
183,445
252,308,465
16,312
177,316
350,427
98,262
2,324
265,317
415,469
139,304,322
229,443
92,234
232,288
320,332
245,473
350,362
75,441,471
8,81
59,354
28,350
146,406
271,400
180,374
106,196,304
255,465
41,123,156
233,312
133,251
316,376,403
282,360
362,463
214,369
78,208
86,209
146,336
83,279
57,469
8,35,161
282,292
282,406,423
16,201
77,348
220,470
382,405
360,456
131,143
13,213
263,310
25,325,487
66,470
186,233
361,419
330,409
53,244,281
108,148
203,300
51,183
163,184
287,481
74,164
33,317
19,368,477
271,459
134,156,453
56,154,390
292,480
213,482
113,172,301
205,375
39,224
34,229
333,430
85,216
149,217
53,312
97,490,499
178,389,476
248,334,407
45,75,271
98,140
368,433
97,497
230,274,484
29,36,423
198,242
138,276
213,326,495
15,91,105
41,216
409,411,469
44,319
105,231
187,488
74,259
25,388
22,213,284
244,472
368,374
185,278
60,329,347
193,357
139,460
182,310,500
56,120
156,186
1,481
39,371
37,163,375
126,474
26,495
69,352,457
34,132
115,168,215
32,63
6,177,263
247,353
58,230
228,498
111,385,489
41,330,459
129,156,481
17,95,263
52,277,354
111,224
210,236
263,316
106,361
145,359,413
113,248
41,308
62,162
52,137
172,400,455
181,203,452
71,324
2,377
216,248,359
218,232
17,468
119,310
69,135,260
263,309
468,489
43,200,201
179,242,448
36,455,496
99,241,327
207,233
296,432
104,393
135,239
293,299,460
96,144
45,183,405
265,268,361
91,128
205,270
394,433
6,160
112,164
113,181,453
178,358
429,456
105,236,474
79,368
92,163
59,143,160
434,479
90,176
246,275
261,411,436
19,323
189,489
21,412,486
343,353
84,342
157,245
372,406
139,371,456
108,339
127,385,479
297,359,366
101,133
208,429,469
289,385
192,334
69,221
49,347,456
146,417
73,190
164,278
84,236,297
123,442
72,225,297
137,458
31,406
156,291
311,319
124,290,407
35,215,402
112,452
6,255
128,247
40,282,499
161,338,500
70,281
247,449
297,320
135,418
391,475
56,450
189,421
51,374
43,203,222
210,386
133,248,392
85,278
131,171,469
245,359,455
180,214
26,344
345,437
250,330
171,297
1,349,385
26,347
167,403
53,104,455
70,357,388
246,304
194,286,312
162,264
219,233
113,471,478
30,165,470
12,83,365
174,314,328
4,238,489
151,192
116,303,367
97,182
1,240
197,231
240,265
58,447
189,278
195,252
242,328
111,373
269,408
294,348,469
243,485
191,442,455
77,382
46,253,298
81,169,248
43,331
127,192,402
297,375,468
61,369
51,139,465
111,180,214
303,371
3,142,368
147,384
82,372
318,320
417,451
335,489
44,395
187,256,450
165,179
293,458
218,232,308
30,261,354
17,88
156,170,244
256,486
271,312,337
82,154
315,461
316,417,461
17,79,437
126,343
172,358,386
219,355
31,327
3,212
28,324,428
20,204,288
24,156
273,440,448
291,314
41,439
381,481
258,283
148,358
396,470
62,295,419
82,333
65,292,326
156,180
83,260
45,348
101,332,500
16,46,124
161,221
82,344
28,429,432
428,485
160,178
76,366
257,322
320,427,456
228,456
209,252,434
307,476
36,49,117
148,174,194
138,259,460
277,285
128,458
60,123,367
191,206,241
37,144
23,350
283,419,498
333,363,401
104,180,399
158,318,361
372,433
270,360
65,208,290
152,213,275
268,364
113,447
428,495
64,253,284
150,216,373
122,220,334
189,259
193,379
356,387
131,437
209,358
15,133
204,398
336,452
45,129,486
283,383
199,309
91,204,422
87,354
84,176,333
3,345,458
66,467
271,378
50,113
106,341
191,449,475
4,394,446
348,446,481
37,78,270
127,172,223
208,268
34,95,400
389,391,459
93,205
55,95
195,284
166,245
28,282
74,264,303
42,334
243,466
322,326
338,433
33,192,209
9,21,430
156,488
55,141,373
273,401
3,28,329
73,75
159,494
59,140,263
324,368
81,385,484
342,384
19,469,486
94,170
12,491,495
33,347
144,496
269,490
293,340
7,105,278
146,420
79,380,429
194,315
40,224
191,388
201,229,467
74,150,421
242,289
62,446
112,449
83,296,427
300,417
67,368
31,217
15,100,218
93,417
109,292
214,355
33,56,182
192,463
43,47,62
333,398
15,162
391,477
149,200,352
240,300
308,455
88,115
237,480
56,215,308
74,179
44,79,449
142,229
256,345,423
139,434
14,257
196,350
15,238
322,335,462
2,296
78,284
234,464
93,222
298,412
42,319,331
64,492
84,87
137,203
70,244
340,470
350,388
210,424
362,416
60,170
158,248
22,423
355,368
75,81
34,414
280,483
73,473
3,110,262
39,272,456
92,198,223
28,418
33,206,407
470,484
26,477
92,486
134,192
29,307
35,176,226
41,410
13,226
195,196
214,393,495
46,168
3,423
180,386
95,490
15,225,371
6,377
4,249,456
44,159,180
193,249,276
164,330
183,415
21,485
63,174
288,477
252,262,368
37,248
223,311,418
164,425
158,201,225
40,141,451
7,253
22,242
21,417,478
120,481
91,243
267,449,471
64,83
294,452
107,180
11,397
287,298
175,333
2,52
21,190,372
134,248,302
143,468
18,420
37,364
2,287,310
128,315
117,201
70,377
160,468
90,258
60,241
304,416
8,325
65,407
62,123,441
174,233
59,202
250,482
224,331
72,265
199,296
107,172
32,242,360
121,227,292
126,496
57,277
96,104
240,375,380
42,209
263,275,403
225,398
289,449
104,192
58,199,326
331,356,472
39,350
19,252,255
78,356
303,349,483
42,318,342
212,234
174,279,391
125,383
4,238
234,235
108,244
364,375,412
23,218,490
32,429
1,58,251
8,184,458
142,242
229,305
312,451,486
99,334,455
49,494
98,342
89,354,390
6,88,194
193,392,442
65,103,194
177,373,450
259,394
58,456
69,126
95,415
66,381
211,460
67,308
326,412
132,268,441
317,442
9,316
188,472
14,266,346
93,162
119,344
244,388
353,400
119,159,192
52,275,357
17,76,147
27,487
95,209,499
5,57,390
464,498
467,468
135,433
113,451
39,82
438,448
441,482
214,307,311
183,287
207,229,320
70,242,355
129,158
344,410,456
321,360,459
46,306,309
52,171,228
7,295,455
30,229
111,373
221,273
56,137
453,460
28,493
94,264
142,321,470
449,489
104,290,482
190,277
89,121
74,110
63,190,212
9,392
408,433
156,241,284
101,252,447
271,452
206,445
50,305
194,461
19,400,434
183,281
105,214
9,15,108
281,305,478
418,448
336,397
264,351
306,391
59,291
228,382,392
247,478
75,464
99,183
117,166
38,43
256,326,401
83,246
31,291,429
134,245,364
170,324,401
17,176
43,57,227
2,357
184,299
22,94,198
18,38
34,182
400,471
98,321,470
55,289,317
93,421
26,84,326
101,120
242,378,441
193,456
133,154
146,436,485
206,210
7,78,267
74,314
119,465
293,301,360
4,484
341,356,359
13,102
99,360
38,65
366,461
122,261
48,127,368
40,79
244,288,296
343,368
191,378
314,436
18,247
81,412
36,412
181,451
47,378,457
299,309,433
151,229
139,142,207
22,280
194,255
140,368
5,43,450
292,485
23,236
261,435
208,453
37,143
44,334
137,287,491
140,168,186
234,250
36,128,359
254,451
330,444
408,493
113,172
193,218,314
297,317,427
235,451,469
26,55,360
191,266
131,158
100,318,462
323,388
37,128,173
14,60,472
376,424
449,459
199,277
147,214,465
115,394
106,271,365
3,134,158
177,447
388,421,451
343,400
52,157
10,315
224,474
92,233
151,215,343
100,170,392
119,486
70,230
408,423
24,235,405
181,399
209,444
188,365
242,366
201,450
30,95,261
380,387
279,433
363,403
36,233
9,494
80,197,297
186,330,405
138,149,269
163,496
91,474
12,439
39,193,291
201,253
270,416,465
224,260
246,328
239,243,335
208,294,393
218,429
131,477
32,90
249,304,377
64,243
95,292
267,317,353
1,326
11,327
152,430
18,461
11,453
37,124
155,492
45,79,129
121,344,466
165,188,238
295,351
264,303,423
130,427
310,389,436
128,216,224
199,306,427
50,327
83,109
217,237
32,199,251
60,347
57,420,460
83,225,291
69,240,479
52,174
18,153,436
181,346
53,268
34,372,463
13,267
331,424,472
280,422
217,352,421
230,368
62,65
86,126
161,499
154,311,319
310,402
399,415
47,435
213,493
183,481
149,351,476
173,333,407
328,440
11,292
242,272,495
209,370
8,162
92,367
291,313,382
160,402
185,477
214,399,497
335,500
77,326
219,432
309,406
150,224,391
233,482
120,258
96,99,359
49,305
336,411
84,459
33,126
281,411
82,109,304
152,169,387
194,366
126,349,363
245,413
274,331
89,153,431
276,368,406
81,128,455
104,175
19,21,409
61,348
315,427
98,289
26,238,401
244,379
70,223,292
388,436
196,306,421
311,328
394,480
66,303,457
158,205,272
210,434
132,231
197,329
136,365
75,445
157,455
46,86
113,165,267
250,324
108,232,288
233,283,451
282,401
326,452
121,179,288
284,290,432
219,476
26,460
143,353,358
128,206
324,391
213,408
109,430
62,495
448,456
28,320,401
25,451
458,468
187,428,449
176,200,233
33,388
295,363
241,298
262,487
26,134
10,473,488
47,419
249,379
270,488
170,226
142,232
74,80,409
314,341
195,209,441
47,216,369
251,429
257,352
83,253
207,415
43,355
184,193
175,472
124,381
23,171
137,361
311,493
155,309
94,346,378
318,401
257,275,290
10,63,183
225,275
31,58
195,373,415
115,230
112,379,480
268,492
313,346
103,206,500
10,287
113,302
265,331,469
326,488
193,408
82,165
305,369
310,333
165,285,429
269,374
5,372
103,493
88,345
132,349,363
283,403
138,157
100,291,344
267,313
283,341,449
318,409
275,347
4,55
123,314,463
272,347,427
173,188,457
154,165,451
271,302,393
183,478,486
43,226,292
226,236,316
302,478
238,247,475
99,364
73,360
100,382
212,263
363,466
164,241
36,169
143,386,404
12,138
350,352
459,486
111,205,249
125,229
186,312,441
149,153,214
273,444
145,289
127,405
73,102,324
45,95
331,493
452,471
37,247,287
110,440
53,65,374
47,388
100,321,373
312,449
170,483
206,335
129,264
247,296
143,479
407,498
194,460
20,197
9,268
353,385
188,478
30,34
162,250
210,456
224,428
75,164
366,397
92,379
343,387
344,442
175,197
424,500
236,289
67,314,429
172,488
73,212,454
21,169,435
148,187,323
120,226,274
97,241
233,348,396
204,223,377
231,336
138,179
44,344,484
226,282
212,228,423
134,152
97,481
6,65
328,462
80,280
57,484
249,297,434
388,447
262,282
232,494
117,365
203,439
252,299,434
62,88,214
29,298
22,310,446
161,261
253,341
82,334
274,325
23,488
91,372
243,297,398
159,227
82,267,296
279,350
162,463
87,241
229,389
4,395,477
210,450
93,391,466
353,386
92,472
177,369
135,480
143,311
110,323,343
44,417
6,185,262
42,117
293,476
79,327
30,414
227,494
33,384
41,496
21,264,290
244,249
72,130,409
72,448
451,457
120,485
343,396
48,470
82,105,360
124,186
82,297
358,440,482
63,425,439
267,314
27,70
111,121
246,427
272,320
111,232,265
218,268
179,333
173,457
90,132,420
80,298
152,333
409,432
7,128,298
127,187
93,98
67,365
75,378,412
32,105,360
230,269
73,406
119,389
386,492
34,423
157,475
175,391,477
163,371
75,148
48,218,252
100,398
63,348
31,237
19,433,463
90,355
108,114,205
42,202,440
282,353
157,268
202,253,361
12,196
80,133
23,347,440
214,393
5,54,215
42,151,229
89,343,463
151,394
126,456,478
27,404,411
177,419,484
21,377,442
227,360
125,369
245,288
188,313
149,434
355,389
215,431
209,276
167,230
194,392
56,127,143
280,357
65,380
20,201
92,377
481,491
84,187,444
382,466
124,234
85,139,344
37,113
156,395
47,216,234
16,295,412
150,235
47,62,455
299,420
63,244
84,344
452,479
68,69
178,181
63,119,447
159,210,354
220,325
58,296
259,490
212,250
377,466
149,277
344,489
67,236
289,435,461
190,212
335,357
166,420
240,294
116,488
99,128
244,440
287,350
15,382
58,222,422
115,172,434
33,54,70
195,481,486
245,248
184,404
174,409,461
28,143
26,206,460
27,336
20,131,350
24,156,181
246,348
224,422
184,458
359,387
214,424
179,432
267,404
117,161,458
99,248
188,405
68,69
281,330
109,176
260,428
20,280
373,435,440
175,238,477
55,429
222,358
45,159
31,88,215
38,149,262
90,213,265
139,474
5,25
141,260
159,160
164,203,334
36,291
166,451
94,278,440
125,417
50,62,341
253,265
91,375
6,452
202,484
11,26
30,372
15,402
62,163
140,231
141,171
300,383,440
8,163
357,379,427
168,464
49,459
159,178,355
144,148
311,339
71,231
96,267
16,387,413
13,55
165,278
10,14,248
191,308,463
319,384
102,265
51,216
55,437
385,474
147,259,414
130,239
41,247,264
323,382
83,204,373
241,334,457
446,496
146,427
235,341
57,474
134,479
316,404
158,212
76,136,447
7,413
36,375
63,454
421,466
3,89,110
68,484
172,353,431
17,54,192
356,488
62,337
52,273,308
359,479
24,73,132
39,248
29,191
218,335
27,183,235
186,364,393
111,495
167,473
389,458
101,383
337,381,494
42,117,261
98,133,322
360,382
356,381
315,356,473
90,106
127,350
19,491
96,125,471
104,236,336
275,432
131,349
74,395,474
31,255
188,387,428
83,347
338,350
267,437
12,342
335,408
137,202
326,423,483
311,343,480
47,99
338,435
300,440
6,202
245,284,356
53,250,449
273,396
413,460
406,431
52,139,238
20,460
23,90,91
2,409
178,230,402
399,419
18,177,345
248,455
77,85,356
66,89,130
165,172,339
102,171,385
427,457
10,129,190
15,457
81,207
181,211,294
68,265
95,408
91,355
29,156
138,222
69,280,491
186,346,405
213,434
289,478
80,96,469
294,481
106,246
34,88
243,258
25,325
402,468
87,142
24,77,375
100,205
78,183,475
65,217,226
192,374,461
44,244,347
257,268,436
410,419
127,349,455
2,344,416
228,304,440
27,159,431
145,173
204,236,322
58,74
152,419
107,366
4,329
274,463
59,433
85,99,330
261,296
92,294,364
310,330
162,190
332,485
136,369
175,249
183,300
63,191
299,365,475
249,297
14,493
224,288,361
92,112
333,497
11,163
321,417,482
163,173
40,283
151,331
325,471
224,238
446,454,464
228,271,369
451,486
83,172,345
58,206
372,419
14,77,479
386,463
182,215
23,32,222
3,436
358,408
123,248
109,218,335
53,157
385,491
45,154
194,201,311
43,302,432
61,296
36,248
234,321
17,411,441
9,47
71,412
381,460
423,499
266,327
197,398
75,93,246
237,311,326
353,443,484
140,229,292
72,80
195,354
144,183,315
112,118,449
287,334
60,100,282
133,259
292,400,436
146,379
39,145
100,366,477
13,133
366,454
116,425
6,11
40,220
74,109
188,193
242,296,335
128,391
167,460
35,54,494
128,413,475
152,239
3,198
185,389
31,237
350,484
215,494
153,256
307,497
194,429
23,36,236
46,62,469
344,347
66,137,238
9,101
430,462,479
38,490
380,388
34,74
222,373,416
408,487
37,153
1,353
297,323
42,450
306,359
194,259
177,320,373
121,498
280,321
459,469
367,409
88,381
4,403
135,428
123,367
20,90
114,224,362
134,253,475
308,317
152,382
157,350
220,235
25,71
243,409,479
137,388
73,248,254
124,452
173,270
4,164,265
152,205
300,411
351,499
174,296
192,397
95,406
35,415,497
296,360,477
79,284
230,255,274
73,253
156,494
103,255,262
3,185,473
57,436
298,492
21,451
273,309
41,47,480
3,66
47,65,247
69,199,321
306,373
170,362
12,222
278,327,473
73,118,425
95,109
269,489
44,112
156,287,312
116,453
211,301
58,438
378,387,422
297,473
143,331,424
328,427
109,282
21,469
269,308
87,197,461
97,140
258,402,423
99,118
405,482,496
191,245
262,454
411,428,467
135,428
22,179
138,467
89,184,419
140,399,409
424,487
264,386
123,221,435
422,443,485
165,334
41,400
141,146
154,182
113,268
55,462
51,74
31,112
331,371
5,89
195,278,415
356,432
74,216
220,284
19,46
26,307
37,140,340
210,217,404
53,481
107,187,263
8,460,480
222,429
11,36,163
250,278,327
145,213
43,83,437
99,240,435
116,393
247,417
103,410,452
82,205,306
51,442
219,279
3,434
389,406
168,257,269
85,126
146,386,423
30,416
191,359
123,312
343,354
177,274
50,162,449
48,151
96,171
215,334
56,166
62,117,476
232,300,480
91,314
326,383
133,141,335
384,463
128,190,481
149,161,419
260,434
181,453
110,136
183,485
349,487
234,424
16,299
427,486
240,278
157,162
76,111
26,367
211,431
238,401,497
443,450
62,240
171,422
16,343,352
82,98
212,241
236,430
125,216
83,139,243
421,482
174,176,282
74,103
324,450
258,388,468
158,303,308
352,397
4,372,486
61,263
248,430
234,417,488
55,256
49,321,338
181,482
11,418
132,471
22,220
21,104
61,326
172,314
364,397
6,44,127
177,278
305,415
76,259,276
75,435
68,133,179
115,325
404,467
37,452
425,449
78,233
173,364,415
402,487
456,462
254,346
321,473
231,443
186,260,330
262,327
51,147
33,142
38,263
374,409
13,88
325,460
104,295,341
312,377
118,148,376
153,200,420
128,285
158,370
127,229
179,436
312,452
48,466
359,481
158,308
361,411
75,464
104,346
232,316
126,442
9,21
221,415
4,329
44,445
6,138,165
135,229
310,432
4,351
275,328
80,208,435
331,332,402
19,54
182,407
7,312
245,454
211,316,480
39,67
17,206
13,446
197,280
145,169,347
278,333
74,469
375,437,456
231,471
222,280
88,151
80,176,249
227,299,388
140,257
161,227,296
5,176,330
403,447
193,447
224,464
225,282
151,400
339,454,460
150,169
43,453
371,445
333,398
45,196
243,490
129,375,378
171,311
212,473
110,351,444
41,75
280,296,383
174,301
395,429
71,256
231,391
86,229
196,291
9,286
142,318
175,430
216,378
345,406
221,278
164,301,378
141,359
327,375
36,113
244,295
2,109,306
109,479
91,316
209,316,418
32,67,151
383,455
26,422
287,445
167,277
371,392,432
60,377
126,313,498
151,154
79,125
42,91,168
147,161,229
55,273
15,114
341,346
368,468
108,131
394,487
40,285,486
228,395
287,409
130,192
81,315,325
258,325
339,431,494
138,307,368
431,460
242,347
92,211
66,68
43,262,472
140,215
73,75,367
79,121,162
131,168
207,268,281
160,202
365,433
390,492
242,360,369
79,183
121,198,395
57,372
105,306
191,343
176,214
50,66
407,500
45,71
342,417
31,281
159,258,388
161,343
153,197
214,296
108,322
31,411,462
183,296
157,455
186,413
181,206
156,464
280,313,344
236,311
174,356
167,245,458
184,187
370,405
137,478
58,419
68,286,442
16,468
97,136
348,368,369
10,198
108,171
113,312
161,180,307
108,297
312,323
41,94
65,403
7,24,207
392,456
254,341
141,272
37,129,246
43,499
140,229
193,408
68,357
187,255
128,412
193,304
409,495
242,497
149,228,250
422,425
146,439
323,345
353,369,386
88,316
291,387
35,403,419
200,252,432
241,445
104,216,270
320,354,489
250,275,283
422,430,442
155,269
212,287,364
269,275,433
91,112,480
191,446
310,402
178,319
166,342,399
28,395
415,423
72,158
319,343,499
103,117
77,233
78,156
123,315
63,375,397
137,172
136,283
70,280
239,280
319,372,414
209,309,467
185,343
404,418,472
367,427
270,295
109,114
65,264
69,286,392
203,441
153,194,369
112,258,447
11,116
133,170
355,384
56,153
292,365,403
421,428
315,321,481
30,311
90,322
83,152
253,356,386
135,289
396,475
251,351
142,397,414
321,407,464
154,176
428,446
87,344
214,277
144,475
240,481
165,352
210,385
125,221
367,373
32,367,474
169,319
281,350
34,342
320,344
244,361
307,332,336
292,422
82,198
28,88,290
1,24
79,85,290
339,424,470
178,433
20,158
34,84
122,247,266
4,68,222
220,446
90,254
178,293
29,451
231,436
233,435
79,219
187,447
153,246
82,251,362
168,182,385
389,406,490
133,170,357
241,298
64,90,296
232,428
62,96
124,164
18,331,368
281,346
115,286,465
208,275
34,403
54,281
327,349
24,396,482
303,439
124,162,208
77,447
78,318
101,499
333,371
150,380
12,344
2,142
84,398,442
56,120,419
117,316,351
10,439
305,346
285,310
104,416
208,412
240,441
147,192,276
471,476
97,479
316,356,481
26,90,349
183,413
21,290
42,263
156,427
28,150,246
51,374,484
381,495
173,267
215,222
165,223
149,348,362
128,181,330
286,304,432
152,236,313
77,348,433
71,136,205
110,252,458
242,286
233,247,302
325,384
1,243
190,338
77,103,271
165,257
242,430
99,191,235
18,323
26,28
284,298
249,395
115,205,449
66,430
132,188,338
219,461
104,207,267
421,491
139,313
177,394
118,412,464
119,313
206,321,420
47,477
72,91,108
122,390
82,248
193,196,498
184,384
70,458,499
28,439
11,454
14,373
23,198,416
401,425
65,413,500
28,377
392,411
40,219
31,35,43
323,336
84,337
273,329,438
76,343
480,500
19,219
53,203
152,494
74,306
100,432
128,374
6,125
33,191,489
208,449
70,434
13,114,304
449,462,478
317,428
3,70
190,313
109,249
114,390
68,357,477
109,406
69,141
263,413
166,227,453
426,470
224,466
35,194
347,427
241,334
282,291,379
334,346
371,421,498
85,387
266,298
309,484
367,486
56,369
239,278,345
56,378,454
167,392
342,382
31,62,312
265,396
35,160
24,330
236,323,411
316,465
109,366,421
14,253,482
294,456
103,172,372
463,470
368,403
80,318
237,256
28,52
127,192,468
394,470
139,430
271,303
121,266
29,156,294
3,345
150,314
180,326
65,104,254
13,160,420
157,173
111,389
82,385
261,472,490
198,437
264,454
267,490
203,486
447,467
24,346
123,471
134,163,240
19,240
52,135,198
170,433
46,199
119,184,214
133,344
38,370
194,424
139,349
197,362
228,401
65,321
158,406
209,217
44,496
128,212,266
48,131,199
89,493
27,103,390
52,142
96,481
17,242
161,275
171,259,308
382,440
193,430
113,212,435
42,315,346
53,203
68,498
194,201
248,298
178,187
39,437
190,198
472,490
79,348
34,370
118,220,478
52,67
141,377
29,250
75,264
29,280
165,307
17,19
101,484
36,169
111,397
138,383
59,279
68,246
90,286
313,433
90,287
213,441
37,443
249,382,401
93,187
73,345
16,25,324
2,158,437
227,394,426
51,231,433
73,279
211,400,411
113,318
74,309
47,446
175,279
18,354,433
12,43,128
293,306
338,420
105,171,246
397,454
133,199,401
174,391
97,325
33,231
68,342
289,333,335
5,159,293
177,355
211,480
261,388
48,151
221,240
385,432
91,428,430
151,369
210,347
169,327
198,410
383,479
3,426
22,291
1,438
145,441
23,430
8,440
248,464
162,348,481
77,305,321
58,99
282,353,389
203,278
114,234
74,328
319,451
57,290
219,390
261,368
65,375
40,73,92
123,440,457
419,471
265,320
44,492
7,337,481
180,467
394,415
179,284,351
110,316,388
144,486
55,225
76,310,467
221,493
255,404
171,353
322,386
200,310,365
3,359
431,480
321,478
308,438
186,352
63,234
190,359
124,290
212,264,338
148,487
61,498
139,338
210,215
10,256
157,387
97,167,194
163,268,479
19,367
51,214
317,385
311,321
27,500
348,407
173,397
136,165,465
4,477
21,397
307,462
151,177
63,183,486
66,136
74,407,408
348,452,488
150,301,409
245,257,386
179,333,383
275,298
5,165,424
230,415
11,40
53,267
52,204
74,398
348,449
268,475
62,305,317
82,306
164,435,471
64,67,121
165,414,431
228,291
295,459
164,254
57,210
120,161,406
16,471,488
371,464
81,200
180,369
99,310
29,191,241
9,23
107,283
27,408,443
388,424
125,248
241,429
181,287
105,320,329
70,100,339
255,259,480
223,293,345
142,314,347
18,172,474
27,57
90,176,303
427,473
120,484
6,401
188,300,327
134,471
293,352,470
14,297
33,226
37,431,486
230,484
8,195
74,426
281,295
54,343
144,321
56,423
121,306
85,322,499
150,427
53,90,409
53,407
97,147,384
69,226
213,237
309,370
158,213
185,452
63,115,302
250,482
128,399
197,382
75,381
340,370
408,450
348,415
56,408,489
98,362
25,49
228,376
39,474
181,468
201,386
28,288
27,485
386,468
8,116,262
284,293
71,101
51,190
70,175
373,498
84,87
270,435
17,178
218,356
428,477,498
80,184,306
6,281
234,270,381
113,160
53,340,483
159,408
246,351
326,367
134,369
216,268
40,450
21,88
102,295
150,375,473
312,454
4,174
226,263
139,265
92,430
42,136,311
162,364
27,427
328,398
27,152
94,409
35,262,426
259,299
194,214
283,340
193,428
104,248
42,316,465
74,264
198,205,357
310,496
40,102
157,180,352
278,299
271,455
229,410
258,277
336,371
189,208
27,56
164,395
38,492
145,303,304
70,320,347
25,233
239,306,308
144,191,453
62,266,378
301,367,382
9,124,493
411,448,464
210,229
318,344,428
330,380
50,191,473
183,268,452
209,418
13,167,274
306,487
203,394,495
119,492
242,495
202,323
206,219
59,173,407
172,192
151,401
85,475
111,311
11,251
58,457
77,233,285
236,357
129,405
44,295,364
198,421
314,337
272,297
113,235,275
280,363
262,388
463,479
215,389
128,337
6,100
91,287,403
59,166,468
170,462
17,193
295,300
153,340
137,352
20,134
13,73
161,458
55,325,329
348,451
217,342
280,319
71,457
152,291
57,166
454,487
219,283
110,160
216,270
165,361
15,129
103,316
17,490
174,408
220,454
224,244
406,433
315,376
458,470
67,477
166,204
282,401
163,169
194,384
63,144
293,361,491
75,81,281
16,221
36,116
27,127,274
101,143,500
70,259
127,487
205,382
329,368
108,135,341
347,498
150,280
461,462
326,398
72,281,439
155,353,460
311,354
185,339
255,463,467
97,376
5,336
72,335
126,401
468,499
9,73
8,73,191
56,143,484
414,444
45,169
16,79
141,432
54,309
439,441
96,283,478
227,289
80,416
8,155,439
60,151
293,481
44,57,204
267,302
40,380
21,360
61,299
207,298
60,205,306
245,396
54,178
350,359
306,394
32,215
42,381
52,174,479
229,262,292
236,259,442
118,126,446
60,399
34,154
110,389
273,429
201,417
217,452
273,279
243,329
193,367,385
252,476
136,349
55,199
297,329
180,307,414
290,488
52,344
249,308,366
308,430,448
329,460
17,433,494
49,88
211,409
103,403
130,275
149,285,405
131,139,349
440,488
305,481
47,372
367,439
19,225,356
344,471
150,334
124,225
215,443
2,275
59,135,263
194,268
188,271
7,34,225
77,339
99,185
91,151
352,443,476
58,391
108,286,304
263,431
25,262,454
65,455
224,239
93,344
410,459
65,485
242,307,440
15,145
175,334
117,450
114,289
137,493
126,246,402
42,159,197
227,231
13,226
256,276,355
60,70
349,430
148,244,363
53,73
76,400,489
273,342
40,45
204,309
166,389,433
52,176,460
135,362
266,458
47,128,441
182,314
53,413,475
115,476,489
213,272,296
72,364
257,454
20,289
130,141,225
133,421,432
78,241,464
93,213
145,304,367
26,130,141
192,355
186,455
68,432
155,245
191,369
225,237
7,40,338
286,291
122,294
245,453
10,247
425,472
264,271
230,448
94,112
109,131,440
232,304,428
2,297
492,493
111,276
397,399
3,196
146,339,450
40,451
81,210,294
214,336
235,240
11,192,296
124,214
28,52
109,498
80,404,469
261,458,497
170,195
55,465
14,80,377
178,299,323
38,485
41,55
126,249
389,494
250,435
222,244
80,193
96,312,438
78,198
264,407,471
74,432
8,202
135,430
157,168
116,395
34,494
103,346
128,341
61,426
180,385
43,218
29,248
278,330
47,360
279,492
28,437
21,382,385
132,169,290
247,351
129,156,188
20,121
112,348
181,333
345,356
109,304,398
115,143,151
119,171,206
100,383,454
22,80
153,287,471
56,82,417
103,139
74,408
133,313
85,125,271
162,481
141,254
106,296
167,467
29,396,397
25,178
15,128
391,498
196,209,435
98,100,432
145,442
333,422
83,367
280,429
248,298,359
97,310
100,491
225,389,485
239,496
4,143,494
63,378,437
74,84,329
350,376
4,130
246,427
5,9,208
239,409
229,241
172,316,478
79,380
285,363
16,115,454
260,420
263,478
40,334
111,242
23,289,367
68,228
20,238
43,420
32,326
273,373,444
256,263
150,306
110,461,492
100,392
261,310
146,444
195,408
130,197,251
381,459
224,230
108,280
207,431
303,342,349
18,177,357
212,272
95,412
39,197,199
383,474,498
195,287
243,383
108,313
187,339
447,450
167,271
211,274,499
129,449
44,356
60,367,463
390,394
392,482
84,141
352,402,494
30,229,386
325,472
55,348
9,228,249
159,286
174,403
385,477
129,203,381
247,341
122,404
199,369,385
76,406
221,343,420
142,222,322
190,207
118,312
167,261,433
328,428
303,410
80,176
90,278
120,151
21,113
170,272
2,461
136,376
245,271
181,234
78,220,300
124,221,445
20,225,306
131,198,246
20,371
101,465
264,446
249,367
29,75,453
75,299
31,128
8,163,177
302,453
75,299
49,183
167,487
22,301
147,219
183,413
131,176,395
41,92
106,273
210,334
50,206
206,450
179,318
271,431
206,303,325
6,200,254
21,129,481
6,386,394
265,464
306,329,382
38,56,323
157,411
106,391
121,333,427
64,342
32,198,373
232,278
6,155
94,232,408
397,475
466,491
410,420
307,462
179,351
19,38
117,144
91,101,163
2,313,409
69,265
99,116,221
13,327,362
33,37
20,67
28,260
243,371
151,405
67,405
179,320
241,355
232,265
120,231
13,311
288,401
42,390
4,60,466
199,370
95,282,429
340,434,480
287,300
333,366
301,367
115,269,476
31,140
214,274,476
133,159
84,213,313
90,264
211,413
375,415,445
11,42
118,216,346
296,314
266,336
250,304,492
280,361
39,130,196
31,127,372
214,487
66,257
339,473
35,289,385
21,433
88,117
339,478
260,498
174,181
241,407,453
140,215
291,441
80,292
336,460
4,367,462
57,286
55,292
56,135,252
65,189,206
135,301
334,436
257,460
79,83,181
47,155
183,294,315
361,422
322,342
68,497
261,331
295,333
111,204
92,94,375
29,250
121,238,286
246,336,368
26,213
218,279
90,498
127,309
31,410
188,383
166,188,190
15,130
40,248,253
417,472
229,266
105,148
285,449,454
216,372
342,498
100,360,466
14,76
98,114
150,160,477
247,478
229,384
16,105,152
215,368,413
142,291,350
86,194,411
316,370,420
61,101
81,163
125,198
12,194
180,182
108,383
63,253
83,260,373
25,229
62,186,287
202,420
235,361,480
263,436
51,471
21,270,399
70,238
163,183,471
10,95
124,251
23,101,493
115,136
200,226,311
147,148
46,191
7,11,78
410,492
186,359
164,183,247
24,30,389
317,401
266,274
50,314,434
163,266
134,245
190,344
24,104
94,235
182,214
13,296
113,297
36,123,203
239,260
123,243
208,240
124,348
117,187
58,61,452
220,241,285
136,200,230
145,284
123,414
13,137
109,303
195,197,461
38,370
11,123,134
28,353
259,346
158,314
23,385
24,378
45,393,396
111,121,483
257,284,430
141,401
5,128
131,193,204
92,457
13,245
43,301
43,463
310,313
68,168
170,296
256,350,366
127,376
75,220
90,113
459,481
37,248
11,445
45,51,349
216,370
39,181,215
411,424
325,419
262,480
383,394
153,293,423
178,235
137,240
53,207,321
124,435
368,420
203,304
197,401
103,404,489
60,283
119,194
245,270,337
26,428
35,228,233
217,400
22,200
50,348,451
66,71
166,461
39,286
130,382
149,384,414
301,393
240,347
381,393
349,456
385,434
40,52,337
65,79
196,447
378,418
116,349
33,235
37,144,247
84,204,350
229,443,487
142,288
182,219,344
323,486
377,478
126,150
138,192,354
195,430
242,307,472
299,424,452
132,284
261,351
447,458
2,194
233,266
210,353
289,485
143,231,443
378,469
11,368
11,79
225,357
285,445
297,362
275,348
17,405
11,46,47
348,378
64,121
291,344
326,441
168,243,460
68,383
90,194
59,435
136,192,388
187,484
357,434
365,424
79,321
327,412
236,360
279,462
58,289
60,225,326
152,289
64,281
451,478
91,317,465
183,232,409
27,201
25,165
8,72
55,150,367
150,297
150,176
287,364,449
202,393,447
269,399
94,104,399
14,137
133,493
156,441
169,359
17,316,414
124,409
75,85
282,427
109,477
298,348
87,430
13,68
246,282
304,326
121,465
155,432
215,306
304,443,457
79,396
35,89
216,449
86,167
107,348
43,334
50,192,345
62,191,337
234,375
243,367,449
112,483
233,236,271
139,239,421
316,372
390,436
151,161
12,225,324
32,194
234,258,377
167,441
281,455
115,144
239,266
156,300
111,126,442
127,374,490
62,106,140
254,268
163,348
315,493
222,490
124,446
347,453
86,351
64,198
118,264
106,265,473
32,90
262,290
66,306
133,291
121,236,280
132,153
51,137
71,179,204
91,167
19,433
105,347
54,372,467
81,159
158,213,426
227,345
201,204
170,286
445,488
147,341
180,339
207,372
395,487
158,176,493
61,490
21,77,396
271,285
97,148,160
78,312
26,320
11,161
404,460
121,329
101,463
18,48
107,159
2,141,409
218,377
67,444
208,452
236,288
64,136,224
219,277
348,390
73,122,475
257,340,490
242,283
99,277
64,68,448
265,391
336,493
303,427
86,411
46,212
9,296,430
372,426
163,337
276,351
315,420
17,319
98,194
212,457
47,334
30,351,361
69,393
71,138
94,278
128,253
230,277
10,279
276,307,417
170,244
180,269,276
147,295
20,175,416
64,472,500
27,184,431
136,454
112,125,287
239,366
201,443
2,60
130,224,287
44,116,380
268,401
427,443
183,189,312
247,468
162,348
149,409
137,339,353
223,237
81,253
193,197,410
99,171,395
146,230
187,217
142,344
87,429
161,339
27,127,402
211,423
102,416
360,456
193,497
10,234,247
100,276
120,376,411
57,167
33,159,458
200,470,493
213,228
428,432
98,373
344,410
20,97,181
67,84,249
13,209,369
125,267
44,471
195,451
96,406
42,307
267,451
177,292
38,375
76,230,476
88,143
97,143,436
283,441
198,272,314
198,446
90,304,385
267,290
43,86,400
141,142,297
289,373,437
120,492,499
94,486
248,267
299,363
434,497
134,340
190,203
158,429
351,447
308,360,491
118,444
82,274,376
218,380
106,423
184,414
80,228
260,385,491
97,209
109,175
150,228
238,306
21,186,378
260,385
191,207,496
50,189,338
163,307,373
423,432
31,140
374,441
183,442
341,455
7,294
4,175
8,242
289,347
369,398
101,309,426
479,491
227,458
343,353
268,382
282,421
314,322
203,208
67,415,437
217,398
39,176,366
47,294,393
208,350
210,332
225,291,483
126,421
111,225,288
31,467
124,230
143,263
39,247
23,68,421
83,401
277,298,383
36,88
368,388
5,347,423
168,187
21,457
189,300
137,271
121,416,447
279,491
203,240,457
151,191
18,310
155,313
206,233
23,260,371
334,362
68,114,448
374,432
92,311,429
102,214,489
84,134
267,281,375
68,242
51,103,424
5,388
113,240
39,369
11,313
13,17,490
423,444
304,416
124,425
99,189
25,52
129,264
336,353
155,228,432
362,476
245,321
140,254
283,464
168,438
42,390
249,260
190,334
15,209
9,147,496
53,79,234
184,485
236,349
10,251,442
154,457
154,210
236,333,497
2,403
315,350,465
102,263,272
138,212
309,493
164,281,327
151,443
47,62,63
349,497
64,245,254
200,353
79,122
220,360,499
148,194
182,424
241,265,269
56,173
37,248,449
243,393,476
290,341,380
189,200
407,464
22,304
36,337,446
340,406
260,329
169,216
301,361
66,71,343
20,205
73,240
374,500
30,464
19,345
478,481
62,375,415
421,425
31,470
174,291,373
247,453
109,288
18,372
111,260,371
88,128,478
211,264
178,215,477
69,198
105,307,487
62,240
127,443,492
208,251
285,315
199,246
182,331
164,206,375
452,482
156,468
2,437,452
119,352
121,195
91,149
274,345
196,231,270
208,221
5,386
106,114
95,313
296,297
332,400,433
54,71
178,193
208,247,393
208,264
177,178
59,340
90,333
73,95
59,468
156,471
70,231,277
124,494
249,296
85,126
384,386,400
211,274,331
137,199,391
75,357,428
130,238,437
54,431,489
75,167,198
180,230,389
90,397
365,389
88,124
99,162
124,249,467
366,440
56,212
235,297
312,355
297,342
95,311,433
241,277
31,56
223,310
91,105
24,321,327
130,141,395
161,331
304,317
6,138,315
218,301
127,229
116,407
333,444
141,288,297
61,106,202
140,214,270
21,55,354
200,295
1,158
151,401
85,127,338
63,377
443,450,485
84,175,392
50,496
146,242
31,406,472
2,187
21,40,302
288,292
239,361
64,142,198
40,419
154,431
276,466
12,26,416
169,298
14,289
258,316
448,457,467
330,369
195,378
186,415
397,429
34,259
156,240
275,416,498
96,208,334
6,33
295,459
200,253,284
167,423
110,480
100,390
338,407
66,364
97,294
61,345,480
430,486
151,361
178,292
125,198,284
313,448
31,352
301,498
126,322
1,97
91,366
31,241
85,125
169,254,405
48,165
294,300
85,158,274
238,303,320
65,425
238,274
164,473
19,476
332,400
10,173,195
135,193,301
104,263,338
99,208,240
11,268
164,186,487
28,82
192,386,468
65,141
152,335
120,135,296
6,500
257,329,407
104,417
13,97
276,345
207,260
235,370
36,396
160,179,266
178,181,330
95,213
46,147
193,308
91,438
183,211
20,479
66,332
197,304,395
182,441
237,252
169,407
42,151,408
343,347
217,319
95,224
140,223,480
409,473
76,423
96,325
121,134,203
23,287,499
85,271,435
137,351,485
89,101
245,380
4,121,225
247,393,413
13,95,423
186,438,488
210,277
246,326
50,387
117,249,285
82,318
251,416
224,246
194,257,489
249,326
88,295
31,38,373
141,326,332
204,347
336,450,465
169,258,315
74,270
48,236,344
166,201,358
143,402
87,322
287,397
71,361
189,362,416
172,275
12,69,288
297,448,462
390,414
34,210
16,315
86,256
221,243
245,475
243,367,438
111,156
184,339,463
66,421
220,378,439
134,358
146,472
6,136,436
81,285
89,201,261
255,309
206,469
115,342,390
134,278
272,438
1,67
95,389,459
268,478
160,336,370
3,292,443
212,267,417
156,396
38,402,408
388,411
22,139
197,483
95,361
94,302,425
317,410
173,287
30,133
295,459
113,429
196,333
158,231
8,38,468
218,220
62,256
95,238
169,312
88,460
47,206
83,349
19,231
109,157
437,481
183,334
111,174,232
253,488
216,412
288,497
336,410
157,221
198,297
82,226,381
71,329
14,29,435
233,449,496
35,202,210
318,424
39,335
266,425
155,418
196,436
74,280,301
317,391,439
108,227
132,417,453
36,468
107,331,402
45,345
406,500
91,228,326
145,183
112,128,241
38,469
284,412
102,119,257
151,484
20,111
379,409
193,318
56,450
189,241
322,419
129,337
314,427
163,309,422
70,374
85,174,266
127,261,418
79,195,296
172,371
95,211,416
42,94,466
314,462,500
291,363
117,251
408,445
164,247,305
138,369
271,488
88,463
363,401,498
38,419
230,394
248,336,348
387,487
95,374,492
386,403,484
256,358
193,272,409
134,488
230,472,500
395,421
124,492
214,363
450,499
51,184,229
118,240
131,218,350
463,479
70,95
190,397,435
33,351
158,479
194,489
219,275,467
57,198,306
53,426
67,304
94,248,290
322,360
26,241
66,278
132,417
77,130
248,425
13,174,255
304,456
87,342,443
351,416
309,470
119,450
309,384
272,429
295,488
327,462
353,388
215,430
100,331
204,395
140,261,263
77,404
40,164,368
220,478
235,358,446
66,386
35,363
107,113
28,288
261,382
72,395,487
62,221
249,495
32,48,324
74,83
96,195
159,417
156,347
114,145
202,327,331
149,256,414
147,178
268,496
74,173
63,247,455
224,466
341,420
2,234,236
20,22,366
82,313
371,492
48,243,323
50,180
35,177
25,474
90,326
376,444
269,296,400
204,224
108,121,238
2,243
291,495
5,404
357,477
119,378
117,493
423,484
70,360,368
32,264
94,245
80,166
19,232,381
195,358
319,443
47,190
103,476
101,234
76,190
112,169,348
19,336
288,366,401
66,253,386
107,225
101,256
262,269
142,287
305,496
4,145,324
231,445
99,117
3,179
359,459
13,217
251,265
338,453
356,453
74,282
100,377
86,261
24,135
124,412
293,351
373,495
22,151,342
216,445
289,411
363,368
190,225
8,15
485,489
234,393
224,327
57,179
55,372
54,183
1,322,416
233,252
383,462
156,431,492
145,379,384
40,437
199,295
171,172
360,438
10,33,80
252,465
200,382
226,376,476
53,285,453
102,258
209,403,414
42,56,365
153,500
310,333,398
102,381
231,494
228,347
279,310
104,183
348,401
217,225
40,75,378
102,339
191,346
153,299
73,221
12,253
289,478
146,197,405
257,482,484
88,444
184,224
307,432
109,213
124,393
14,101
36,295
226,386
273,361
138,237,489
112,446
71,184
107,257
45,65,118
210,458
78,113,200
112,449
5,339
61,384
103,404
6,35,43
92,415
169,326
263,307,369
5,56,153
412,425,475
14,338
199,382
289,455
11,170
56,70,143
164,395
124,157
154,235
157,478
66,95
390,462
254,363
9,133,362
151,335
336,382,455
179,282,409
175,402
12,263,321
399,440
114,193
153,256,258
1,22
35,345,374
38,329,415
69,85
60,117,146
9,12,197
208,344
160,353
144,197,407
217,311
476,495
244,263
151,484
51,473
37,358,493
138,374
25,301
296,373
314,366
240,256
142,222
295,326
44,113,486
173,188
301,498
183,265
52,232
364,435
416,468
267,295,334
35,185
12,64
184,444
231,406
97,117
296,362
195,362,394
12,126,431
141,236
124,441
7,234
75,383
260,498
370,486
216,268
207,464,478
105,236,447
269,308
311,345
211,470
29,40,300
118,311
93,373
31,219,488
167,217,332
224,326
236,342
68,70
248,296
145,448
39,60,167
325,450
137,259,390
133,395
83,479
132,411
188,459
249,357
18,64,336
333,371
29,189
463,489
124,405
37,171,429
123,136
76,167,499
8,408,417
306,385
55,188,292
52,411
256,276
27,367
331,391
16,494
108,276,437
137,376,489
52,55
14,200
326,362
293,476
304,344
34,66
62,254
296,340
194,219
233,266
90,171,350
192,325
47,315
34,51
345,354
4,6,278
26,483
252,394
487,494
268,454
353,404
183,195
43,312
268,283,454
7,348,442
32,399
36,409
216,381
41,439
279,303
121,342
202,226,489
154,373
246,337
253,439
106,243,428
25,210,426
38,208
121,466
184,271
144,500
11,202,234
54,463
140,217,336
88,425
308,329,337
118,250
260,287
41,123,312
200,369,487
288,423
477,488
112,341
44,122,264
265,382,474
157,186,381
239,332
28,422
258,342
224,346,403
174,423
48,309
430,479
58,91,243
206,290
104,233,321
81,216,439
24,70,481
281,315
226,403
266,440
75,104
129,293,411
23,314
410,440
345,379
61,376
151,347
228,244,382
54,368
69,106
211,230
230,376,485
70,299
221,337
51,320
71,89
189,393,399
38,150
20,36
108,232
120,378
192,455
237,353,441
222,342
286,367,429
200,269,433
26,120
15,291,429
296,313
231,408
213,329,398
180,307
131,378
42,229
251,265,437
281,341,441
140,447
364,442
424,460
342,465
409,497
236,439
203,397
192,493
124,318,343
162,337
78,465
331,452
62,281,452
267,283
81,464
166,470
256,389
47,188,220
111,209,297
97,251
108,341
51,147,177
9,132,174
252,384
74,127,493
13,182,202
60,436
175,466,491
286,398,442
145,175,225
153,458,467
268,430
32,467,471
25,408
46,183
12,442
83,361
281,413
29,327,496
94,156
118,163
259,463
458,490
67,249
217,447
28,88
241,284,464
179,230
120,226,487
47,233
77,283,359
165,323,499
38,140
50,397
165,294
15,366
187,319
208,315,445
40,257
213,334
221,469
91,117
190,417
75,237
365,414
262,309,311
320,349
11,270
282,420
194,384
248,264
137,383
197,307
36,70
49,53
158,334
85,298
77,250
192,339,433
325,350,390
296,420
353,389
263,422
365,490
118,481
173,264
92,290,422
72,286
255,320
218,300
80,101
61,187
266,341,346
185,231
151,167,230
16,163,459
327,415,475
87,377
85,167
17,25
154,187
98,258,462
448,463
38,56,61
345,433
244,491
73,353
47,247
27,99,308
246,256
134,471
26,484
172,466
323,332
21,364
29,46
278,433
93,109,179
202,458
251,263
337,392
49,407,435
13,116,492
38,305
190,227,294
321,475
110,116,285
47,150,486
12,373
211,256
57,224
178,243
167,316
188,439
247,449,481
226,489
11,39,295
153,309,456
39,276,441
107,355
199,365,486
231,362,393
15,84,462
214,266,418
232,357,429
450,456
83,429
67,313
59,70,200
198,415
20,277
4,383,456
30,119
130,416
156,380
187,473
3,451
89,447
59,120
161,169
318,409,495
308,396
145,379
66,462
49,303
350,497
66,304
220,341
48,116,431
9,279
360,446,453
118,172
207,412
470,492
96,386,498
33,192
211,408
49,295
289,467
140,214
32,204
343,396
438,481
172,232
54,165
128,345,478
100,391
81,485
319,436
61,467
38,211,311
88,215
177,225
397,446
251,255
69,371,381
200,261,443
284,446
285,399
41,260
143,369
133,479
13,261,311
92,327
449,470
72,318
178,210
111,335
104,415
130,289
129,380,451
240,295
136,256
153,182
146,386
108,265,329
5,339
115,433
64,392
75,134
29,118,407
55,242
309,478
13,38,50
229,304,335
99,216
238,288
368,434
9,11
129,424
223,336
194,436
47,91
302,311,433
119,474
218,324
21,245
277,426,436
84,282
124,166,492
71,87,211
196,273,360
412,439
31,187,476
74,236
79,372
107,365
229,414
27,450
280,495
249,430
130,196
186,361
228,494
14,387
344,494
178,203,224
117,166,193
255,380
10,294
34,158
146,223
76,91
289,358,476
84,424
63,213,376
373,429
16,54,126
106,422
8,394
224,362
350,361,437
165,292,485
251,305
32,246,306
20,395,491
181,233
32,39,388
262,347
217,311
328,430
295,356
123,248
26,265
211,334
164,356
204,278,463
224,300,433
210,404
123,164
58,464
43,261
401,498
341,455
374,386
55,109
122,264,266
273,401,456
72,98,141
10,46,300
332,470
143,160,384
280,450
6,115
233,289
14,278
39,171,366
159,406
298,430
19,408
235,393
301,432
82,121,174
67,143
118,216
381,471
10,195,380
300,347
165,263
33,340
343,489
282,395
17,371
128,152,342
8,241
116,400
92,449,473
85,107
269,342
85,453
330,400
78,124
210,376,411
113,412
22,55,301
67,442
148,184,257
99,396,445
106,314
14,63,305
209,323
344,404
225,314,395
323,374
197,342
58,367
106,286
75,301
41,61,343
15,39
83,335
228,272
134,283
286,458
73,313,490
149,338,418
49,181,396
21,358,409
170,241
132,164
61,277
321,380
42,120
147,293
71,421
172,184,470
262,436,500
314,379
63,134,327
125,157,195
227,329
85,478
195,285
110,189,441
10,329
249,360
21,286
104,230,427
102,309,431
46,85,235
15,191,480
406,480,484
306,439
159,427
201,371
68,227,386
300,495
46,321,342
30,211,268
16,212,415
372,451
62,267
10,348
58,242
429,462
144,208,299
320,393
54,376
194,239
31,73,103
19,54
241,464
64,73
143,207
39,289
393,495
5,121
167,292,353
11,267,478
104,476
58,116,394
3,390
197,492
337,365
210,244,265
56,451
170,225,498
127,400
272,304
187,339
405,425
240,334
198,428
105,150,234
162,404
106,279
24,44,446
73,391,495
164,237
99,305,451
236,327
24,425
263,343,351
51,334
10,380,446
50,480
24,285
83,244,373
253,372
28,307,445
280,390
234,250,393
199,383
172,432
153,219
199,230,315
14,397
136,214
225,373,410
44,258,272
122,339
74,105,475
132,163,413
213,263,280
4,133
402,418,434
129,207,446
133,228
167,484
83,218
61,420
85,122
116,315,441
20,228
86,327
310,420
201,486,500
205,244
7,359,445
429,496
33,155,165
104,439
215,351,499
120,198
228,427
278,465
15,332
213,457
85,242,408
241,282
67,455
216,425
88,235,396
4,28,55
7,11
83,118,465
144,457
37,479
141,463
150,409
43,165,494
63,315
106,286,350
176,181,345
16,386,475
17,86
10,270
255,376
77,452
160,458
98,109,379
63,247,284
216,396
60,421
103,147
271,454
88,325
8,444
326,464
3,230,442
424,486
1,73
16,191
273,366
381,472
47,86,299
104,212
279,348
101,159
90,342
310,468
253,266
135,308
245,319
29,156
34,127,433
9,401
275,428
111,115
23,313,326
6,309
85,468
47,278,482
203,340
293,368
157,333
91,236,440
115,489
42,458
145,279
136,308,435
150,442
234,315
2,27
216,412,488
43,153
50,144
141,171,273
173,348,399
