37,251
5,328
247,393
329,386
175,462
108,121
201,333
393,434
176,196,456
290,298,463
38,173,325
262,352,445
63,478
476,480
333,437,455
96,375
378,383,495
241,288
409,436
94,160,195
181,339
185,253
50,216,234
338,445
313,372,466
198,489
220,232,411
60,216
85,265,313
186,499
69,356,430
58,480
15,92
204,441
168,361
292,345
98,139
71,443
388,411
261,276,450
165,184
302,331,431
231,301
300,469
343,379
187,232,289
179,283
53,239
31,56
237,292
38,40,228
224,347
86,338
100,310
232,286
185,191,215
261,319
36,390
32,112
50,55,309
380,487
307,356,370
240,463
135,296
152,261
117,414
46,350
353,407,440
260,489
190,281
220,301,472
160,235
71,147,264
49,77,223
181,407,418
198,497
309,467,499
243,392
201,325
84,347,452
54,481
68,265
152,479
200,350
434,451,473
127,306,498
15,174,319
67,160
134,140,336
61,184
306,472
272,389
165,362
108,472
433,467
161,260
184,378,479
110,450
123,270
5,92
41,189,492
224,312
218,279,474
55,93,465
279,420
8,233,269
149,244
44,441
165,205,341
224,241
5,390
27,222,259
119,434
145,209,385
169,296,312
115,204
46,135,260
269,287
277,460
89,296
235,438
237,329
32,431
144,253,473
32,50,293
60,199,296
192,355
354,494
52,390
197,464
199,311
100,306
31,333
316,374,496
248,486
167,263
54,122,313
15,102
221,223
225,391
69,420
248,263,383
140,445
61,345
92,237,407
37,405,419
178,302
126,188
27,243,293
300,398
94,350
283,314
95,484
42,440
92,316
237,477
2,325,419
133,328
34,83,465
22,431
9,167
244,248
246,417,430
152,232,402
318,364
50,357
208,283,476
122,278,442
115,211,364
8,385
72,353
48,156
83,473
282,292
79,317
140,424
47,392,462
1,268
267,370
28,352,475
28,197,257
5,351,419
185,359
49,66,216
193,227
195,406
229,434
108,308
21,128,264
140,203,490
281,286,342
143,145
228,310
69,181
87,126
304,350
203,346
179,189,202
206,353
360,382
192,339
231,449,481
42,209,379
158,420
125,274
323,401
282,341
240,296
72,73,124
217,457
10,456
158,496
196,217
272,349
59,278,375
6,431
245,460
1,293
266,416
51,107,302
205,485
244,336
264,430
58,74
181,373
188,475
100,198
86,243,388
225,381
186,354,374
83,202,293
154,226,333
161,219,450
28,201,332
236,499
168,375
280,288
157,160
346,415
284,287
50,486
105,412
24,118
213,271,291
237,266
59,308
129,249,276
394,410
120,446
313,439
340,341
122,127,219
21,27,310
90,461
232,284,454
271,490,498
49,348
60,267
35,198,419
310,319,410
297,315,326
64,175
410,463
341,435
320,484
228,251
29,340
18,311,470
179,331
9,51
56,131
16,230,341
88,445
359,416
220,340,494
75,218,230
154,176
28,53
76,156
99,498
72,413
41,229
128,146,477
9,35
75,383
1,117
47,139
130,176
351,482
339,399
228,462
111,160,323
72,138
312,383
10,17
189,246
119,448
21,441
201,455
16,80,288
80,122,244
32,250,429
107,170
177,293
253,303
190,278
214,236
70,454,463
456,497
54,311
29,435,473
30,76
308,353
155,451,453
173,189,273
210,407
51,246
103,286
57,387
188,235,498
285,491
20,299
82,373
269,475
205,366,497
174,347,438
8,26
326,353,432
247,490
42,142
129,187
48,186,378
137,327
154,205,424
351,380
82,291,356
140,164,371
159,231,413
296,449
32,441
115,185,346
365,408
129,281
94,465
386,482
93,361
401,480
120,394,395
141,431
77,155
403,485
9,141
329,373
222,361,393
138,415
225,266
80,172,208
314,391
110,166,216
110,359,473
105,274
64,152
240,307,486
17,229
195,404
102,454
216,432,489
57,146
299,373
247,318
5,97
89,484
106,222,445
70,130,248
136,188
206,272
27,147
197,257,397
258,446,458
48,144
355,406
55,330,409
155,439
95,158,325
184,302,452
80,174
109,146,500
56,485
44,405,410
97,477
393,499
156,442
270,487
299,428
170,172,418
257,483
87,388
30,426,444
67,468
82,253
121,378
86,147,296
267,308
111,243
179,342
239,476
102,483
177,258,500
132,331
323,327,399
83,126,425
125,243,356
32,70
90,230,403
63,185,265
35,378
205,220,415
254,423
167,430
14,95
41,209,458
103,477
211,479
200,246
269,475
12,43
28,334
15,323
92,119
65,257,284
223,236
224,363
256,296
197,326
55,359,450
231,312
45,54,111
295,323,476
325,344,419
52,195
201,248,254
245,296
159,184
34,426
87,352
295,384
54,203,347
14,351
186,360
87,132,341
217,329
90,130
185,320
252,296,342
92,131,171
252,395
301,431
95,439
97,435
297,345
135,156
86,102,435
194,196,307
330,445
10,391
38,296
119,369
101,399
152,350
329,486
58,65
268,338,356
343,419
68,237
108,216,244
9,25
116,479
106,190
32,158
46,212,470
259,464
114,228
420,463
79,234,347
252,343
23,154
105,396,412
147,203,448
179,212,412
346,374
208,334
403,416
392,495
165,446
264,400
1,471
162,226
422,492
10,220,429
49,374
258,399
357,375
289,476
107,194,480
62,389
311,324
214,430
168,390
95,131
109,168
111,112
156,404
159,348
175,275,319
30,66
238,381,382
72,147,221
77,157
390,418
328,484
27,228
12,94
21,222
335,424,478
22,32,320
138,378
8,55,139
126,403
179,225,278
152,192
202,336
139,363
246,446
257,421
199,268
201,327
256,405,409
47,263
137,277,432
49,375,498
62,102,329
59,322
225,274
155,178
97,376
68,208,223
143,425
276,451
106,185
132,324
237,272
64,125,419
237,258,436
98,357,469
306,439
165,427
111,125
14,24
24,251
155,209,234
129,391,450
93,329,450
194,271
185,195
86,177
222,430
48,73
136,399
210,440
239,417,482
31,85
113,480
17,94,312
7,357
72,217
330,470
30,244
2,234
7,497
179,293
166,177
250,385,419
30,149
291,299
43,191
61,287
293,365
44,203
173,199,456
294,367
290,481
287,294,353
353,355
247,252
206,216,395
63,85,440
357,495
49,206,482
122,224,241
320,483
50,229
203,304,352
176,266
14,405
184,383
38,365,436
60,309
91,133,435
228,496
358,485
54,229,375
14,129
177,185,276
190,256
120,396,477
162,227
203,228,446
231,332
369,493
8,48,407
71,212,234
65,250,489
224,320
72,335
130,350
266,491
28,277,453
95,105,223
26,260
210,212
133,188,293
166,427,486
78,113
56,215
192,346
88,176,273
29,41,364
228,458
70,238
14,410
92,161,331
8,376
128,162,299
114,185
144,445
57,340
174,251
107,435
6,142
312,426,468
22,436
50,360
48,135
185,369
29,117
49,194
85,263,474
263,391
7,54,228
156,403
114,344
186,190,411
205,477
309,470
170,261
9,197
37,204,416
68,123,187
3,111
60,382
72,295,353
39,475
332,475
206,368
239,254,414
109,445,447
226,421
439,445
468,483
18,455
176,492
97,118,297
109,355
63,492
259,474
149,396
60,478
138,484
109,132,281
132,269,292
177,267
115,158
15,174,461
179,307,449
346,349
263,431,454
276,363,487
206,379
219,390
377,485
192,449,468
341,498
211,273,401
105,120,472
335,441
166,236
299,342,415
75,205
296,464
47,64
241,378,457
84,352
194,449,485
207,229
34,212
29,249,255
92,154,159
68,136
428,483
56,295
14,476
1,398
193,386
31,230,440
317,441
235,329
19,129,157
75,287
53,314
148,348
43,160
157,422
25,254
343,365
1,260
21,409
180,482
209,425
377,388
47,408
30,302,384
248,493
343,386
200,470
312,490
28,483
44,48,414
55,189
88,217
59,287
332,453
50,424
66,403
84,216,482
45,101
177,358
405,476
280,440
281,413
154,315
381,406
144,168,378
187,470,477
181,203,448
132,219
378,397
414,455
225,480
148,290,392
317,473
32,343,353
19,420,451
281,366
290,360
189,194,412
238,308
221,432
60,258
224,341,491
49,420
282,488
78,332
67,160
192,346
69,139,260
36,89
67,324
153,363,470
40,328
38,318,340
335,384
7,185
163,193
172,214,245
201,268
54,216
398,489
90,159,226
113,385
267,295,325
194,321
94,98
206,208,243
11,293
22,66
115,367,393
31,500
282,428
34,372
206,291
57,406
222,306
204,331
1,74
4,49,429
270,366,448
60,319,361
38,469
14,331
38,477
95,205,428
266,420
353,358
131,198,370
38,82
7,456
81,165
47,320
93,418
70,215
340,471
50,56
89,94
312,390
326,369
231,243,282
197,264
13,342,380
173,347
38,340
304,390
25,148
170,467,491
28,204,371
43,147,465
466,474
114,354
102,386
329,371
58,159,343
434,491
226,254,284
122,300
144,313
193,303
303,436
418,472
284,379,397
217,302
232,461
347,499
238,346
82,333
25,30,340
62,469
135,360
262,397
123,436
358,479
164,322,486
243,425
252,359
335,357,448
62,343,442
229,323
199,391,397
176,201
122,274
265,417
257,283,383
164,479
344,429,449
211,419
153,338
341,485
169,183,242
34,189
125,328
180,382
223,284,423
129,171,177
306,324
141,167
204,493
84,206
89,225
115,263
49,173,406
221,384
419,443
48,455
85,401,455
42,397
22,239,377
99,450
98,406,497
238,255
364,470
14,236,467
136,254,467
142,207
221,249
350,487
27,88
37,432
132,450
233,369
200,469
13,220,338
104,129
244,421
33,491
131,276,369
219,458
42,377
107,150,316
23,372
143,163
123,461
41,172
356,476
149,254,306
217,354
10,68,170
365,422
137,141,233
280,303
229,238,439
83,327
191,422
184,239
54,304
44,68
126,189,219
55,169,300
113,370
152,257
3,382
119,135,145
212,373
80,160
139,245
87,288
142,194
151,367
41,206,301
188,216,466
74,116,297
277,366
209,287,443
74,478,496
384,438
149,422
246,417
87,178
253,281,357
199,237,338
210,332,407
114,239,478
132,492
64,142,367
62,110,220
23,122
201,440,443
405,457
86,418
232,270
265,368
199,205,363
38,239,412
119,319
261,287,300
116,123
74,382
187,310
209,326
194,277,427
25,369,401
199,216,265
260,488
66,489
328,405
99,353
60,139
208,472
112,130
276,422
42,242
104,425
333,345
65,264
179,376,418
68,448
83,439
229,493
16,264
410,471
140,416
17,87
184,231
8,298
24,367
219,360
160,261,292
132,304
8,39,52
72,333,463
65,209,453
7,435
234,455
1,36
15,70,92
455,474
464,498
300,427
8,135,457
71,291
184,294,343
71,400
75,154,386
394,495
9,227,403
64,128
284,382
178,434
138,208
219,298
236,318
66,184,403
143,288
134,327,406
352,475
224,388,400
104,176,334
106,202
336,485
159,443
28,452
43,50
201,345
337,476
106,216,411
92,209,407
318,488
268,469
11,369
264,290
243,255
56,192,316
360,492
149,155,336
102,483
103,382
33,44,208
53,233
248,407
119,320
58,383
15,327
135,323
170,296
170,228,256
139,205
194,320
127,176
212,484
18,403
118,183,190
145,460
171,490
27,490
48,173
319,398
179,251,450
19,133
384,385
45,55,358
129,376
332,473
202,399
326,401,458
14,68
202,400,486
56,331
384,398
12,131,309
109,311
114,282
387,444
96,239
86,90
98,151,171
130,483
289,478
262,348,484
218,369
120,404
45,48
34,83
5,322,394
65,270
37,428
4,53
77,414
145,456
58,320,480
3,350
18,419
248,267
478,480
63,457
116,465
254,428
181,208,318
95,119
8,126
48,132,494
1,13,286
117,123,469
192,354
306,409,447
290,417
288,374
214,221
65,140,164
78,151,351
40,199,396
42,192,281
84,370
12,406
67,173
196,216
161,320,457
335,348
12,66
37,242,443
78,414
228,339
46,325
150,223,466
43,161,354
279,316
4,363
5,495
206,469
5,225
464,477
319,378
18,498
274,476
401,453
265,272,323
164,365
51,286,309
165,483
129,368
437,451
183,374
112,495
138,303,354
89,183,266
185,419
218,359
83,95,444
342,360
63,346
200,276
88,466
236,280
65,122,446
166,397
32,211
34,359
127,317,406
142,320
206,231
112,368
90,154,385
278,384
248,459
285,411
189,229,388
363,498
261,384
432,454,480
112,428
314,386
147,238,271
86,356
141,381
83,131,260
189,465
116,290
250,397,487
378,400
60,439
97,366
168,444
171,449
25,296
119,446
79,234
50,249
334,352
10,303
186,370
123,199
236,273
77,442
193,210
62,326,421
329,353
45,75,355
137,379,383
43,305
18,212
243,284,324
234,391
110,144
91,163,276
245,331
303,315
371,403
287,320,475
31,158,475
80,112
42,279,386
388,496
154,289
183,324
84,388
68,124
85,165
169,300
195,307,406
361,368
68,402
211,297
108,257
340,455
47,358,442
337,365
281,374
34,141
206,265
66,184,254
114,119
103,134,237
265,436
182,285,288
57,324
12,122
22,274
47,215,268
284,424
123,471
56,303,335
212,218,250
375,496
68,409
292,482
191,449
169,329
15,59
71,208
39,158,205
19,145
26,128
132,470
400,409
71,363
194,413
88,311,375
88,347,460
95,143,210
26,323
110,459
222,338,458
158,427
69,111
159,377
13,216
203,244
334,382,495
267,345
44,450
228,275
107,211,218
241,381
174,229,452
52,333,469
11,123
22,429
70,283
400,447
420,452
206,337
238,274
223,272
56,221,261
212,277
130,228
215,240,409
295,358,453
49,139
443,495
6,273
181,377
348,486
218,482
373,431
76,278
23,352
5,98,102
47,64,323
96,235,418
224,384,444
61,174
91,94,221
239,477
229,255,469
77,287
256,289,337
72,387
300,397,475
135,243
345,480
160,466
172,359
13,114
231,473
393,479
236,393
110,427
390,404
187,258
60,70
259,350
268,351
179,347
19,140
229,285
24,208
204,386
54,161,490
68,275,337
84,184
101,386,414
67,323,395
262,408
292,311
64,147,318
29,66
68,154,164
27,438
25,121,170
270,446
134,292
229,319,335
300,339
140,397,453
286,302
46,199,310
13,237
89,213
258,373
82,278
100,244
163,432
123,278
198,223,438
398,439
37,210,320
331,440
277,440
68,114,268
83,186
43,460
116,126
97,154,421
362,452
141,164
75,174
147,223,228
286,487
67,224
79,189,303
8,18,76
229,306,349
61,284
205,231,400
131,351
4,49
97,325
11,392
10,293
181,395,400
37,66,101
68,209,483
165,474
67,69
246,318,362
180,181
204,496
262,370
81,171
320,377
243,358
106,266,305
135,139
26,393
222,488
281,426
225,419,481
270,428
314,469
17,70,499
399,457
96,207,489
181,453
247,425
48,54
153,175,215
16,34
9,358
262,419
232,354,385
1,289,291
135,243
232,405
49,248,340
90,379
31,295
179,352
178,483
255,328
128,221
76,273,304
88,244
295,418
420,442
40,222
196,353
12,357
256,299,478
408,453
129,459,499
288,376
194,469
409,488
7,299
270,314
2,159
234,303,375
109,274,331
284,452
312,378
293,374
292,312
131,288
74,264,337
314,430
411,444
281,309
195,440
174,361
179,306
105,463
81,381,400
362,448
413,481
91,185,350
116,129,188
100,287
44,366
182,440
27,89,293
196,355
80,82,389
327,387
109,149
21,27
7,329
112,119,477
117,181
328,401
361,388
159,302
21,181
98,373,433
99,119,240
180,246
285,433
39,164
304,454
260,499
252,412
116,442
66,124
48,200
168,473
40,330
161,411
42,358,486
7,59,406
121,344,484
180,220,488
248,496
85,315
64,271,402
34,303
277,423
184,413,423
3,400
119,309
242,443
432,493
273,391
172,207
13,252
3,366
101,211
179,287
177,192
34,360
371,408
203,265
97,184,198
116,468,498
436,478
186,322
57,266
37,304
368,472
201,238
111,246
27,115
137,233,267
475,489
123,286
54,183,281
66,187,202
222,347,425
313,470
101,107,141
193,442
75,161,487
123,174,260
125,321,412
113,212,334
115,321,392
275,481,499
328,350,380
161,196
103,145,266
90,297,421
159,190
258,285,470
429,430
27,249
10,379
196,285
124,410
41,466
155,285
83,200,344
111,155,336
74,385
65,438
52,477
309,485
68,289
52,347,490
63,172,462
196,281,375
318,428
310,392
69,141,218
192,279,379
236,447
227,457
111,430
110,171,337
100,312
132,293
9,340,461
320,345
419,440
92,255
252,272
88,227
377,434
278,409
138,199
19,77,234
408,459
45,168,255
77,103,330
71,143,409
66,293
23,359
83,187
64,305
166,430,459
64,233
36,190,229
184,414
76,288
150,429
42,211
122,227,290
85,343
310,435
307,362
191,346
383,401,427
90,263
218,352,478
361,418
225,266,276
107,119,156
250,439
78,213,453
218,369,453
131,264,386
6,380,449
353,452
138,359
445,494
285,345
237,318
113,201
388,469
155,478
30,228
200,298,364
9,335
198,302,350
304,311
102,164,350
109,311
172,258
72,192,333
170,191,280
3,155
158,371
131,442
217,306,344
321,461
49,144
124,182,387
14,425,458
348,380,439
36,359
129,143
282,319
19,439
2,338,389
160,329,398
83,264,398
161,391
12,183,494
131,267,394
270,290
24,461
145,382
112,470
74,248
158,273,391
33,177
92,166
203,424
120,124
44,240
212,432
86,236
20,106,293
99,130
187,415
2,440
279,351
38,228
159,204,358
238,384
131,209
141,192,419
52,475
304,457
144,298,336
394,401
26,314,319
138,153
87,402
69,83
58,184
319,390
131,139
167,275
129,311,364
66,177
205,369
86,108
9,183
135,268,368
315,345,437
258,444,499
212,493
146,293
64,384
272,422,442
50,84
123,157
69,150,339
301,308
12,161
363,447,488
213,481
284,357
41,439
152,365
33,135
319,336
187,439
62,323
21,194,355
254,374
233,320,421
145,426
197,380
125,134
182,476
240,408
259,408
232,322
59,466
23,319
87,457
75,284,377
157,483
38,330,356
115,373,461
172,255
11,20
129,399
159,486
207,304,397
38,49
79,440
191,304
63,340,458
265,409,464
142,174,335
204,344
6,159
181,258,382
185,239
18,66,480
454,458
241,272
66,68
32,344
34,437
11,97
426,431
96,192
17,134,173
375,390
188,392
119,415,428
20,215,252
84,304,445
96,335,380
359,490
41,194
233,258
247,499
382,430
216,250
236,461
4,358,427
389,455
309,404,498
40,160
93,482
119,476
38,362
102,408
126,190,360
178,398
22,379,429
142,377
324,473
92,447
200,484
162,255
93,417
141,255,475
46,291
180,246
5,295
70,220
370,386,401
3,299,477
180,286,409
304,361
78,337
212,332,484
8,134,247
4,55,285
128,402,408
19,136
150,233
275,285
321,402
2,18,166
161,220,333
200,238,247
40,166,419
235,306
71,320,497
172,214
160,206
14,219,338
46,114,265
165,209,324
96,107
16,165,307
9,444
38,150,398
120,139,308
69,360,461
13,144,313
171,271
31,463
69,87
337,340
17,28
184,369
154,329,381
326,484
287,484
52,120
44,375,458
135,410
49,340
169,191,382
27,94,364
22,85,437
50,238
15,413
290,416
16,134
205,362
3,145,327
42,424
262,348,485
224,266
19,136,176
73,439,468
99,121,452
345,402
180,380
54,393
44,64
270,349,439
171,173,384
135,323
345,431
26,218
108,471
58,213,415
46,100
380,484
156,456
133,299
15,221
60,370
131,453
354,443
51,483
286,399
214,342,405
278,327
14,283
173,282
284,358
140,233,436
105,410,469
20,200,303
116,176,336
15,180
128,228
166,416,455
91,197,497
239,339
116,422
16,391
220,415
66,181,478
132,457
281,306
276,318
343,421
66,456
96,295,454
37,230,413
37,197
398,427
45,295
38,270,275
244,483,499
223,398
82,378
66,177,254
232,413
19,336
228,448
10,87
338,410
175,265
75,227,497
248,325
172,246
93,103,258
320,454
16,144,359
37,48
332,333,369
93,471,476
5,351
46,127
332,375
114,469
206,253
114,245
115,354,479
155,451
201,295
108,419
115,417,482
45,267
140,325
112,360
199,299
188,352,481
214,337
73,216,469
101,230
229,404
54,97
77,376
101,322,339
283,340
246,265
240,345
267,333,344
142,407
101,439
219,250
27,63,243
163,489
91,103
134,238,494
329,370
45,137,279
172,220
104,221
16,255,273
90,111
3,256
159,209
37,159,407
114,477
167,312
298,374
293,313
193,367
38,356
81,130,440
125,462
193,275
45,59,474
144,231
69,93,290
80,180,482
199,428
150,441,465
258,408
91,106,490
271,329
157,474
30,269,288
288,306,456
396,397
66,388
151,276
167,371,395
38,486
69,338
228,245,356
3,441
189,459
288,412
204,266,334
390,494
69,356
203,370,428
314,447
1,205,462
104,145
54,172
29,359,490
38,71
83,238,312
69,137
132,161
90,487
3,170,299
74,312,396
10,341,491
139,260
50,136,349
69,86
45,263,431
204,214
284,299
417,482
79,495
6,236
268,280,446
47,302,469
162,455
409,462
182,473
337,417
19,298
132,343
196,308
167,207
172,220,256
5,83
25,316,497
242,338
97,424
27,283
118,265
31,152,434
43,60
320,425
112,201
188,491
137,327
353,401,419
12,145,235
17,425,492
223,427
383,400
136,146,190
36,132
26,130
43,494
297,434
316,326
246,333,433
123,239,382
312,372,465
329,424
224,259
156,376,479
210,232,325
183,194
38,357
308,498
141,201
244,435
214,290,339
106,367
226,371,407
114,169
4,471
7,19
12,500
68,176
421,455
321,471
64,282,410
38,254
39,387
360,380
184,385
39,486
182,245
70,193
312,481
254,303
60,108
26,298
122,145,182
81,273
40,215,366
110,238
166,208
43,73,244
227,477
111,286
177,204
177,248,267
72,204
5,413
20,324,357
14,187
122,487
24,400
172,175
174,499
359,478
266,309
155,208
457,473
332,495
97,197
378,390,411
21,281
55,225
220,488
104,196
131,226
115,125,399
200,235
224,492
481,486
87,234,374
43,58
26,143
279,306,450
60,348
24,478
47,117,289
83,451
15,62
370,431
144,174
19,412
241,278
14,262
31,424
164,474
404,450
205,274
214,477
277,397
179,261
141,295
231,277
248,329
122,466
193,403
129,337
174,180,289
107,294
21,302
152,336
257,295
19,229
99,328,487
16,285
269,347,451
103,388,409
203,500
119,271
332,486
62,229
161,341,375
1,46,187
94,202
281,467
44,310
51,300,483
5,413,475
273,367,493
62,401
245,338
83,124,168
155,353,398
111,169,260
252,369,457
248,431
56,307,335
55,433
89,294
112,393,478
142,295
211,256
119,174
321,458
151,189
102,449,454
57,178,492
113,297,320
65,356,477
130,178
29,361,440
89,145
92,104,331
301,431
52,204,311
85,109
8,425
172,393
256,461
299,356
69,268,270
86,241,278
24,260
426,476
153,356
369,385
47,428
83,404
85,309
138,259
227,352
212,383
163,398
29,91
112,191,250
41,144,416
169,259
33,114
31,339
11,440
38,264
29,359
20,173
381,413
129,270,430
56,484
177,195,366
3,102
17,311
55,388
92,149
121,295
287,476
217,350
30,152
440,470
10,59
67,186,393
5,233
61,240
148,212,328
361,488
76,174
292,373
80,172,330
44,451
231,485
270,442
166,286,313
126,293,445
335,348
68,382
187,268
52,357
100,127
278,327,346
57,200
121,389
201,315,421
23,105,194
438,445
254,398
29,107
311,404,461
97,104,400
185,495
138,268,300
59,334
19,163
172,359
284,407
161,385
103,180
392,403
167,435
30,175,315
91,242
197,394,413
420,481
29,419
127,364,436
180,191
198,297,440
48,387
184,496
218,389
337,477
48,426
254,487
335,338
154,456
234,285,288
248,450
12,498
60,321
122,149,229
3,399,436
32,440,452
68,319
119,308,373
60,225
192,201,432
277,330,453
268,396
56,315
153,288
113,207
204,230
82,189,406
366,435
61,493
42,148,225
134,137
91,217,439
43,444
67,205
16,467,468
53,69
246,352,363
44,474
174,450
75,239,359
10,362,381
188,374
22,206
269,298,325
138,224
50,417
98,315
226,307,493
323,423
290,293,490
126,433
4,132,200
48,189
3,199,477
190,264
221,422,462
154,493
183,244,390
38,175
174,448
72,124
269,442
100,349
179,396,482
22,72,81
133,442
69,324,468
82,161
311,467
20,229,249
457,466,490
176,191
80,256
206,410
350,493
95,237,342
2,431
69,393
319,351
79,124,491
287,382
213,427
72,85
264,270,398
8,459
107,407,442
164,166
257,380
30,303
149,219,404
135,169,297
26,398
342,459
8,61
132,183,238
205,400,476
46,97
224,404
40,258
26,168,323
323,379
257,367
101,353
128,275
119,388
88,269
143,419
409,435
350,499
120,394
132,262
27,68,446
290,482
163,328
112,493
96,202
15,370
183,229
173,202,247
286,351,426
83,110,467
88,144,179
68,357,413
8,412
280,410
106,149
90,324
303,425
282,392,393
113,437
91,119,384
61,402,420
142,332
96,101,440
255,261
205,392
4,83,244
152,301
48,466
100,317,459
418,487
23,257,436
35,235
86,143,356
94,450
172,486
171,379
290,398
198,450,496
21,337,459
216,490
108,251
2,426,445
155,300
232,460
116,130
130,197
122,289,433
142,211,351
38,391
73,483
53,370
217,269
253,459
285,307
77,473
160,179
202,470,481
324,418,460
81,164
64,222,236
1,160
78,248
55,315
17,58
12,255,292
27,426
60,155,263
199,461,464
131,140
19,495
58,85
54,148,285
44,365
83,465
205,310
351,432
184,188
82,304
53,417
194,388
79,133,375
190,288,490
348,449
112,319
94,457
70,140,310
201,302,395
14,189,401
314,329
76,460
45,226
254,270,445
16,303,313
72,109,373
138,290
34,65
13,248,462
276,317,460
144,278,494
55,77,364
248,299
27,416
124,372
1,286
116,236,481
20,161
14,368
5,11,98
108,187,417
33,125
105,274
186,235
172,477
174,282,361
176,423,437
175,348
56,335
141,166,192
376,439
119,296,321
131,358
10,136
151,230,370
324,406,439
299,373
346,373
243,320
82,186,247
33,85
20,115
224,229,276
266,354,465
186,251
163,376
42,218
292,336
157,429
277,432,486
55,160,189
244,298
81,267,389
55,134
255,430
45,177
379,429
80,337
127,450
209,472
367,481
287,369
249,372
213,279
19,29,146
196,459
165,201,240
163,411
145,382
188,347,491
399,428
128,409
16,219
64,278,439
228,393
64,319
239,286,430
214,289,365
78,165
79,249,499
15,417
166,419
40,108,274
259,356,469
174,281
26,213,380
19,364
59,146,404
64,346
186,346
69,147,310
38,272,471
9,445
4,306
61,201,480
106,458
12,226
21,270,446
43,144,288
79,136
174,218
346,428
111,126,474
73,312,492
80,281
69,215,368
6,78,315
81,315
279,350,355
13,151
334,419
197,342
54,151
356,428
150,193,312
102,338
355,387,465
86,367
191,310,340
266,441
76,372,433
112,180,482
72,207
300,360
133,158
170,214
202,203,277
55,133,241
25,219
134,190
381,497
300,477
106,492
179,285
57,420
122,317,327
60,276
2,33
236,280
71,321
72,279,479
314,376
335,421
261,403
14,401,435
15,454
106,155,298
456,465
290,362,420
288,406
299,333
212,387
40,76
13,436,500
319,464
394,398
245,260,318
185,391
66,135,142
212,248
42,386
295,315
174,176
146,475
69,398
75,201,268
55,216,244
195,465
17,445
199,346,427
260,378
61,217
315,345
75,213,277
198,303
1,283,396
21,138,181
153,231
260,393,476
125,339
52,270,498
239,333,427
334,430
20,230
1,369,434
131,225
173,269,490
43,298
299,428
226,389
153,292
323,377
193,421
349,359
27,314,476
53,70
78,227,380
142,360
42,443
41,121,470
332,437
26,270
214,275
110,216,322
60,80,334
300,462
241,433
351,419
169,499
270,478
6,390,399
244,445
210,281,428
375,491
183,302
366,499
219,269
174,302
335,430
9,185,315
180,370
2,328,377
215,367
38,337
80,82
53,464
132,146,412
67,460
18,99
187,199
41,253
147,282
149,179,306
37,113,344
104,266
19,251,390
28,343,497
209,443
328,436
28,454,476
32,449
227,480
240,451
290,365
284,434
147,211
12,186,499
281,434
114,260,264
270,354
138,234
9,45
2,348
19,286
156,157
110,253,266
130,449
157,445,500
108,447
154,370,497
362,382
327,383
295,358
46,115
6,307
103,268,330
67,264,423
23,350,358
124,266,468
160,278
59,346
90,333
374,378,418
307,455
144,187
121,379
45,209,348
272,400
14,135,410
357,457
287,455
133,420
72,227
81,230,460
198,474
237,315
38,340
210,458
53,258
16,134
156,334
295,307
178,451
242,294
59,196
8,64
12,79
3,119,162
185,407
3,80
77,122,354
114,180,361
373,402
37,38
329,379
354,380
1,428
78,166,263
77,178
86,429
188,320
14,26,478
278,437
170,298,473
89,336
201,271
16,87
99,114,405
114,160
102,295
415,468
157,160
215,331
334,494
213,424
38,239,448
227,430
127,224,235
93,430
137,227,373
98,132
51,192
15,384
306,386
77,400
171,333,429
160,226
51,121,297
10,356
239,314
280,487
75,162,292
2,424
50,77,473
80,128,319
13,271,382
99,400
329,344
59,296
208,423,439
99,121
104,341
254,403
67,366
159,488
81,405
9,42
106,425
354,490,498
330,361
48,217,232
57,149
35,150,487
87,238
46,286
68,156
314,415
199,477
109,473
156,285
327,452
179,313
298,334
47,63,111
33,180,318
1,369
120,175,246
326,419
69,318,382
7,394
37,141
135,452
171,455
198,370,377
144,348
7,318
141,230,394
339,462
218,463
126,232
324,387,481
121,192
210,325
22,271,406
95,478
23,484
108,447
34,51,317
278,309
161,320
258,265
328,489
59,183
25,166
167,277,316
12,249
273,439
172,265,442
35,257,302
31,285,370
337,412,465
4,57,122
138,256,399
84,378
81,369
222,370
352,454
145,273,470
123,299
204,448
254,388
167,287
47,259
81,385
17,126,359
178,383
69,114
305,440
164,497
55,356,383
100,124
101,416
138,402
40,74
242,334
108,342
50,492
7,294
361,495
3,301
258,420
181,330,412
145,180
170,349
34,309
55,450
190,324
109,174,406
271,312
104,190,334
218,284
133,156
159,343
179,440
274,311
120,309
312,433
18,96
447,477
122,173,456
104,141,203
112,114
449,465
424,427
55,234
43,168,420
195,379
249,335
107,322,475
9,61
146,299
18,45,496
280,341,416
36,136
269,314,373
372,444,456
20,50,346
277,436
22,109
46,170,321
62,353
343,383,497
257,358,395
95,314
58,368
20,169
259,428
182,450
75,496
121,331
26,471
333,343,379
84,90,364
261,439,444
66,90
4,7,190
228,322,430
20,186,224
77,420
302,391
264,317
10,313
254,345,351
164,232
234,309
100,391
185,262
109,368
27,390
50,82
93,342
63,135,382
250,257,382
76,87
127,198
257,262
199,472
193,496
27,259,344
327,410
283,460
421,423
99,242
104,311
171,449
75,258
15,19
359,464
348,395,463
33,69,402
12,251
122,426
76,444
141,148,333
122,149,249
72,171,302
21,92,236
147,301,461
291,301,409
22,180
173,455,478
72,383
53,211
179,293
80,291
114,251,324
129,437
283,453
54,346
53,298
138,174
81,325
60,434,442
223,491
228,260
243,327
162,289
402,444
337,342
131,498
141,355,395
67,144,426
11,350
53,371
462,499
155,327,426
186,241
225,425
82,308
23,184
48,484
70,453
355,480,483
69,321,356
263,355
86,136,400
112,473
121,159
59,247
127,366
16,304,422
193,437
70,154
155,225
46,271,356
140,262,295
254,259
313,353
338,360
106,161,337
42,61,320
209,358,381
97,325,463
8,122
197,311
273,438
101,331
136,195,467
411,500
26,363
18,258,499
258,362
232,242
258,339,427
117,365,418
44,205,388
216,374
174,333
257,367
125,325,411
209,307
68,125,153
2,240,386
87,375,426
64,119
346,500
219,379
217,420,481
51,495
132,238,284
468,473
79,260,401
65,353
223,472
17,408
232,419,454
2,416
74,220
33,256
387,395
30,354
221,222,410
221,338
185,226
414,419
358,485
37,221,347
85,259
128,254
262,329
26,95,259
19,173
345,483
98,150,419
162,283,464
143,296,428
72,207
56,299
422,499
136,215,305
107,281
249,278
60,170,260
315,485
30,465,485
44,462
112,446
86,93,410
53,303
176,359
433,499
85,432
245,250
148,190
240,351
142,144
4,343
122,164
118,317,387
190,400
38,340
39,93,387
98,242
115,271,399
172,278,294
97,440
148,274
93,481
117,393
17,163,412
237,246
15,82,133
245,361
397,408
144,152,361
29,234
235,335
21,117
49,130
187,447
65,97,371
32,37,63
154,247
84,445
103,150,407
258,469
148,450
102,401,407
328,457
8,306
17,405
193,407
32,35
4,346,498
147,208,275
51,69,361
137,179,472
135,252
269,433
69,363
199,301
54,411
144,269
113,479
213,451
229,260
38,278
230,320,398
7,154
227,275
34,211
102,230
103,283
139,286
51,228
87,97
269,350
115,225
76,188,346
297,325
306,435
16,168
97,168
344,360,373
94,376
194,267
129,465
59,79,255
208,220,446
252,311
176,418
445,473
89,130,357
120,436
131,454
216,400
83,498
65,395
332,496
15,170
95,123,356
16,353
195,259
52,216,467
31,71,169
90,191,334
272,347
68,252
24,373
14,76
44,393
66,184
120,181
257,409
283,436
211,475,497
89,140
133,136
126,195,285
48,251
205,319
28,370,427
204,230
385,417
267,275,473
153,289,301
272,329,492
61,360
76,178,354
402,418
141,434
119,468
140,200
56,193
116,375
53,201,212
282,444,463
136,449
101,211,240
101,493
60,103,410
118,170,476
60,74
64,122
174,215
270,450
37,56
67,388,421
72,421
7,157
92,454
30,468
114,283,323
41,76,163
13,423
60,80,117
285,473
159,166,193
28,335
168,234
254,328
54,303,387
160,312
297,386
324,450
226,386,475
83,300
181,264,477
19,354
210,320
187,212
145,322
339,458
415,418
1,147
203,245
129,490
132,258,304
223,301
206,373
59,481
64,205
238,387
236,337
251,311,435
316,380
65,118,456
29,387
303,467
73,279
97,355
232,448
38,490
7,266
28,416
120,472
345,349
53,92
42,137,262
160,347
136,160
28,178,336
134,434
98,421,431
194,253
53,192,260
377,429
109,122,353
2,424
284,479
91,341,494
196,411
46,138
252,356
82,94
46,290
115,393
8,133
251,374
183,224
193,477
382,392
2,151,350
195,422
36,499
60,291,323
153,371
420,453
91,349
351,357
356,399
136,217,219
24,147,367
27,44,301
83,281
194,236
114,478
334,336,500
164,320,397
29,328
26,187
73,308
304,317,374
217,390
363,481
28,72
190,230
241,359,425
276,498
309,352
3,82,469
377,431
387,411
105,330
143,408
103,139,420
321,374
111,285
33,103,138
107,439
59,155
189,249,456
14,330
11,375
149,255,450
31,51
30,200,336
5,11
28,184,204
334,496
148,197
61,414
122,171,180
168,470
7,54,121
35,238
87,149,372
471,482
170,430
93,106
239,398
196,311
220,356
118,275
105,276
322,432
38,87,355
100,157
326,473
259,286
132,365
198,322
139,236
298,369
89,110,214
23,171,443
144,446
186,248
105,408
183,305
289,313
138,448
75,425
457,460
115,240
38,147,296
244,420
429,487
404,470
201,267
9,53,483
68,227
29,217
109,466
86,169,206
102,380,420
175,314
66,424,432
47,203,258
167,491
42,209
318,357
100,170,239
118,128,352
401,430
110,261
140,295
182,496
92,438
15,459
152,340,478
3,6,184
102,344
52,247
404,411
229,298,404
112,340
183,204
305,427
296,323,338
91,157,234
64,457
33,401
187,245,415
277,350
335,470
46,118
257,333,335
13,489
61,295,497
294,429
276,406
144,155
123,399
84,117
369,440
250,314
107,138
32,167
14,118,430
278,304,425
82,278,303
325,351,354
387,492
113,175,277
102,227
37,75,350
91,275
3,464
310,361,447
370,489
89,225
6,281
116,499
76,247
46,342
64,203
311,327
253,345
142,437
75,177,424
122,224
287,487
42,101
159,335
163,202
94,293
186,384
28,92
10,34,49
182,373
56,90,297
232,443
162,278,385
83,101,146
53,401
126,355
159,194,443
294,485
339,398
182,202,444
26,208,228
79,201,234
127,474
73,264,269
189,285
99,209,495
115,271
22,145
116,216,281
18,424
78,96,148
80,447
36,104,438
240,489
257,263
97,229
252,459
370,386
77,378
11,31,155
72,218
24,385
322,423
54,348,405
47,148
426,445
44,112
128,345
88,210
22,237
139,425
457,479
405,441
18,395
226,289
9,277,482
69,138
214,459,489
125,170,245
334,406
50,298,494
261,264
235,316
61,283
50,71
215,283,488
13,304,391
266,298,376
38,375
30,403
260,448
199,226
151,227
7,450
9,23
118,447
108,120
283,409
98,171
381,394,493
209,226,353
206,330
397,427
83,420,444
20,251,439
461,490
49,435
195,391
76,218
16,280
182,215
139,260
104,159
49,352,468
244,347,459
343,440
86,424
65,88,111
53,349
362,392,408
346,477
269,473,481
127,187,297
148,223,272
237,490
396,471
74,215
168,201,240
414,437
64,329,344
14,246
147,181,319
197,332
80,218,454
34,474
47,94
380,474
163,295
98,315
164,302
239,415
45,452
28,128
30,238
406,412,467
183,359
58,335
125,172
266,380
165,417,462
63,111
76,190
104,174,453
17,274
99,489
332,429
125,357,492
126,292,305
241,334,473
145,189
288,371
117,319,360
352,439
77,157,168
21,472
258,475
31,207
18,107,459
35,193
277,343,344
22,99
170,402
51,358
11,339,446
381,386,474
113,401
156,176,357
81,178
290,392
166,170
192,369
31,267
187,267
103,117
128,134
299,447
392,405
213,353
2,102
80,255,373
175,323
37,136,492
12,245
31,128
215,339,462
260,360,430
205,488
439,491
164,277
99,474
27,254,430
94,198
163,169
268,282
77,475
15,431
114,482
262,279
210,453
275,310
10,422
149,500
31,33,209
40,180,308
19,391
47,64,315
83,127,313
82,289,477
250,474
46,223,479
14,33,44
40,476
249,419,475
272,291
203,428
135,342
249,324,343
304,421
391,451
220,287
79,311
227,298
246,354
202,492
20,258,364
12,144,317
313,317
125,319,342
321,388
14,25,173
47,338
120,254
249,266,344
306,484
172,319
104,191
20,372
218,331,459
67,225,457
100,313,426
198,384,394
119,125
175,428
23,377
77,167
250,437
210,483,487
147,308,365
177,432
115,224
47,280
314,383
24,423
123,249
201,262
231,458,500
2,25,92
238,349
78,217,388
76,150
189,423
146,209,304
140,159,353
182,311
44,64
191,331
91,359
73,401,480
65,156
48,431
230,429
167,406
302,342,386
118,237
179,249
195,266
75,92
104,294
48,202,406
19,173
109,133
76,327,378
239,245,402
230,452
282,290,382
198,262
142,496
353,469
320,358
2,250
21,311
71,120
67,293
226,454
221,374
56,121,455
176,311
30,132,390
127,249,292
78,85,194
199,235
111,482
133,425,462
11,365
1,112
243,302
344,429
217,235
283,415
20,141,461
41,486
145,237
56,258
29,98,479
58,316
371,434
149,184
74,423
341,349
37,287,335
115,428
307,485
43,146
79,408
262,329,440
175,337,367
46,348
152,367,469
335,414
300,410
148,244,370
114,244,445
31,141
213,248
154,270
327,499
323,436
263,284
9,449
83,430,483
35,267,402
114,202,466
285,295
144,288
164,343
136,197
67,73
3,78
175,446
130,233,297
221,433
105,488
125,267
441,478
223,230
144,285
336,398
46,418
65,495
208,280,365
316,462
57,178
42,211,351
371,479,493
164,484
149,193,435
13,182
298,317,456
153,260
20,304
147,161
75,242
294,461,483
347,357
164,463
80,330
88,472,496
63,256
126,251,334
52,239
428,471
139,247
171,320,370
273,341
84,116,490
158,293
180,193
266,318
165,218
102,479
114,291,371
284,495
36,454
312,441
63,69,243
300,498
40,274
16,285
31,75
285,433,491
171,303,385
14,172,428
295,327
343,474
283,361
57,110,426
268,338
132,432
223,348
115,447
211,453
51,444,476
312,322
217,378
94,124,312
65,190
205,268
76,399
275,494
115,319
150,257
60,120,290
112,181
259,434
296,476
22,233
438,456
175,268,301
50,464,489
369,483
31,188,422
77,252
181,259
37,417,427
257,363,456
132,305
318,373
100,268
38,56
47,115
49,351
106,191,346
149,238,404
235,238,442
355,484
104,348,436
294,359
326,327
144,434
86,321
17,219
231,436
434,440
302,353
221,367
40,365,396
273,478
246,481
240,337,399
358,385
348,377
239,319,441
246,300,301
38,51,415
142,207,212
182,285
471,472
35,442
245,284
213,340,361
22,397
318,415
282,363
68,461
24,86,477
233,328,442
328,330,487
328,357
295,493
296,314,477
199,211,258
4,16,406
49,229,314
189,247,255
67,324,354
241,354
158,434
234,441
227,310,441
199,252
262,297,493
70,181
186,492
54,327
417,451
108,235
113,398
183,252,265
363,392
55,468
194,393
94,435
299,363,462
147,153
9,32,457
108,135,362
353,381,479
109,149
142,210,431
165,350
254,297,397
325,383
35,66
149,157,313
197,362
147,222,388
117,257
119,282,365
59,182,195
44,172
177,431
82,196,354
115,237,366
90,331
24,90
45,345
136,259
204,479
32,95
9,263,424
7,156,372
32,39,397
15,156
259,270
12,47
147,476
161,200
161,351
213,284
101,125
183,439
188,195,273
464,488
335,381
319,405,418
84,175
187,288
164,238,424
287,291
247,261,473
252,433
124,493
3,251
97,431
69,237,238
369,389,497
349,352
123,318
20,455
65,155
52,189,491
9,11
168,309,313
292,336
115,318,367
150,328
177,284
138,223,264
80,277
54,212
237,275
259,362
145,497
277,369,499
280,360
10,24,473
68,118
66,257,277
5,31,380
280,475
187,316,461
200,336
19,457
156,325,348
231,441
111,222
203,231
16,134,390
289,405,462
274,383
252,418
170,264
166,348,485
148,439
32,53,121
315,404
68,108,275
30,238
61,121,295
38,469
68,474
171,177
328,372
102,287
329,487
169,217
110,473
114,286,469
27,270
156,336
11,198
134,269
245,418
2,211,413
93,296,441
197,495
187,222,340
256,265
69,242
59,498
259,388
155,435
223,319
128,288
50,244
222,488
113,224
108,220
252,259,282
68,249
177,472
45,113
416,420
340,358
379,437
138,172
281,412
59,133
304,464
137,181,273
215,231,256
275,342
241,478,493
98,142
479,493
24,138,235
263,330,341
28,62
341,394
147,182
159,379
129,405
129,311
237,244
141,229
17,160,465
110,122
244,301
137,490
14,361,446
58,240
178,183,313
278,443
300,338,402
181,413
43,216,491
232,397,495
53,195
80,82
54,183,357
333,495
303,353
60,243,499
79,200
257,305
91,257,336
73,94
51,179,330
12,26,354
116,216
145,435
8,126
376,433
126,252,343
162,163
197,330
32,151,389
295,370
69,246
117,168
71,221
79,217,411
117,474
80,114
45,275
192,211
126,470
185,254
60,202
176,309
182,226
258,448
83,293
221,321,399
383,473
54,129
92,329
145,161
156,457
49,177
215,245,405
297,342,458
51,356,456
145,387,492
94,155,200
464,469
94,317
186,225
151,350,449
5,251,286
35,295,333
26,428
402,488
238,279,337
54,182,388
201,316,385
233,329,497
42,348,441
10,500
83,147
136,354
176,178,498
48,82
184,242
73,133
323,372,438
232,385,453
123,211
266,281
9,351,385
121,230
218,369
119,469
198,238,303
112,413,417
194,484
2,32
179,443
142,396
94,129
174,209,316
332,353
57,110
392,439
255,298,492
91,359
146,223
100,317
422,477
98,342
51,211
110,484
429,489
117,392
78,248
63,327
232,384
14,55,231
446,469
402,447
286,301
72,443
126,234
31,384
56,290
42,189
4,91,273
51,321
138,387
266,313
40,382
16,157,286
103,181
202,334,336
173,237,362
320,403,497
137,479
167,461
126,354,460
74,369,370
150,163,298
82,100
18,84,303
243,426
92,433,494
156,168
262,284,495
80,224
187,301
44,85
325,386
92,344
44,278
204,250,386
116,483
28,168
56,192,432
260,299
174,411
157,196
142,209,419
171,200
130,248
370,422
178,391,435
132,226,316
77,122,202
351,432
59,325
172,214
205,338
124,194,258
65,355,370
260,458
32,151
78,389
39,391
172,402
266,278
198,454
189,376
45,381
73,381
367,446
272,302
455,463
117,200,406
181,234
17,374
235,465
250,284
316,489
61,184,369
200,299
219,296
209,394
406,456
36,112
87,411
429,479
17,76,468
51,159
209,252
278,304
222,409
384,475,487
168,411
62,71
177,207
24,476
7,221
179,276
222,461
210,288
340,485
286,409
315,338
192,389
175,364
177,419
189,219,313
175,208
244,275,360
35,38
138,491
26,436
81,173,381
38,252
218,385,437
140,192,197
62,194,297
180,321
343,470,499
142,491
216,351
123,377
318,395,469
35,394
61,90
157,372
80,265
38,205
72,419
112,129,429
10,225
236,291
334,457
291,304
225,227
32,332,383
75,292
186,451
132,486
276,306
57,146,466
132,491,494
111,187,446
100,435
99,287
159,204
221,298
215,482
160,195
158,209,443
106,481
38,138,477
125,255
56,322
73,86
6,58,380
34,84
99,319
10,399
189,235,500
132,148
77,109,317
305,373,480
144,304
47,252,415
159,277,351
7,310
156,374
74,135,252
125,267,370
117,290
40,310,467
119,298
194,204,329
317,360
190,420,467
224,285
153,319
187,378
88,253,490
375,383
106,416,478
5,342
42,184
147,180
298,338,417
48,146
13,455
401,470
124,386
132,253
96,395
53,479
131,338
431,495
296,457
70,250
302,482
49,281,327
15,223,367
31,138
92,128
218,284
204,454
163,191
58,259,397
67,226
125,270
69,342
74,410
21,146,150
138,299
389,449
92,209
5,319
294,309
188,473
30,280
138,382
204,440
83,306
64,368
118,175,446
188,475
273,423
75,354,359
76,359
99,138,467
21,63
83,420
44,458
64,243,458
55,241
181,193
130,307
226,484
336,494
197,294
88,157,273
62,142,490
22,68,359
46,241,455
243,361,365
293,434
67,425
76,286
226,242,279
356,500
165,463
87,310
230,352
29,176,334
289,319
268,399
416,498
190,458
45,92
16,83,161
133,178
99,136,429
10,293
169,365,399
264,352
87,497
1,381
144,374
362,486
52,129,444
164,494
21,431
286,408
168,374,406
149,435,438
255,413
194,394
198,249
107,484
99,194
120,147
105,286
17,249,469
168,349
409,424,428
75,361
199,214
4,8,478
4,150
76,311
22,75,193
382,405
133,253,317
290,321
62,409
107,381,440
25,66
10,435
22,65,192
33,169,405
69,448
66,154,358
136,178
137,344
196,490
124,473
363,423,426
35,75,496
63,181
245,337
130,459
21,464,488
48,298
147,300,363
139,152
260,382,430
290,366
128,415,464
169,464
218,484
8,104
424,458
165,454
245,288,359
231,274,464
168,189,500
228,282,388
121,224
34,59,383
94,300
44,371
106,238,298
140,350
168,412
144,394
135,143,323
65,104
89,244
13,225
30,134
89,451
1,103,268
368,433
47,340,361
194,440
238,465
304,314,377
37,453
17,160,336
42,248
21,105,221
289,301
122,454
318,356,437
150,210,294
120,474
241,500
423,455
241,395,438
44,105,365
15,453,455
462,476
148,321
220,409
89,91,235
16,472
14,33,40
50,207,351
398,475
41,203,336
252,260
62,316,395
311,317
122,130
47,360
214,333
24,262,443
18,238
347,435
236,412
132,251,311
61,422
102,344
111,212
156,411,444
310,476
166,192
230,439
44,339
183,456
9,207
82,217,464
228,239,310
90,166,414
83,171,366
337,475
340,409
144,372
72,342
239,245
4,89
84,500
31,233,315
120,436,488
102,242,250
170,239
269,355,422
139,271
380,394
211,335
165,326
186,434
254,350
12,464
26,356,443
53,151,379
125,215,398
225,311
298,370
248,265
208,215
22,140,226
163,388
10,293
74,147
131,309
267,419,480
264,431
162,208
118,368
5,81,463
50,84,357
30,330
62,65,369
254,294,431
309,424
338,484
91,309,374
316,335,429
1,256
22,131,302
89,360
75,92,164
128,339
164,497
40,80,436
147,187,264
47,96
219,352
226,229
119,441
14,373,402
260,299
73,400
114,373
429,487
11,152,228
101,337
147,217
229,288
119,139,220
207,486
193,218,371
338,477
55,228
71,258
165,252
121,198
451,460
4,247,465
228,375
92,472
13,396
42,271
190,216,249
403,477
154,289
178,207
77,83,450
80,414
287,484
350,454
108,114,365
107,254
17,426
26,373
10,202
14,74,235
72,240,344
156,160
63,264
207,331,440
266,306,375
186,456
298,491
9,322,475
184,473
241,288
24,174,461
49,155,168
312,461
130,423,429
56,164
68,402
258,398
273,372,478
249,335
378,396
62,199
147,441
145,467
363,423
102,131,449
40,153,430
228,374
154,331
195,276
331,355
162,388
157,288,457
32,367
99,198
262,320
214,339
4,438,450
90,377
120,405,472
74,259,310
43,374
56,185
75,322
316,404
43,83
24,60,275
13,132
392,399
14,423
249,273
127,292,426
212,286
188,229
165,421
7,198,337
227,484
354,433
161,269
15,482
119,346
121,322
12,491,494
193,439
137,335,463
118,329
41,87,305
27,71
196,262,449
176,334,456
215,308
23,223,287
253,385
207,345,401
95,397
287,383
131,348
380,397,421
302,403,419
168,466
297,414
47,57
71,339
26,383
254,404
62,483
303,347,434
154,215
74,451
304,420,498
24,235
190,249,312
184,348,381
275,317,411
178,191,313
175,332
216,324,456
51,270,302
161,246,370
193,363,472
341,353,415
23,166,316
130,148,453
13,278,297
273,434,490
291,361
148,149
53,102,493
53,276
244,357,364
350,496
59,216,420
143,245
243,409
234,346,492
145,481
359,411
1,21,93
45,142,165
108,323,360
64,338
139,339
119,223,461
79,371
121,327
249,375
33,64,282
101,185
118,338
362,491
9,342
177,495
207,371,407
98,419
241,399
236,351
230,430
244,317
323,417
235,464
152,180
341,359
133,395
151,333,387
143,222
137,194,230
282,461
251,311,349
262,289
142,173
66,251
222,238,429
162,319
248,363
281,376
307,421
178,378,468
52,156
175,406
192,242
164,333
91,252
36,141
406,494
107,142,185
120,430
145,412
22,151
91,157
44,136
165,472
100,233
33,471
70,413
108,415,458
73,402
74,222,318
42,404,455
312,425,481
30,109,145
168,388
57,208
292,450
194,243,437
261,305
242,344
69,173,195
47,246
219,281
215,295,410
228,308,392
163,241,313
39,442
225,391
80,243,318
157,160
119,428
287,297
77,146,157
4,206,484
53,178
32,309,416
311,420,494
21,321,472
248,437
115,158,325
73,422
4,83,409
7,157
336,414
216,496
187,498
213,442
295,454
32,71,315
262,418
160,168
284,495
193,197
28,235
172,215
134,156,381
387,438
416,441
85,352
358,413,461
119,410
322,328
211,487
463,493
202,266
360,391
352,491
187,362,430
381,423
120,330
289,302
120,283
113,329,413
198,497
235,238
166,287,440
34,54
104,357
59,135
223,396
47,282,319
253,309
26,214,409
172,382,464
235,310
425,473
165,425
331,480
412,481,500
255,285
71,478
282,418
130,377,427
107,483
166,380
80,211
291,367
88,240
48,64
364,468
357,361
355,417,482
145,269
50,379
64,120,447
59,144
74,388
121,173,290
341,423
204,297
132,374,456
231,310
147,477
2,210
55,73,127
44,300,340
33,239,286
8,276,349
264,265
4,331
89,124,136
117,289,458
112,446
20,278
320,378
48,426
174,321,447
371,375
50,293
104,175
138,143
211,445
26,44
211,254
286,327,333
46,282,367
250,355
166,267,474
384,461
32,197
118,327
36,235,438
202,400
364,420
195,227,384
7,466
166,394
380,421
148,278
184,242,326
189,285
82,390
33,152,180
203,410
299,319,458
215,430,462
36,352,378
435,495
247,388
164,175
64,162,203
196,398,411
69,260,428
445,468
170,246,319
71,442,495
3,393,497
156,157
358,406,416
28,75
34,142
35,486
29,445
63,326
17,439
195,337
247,364,467
60,338
256,259
11,267,394
244,261
200,498
326,333
27,368
41,472
328,423
158,232,345
24,199
229,425,434
46,350,387
255,290
154,212,379
294,455,480
96,142
123,203,337
200,313,374
315,333,389
144,352,407
154,351
326,416
83,252
35,346,436
263,380,437
5,302
49,285
75,403
392,488
64,272
291,409,469
29,281,451
51,292
28,158
378,395
65,217
20,492
236,270,439
54,91,499
11,442
174,260
13,268
325,463
159,330
126,149
12,54,155
222,342
64,139
95,335
212,381,385
54,116,364
86,111
30,247,317
131,322
202,314,327
226,466
144,347
238,253
243,471
9,315,482
73,149
337,405
129,312,449
305,306
37,56
97,410,443
211,213
447,500
206,389
101,375
299,440
392,399
153,351
246,270,396
23,382
117,373
29,404
79,220,408
351,377
302,401
8,36,144
171,303
141,211,295
118,228
403,457
221,394
258,330
52,224,311
162,276
87,110,144
39,97
130,359
107,127
293,433
31,53,443
3,283,488
135,368
246,408
216,449
240,257
153,417
445,500
114,283,319
112,239
231,236
411,433
463,479,493
176,236
99,453
327,384
123,338
389,484
276,426
66,267,381
267,290,492
143,274,280
117,495
181,291
146,249,444
95,274,321
110,151,249
50,367
22,262,277
65,134,220
268,396
71,321,363
120,297
452,493
203,319
261,387
182,231
78,143
93,361
389,410
109,247,406
164,322
77,163
122,129
251,444
6,129
85,322,397
134,269
323,458
24,363
154,210
151,361
97,114,453
277,322
419,440
88,89,146
17,219
35,118
339,404
76,110,160
116,183,460
87,425
87,451
282,360
78,431
439,462
245,270,289
50,107,309
35,157
20,456,500
115,347
421,446,470
100,314
3,205,402
106,128
60,267,411
371,484
140,192,194
71,308
216,340
92,385
331,419
10,407
288,313
23,427,443
76,200,238
107,148
99,344
337,490
347,473
42,211,262
353,496
105,310,396
195,363
181,205,332
42,331,455
45,290
57,88,298
78,350
196,317,491
143,432
46,139
299,444
284,395
329,463
205,340
268,418
381,454
114,239,388
76,330,379
276,347
193,291,431
82,144,293
208,237
127,462
69,268
46,331,429
287,313
118,220,313
255,364
156,192
191,202,412
66,131,497
115,479,498
279,307
16,178,467
28,414
329,435
357,439
226,413
189,273
135,143,488
225,347,490
49,428
27,139
8,225,433
294,443,499
415,428
211,328
180,283,488
30,404
152,289
365,410,471
32,227,228
301,361,388
68,403
279,386
366,495
86,290
149,393
98,201,343
49,150,181
28,92
8,145
13,58,457
93,120,208
356,376
284,307
133,279,466
338,400
147,477
232,293,389
103,308
128,265
30,97,335
310,482
251,345
81,371
44,80,330
88,273
67,191,341
251,303
289,409
8,450
93,300,471
98,353,412
120,205,392
76,334,426
180,227,378
333,386
4,468
39,467
44,340
258,262
313,352
93,206,245
17,251
149,430
29,193,264
321,408
20,29
38,199,365
132,168,283
96,130,432
107,151,443
33,118,465
21,319,396
197,365
358,379
275,462
63,232
298,448,477
374,394
190,387
26,36,178
206,258,338
215,334
189,321
202,495
200,202,334
304,439,494
276,314,490
266,334,460
74,409
35,413
137,179
124,218,449
239,392,482
294,400,409
125,235,367
299,360
431,479
138,180
241,346
119,406
158,325
25,493
81,135,306
208,393
22,240,380
58,59
299,380
234,251
298,404
102,393
47,187,264
225,495
136,392
79,346,499
8,133,376
179,216
300,377
166,184,242
170,237
419,477
116,407
116,456
293,491
181,462
376,499
148,350
11,167
11,475
88,425
145,164
236,364
2,185
270,453
37,212,232
135,215,460
87,157
183,423
206,482
117,125
53,256
110,228
204,350
128,355
188,364,492
231,256,392
35,198
9,194
218,497
179,373,414
220,360
34,104,425
267,315
111,143,477
92,176
138,139,330
171,324
4,124
264,463
307,419
158,218,479
107,459
15,317,428
285,293,406
6,31,351
139,400
20,163
476,480
39,156,216
315,337,444
93,147,318
142,220
314,410
74,344
178,314,410
176,492
217,241,460
3,254
40,211,497
25,233
112,187
86,363,413
396,417
203,314
22,62,345
102,457
370,497
78,120
408,471
50,306
271,283,323
153,205
42,440
124,225
250,443
41,310,333
62,185
169,319,458
227,395
89,364,491
42,258
403,416,449
243,360
206,441
211,302
154,301,368
36,376
182,352,425
41,376,486
259,305
472,477
103,316
22,96,384
212,397,486
382,396
34,83,202
166,383,409
206,243,301
55,465,470
33,440
9,274
66,71,363
254,497
406,439
153,421
156,350
28,232
81,114,128
154,169
69,310
137,177,222
56,152,358
111,427
33,128
407,452
135,480
229,313
117,398
292,354
167,295
175,211,279
44,80
30,217,281
141,182
174,296,310
218,253
235,317
96,454,473
114,184,375
248,483
140,297,424
243,300
32,140
144,231,486
106,375,467
397,419
395,487
274,407
232,371
28,302
159,187,255
46,245
375,391
165,374
406,412
173,378
282,402,447
107,255
208,300,461
123,239
156,263,356
99,113
87,218,390
299,430
79,144,444
35,421
62,166,254
222,393
392,447
189,200,425
30,73,196
151,263
291,401,489
18,421
138,429,430
91,324
177,442
88,152
13,446
85,102,141
9,142
95,349
291,432
63,191,287
351,496
64,307
153,259
287,326,487
212,315
40,362
342,428
221,448
137,467
73,417
188,331
97,325
38,64,93
314,488
166,489
274,300,400
347,413
31,167
210,328,423
55,127
110,219,311
325,474
111,169
6,210,379
111,387
411,451,465
225,244,451
198,416
10,28,179
217,270
398,400,447
165,255,481
441,469
291,307
74,168
6,75
13,33
95,175
65,150,385
389,429
436,462
155,308
136,183
350,485
113,284,496
9,137,166
187,220,256
142,164,350
8,168,347
120,410
252,362
53,279
38,74,203
41,425
281,371,388
163,286
3,53
19,392
48,106,144
462,472
25,143,409
95,256,283
260,385
68,255,434
58,107
57,77
63,260
269,478
210,241
177,297
167,280
13,243,337
322,386
142,218,240
118,307
50,460
44,171
259,471
96,139,168
327,383
394,495
203,268,340
85,432
112,272
208,256
58,325,495
26,356
136,293,457
91,93,446
360,455
18,328
269,422
239,342
187,215,265
161,202
151,361
76,281,460
63,80
201,484
136,271,453
317,374
285,286,439
224,281,425
427,484,486
93,371
61,374
132,253,312
455,475
261,492
28,496
75,397,419
50,56
253,279
87,338
144,433
129,132,435
232,345
103,205
104,216,484
47,143
386,448
229,275
97,211,322
388,416,418
103,497
202,311
12,491
14,231
411,490
162,414
185,486
235,491
302,431
4,220,240
57,100
104,178,327
354,435
80,243
53,198
218,388
270,274
98,448
48,244
179,361
265,289,382
28,141,253
122,281
261,303,442
83,224
40,118
16,71
133,483
333,439
75,210,486
418,431,483
145,352
153,286,399
259,290
246,328
123,195
343,424
183,251
15,90
135,373
139,362
82,224
56,159,432
199,405
22,44,211
265,375
127,306,313
281,434
282,392,417
12,374
288,311
31,475
251,390
67,338
49,76,293
45,121,421
128,432
74,118
125,465
122,164
237,310
390,491
136,438,444
272,412
94,100
122,346
156,352,466
219,229,434
100,432
231,337,441
1,284,500
89,248,448
325,329,407
282,296,300
162,291
235,438
45,464
71,85,236
45,113,355
382,447
12,103,168
243,299,446
304,438
33,214,418
292,419
109,409
61,158
380,385
416,424
58,113,294
116,134,439
96,220
126,392
115,340
187,338
18,459
257,345
428,458
459,477
23,119,153
279,482
306,364
167,226
95,112,119
14,330
180,284
207,381
24,360,447
8,490
65,136
85,343,398
295,494
8,54,468
36,199
468,484
208,290,418
125,337
118,286
445,464,480
253,461
333,431
86,246,373
290,402
113,285
109,241
43,335
242,293
339,436
63,471
218,331,449
4,17,372
137,397
30,260
58,72
14,57,242
154,213
237,344
122,389
91,225
21,271
78,302
190,382
7,409
32,115,466
252,495
6,89
75,248
93,236
294,415
102,131
377,392
184,240,449
201,375,415
265,321
217,235,473
107,333
66,131,343
40,272
24,337
10,229,443
81,229
29,91
17,260
143,151,250
44,367
53,227
182,253
22,232,331
90,228,437
94,411
307,453
246,304,391
193,293
154,325,346
324,480
61,397
78,197
232,278
214,414
263,335,351
98,192,388
63,100
220,488
116,255
232,305,463
316,384
75,351
368,458
18,185,431
362,383
266,451
335,485
335,343
97,407,431
213,232,493
190,352
295,401
44,166
98,426
65,394
205,408,462
109,257
182,480
131,437
357,373
219,479
264,375,405
153,377
133,238,375
13,169,392
272,289,461
84,131,406
284,286,375
295,389,479
237,365
24,275
257,320
124,154
286,417
316,343
81,282
18,336
123,270
416,463
224,324
34,278,352
99,325
117,406
13,455
56,167,421
247,285
76,131
80,237
112,119
417,464
155,274
280,296,492
187,459
9,197,201
49,278
175,272
99,121
79,476
72,473
47,169
35,199
47,398
146,406
166,193,453
173,235
28,129
292,460
325,392
98,485
260,370,418
53,468
87,234,306
13,24,405
70,73,191
138,205,283
49,134,168
15,250,484
172,286
196,309
77,145
48,167,460
14,18
117,469
437,462
210,329
116,146
389,423
117,147,205
3,323
62,92,376
234,292
49,314,424
7,458
118,205
183,408
116,438,460
199,271
266,327,500
216,224
53,193,484
393,468
127,176,298
52,349,494
29,178
281,419
87,234,387
333,398
93,228,405
308,339,494
108,249
303,383
140,171,431
174,344
349,484
9,379
60,156
163,437
9,107
18,304
78,141
59,85,110
32,401,419
298,395
254,413
309,313,467
35,453
107,383
15,114
48,354
297,326
340,344
305,462
114,441
120,482
373,406
418,488
345,382
172,425
337,476
62,231
72,408
5,60,369
3,75,275
43,168,412
239,251,460
64,141
152,277
22,26,328
74,259,478
262,421
137,475,484
270,396
100,459,460
347,357
191,498
211,299
79,152
52,237,247
147,251
237,275
14,289
67,375,445
290,411
219,281,352
401,470
108,402
47,300,407
362,474
276,451
210,325,495
147,271,448
14,213,359
144,440
271,450
418,441,446
67,71,73
152,471
242,332,449
365,410
13,275
96,405
169,388
62,98
195,376
198,291
140,491
3,256
157,183,266
48,77,288
100,374
83,481
42,342
204,232
267,403,475
15,479
222,260
42,137,250
53,348
180,399
129,311
81,398
100,357
173,492
301,447
290,419
41,431
76,79,467
230,357,418
269,371,493
212,257
127,418
36,369
114,172,365
18,64
172,330
211,489
229,255
157,471
14,199,472
14,429
311,387,389
422,465
69,246
178,244
138,294
97,212
144,369
154,408
251,344,440
93,150
81,165,432
271,484
26,410,435
148,238
139,221
256,460
25,152,348
22,233
182,285
177,287,377
207,368
91,253
101,284,334
331,391
3,318
244,444
166,326,344
249,269,278
293,425
108,259
161,387
58,358
88,200,359
44,60,71
24,35
20,408
87,296,456
203,245
283,299
166,331
357,375
143,299
52,118,405
43,65,497
295,308
292,481
62,185
219,311,363
377,445
411,467
160,292
287,383,452
321,410,469
37,488
194,325
173,423
12,302,328
120,442
223,347,495
139,365
88,401
423,487
43,82
330,338
114,366
38,392
282,488
251,389
180,187
49,79
231,462
15,275,378
2,355
129,327,336
141,389
123,318,361
372,450
44,135,342
398,439
12,17
106,160
23,380
124,300
294,440
146,217
54,75
249,287,294
47,382
323,448
247,265
149,195
295,304
99,228
164,205
19,146,378
97,242,459
341,353
16,36
135,164,255
146,208
28,322,416
219,499
92,96
345,384
63,256,301
140,401
106,224
45,442
37,75,335
240,413
227,261
289,337
58,424
354,387
82,132
206,462
248,401
219,319
103,143
272,347,449
147,214,231
147,237,377
35,98,291
368,393
40,428
67,89
368,378
57,202
128,253,371
127,212
145,382
80,105,230
391,398
61,316
29,111
17,269,425
36,483
116,438
149,481
229,334,418
160,302
70,186,413
61,140
360,393,417
62,232,307
81,257
41,169
90,140
96,449
110,498
12,345,415
151,204,345
255,407
91,234,293
107,151,379
88,342,438
60,212
138,397
164,332,344
327,375
132,191
263,315,388
107,132
208,296
160,216
87,121
157,161,255
67,321
6,106,139
368,396
111,461
34,42
151,187
398,421
71,220
97,213,440
181,243,400
216,249,481
292,336
169,256
49,120
121,264
12,168,299
315,413
169,411
342,400
4,336
3,308,354
88,168
283,300
52,367
66,141
130,447,495
120,268
11,75
292,355
89,437
75,383,416
46,251
25,488
295,349
361,414
225,498
188,216,337
106,416
164,351
393,494
12,204,251
363,447
98,326,394
66,305,411
3,47
57,247,450
125,185
280,448,472
118,464
22,152
431,495
77,368
209,332
116,349,470
146,194
58,207
199,492
41,276,305
329,333,335
47,291,462
135,246
147,431
5,185
276,293,467
184,247
183,346
141,150,165
95,135,448
38,77
13,141,319
27,265,428
323,374,399
48,411
159,316
200,276,304
219,352
171,413,483
207,325
222,402
184,358,431
27,274
176,285
55,433
19,83,87
145,289
71,103
54,191,261
78,230,493
2,150,414
212,482
167,455
196,459,498
147,347
149,314
90,263
211,272,476
244,410
232,406
75,353,403
24,237
305,425
82,361
122,390
249,291
166,475
6,169,383
152,392
143,245
297,388
235,241,465
214,230,234
144,202,292
18,213
315,452
352,372
33,183
232,307
84,144,261
34,266
128,482
312,347
111,287,451
60,81
167,277,423
140,456
152,328
302,370
134,261
155,197
83,316
47,152,476
4,30
372,376,423
183,188,500
109,174,192
140,204,294
97,247
204,320
112,174,206
260,360
112,488
297,394,497
34,75,277
253,445
333,414
419,497
341,390,499
265,418
85,96,164
85,345,437
325,327
200,389
208,276
222,264
157,278
209,432
15,100,321
244,448
85,172,226
57,157
34,89,303
270,477
61,437
90,192,328
83,149,327
214,402,428
268,270
101,204,338
154,194
6,384
447,458
195,370
172,342
99,142
133,227
149,178
73,283
80,267
275,346
231,417
34,110,285
141,328
110,412,420
255,375
65,349
20,347,467
259,402
7,387
351,408,431
97,348,423
92,367
368,462
228,338
67,202
74,293
6,113
80,282,289
286,392
45,414
83,88,411
258,473
149,191,238
51,338
165,432
122,426
196,354
3,496
79,426
68,441
64,154
40,438
266,268
57,106,298
406,464
357,366
246,331,389
12,92,101
77,350
22,41
8,155
151,198,240
272,472
155,207,373
183,224,481
11,207
305,445
14,208,268
115,222
239,321
31,37,384
167,375
50,77,127
371,421,481
272,301
69,245,392
322,328
77,194
126,207
327,354,390
152,319
156,216,224
293,470
125,339,415
48,98,319
117,463
133,327
2,159,463
47,464
163,407
295,398
2,370
72,226
239,299,410
202,386
105,186
241,461
217,391
121,193
171,227,470
120,149,157
16,305
209,263,495
192,355
15,235,413
77,219
74,213
23,432
217,458
82,404
14,259
329,353
169,282
252,343
34,104
268,298
145,276,470
258,321
143,270
239,283
194,335
172,189
117,300
282,286
79,155,357
94,327
208,291,465
146,378
70,102,240
191,359
203,362
5,226,384
56,421
45,491
256,375,384
240,370,384
271,273
16,36,352
364,493
154,353,379
138,220,296
216,374
156,303,406
277,462
56,131,495
48,174
331,407
142,250
373,417
362,381,386
288,338
231,354
312,465,491
291,422
181,305
70,365
220,400
251,498
266,493
203,363
316,336,432
235,376
11,358
72,142
303,441
38,64
71,172,289
21,63
56,482
279,294
90,390
184,480
72,232,316
56,85,384
171,185,429
169,174,331
147,238
181,206,446
54,88,244
86,393
276,476
460,490
72,378,484
107,297,442
367,441
206,413
64,174,317
349,432
86,271
350,407
52,195,327
259,323
217,346
150,188,419
58,315
105,277,440
80,241,312
273,298
200,313
65,487
161,309,387
226,250
213,395
156,238
253,352
202,491
58,192,202
54,324,352
197,259,399
296,477
51,252
208,308,446
199,432
103,171
48,371
63,228,236
99,352
100,133
45,395
117,205
10,94,189
42,69,356
12,43,490
127,320
163,234
323,366
124,150,286
289,290
145,456
105,172,265
139,223
59,68
35,357,456
42,409
9,475
419,421,437
66,320
160,374
132,144,491
177,301
170,261
8,310
186,311
123,169,314
231,293
257,329
121,248
56,496
82,89,100
382,418
336,362,375
68,108
196,418
44,68
53,427
184,384,495
80,405,472
3,469
158,268
17,190
350,351
145,192,296
12,26,403
54,425
318,420
109,470
87,157
271,355
152,399
361,382
65,97,98
248,279,364
205,340
254,378
120,223
123,430
203,365,399
79,233
67,398
308,367
177,339
198,228
114,373,451
242,250,381
178,387
110,451
19,222,344
5,421
206,362
210,232
5,312
102,187,327
147,221
53,429
88,277
12,377
317,486
224,310
11,150
236,268
118,231
343,432
243,398
358,458,496
146,445
48,55
270,462
481,492
95,120,363
34,176
327,490
22,185,248
280,319
57,466,473
253,354,451
113,272
41,186
107,251
119,181
68,231,448
150,225
42,272
64,440
162,405
215,436,488
247,253
70,230,284
185,202
9,96,194
82,144,390
100,110,120
141,455
242,372
213,455
257,353,389
404,450
91,363
383,469,477
61,384
176,200
174,290
257,307,493
146,176
242,432
283,492
218,324,427
59,240,436
169,461
62,298
16,368
117,260
249,411
158,461
84,300
176,251,276
83,342
391,404
17,189
286,376,411
17,180
33,344
306,342,386
72,209,407
81,403,427
52,439,465
9,21
116,255,457
417,462
27,111
16,48
334,380
57,364
78,96,463
290,342,469
137,438
24,40
89,176,326
105,304
31,107,381
98,192,248
100,374
17,450
340,392
222,262,264
167,189,209
130,418
22,90,421
248,427
56,204
140,407
213,232
93,205
20,303,447
221,252
82,410,498
227,455
39,133,292
28,81
116,292
145,184,316
183,247
17,480
4,384,399
2,23
75,112
67,202,499
14,60,337
136,157
437,495
41,72
381,395
23,194,257
115,134,142
2,297
284,342,403
10,19,155
209,345
35,116
456,457
41,445
80,118,181
275,330
329,419
201,233,307
396,430
46,74,382
244,311
442,454
55,487
244,460
40,133,252
270,498
218,475
215,393
14,95,162
11,436
170,461
76,487
85,96,121
184,192
62,499
221,308
384,499
155,387
8,87,321
36,406
464,492
223,419
129,285,378
67,190,261
17,411
149,206,216
115,259,427
86,205
180,251,440
384,410
284,406
223,271,436
18,101,185
100,235,310
127,161,298
189,376
113,414
315,357
157,303
2,394
180,330
245,396
76,450,473
28,392
131,166
179,297,451
346,367
139,185
176,305,378
198,227
15,99,154
259,338
252,380
166,413,454
104,165,286
218,484
123,259
29,224,244
125,236
82,147,479
96,189
194,480,497
222,356
149,432
50,190
181,301,366
117,120,469
165,344,419
34,47,213
220,264
84,234,304
273,450,460
318,340
39,312
27,461
75,130
86,152
30,292
123,481,495
227,495
133,238
364,418
204,443
60,92
145,224,498
257,298,392
91,340
130,198
383,470,474
231,405
286,461,471
232,400,496
165,210
32,348,484
4,7,317
123,324
14,223,283
129,433
44,117
1,267
27,61
128,162,404
245,385
98,149,165
155,456
5,194
18,154
387,447,472
43,166
128,322
51,329
128,382
287,345
117,231
121,242
84,228
379,491
17,149,304
224,455
127,322
29,88,468
186,238
225,283,389
235,308
14,54,108
21,68,105
44,79
206,259
110,211,401
9,228,236
267,282
161,182
210,416,442
117,372
2,386
3,236,314
203,280
73,442
86,385
381,394
380,397,479
169,259,478
121,267,457
106,155
118,366,415
55,253,406
145,490
402,464
175,390
241,334
111,128,199
343,456,471
200,499
125,291
210,438
297,499
413,446
22,207
250,349,396
79,247
133,181,327
380,483
114,458
9,227,329
90,198,413
323,365
22,447
332,403
193,270,499
37,71
266,351
38,80
90,161
169,228
194,285
130,370
46,85,134
50,135,175
330,418,430
425,456
361,377
261,303
89,126
13,21
313,387,438
74,117,368
81,176
169,393
85,232,242
168,238,312
36,104
330,338
12,469
260,347
383,440
120,283
13,286,400
286,436
74,103,245
118,465
197,358
75,353,443
42,78
278,483
204,430,466
22,491
215,412
78,442
6,254,338
123,330,430
111,446
349,425
26,481
344,463
203,272,469
431,497
238,420
18,66
195,441,451
12,59,412
100,123
138,272
29,293,372
168,249,466
149,281
133,422,500
248,424
193,213,214
137,277
87,313,376
259,388
215,291
105,112,415
38,376
106,175,348
98,185
147,181
183,229
191,396
437,449
150,453
252,329
126,148
405,471
401,407
23,198
280,314,405
152,192
7,255
18,293,463
243,342
222,299,340
46,307,363
249,264,418
365,428,430
150,441
54,95
60,400
284,301
136,230
239,368
5,361
385,429,493
151,423
19,48,124
189,374
91,239
376,433
348,372
92,130
212,315
6,432
95,115
81,343
106,424
186,219
91,389
8,36,500
123,324
165,171,230
9,343,367
368,472
200,296
58,386,459
10,401
42,152
117,264
229,235,411
48,475
76,88
59,178
413,471
341,411
82,325
97,99,101
1,252
295,362
121,134,242
136,433
78,220
216,420
37,358,444
198,369
238,263
37,143,479
170,413
148,452
127,248
309,465,499
295,379
67,224,309
27,89
66,135,213
77,129
73,309,491
20,257
187,274,366
314,410
330,365
115,300,373
389,493
211,431
75,384
214,460
22,326
149,372,498
64,147
289,316
39,116
152,285
137,322
373,469
231,352,407
91,170,371
129,499
232,358,443
138,260
31,65
30,370
47,294,402
60,405
66,81
105,239,396
106,249,273
327,464
23,146
403,446
348,353
228,400
195,317
225,352
5,333
36,346
139,147
294,490
67,136
372,467
8,64
289,395,408
111,175,408
7,261,276
6,263,497
364,457
2,278,360
289,500
374,459
169,300
117,272
279,392
54,439
356,373,408
197,332
6,255
102,484
201,216
240,352
69,338,462
66,294
167,233,449
81,374
5,455
118,318
115,162
120,411
286,354
57,255
45,154
24,114
30,195,420
290,291,356
100,202
351,386
15,238,390
83,254
91,270
316,459
386,423
196,412
162,462,472
245,469
147,231,256
136,194
138,175,221
101,158
426,449
3,221,462
163,176
194,454
83,312
276,317
313,411
126,189
88,143
34,132,364
153,222
55,186,196
18,484
6,16
88,217
334,456,460
110,467
26,283,488
328,494
129,285
9,28,100
204,355
63,220,402
332,452
53,194,397
46,319,338
266,369,476
357,492
64,299,303
51,74
24,68
479,486
4,6,254
3,356
454,473
236,291,330
57,198
6,32,483
123,195
3,71,172
239,460
131,263,297
468,496
72,305,306
205,392
295,389,454
118,239
264,283,426
80,233,363
130,170
30,41,196
225,293
149,411
247,320,478
334,420,457
153,373
273,468
262,432
181,272
136,460
81,452
295,431
91,106,189
148,191,261
163,253,492
224,227
68,139
370,423
231,400
78,494
77,294
132,211,442
23,70,226
48,87
85,232
356,440
60,226,432
97,233
325,475
93,283,430
96,322,484
102,211,284
32,392
126,132,152
82,391,434
64,161,330
44,362
355,402
377,439
118,291
191,249
247,347
210,307
279,443
65,99
176,238,473
124,304,349
189,355
193,344
190,357,422
183,312,375
22,364
265,499
150,164
156,421
117,319,349
41,340
426,450
192,245
34,313
64,472
211,239
227,414
180,464
370,416
55,331,460
22,391,477
106,252
319,437
345,353,377
270,477
123,258,275
25,174
1,447
155,292
211,233
124,341
21,93
122,220
107,248,497
239,294,313
245,297
57,175
47,180
74,225,486
44,74,300
122,261
367,392,415
131,307,431
137,307,480
25,192,437
61,262,307
11,97
170,290
2,295
146,475
324,457
263,345
207,276
324,390
359,372
38,306
28,332
16,183,224
212,439
366,462
53,242,325
41,247
324,453
167,194
5,79
203,204
10,96,334
153,271
187,482
316,458
243,362
230,240
200,343
118,265
319,418,446
56,139
422,490
86,108
318,356
56,230,248
181,430,477
167,465
248,453
119,433
475,484,485
348,413,474
321,488
164,454
186,214,393
268,429
165,313
248,391,487
477,486
185,414,486
111,406
18,154,371
177,242,332
51,444
395,434
169,338,430
218,291
138,256
27,117,482
40,330
192,453
422,467
137,242
426,491
64,286
223,354
26,178
157,382
145,408,465
262,316
126,444
277,415
56,78
328,457
117,415
53,449
135,323
23,53,452
126,424,428
252,407
3,81,467
38,108
36,161
314,318
70,221
394,413
52,55,145
26,187,274
219,247
332,355
312,375,434
23,68,76
263,335,385
44,112,236
92,126
69,221,314
98,232
216,420
324,442
79,183
399,480
36,122
3,394
129,219
316,427
361,472,482
134,296
274,472
12,179,313
246,289
33,495
303,324,475
120,396,488
73,470,489
124,129,465
85,437
259,491
229,282,289
171,184
81,341
198,400,473
458,472
376,421
114,396
128,169
83,191
100,186
181,276
124,200
130,423
174,263
232,444
175,361
27,280
247,338
129,244
107,480
98,327
226,285,406
438,468
24,438
222,308,462
173,179,253
77,219,334
158,251,420
59,352
59,279,282
91,183
76,317
395,429
132,305,353
21,154
173,364
377,470
119,272,430
180,199
30,177
211,289
32,435
203,363,484
138,199
197,232,263
125,500
169,372
72,106,380
8,76,145
218,298,468
386,475
259,409
65,166
70,151
241,354,378
65,279
114,221
98,320
13,493
78,217,303
11,279,431
59,231
221,228,270
87,321
278,432,442
12,455
71,430,476
195,271,330
13,409
178,241,390
96,267
5,459
173,495
255,327,397
182,261,273
73,231
348,403,485
310,342
52,425
93,323,417
92,327,363
41,48,374
31,316,358
20,78,390
86,434
3,135
165,496
345,394
219,376
163,488
66,273,419
142,197
322,331
66,240
268,363,415
169,221
223,429
360,388
227,322
145,258
51,130,383
49,354
21,189,462
15,68
226,265
42,137,193
139,420
80,223
137,197
288,289
226,422
3,128
432,467
13,300,310
23,322,474
45,209,227
416,457
314,356
86,314,357
44,63
256,350
252,362
103,189
221,373,382
159,420
32,106
140,201,322
201,486
301,488
358,369
151,242,294
20,205
105,107,192
172,266,348
200,338
306,374
295,392,395
8,19,376
238,349
30,240,469
269,369
333,455
159,380
34,225
179,224
53,321
62,294,343
168,346,411
379,484
41,195,287
214,276
53,389
58,171
93,437
101,481
174,330
113,334
371,467
119,291
255,426
114,198,487
87,375
313,438
40,181,206
228,249,347
56,72
207,443
155,346
351,372
15,406
126,390
46,67
93,464
14,300
14,256,314
39,124
56,192
169,243
216,488
44,60
49,196
356,392,488
179,463
286,436
232,416
63,263
169,366,475
169,199,220
57,459,499
144,406
36,375
127,359,494
333,344
166,268
200,496
47,362,405
154,179
277,385,403
178,238,406
98,322
199,228
196,299
29,426,477
36,216,266
215,304
54,240,350
49,443,500
125,176,215
342,360
105,338
25,326
435,498,499
9,453
33,265
91,351,428
140,351
100,183
63,409
228,405
118,206
2,70,279
1,305
127,157
97,370
89,107,249
8,134,184
56,72,343
125,458
74,131
155,171,421
36,426
149,289,485
192,345
61,348
30,483
346,354
19,127,140
22,429
108,314
126,409
307,315
6,336
174,317
38,52
81,194
129,169
45,81,403
125,441
96,161
372,453
60,128,222
277,404
24,471
48,456
61,154,166
317,408
148,390
186,228
148,297,345
117,481
140,353,401
198,204,420
42,395
281,391
195,431
165,182,290
265,337
450,468
181,322,372
299,478
73,220,340
120,397
194,290
149,251
64,68
275,469,472
367,388
160,303,412
125,135
264,290
181,392
27,427
95,247
39,217
7,234
347,351,446
132,455
100,244,372
14,33
77,79,281
8,127
41,126,390
244,275,489
370,465
13,384,413
109,499
110,191,450
90,218
16,28
448,484
279,451
60,231,392
304,494
54,278
284,306
175,425
283,291,430
124,348
12,48,144
182,216
123,308,441
29,101
265,321
135,236
19,317
49,53
73,460
161,183
299,301,430
204,480
228,368,391
104,439
34,104,238
86,187,340
13,257
294,479
82,176
50,189
286,314,339
1,221,399
282,418,482
258,363
94,240
116,202
356,390,417
169,445
206,373
106,492
94,468
155,217
126,182
274,361
38,155,225
344,395
413,440,452
151,166,370
233,331,332
15,163,471
44,382
48,168,216
38,237,301
194,437
100,247
36,427
349,481
92,327,411
194,306,346
22,93
40,272
63,362
71,368
88,331
56,303
62,443
9,71
50,140
327,419
211,423,487
175,220,393
37,164
296,410
287,465
9,101
152,165
231,388,482
325,386
76,190
146,208
60,482
122,320
235,310,425
43,59,458
352,441
96,212
338,436
14,26,128
109,224,255
89,109
251,367
14,71,268
166,171,467
449,455
209,227
333,336
158,327,500
336,395
301,443
276,298
2,201,480
216,425
261,364
74,97
15,84
79,123
407,427
52,305
55,281
40,223
291,301
120,307
82,191
105,286,388
319,321,388
26,239,243
19,76,285
373,446
105,206,270
16,465
2,12,209
124,238,481
11,238
135,214,301
138,213,473
72,246
439,458
46,117
235,425
280,362,393
187,210,314
27,295
