99,210
114,171,264
413,461
1,98,367
2,75,460
111,303
190,196,314
215,377
236,280
16,222,460
73,103,293
125,400
69,423
184,492
95,245
30,253
31,424
122,281,285
140,217
69,320
374,412
204,237
88,357
17,273,439
170,311
103,124
117,356
204,237,425
108,217
205,214
202,344
149,238
81,92,107
125,321
314,356
230,281,391
86,403
295,380
360,441
18,212
234,235
151,300
255,273
131,234,495
70,359
29,284
69,232
24,244,316
51,353,357
333,459
22,53,256
169,200
36,280,322
104,114
423,490
227,410
392,462
153,159
245,328
196,263
65,257
222,299,410
225,496
244,410
156,278
254,475
100,323
279,480
162,399
159,427,471
27,260
112,394
27,270
400,499
211,440
167,280,451
183,244,390
71,363,384
77,220,445
192,283,393
49,378
185,330
192,210
27,87,214
266,328
419,443
102,431
206,294
274,376
82,496
121,299
159,232,480
157,272,292
111,158,332
18,251,488
9,95
113,329
121,395
186,227
254,446
36,219,383
61,335
221,226
356,398
50,315
100,369
187,436
60,242,406
173,305,331
86,486
239,443
88,200
233,317
72,132
378,428
354,431
92,271
57,200
30,352
68,119
39,401,443
33,356,466
200,274,333
179,193,195
26,238
37,399
168,219
165,410
465,498
205,359,468
250,480
86,461
104,294
409,457
45,222,439
180,403
4,73,220
449,480
2,453,492
144,315
177,292,387
299,407
7,367
87,489
122,218
106,298,373
120,411
265,382
23,153,221
132,228,261
266,480
69,297
225,323
106,280
19,316,355
269,493
85,356
282,375
201,299
349,364
90,463
93,408
57,354
120,181,224
256,497
18,173,288
161,353,391
169,447
220,393
379,395
80,396
319,493
200,261
18,253
132,232
144,162
209,228
293,294,463
313,496
72,335,470
252,344
47,360
275,402,483
7,215
147,409
161,231,291
5,157,484
206,219
20,185
184,468
159,177,257
100,314
216,330,481
135,287
1,465
329,424
222,398
320,376
29,41,499
84,92
70,390
370,417
106,413
61,145,436
68,286
99,416
421,441
8,56
49,80
157,414
220,336
294,377,432
165,338,456
38,310
93,331
22,279
121,224,423
265,482
25,241
221,413
393,471
77,209
30,215
51,273
251,401
417,437
76,436
207,369
155,318
261,411
288,334
274,449
28,148
248,494
11,17
230,233,481
102,415
469,492
21,22,282
396,492
44,430
54,96
140,237,325
103,219,425
41,172
38,251,484
123,269,347
73,243,378
217,290
238,335
145,472
442,463
218,373
277,281
121,329,363
3,393,439
65,96
89,320
107,115,326
35,376
275,282
112,236
6,15,236
117,280
113,202,381
83,149
400,500
107,108,394
1,329
432,493
106,205,208
260,448
10,450
169,235
259,322
131,375
340,363
10,161
146,201
3,252
169,446
72,449
119,125,336
69,97,378
231,304
60,218
30,109
250,305
37,297,424
226,301,324
107,116,193
178,311
200,472
76,206
213,344
303,499
109,167
82,326,363
11,168,223
269,327
14,276
170,412
144,214,351
1,198,216
48,452
337,414
237,463
142,225,347
217,245
104,498
17,379,478
174,313
182,243
48,495
225,463
26,303
242,464
211,483
290,335
259,275
415,477
174,349
122,242
35,123,360
63,198,242
57,254
231,232
138,181
105,361
142,369
168,206
135,148,372
303,450
51,238,411
18,487
117,202,434
384,492
75,272
32,84
307,436
319,486
324,411
231,291,468
271,432
127,370
233,489
427,453
218,498
82,280,282
147,334
136,318,440
90,132
39,395
154,275
136,190,271
198,356,496
398,436
209,303,372
74,193,258
178,304,465
27,98,310
357,360,406
62,381,425
65,69,488
154,379
76,282,471
21,409
57,498
59,185,266
120,264,331
237,385,432
249,462
255,318,412
149,237
270,366,461
229,366
9,374
65,277
165,331
89,383
192,230,234
9,475
462,478
131,389
132,466
354,383
65,445,468
281,310,376
99,482
174,449
199,435
212,493
135,232,250
16,155
189,329,406
14,95
61,137,466
44,378,430
115,158,393
61,368
232,393
237,271
11,431
155,459
124,143
92,356
13,401
148,403
122,286
284,468
39,254
56,432
8,239
219,276
23,319,424
372,409
313,319,409
188,333
186,283,346
259,379
203,291
342,360
20,79
20,238,397
234,352,491
124,131,289
58,119,426
396,471
14,474
134,264,305
207,265,302
302,389
140,345
223,341
216,404
261,469,480
220,248
4,199
200,351
81,215
164,246,402
102,344
291,375
252,260
223,498
301,429
38,381
45,460
154,296,497
196,208,348
30,409
243,326,445
77,248
274,374,500
89,335
280,416
200,302
14,345
172,446
337,401
245,383
53,132,385
266,394
134,418
101,144
285,352
79,429,465
176,432,447
200,250
18,47,86
127,245
45,290,303
47,462
13,280,460
192,314,332
219,449,471
325,448
17,152
32,397
203,260
442,453
252,283
217,411
340,385,477
208,234
98,118,385
163,441
46,384
214,500
216,274,437
260,361
50,272,308
258,472
141,234
298,330
88,322
235,457
2,77
25,404
47,429
238,265
206,266,280
18,308,329
94,397,460
147,352
173,491
209,454
153,283,461
297,489
373,497
101,391
157,281
87,363
55,169,490
162,330
247,455
69,84
190,420
223,278,419
8,201,246
45,172
128,479,481
274,353
2,298,476
360,438
98,296
80,321
242,361
212,238
95,96
128,350
71,108,273
68,169
134,160
137,390
50,75
193,194
63,283
45,500
172,386
58,68
279,378
126,134
99,416
52,440
327,461
141,361,475
49,175
254,442
18,293,477
115,469,478
326,375
113,302
43,145,219
41,87
58,81,163
243,433,487
292,357
383,434
179,211,317
365,469
149,415
50,177,322
400,472
75,213
80,89,366
104,282
40,318
149,252
182,397
24,100,174
88,99
132,379
424,438
255,438
133,159,245
280,325,499
23,479
330,400
138,485
207,401
162,280
31,411,439
254,461
165,224
172,404,492
180,323
35,89
366,487
247,263
139,196
87,493
217,332,431
155,354,426
133,285,401
49,98
177,252
192,460
140,275
111,168
307,325
174,228,404
187,276
3,62
116,461
75,257
110,356
9,455
23,33
48,79
58,290
22,270
100,278
71,243
183,354,424
293,378,489
174,320,453
171,289,475
196,339,410
30,214
139,200
152,398
25,149
358,469
81,151,262
31,470
3,347
40,256
108,487
20,463
197,198,239
183,374,473
339,407
88,416
342,450,498
213,435
164,370
310,451
41,325
82,356
217,319,471
121,417
19,303
112,320
20,377
101,193
270,356,411
22,300
228,232,255
22,176
11,204,440
98,165,263
211,440
24,166,404
99,210
130,389
174,332
121,428,470
81,204
131,238
35,73,167
39,337
122,369,495
51,412,442
76,127,333
312,410
26,437,483
174,382,471
209,477,497
104,193
227,416
86,280,321
413,419
265,313,390
179,458
174,192,424
135,215
102,460
102,357
192,256
396,477
174,325
49,230,402
378,387
263,306
286,475
417,433,439
186,284
111,488
135,475
246,416
10,195
199,451
28,365,468
398,434
30,382,408
26,207
171,264
179,409
122,488
22,26,51
400,444
61,225,440
231,254,333
56,326
23,282,409
167,307
79,338
208,353
30,163
302,326
149,248,294
71,194
55,268
155,230,315
19,129
52,230
201,273
359,474
43,284
26,28,480
183,229
211,373
12,194,206
246,474
113,463
191,310,492
374,375
143,395
251,316
110,210
290,458
159,371,393
285,406,433
81,459
234,323
90,101,306
89,144,407
56,219
18,456,498
113,444
252,302,398
132,269,371
183,432
238,293,328
64,382
28,145
127,266,300
76,373
178,194,202
6,306
213,377
261,262
103,156,438
213,424
82,193,384
30,103,473
194,269
128,381
368,414
86,462
100,480
40,170
194,230
231,325
382,488
248,294,458
304,364
111,117,249
71,95,417
67,129
62,120
135,463
350,385
267,365
411,412
181,311
30,212
344,405
292,403
412,467
71,444
145,274,353
38,52,496
233,422
117,463
41,172
371,407
120,218,279
88,242
90,190
14,29,483
413,450
479,496
117,140
111,343
262,323
277,391
163,213
118,228,477
245,481
14,90,345
309,411
209,499
388,396
95,205
163,223,442
101,464
169,490
206,386
55,73,412
50,448
71,93
265,399
267,353,425
219,407
303,426
278,290,485
107,352
47,218
104,165,327
371,408
247,341
207,493
52,68,104
47,359,441
230,264
40,98,311
45,256,451
10,453
441,492
366,439,494
60,307,345
15,198,288
475,497
147,259
352,369
13,64,144
109,246,332
14,182,424
111,113,177
79,249
23,441
161,290
142,372,469
124,254
242,353
18,464
11,97
87,227
14,179
111,207,423
359,370,424
258,441,464
188,317
30,460,470
64,163,307
83,352
145,472
6,186,213
280,292
74,401
172,247
161,188
238,278
115,499
25,69,235
42,364
8,177
337,433
323,324
1,322,441
218,381
182,399
216,432
10,161
294,432
469,478
145,411
273,454
202,450
87,375
72,140,357
191,193
51,308
11,66
404,406
325,369
210,433
74,286
149,211,255
182,376
28,296,385
163,428
134,423
140,145,200
222,253
334,374
15,454
195,376
24,236
152,327
167,465
194,214,269
82,471
241,296
26,385
171,416
11,168,231
100,309,372
189,390
148,274
342,480
354,382
61,400,467
31,56
144,390
188,483
139,162
13,16,298
168,284
76,175,293
48,322
102,179
17,428
305,362,387
241,489
178,261
139,240,496
110,115
144,282,416
264,457
187,299,442
46,498
266,490
127,348
167,402
159,220
254,429
104,498
24,146
137,244
110,151
27,135,228
153,198
376,498
110,404
159,211
387,456
91,129,276
18,395
397,457
157,413,454
164,205,487
119,407
189,471
199,254
327,497
6,150
197,329
15,369,400
269,483
170,434,476
294,364
36,296,299
115,204
70,383
212,372,489
185,384
239,288
44,238,438
294,446
15,306
183,416
49,481
36,229
219,364,431
269,353
226,380
144,153,192
202,262
10,374
281,381,475
10,73,93
30,106
157,322
269,414
7,247
53,449
64,127
56,359
120,304
255,340
26,135
265,313
149,216,323
74,447
79,258,447
81,199
72,88,335
224,270,439
296,307,389
42,386
151,295
26,392
209,412
316,471
80,228,500
239,427,451
65,374
357,451
432,460
64,103,214
73,327
145,396
25,148
147,288
83,154,235
292,381
219,455
74,320
89,320,345
414,476
110,153
58,410
40,229
325,363
293,328
312,426
354,359
13,189
53,374
70,187
163,207
178,203
341,406
43,395
124,378
288,389,476
190,321
87,194,495
153,490
254,281
41,376
128,303
54,138,408
85,202,268
32,104,241
108,392
20,122,433
366,486
91,355
23,210,320
316,404,493
463,488
52,232
230,270,429
32,299
206,373
34,113,342
223,289
304,442
27,220
426,454
82,286
50,440
461,488
277,487
45,97,469
17,282,403
6,279,477
172,436
323,418,430
218,305
361,369
209,371
427,466
138,211,303
134,371
29,122
200,244,490
47,284
231,297,319
39,224
77,300,448
92,176
211,328
332,362
33,51
54,79,94
87,226
171,270
233,267,329
255,489
129,371
27,229,247
46,257,277
56,370
250,365,415
303,448
445,463
429,437
107,184
225,366
180,424
10,244,396
127,368
32,140
75,302
12,178
122,294,439
241,340,419
83,439
257,274
14,200,383
102,298
90,225,248
23,61
205,409
358,394
69,178,426
12,117
3,365
4,174
329,443
143,247
164,288
149,266
169,276
31,164,217
22,458,468
13,84,399
33,237,353
112,164,354
115,395
13,84
75,181
48,57,198
24,162,236
154,452
118,282
141,403
5,41,267
3,289
99,101,349
289,337,390
175,212
46,324
40,159
249,484
192,344
195,421
18,44,301
29,455
257,460
155,163,394
223,291,336
142,261,364
237,278
68,161
114,150,446
109,162,205
180,459
145,412
113,148
155,202
89,452
133,152,489
77,250
216,309
372,497
215,442,463
264,280
71,82,111
207,412
380,385
386,418
26,215
98,121
182,421
270,325,363
205,497
174,432
372,378
14,162,167
150,355
120,275
184,414
38,218,406
275,302
11,420
263,408
156,243
70,164
30,409,452
32,36,243
224,427
139,409
113,282,477
145,470
112,287
36,193,453
409,489
230,462
9,315
195,389
155,281,317
68,405
210,259
16,294
80,318
144,206
428,462
191,439,456
23,275,409
269,309
179,376
62,296
23,130,355
120,206
24,202
196,332
138,249
282,308
34,211
84,122,407
5,213
66,277,444
217,374,383
103,301,418
274,349,457
321,411
20,28,147
72,236
25,37
138,323
276,325,496
109,305
72,427
27,325
174,190,390
244,287,298
139,160,420
173,278
156,188,458
376,463,480
121,450
295,324
204,463
430,436
16,478
141,172,401
335,399,482
4,11,252
17,220,483
233,258,495
127,180,357
153,330
361,469
284,410
223,312
341,424
367,433
307,361,474
26,288
104,288
227,471
39,135,195
297,446
80,326
1,362,461
269,283,494
56,77
347,379,394
389,495
107,343
124,442
116,204
372,493
44,68
194,459
41,360
142,381
71,230,375
320,357,473
21,50,76
242,320
293,298
225,269,475
283,341,455
100,450
259,499
222,454
10,112
187,213
208,375,382
159,300
2,9,357
267,326
332,361
60,435
41,47,134
292,395,455
336,385
213,392
35,214
148,350
146,232,463
20,279
422,454
9,176,348
18,326,465
148,293
233,329
162,274
352,400
32,91
140,298,357
459,462
94,283,399
469,496
56,135,478
354,446
131,234
243,465,495
270,384,491
60,120
313,470
218,229,277
289,459
191,302
344,364
30,150
403,410
91,164
312,474
290,313
68,203,380
57,178,230
41,130
57,136
11,477
165,331
83,256,453
21,198
163,342
61,79
278,304
234,472,491
201,293
103,188,295
269,421
49,303,340
9,210
133,430
41,261
12,260
288,305
212,310,409
242,355,476
148,343
7,67
37,368,397
133,165
260,355
290,336,499
71,264
264,329,352
117,167
258,352,459
408,437
103,235,295
93,328
236,333
89,183
1,20
124,158,379
182,422
13,145,253
429,472
61,433
328,487,500
220,468
181,473
259,266
242,392
153,202,341
156,464
7,284,415
176,478
349,471
313,390,473
223,233,383
170,306
4,196
252,277
239,389
269,483,485
247,474,490
123,226
393,486
52,257
96,328
27,233
105,384
84,146
113,169,242
204,347,426
217,253
152,228
224,465
159,376,448
124,397
266,368
175,478
161,377
438,454
226,378,445
77,449
54,304
207,279
142,478
207,256,437
46,331
72,496
145,221,279
48,212
156,196,313
112,189,282
12,175,319
112,257
32,332
249,285
176,215
117,165
294,378,408
404,420
160,370
114,385,488
116,148,451
18,366,450
294,353
26,184
211,232
103,238,252
86,224
386,494
133,393
98,197,352
36,219
168,234
33,125
7,255
33,200,222
43,91
274,452
58,77,83
139,432
145,420
78,139,339
126,348,380
403,471
365,379
151,184,282
67,198
37,313,420
223,297
334,464
102,416,470
210,407,490
36,63,370
10,458
35,132
230,244
245,326
218,380
24,183
80,251
353,360
113,277
17,124
101,490
19,92,206
239,352
175,264
112,357
153,351,474
63,198,482
80,304,394
106,370
74,116,366
220,269,324
80,393,498
123,378,463
27,439
10,90
180,470
268,421
286,352
24,196
205,207,272
132,204
79,128,289
326,385
124,142
447,460
5,375
276,397
101,170
252,437
2,445,488
363,423,486
285,404
257,461
230,451
37,320,383
204,279,478
44,259
278,402
200,438
69,279
281,413
52,83
74,190
28,212
325,389
35,320
68,349
78,352
255,434
127,181
127,218,347
205,346,460
12,484
135,237
278,388
17,336,485
122,198,267
40,184,480
175,213
89,500
137,452,466
189,214
175,411
36,112
242,394
25,116,207
203,475
415,453
89,274,407
95,181,319
183,434
58,113,459
118,483
177,278,302
57,452
71,442,487
156,418
371,432
14,221,354
57,226,394
364,466
106,437
180,359,410
11,121
146,223
365,450
45,331
296,483
80,388,468
40,347
57,446
28,77,432
25,418
183,313
57,78,305
60,86
28,125
85,249,443
182,456
380,477
327,371
133,268
95,344
79,353
125,459
244,367
37,169
61,401
381,423
330,409
50,299,316
110,117
149,364
119,136,252
127,275
345,416
221,315,375
256,404
22,68,454
164,295
239,302
344,479
321,478
51,283
237,394,497
307,455
116,406,481
296,438
14,222
36,158
228,426
58,247,499
191,421
243,337
210,289,343
132,386,436
261,453
135,191,368
441,455
31,64,150
280,316
188,442
216,328
9,409,448
111,500
98,247
353,432
97,235
98,447
84,359
343,400
93,377
113,194,337
194,343
233,353,395
68,437,445
334,370,467
14,189,196
154,223,493
148,491
165,286
23,280,451
356,474
338,487
103,151,445
104,343
339,393,420
148,213,472
68,228,477
147,353
262,316,324
2,51
9,155,374
118,165,257
206,320
1,141
8,186
166,236
265,471
42,269,358
79,254,459
5,242
96,364
124,188
27,285,487
54,273
355,449
31,335
76,176,265
80,165,218
182,456
93,386
275,419,421
185,497
243,342,441
185,378
160,284
232,318
274,443,456
104,165,413
185,392,401
112,233
344,498
147,479
165,168,378
1,126,334
373,462,498
57,325
31,351
158,255,266
243,392
356,413,481
96,422
33,186
73,377
342,424
323,483
212,408
121,155,230
213,308,459
175,385
94,109
67,142
74,439
123,232,463
177,288
307,360
104,322,484
57,172
436,479
231,279,313
209,366
186,482
1,378
113,127
228,454
37,196
328,416,446
13,43
107,274
60,251
468,483
81,99
230,333
69,223
280,397
426,455
50,143,488
405,469
195,259
199,339
29,404,444
51,250,365
3,432,478
314,496
255,295,411
399,416,420
64,129,490
103,119
331,433
122,134
153,236
40,468
53,312
281,366,386
311,456,473
189,192,257
388,485
176,440
133,408
17,66,141
254,299,438
53,342
25,60,409
151,445
247,449
64,393
212,456
176,307,466
283,286
375,398
192,205
69,499
374,484,488
373,455
29,105,331
347,465
294,443
70,109,301
61,112,196
18,107
210,355,470
16,225
242,277
8,265
82,155
17,119
130,167
4,385,415
284,357
256,382
27,193,310
128,159
78,94
25,477
32,190,402
204,499
112,224,446
150,182,316
454,456
236,327
120,187
112,492
164,201,206
420,500
73,498
18,421
209,426
88,215
170,294
131,234
140,299,466
222,273
355,424
327,358
345,471
206,354
19,68
75,87,116
336,473
10,152
154,464,497
172,261
131,387
247,279
17,479
326,450
142,151,402
184,498
211,241,347
418,493
222,431
1,195
182,315
69,350
209,336,379
172,484
207,372
211,481
5,174
171,489
132,267,485
132,138
212,278,499
122,212,438
143,157,285
135,248
21,370
113,196
29,41,85
308,463
168,265
13,195
56,129,200
4,20
41,441
167,430
6,478
433,450
185,467
149,224
139,245
298,434
187,208
18,193
141,454
201,206
106,145,153
21,217,496
193,304
15,68,203
71,389
257,376
215,419
237,262
163,381
15,213
300,346,400
299,335
103,378
361,450
98,292,459
165,305
114,173
170,332
98,410,458
166,304
24,37,72
224,281,284
155,243
33,130
181,471
164,470
163,275,290
411,442
92,375
34,321
403,479
18,256,258
296,306
28,297
24,196
179,192
155,209
36,210
103,221,270
155,295,318
131,198
15,372,378
254,401
60,68,382
127,174,205
210,370
8,375
80,83,238
10,446
187,365
364,376
397,434
99,137
31,125
14,176
363,471
105,224,429
113,116,213
141,233,403
155,239
113,282
64,65
38,71
61,72
33,178
326,449,474
139,150
92,153
36,299,436
110,140,375
315,492
6,472
30,170
90,419
61,91,424
166,464
252,442
29,122,254
116,194,367
15,336,377
48,413
382,500
101,179
336,385
297,380,499
87,251,327
325,466
46,119
436,490
180,316
235,237,489
227,424
118,232
236,431
309,322
458,480
2,91
63,148
37,262
94,227
218,472
143,147,233
177,224
141,339,428
108,208,400
8,240
368,477
274,473
187,494
23,182
11,270
220,348
102,251
72,162
20,311,369
167,451
13,169
203,469
116,423
328,410
316,334
422,439
310,337
59,218
227,273
149,159,209
147,292,308
107,141
45,365,391
139,486
190,227
295,301,463
218,406
56,83,355
133,270
347,485
136,199
162,482
17,142,252
30,171,207
73,76,92
178,308
115,154
372,417,453
148,328
70,176
82,142,198
169,455
181,246
119,222
150,155,420
3,184,411
172,178
216,244
313,477
67,380
358,486
51,148
216,396,453
321,477
168,218,379
121,139,447
75,180,239
180,320
372,387,466
28,412
3,323
43,95
277,317
284,290
7,111,351
22,98
4,149
59,336
59,97
176,313
119,311
220,368
232,297
186,471
36,80
5,192
3,225,459
107,154,351
465,475
278,321,446
247,336
29,104,233
137,186
166,485
71,120
312,380
250,376
169,217
21,92,287
196,273,278
275,321
34,461
26,445
47,444
307,331
282,424
157,219
328,421
39,218,472
67,176,205
18,71
404,406,465
132,481
112,444
226,279
124,318,385
359,485
100,303
83,408
49,76,230
378,446
76,182
156,166,430
249,357
204,353
293,463
54,77
39,195
49,432,483
11,232,432
37,89,333
55,211
227,297
290,370
90,153
208,298,482
162,374
143,416
63,268
87,366,423
94,261,268
246,335
100,327
13,80,150
51,378
373,392
250,254,490
169,322
264,358
119,323
421,423
21,190,274
290,458
45,119,445
46,387
352,479
149,241
457,470
282,389
95,276
136,334
360,480
117,313,364
53,67
77,83
100,175,260
301,317
324,336
351,466
33,319
110,139,276
445,483
128,225,492
5,66,111
288,486
24,236,338
245,305
223,257,464
174,324
122,333
17,157,325
82,185
26,398,490
57,157
168,372
62,446
276,284
201,380
148,489
149,161
59,306
4,124
222,299,344
76,409,452
201,383
18,38,318
74,126
376,448
157,334
20,165,230
113,308
328,342
365,463
40,49
36,145,315
147,356
131,147
18,174,227
61,76,222
259,394,483
16,34
60,206
11,216
140,345,479
105,414
381,441
46,438
192,208,330
12,263,455
110,156
33,140
285,498
100,175
312,446
81,426,492
211,347
71,125
220,250
123,232,350
262,440
417,450,459
418,450
277,493
48,256,373
231,396
72,91,436
160,334
203,324
88,258
245,305,455
49,201,447
261,430
224,232,333
22,344
61,102,192
465,494
243,384
91,375,449
181,496
182,222
7,106
359,391
339,387
372,420
167,294
23,145
351,356
200,299
402,487
94,272
174,293,422
97,149
212,259,432
30,339
35,335
316,349
325,392
355,385,417
220,254
146,161
171,384
371,490
125,183
190,414
293,427
335,393
134,401
204,318,478
150,460
110,189
105,454
29,455
29,281,326
270,462
276,348,436
83,294,295
195,229,330
353,376,456
427,463
43,160,482
215,269,340
219,296
23,51,301
59,495
446,459
71,476
148,224,406
262,318
2,223
308,346,454
242,360
97,307,319
235,446
211,442
248,499
115,286,336
211,399
170,396
297,358,412
285,455
154,402
85,233
169,349
133,258
178,307,486
160,281
37,81,457
326,484
131,492
134,406,472
218,439
152,261
65,349
441,498
129,416
162,179
70,457
117,452
33,382
197,447
52,246,257
69,144
339,401
120,305,325
285,294
214,235,400
303,373
106,139
25,232,419
227,470
116,462,465
289,395
236,294
33,315,324
160,161,439
76,89,101
67,344
229,293,443
70,284,473
74,239
6,300,469
99,154
105,423
252,255
427,489
66,337
2,408,424
214,254
91,278
6,466
20,157
31,181,219
171,247
60,160,392
178,413
152,159,324
102,173,396
302,400
44,499
2,31,168
12,148,310
28,66,215
364,374
354,364
191,235
47,497
225,295,477
4,416
120,397
123,158
21,287,397
55,465
38,434
169,315
111,396
185,338
16,431
182,308
58,428
210,304
48,141,429
353,376,475
112,190,496
1,376
265,332
204,472,496
280,318,331
249,293
37,164,320
86,401
113,145
414,448
108,251,401
246,299
276,282
80,345
149,278
298,345
54,291,438
61,154
128,228,291
243,352
32,279
110,344
248,293,365
216,303
278,368
94,467
235,301,379
404,481
40,232,250
123,357,399
14,356
181,351
162,444
262,388
442,481
12,148,439
296,371,465
241,477,493
296,352
109,144,280
298,342
23,150
16,83,460
186,314
37,182,424
44,319
26,82
151,429
22,152
56,61,316
51,52
306,445
382,455
99,253
204,485
233,374,484
45,161
427,491
85,97,466
335,400,431
303,428
175,266,418
252,372,437
219,432
81,225
101,327
136,340
107,126
348,383
311,481
79,184,289
36,243
65,340
32,225
2,335,356
206,257
108,120,308
220,289,353
106,137,253
97,152,320
275,311,348
218,320
332,357,482
36,206
62,397
355,377
54,261
15,105,177
114,213
220,497
352,366
284,346
260,485
179,500
180,364,409
69,196
277,493
68,138,273
191,389
105,413
242,353
4,336
257,382,424
72,406
97,269
352,378
101,192
147,150
231,307,324
290,356
56,219,382
39,123
169,189,452
34,60
20,122
331,472
151,402
90,461
122,156
99,182
18,207,292
393,445,469
193,195
243,396
286,353
137,427
258,295
36,88,449
120,143
31,320
129,244
26,69
397,420,464
140,263
74,75,362
348,443
158,306,397
147,461,498
183,280
298,416
201,367
60,357
32,313
90,144,228
361,457
387,476
84,442
145,219
60,251,376
155,189,495
20,400,487
291,297
56,346,427
75,403
9,390
291,488
237,361
140,307,470
132,151,393
255,463
319,398
181,284
35,53,426
266,313,460
58,274,371
351,473
261,412
315,349,470
74,453
153,465
34,234
37,383
16,418
58,124,146
296,427
394,469
37,255
347,387
239,425,433
313,492
162,475
107,126,308
126,191,363
24,41
59,128,486
280,368
228,248
153,395
107,122,200
128,172
63,465
4,376,444
220,248
75,160
191,494
201,233
365,380,387
86,386
274,315
64,264
227,398
232,340
22,152
103,291,412
153,154
363,429
38,314
408,454
57,431
142,488
186,466
304,352,449
229,455
423,460
468,478
37,117,470
78,151
52,188
26,266,324
49,262
169,221
273,420
81,241
5,201
35,251
196,280
280,486
405,440
358,378
86,400
266,280
161,225
82,334
222,283,287
261,274
236,270
1,74,239
54,348
305,344
68,247
1,55,450
64,387
200,302
205,354
298,332
117,259
173,425
100,233,442
339,343,422
264,387
163,396
213,427
256,385,463
206,307,332
273,399
22,418,442
172,356
9,19,183
51,256
196,219
348,357,470
16,56,144
231,251
42,460
102,299,392
200,471
62,198
93,163
224,298
84,168
179,245,384
222,314,466
131,311
124,304
375,434
8,23,344
68,220
24,479
212,318,365
271,426
111,172,448
5,292,387
350,389
160,191,285
204,419
234,341
25,188,475
6,312,385
243,423
388,389
141,165
156,248,442
371,469
28,144
50,188
87,406,498
160,461
376,443,484
9,267
206,265,397
287,399
170,327,499
35,61
56,208,430
78,181
62,120,126
158,179
3,372,428
304,387
48,400
145,362,426
55,122,281
139,197
192,370,382
268,490
352,470
17,262
164,180
5,41
87,125
261,394
156,223
121,401,414
326,337,472
170,440
205,452
403,476
8,277,295
187,214,362
256,278
224,251,366
250,265,394
339,416
236,240
97,220
9,33
147,186,371
112,327,379
164,194
210,315
132,296
199,327
346,348
1,263
32,480
246,297
296,300,346
44,175
308,492
46,150,326
12,190,201
269,281,287
262,344
185,247,281
136,199,408
329,423
21,488
59,311
5,157
99,365
57,69
126,191,414
291,372
191,317,414
125,230,401
259,278,291
218,314
105,145
53,99
185,286
354,393
101,383
17,276,289
173,270
467,472
45,177
186,453
84,391
107,185,373
91,129
62,350
28,318,440
301,386
29,459
246,444
148,295,341
32,153
145,426
22,325,446
178,406
85,365
178,270
30,201,373
159,247
83,156
71,86
120,487
6,11,199
81,358
163,283
419,434
225,231
183,280
113,270
218,288,448
151,214
66,363
78,192,319
64,244,298
216,403
149,477
67,346
199,333
34,239
267,279,456
9,127
55,171
362,414
48,162
213,247
104,447
45,301
172,387
23,437
112,496
173,400
45,101,196
20,27,247
408,454
42,76
28,220,477
333,383
316,500
31,278
134,177,494
67,333,354
36,168
169,387,461
69,88
59,234
9,436
134,367
140,144
209,225,489
21,276,386
209,428
6,103
11,337
186,211
164,262
348,477
43,179
107,247
234,363,381
43,127,431
312,329,490
30,369,479
141,425,484
101,210
45,255
40,426
360,500
51,410
223,446
450,474
144,287
79,113,249
180,201,368
316,335,359
168,354
21,96,443
460,475
21,130,451
1,421
181,314
40,71
21,162,452
385,423
166,440
44,341
8,95,409
6,53,118
45,204
393,412
259,284
278,409
186,210
34,140
58,165,493
143,202,353
115,378
154,188,489
385,415
6,222
212,355
34,161,471
274,357
393,486
28,269
249,464,466
133,432
269,341
11,419
39,286,487
288,385
208,332
42,282
282,399,436
258,467
83,159,263
26,303,455
327,377
246,348
83,215,301
76,374
142,282,330
189,317
290,436
272,282,483
51,370
66,286,448
77,175
124,327
244,262,409
224,335
198,491
279,440
241,324
163,195
54,96
31,208,356
176,356
89,284,346
324,458
63,398
2,84
67,211
20,214,412
162,474
150,282,296
177,251,455
116,126,366
454,457
3,484
220,330
37,67
4,103
346,355
312,327,377
143,304,434
24,167,257
243,366
217,348
65,83,432
253,400
408,493
91,102
79,326
32,224
81,93,336
18,398
221,323
22,180,360
89,366
450,455
107,111
62,308
20,64
129,364
109,377
19,207,425
199,261,309
111,325
144,145
25,368
83,188,346
49,83,206
78,167
28,483
346,359,379
51,144
215,226
231,478
182,238
388,420
94,268
277,381
229,441
41,184
60,374
42,109
122,281,353
31,338
324,441
104,239,317
24,420
49,373
39,365
15,249,455
8,100,430
26,274
261,309,351
139,322
23,97,191
182,209
129,213,268
402,454
41,338
278,347
296,301
293,300
48,369
56,347
310,389
350,404
83,378
332,374,457
235,418
145,176
415,486
392,475
70,151,482
159,418
32,64
128,310,498
171,459
31,147,278
194,478,497
45,438
444,475
56,61
53,228,402
14,140
110,183,471
40,411
44,334
81,167
27,218
282,454
90,212,478
11,154
64,281
23,241,473
47,171
255,372
24,265
154,278
188,379
362,457
407,417,473
337,397
30,192
132,178
207,235
162,196
57,95
32,201
228,269,489
7,86,366
198,381
302,322,433
275,324
216,314
54,212
157,363,422
289,401,492
305,475
299,453
6,191,289
283,395
433,460
324,428
121,185
84,459
244,305
34,174
6,83,264
9,219
136,373
355,416
19,184
220,231
409,492
139,217
131,479
123,151
4,256
102,215
138,324
131,173,317
49,78
250,320
319,349
383,490
101,388
306,371
248,303
331,483
110,266
93,207
257,414
212,228
68,225
138,145,345
10,65,100
456,488
123,440
258,271
162,265,424
225,237
249,435
218,229
107,114,461
192,481
247,271,363
307,355
23,101,335
297,380
227,473
164,313
255,472
205,253,286
33,284
178,309
85,93,310
217,401
393,415
203,459
306,427
64,370,383
214,242,479
21,490
3,282
200,319,452
168,232
164,308,484
63,397
339,371
93,204
39,305
378,485
90,336
18,167,459
24,346
279,312
117,139,383
9,37
183,246
228,278
262,383
234,363
127,130
96,183
108,134
253,337,345
5,311
320,387
338,410
99,367,474
284,294
45,211
8,84,474
156,454
199,388
138,415
241,336
191,218,264
228,325
67,172
111,391
99,498
433,462
375,493
332,357,457
80,142
13,457
184,240
38,272,440
46,275
34,53
132,229,467
283,337
126,191,286
8,102,374
93,263
100,393
69,200
181,236
197,466
99,422
20,193,495
4,128,478
181,434,473
42,328
51,418
115,349,445
56,225,369
375,409
229,435
115,151,207
383,416
117,207
203,404,460
181,482
51,88,111
187,360
400,438
129,244
39,46,286
196,299
74,245
46,75,245
6,111,152
82,487
183,335
89,156
126,162,307
57,165,495
104,108
189,220
56,180,407
156,226
291,445
176,201
88,217,236
78,112
2,8
46,137,441
168,354
126,336
23,276,390
75,222
3,477
356,364
82,87,465
203,301
83,128,235
271,455,459
116,124
282,314,409
174,206
59,60
190,285
361,429
147,245
289,436
112,205
6,83
146,394
18,123,332
76,88
131,139,255
238,394
256,419
27,209,413
20,155
211,257
43,91
17,86,140
23,87,273
13,88,399
51,123
219,379
454,487
34,217
104,155,360
47,57,367
354,359
40,158,444
329,450
137,218
140,236
97,216
165,494
8,204
198,384
267,361,488
267,375
8,186,462
152,232,303
348,373
169,436
168,345
28,259,290
220,232
54,141,142
282,359,390
298,314,335
46,166,489
280,397
140,196
182,463
285,381,481
4,199,402
79,331,456
100,443
23,91
173,326
101,241
369,404
137,253
47,74,322
82,443
44,307
7,24,390
153,392
67,276,334
289,483
408,446
71,416,420
162,330,382
69,209,494
192,461
12,177,311
94,117
370,500
230,400,403
127,434
13,210
182,296
70,487
26,146
213,458
117,298
315,484
117,129
184,192,370
34,98
86,138
352,444
27,401
122,433
44,323,380
20,410
400,414
299,424
7,201,287
374,378
134,481
206,431
126,227
43,205
56,140
258,376
392,455
129,373
46,413
289,386,403
257,375
132,188
368,407
174,208,282
241,409
129,409,410
111,186
133,380
345,443
19,235
35,67,153
112,256,305
42,204
233,277,475
143,269,480
156,310
149,181
118,199,497
108,218,224
85,361
125,290
375,397
59,444,469
214,378,470
148,325
38,277,461
82,292,343
389,464
144,346
90,167
90,188
74,197
68,448
215,432,458
4,83,255
334,463
46,450
289,311
313,399
217,368
28,468
216,485
324,445,480
86,258
106,210
24,287
147,291
181,265,345
32,112
18,26
330,346
101,106
141,268
128,343
193,400
7,230
9,72
137,383
2,134
122,172
9,314
9,287
223,356
24,246
239,494
92,282
240,357
235,297
73,133,412
24,117,473
256,469,477
138,377
43,184
397,484
45,58
448,492
121,475
128,487
171,354
4,136,438
65,199
71,178
101,283
89,145,162
83,225,238
202,395,421
201,219
116,440
453,463
191,299
56,109,346
48,316,348
70,121
20,499
216,408
437,468
176,259
269,413
25,237
281,488
180,255,261
214,251,471
303,344
456,488
36,130,227
166,407
70,470
48,242
44,124
55,187,245
96,362
268,465
440,496
178,395,455
240,479
249,463
95,251
17,393
394,438
166,269,340
194,478
289,403
75,328
188,216
111,308
172,341
61,188,268
95,274
106,179
52,59,230
138,312,493
100,212,394
191,385,397
361,375
228,394
63,465
56,249
93,163,301
117,319
239,331,384
133,188
33,168,282
218,450
204,270
87,295
140,231,431
113,220
33,145
3,372
267,297,313
108,464
72,382
120,265,443
1,439
118,238
68,499
138,301,360
202,352,486
334,439
102,384
428,431,491
241,426
129,457,460
92,411
21,134
38,129,380
148,401,450
68,453
269,329
237,290
155,317,360
112,276,354
42,51,402
133,454
55,444,448
24,180
64,178
153,319
150,171
148,404
321,444
440,458
9,23,316
51,130,346
312,388
197,224
131,435
253,409,462
119,388
3,328,432
245,275
159,269,405
97,123
278,463
22,231,496
28,324
391,475
150,333
129,349
367,400
86,456
37,38,57
69,226
22,259,437
382,421,493
65,83
175,352,379
352,471
17,408
357,373
32,73,167
31,276
41,82,461
84,275
238,412
255,294
380,480,485
362,419,467
131,198,218
109,490
183,219,300
3,125,473
153,154
276,316
73,394
129,373
213,224
54,119
155,307
91,179
68,370
410,487
216,282
24,70
60,187,339
158,263
91,149,250
159,291,438
189,206
234,325
80,222
227,399
273,393,446
134,444
17,40,372
117,196,344
247,362,467
173,387,456
354,355,466
359,409
55,243,352
218,322
54,226,493
182,298
132,478
230,277,443
145,174
95,320
125,320
134,458
246,310,381
339,354
78,280
104,291
281,401,421
32,189
127,162,466
95,179
234,261
188,240
225,312,321
327,364
303,486
29,264,421
305,363,422
42,380
260,448
426,468
213,434
387,469
61,197,346
204,385
394,477
233,242
205,210,373
188,468
295,310
89,315,490
220,426,430
98,116,251
15,111
174,253
208,398,466
332,337
87,299
28,216
3,77,275
124,394
68,318
282,442
8,463
198,362
136,314
153,327,363
18,194
421,478
99,464,481
126,271
60,456
94,98
100,125
32,206
57,134,387
53,423,447
80,260,402
42,54
89,186,192
2,397
309,432
24,58
9,78,95
61,314,320
186,383
329,464,476
56,89,284
34,172,383
30,276,299
316,351
36,91,200
295,331
23,278
61,281
21,383,473
296,380
415,477
15,286
175,232
176,278,379
243,271
227,318
301,332
65,207
56,64,397
19,35,452
34,481
126,240,471
177,408
242,325
286,319
148,289
31,217
39,82,98
137,282
226,350,402
210,322,464
195,242
4,124
357,427
210,470
141,381,481
99,227,298
273,301,430
27,231
24,69,338
149,372
261,378
91,427
25,385
146,223
114,165
109,116,187
191,360,462
86,178,367
115,393
179,214,265
134,376
20,369,444
235,255,260
73,316
24,280
130,458
201,399
329,476
117,123,203
7,110,217
262,278
225,239
150,299
68,306,402
7,67,316
111,444
49,378
140,426,467
18,352
207,235
152,493
34,263,456
53,199,367
436,479
113,494
173,391,476
269,499
248,333
85,128
304,453
144,361
31,354
3,217
46,171,441
70,130
9,276
15,34,369
49,90
252,269,432
14,180
46,162
279,384
14,320
120,328
102,391
60,62,367
77,485
113,343
74,387
83,371
17,301
122,401
120,465
41,319
39,404
184,218
175,220
2,84,153
171,302
289,384,448
7,424
131,308,492
184,362,392
5,202,389
26,181,409
93,171,327
215,377
108,329
112,246
23,190
384,394
181,420
9,192,349
81,285
356,435
109,409
253,392
435,486
368,399
24,383
196,374
37,410
269,371
317,467
102,164
73,327
65,100,269
101,109
343,461
192,245
95,344
19,424
374,410
222,282,364
31,92,101
68,427,429
113,317
83,209,311
181,214
322,341
169,455
24,246
147,450
193,198
213,261
175,414
122,426
3,37,275
30,146
183,257
279,454
256,394
352,413,455
241,364
381,444
462,484
344,359,377
46,331
89,111,322
280,440
39,387
15,286
374,466
309,345
87,289,475
182,330
381,401
64,346
241,406
237,302
89,224
147,347
361,486
171,289,486
150,253,315
264,435
97,380
221,280,373
152,386,388
8,471
92,354
206,217
139,344,460
386,469
42,415
8,127,424
250,478
281,322,464
6,228,396
120,160,311
85,441
210,420
91,106
61,101
140,413
303,358,477
132,248,485
27,353,376
221,420
64,253
231,232
4,184,250
69,344
157,447
262,371
336,398
200,383
54,93,135
193,292,461
81,168
70,488
293,428
297,387
111,291
3,453
118,371
97,175
200,219
63,114
183,333
438,469
185,270
183,338
345,370
133,226
92,139
206,238,290
335,357
366,439
94,109
302,314,495
30,176
207,271,357
384,495
16,238
125,300,358
225,243
196,355,431
67,241
257,339
146,415
191,381
152,207,314
353,406
87,363,384
281,353,488
31,435
108,191
7,137,420
34,177,404
87,197
134,470
46,58
478,499
52,437
63,142
356,374
79,342,404
375,496
241,252
116,118
114,225
152,428
217,487
12,456,487
51,475
200,427
170,241
349,397
3,159
105,375
21,205,471
69,350
52,368
8,161
199,212,497
280,407
143,495
111,244,358
16,323
87,114
73,188,489
14,17,328
92,466
66,229
439,456
147,157
19,98,175
67,88,176
245,473
158,170
123,212
334,367
13,43,357
16,56
311,413,456
91,402
10,340,478
363,462
34,87,401
74,326
101,362
264,367
27,141
80,480
235,379
91,92,454
118,150
102,470
14,500
82,136
285,351
159,463
188,195,202
148,455
221,454
40,303,489
294,372
78,275,363
168,207
211,358,463
161,262
150,275
6,252
20,25,146
46,76
130,354
39,86,317
85,162
267,391
197,456
136,310
467,495
381,465
122,162,230
252,255,291
51,126
66,230
78,244,274
112,208
360,492
271,411
296,396,483
94,150,332
7,372
229,472
13,183
113,175,308
238,371
267,325
23,29
173,322,342
94,473
9,287,498
328,469
133,489
9,83
258,366
50,357,418
192,265
209,252
41,331
151,204,437
100,237,248
78,129
393,438
246,434
290,433
346,349
35,382
205,321
340,453
141,494
236,425
335,438,450
81,90,204
58,405
347,357,388
68,243
137,156
74,118,320
249,401
132,493
136,259
52,229,403
200,330
134,247
50,498
43,457
67,266
151,255
5,198
29,63,148
26,242,296
425,498
39,125,279
13,355
257,420
151,393,426
74,187
280,313
137,149,406
25,358
73,255
100,411
9,341,413
33,368
257,280
60,284
29,157,271
39,102,130
130,433
142,260
363,381,492
178,464
115,341
168,475
67,240,282
49,213
323,418
361,482
137,166
8,183,208
108,487,492
47,496
32,196,257
121,165
316,418
190,316,370
108,235,395
444,495
78,91
179,356
78,89,436
133,296,478
173,240
43,286
37,150,156
100,317
295,436
205,207,230
85,433
229,258
76,94,434
150,192,455
11,158
448,462
9,297,490
174,408
351,380
29,329
374,384
91,332
54,493,499
232,242
307,478
203,275
91,410
289,376,441
37,56,127
201,445
201,457
111,143,210
280,482
237,415
258,302
41,376
292,422
17,222
4,26,428
88,118,383
318,347
342,444
16,43,348
82,99,245
35,68
53,152,353
179,382,471
180,348
148,366,433
404,475
288,423
259,446
75,441
31,422
185,488
153,373,399
159,201
53,445,479
136,327,418
32,141
208,323
118,223,304
88,246
120,448
213,476
189,370
217,436
215,396,497
19,149
246,275
94,351,354
19,162
131,261,379
74,427
83,225,408
151,468
36,215,426
83,100,438
251,288,317
322,447
176,274
38,340
34,46
92,210
148,259
3,415
196,284
109,411
14,21
124,288
34,183,359
286,439,461
330,474
107,194,422
139,386,462
93,238
159,252
213,377
158,468
389,448
45,193
213,240
24,42,196
150,399
156,392
1,455
126,466
192,194,351
141,287
95,360
18,90
65,231,336
5,484
108,131
418,445,478
428,499
45,163
8,315
178,224
122,243
87,362
436,460
309,437
22,327
23,438
71,487
160,407
43,276,409
132,177,274
56,89,368
3,178
238,272
390,466
252,422
185,235,471
208,446
195,483
182,496
101,500
16,50,163
301,458
53,326,431
453,486
330,355
59,322,337
143,286
273,485
9,333
67,103
5,429
189,287,335
335,348
115,419
169,244,466
376,441
296,377
387,495
245,249,341
80,171
219,345
209,345
38,271,367
232,457
68,273,486
112,479
149,217
5,422
5,55,488
130,405
234,247
17,456
61,371
219,319
113,398
33,240,339
467,476
358,483
77,200,430
129,153
106,144
352,435
116,199,322
43,317,426
176,472
54,438,477
123,324
22,402
236,483
300,389
14,283,485
142,324,437
40,159
3,136,222
105,429
251,294
175,309,382
35,383
131,423
224,369
116,297
342,456
68,97,296
287,466,474
28,170,468
290,498
129,253,436
385,454
373,408
205,354,410
242,277
157,392
59,320
304,380,493
4,381
134,237
32,397,473
218,346,416
150,236
12,180
30,130
41,199
37,348
303,419
120,187
309,480
97,258
284,459
232,393
146,189,435
469,486
445,496
56,89
70,216
224,325
207,445,458
327,387
143,203
7,131
26,402
188,354
378,380
252,279
90,302
261,300
308,418
85,429
328,394
207,459
108,367
7,370
12,147
239,417
394,481
384,481
243,498
124,170,321
279,304
188,426
335,477
283,427
242,330
59,121,173
7,78
339,375
214,406
61,351
263,390,449
20,50,490
447,470
316,494
333,386
24,97,237
150,225
26,100,455
113,326,487
377,428
98,270,403
257,400,413
289,305
220,282,441
123,402,450
208,331
361,496
209,418
51,106,138
61,236,313
16,190
225,316
67,490
36,48,266
396,412
19,244,339
168,227
35,190,346
331,391,475
162,346,452
79,346
17,291,440
237,371
37,119
207,231,411
452,473
259,372
84,86
82,263,423
267,289
263,288
91,150,407
129,424
316,451
115,325
195,352
3,228,279
43,95,298
271,286,461
77,442
401,469
383,496
196,244,316
90,304
225,304
211,266
129,383
185,262
277,329,465
189,332
195,430
367,401,486
178,185
86,416
96,469
120,402
362,455
136,250,387
72,148
11,149
70,112
45,65
194,350
154,280
43,354
405,458
117,201,373
234,264
123,260,275
148,442
133,340
154,360,420
382,397
108,122
94,176
274,431
281,480
16,170
73,324
95,305
33,418
226,230,295
46,415
287,460
5,335
106,364
212,349
203,228
199,269,419
36,179,345
59,263,476
52,296
220,496
157,190,219
141,143,468
24,192
280,344
2,8,130
94,176,189
92,344,410
157,171,492
342,461,491
153,217
63,236
120,277
164,200
97,182,440
16,94
160,402
353,453,494
364,375
113,115
442,469
304,339,448
250,261,442
119,268
82,166,239
92,424
100,174
171,431
249,342,406
1,198
38,68
32,113
372,452,483
271,322
81,321,359
324,400
203,294
256,353
215,382,478
34,365
256,343
24,445
40,380
155,461,464
42,231,325
31,247,473
76,490
106,250,333
34,317
44,399
108,292,350
79,461
223,401
39,439
68,152
61,164,382
51,324
165,317,484
37,43,200
320,368
44,309
245,430
231,312,371
16,197
92,200,356
130,428
128,175,281
293,298
95,355,424
196,374
138,316
202,305
119,304
183,282
90,446
54,136,478
133,242
433,498
228,255,358
238,321
128,166
76,471
192,456
126,264
361,440,462
131,255
121,367
92,434
206,432
424,436
97,235,396
390,441
126,212
12,230
32,330,409
363,422
101,151
81,123
66,393
226,290
37,249,368
228,314
23,205
178,395
253,287,474
448,484
214,333
68,442
150,208
190,315
253,474
79,325
253,270
59,402
260,430
298,479
60,406
388,483
291,452
1,283
283,432
14,31
256,300
11,155,343
6,463
49,430
90,219,420
68,319,339
69,371
32,231
28,97
50,97
220,312
216,252
139,180,470
399,452
149,159
264,385
102,150
82,317,494
2,284
6,155
63,79,333
141,210
115,215
129,284,344
45,231
302,325,369
49,278
433,486
145,219
341,377
29,335,447
187,247
206,250
324,477
54,469,499
387,445
207,266,303
290,459
219,313,367
423,436
294,422
67,169,490
117,455
241,297
91,192,244
301,324
67,222,299
341,366
161,355
138,301
342,429
326,418
128,444
134,465
198,285,476
53,96
158,393,453
65,315,472
90,200
92,330
381,402
147,345
228,296
99,333
295,466
96,226
311,363,462
256,377
2,33,169
359,479
225,483
167,181,332
358,499
46,131
331,462,486
82,128
55,450
164,302
281,488
3,183
135,430
202,271
336,348
319,424
132,413
45,291
224,263
110,431,436
207,455
392,396
49,62
443,461
270,285,484
62,113,334
50,467
215,487
60,258
254,498
72,346
288,381
80,442
19,313
67,145,280
214,492
122,283,285
203,216
9,192
198,419
64,431
23,251
170,437
258,288,472
37,390
185,287
27,430,462
125,163,299
13,359,399
15,198
311,404,461
244,312
125,159,423
90,133
193,437
257,458
70,286
80,477,485
59,461
267,308
117,441
138,451
68,100
42,80,478
88,109
294,404
140,397
119,204,225
177,343,392
184,294
298,448
78,333
79,108,453
3,40
91,137,196
45,290,318
130,431
13,162
142,385,497
237,297
203,449
219,496
66,158
226,401
242,267,484
153,162
416,478
235,366
123,189,354
179,184,415
269,271,315
43,127
307,463
6,323,497
198,480
223,394
99,346
144,448
135,266,454
208,333,473
84,99
18,441
29,68,226
394,446,468
54,394
345,355,375
58,391
73,232
132,438
164,293
146,324
178,267,367
67,375,383
69,324,486
151,223,446
104,362
32,374
133,274
61,155
442,458
344,448
180,473
245,299
9,173
33,137
28,362
16,102
26,69
122,160
83,141,263
41,185,369
268,470
171,337
27,360,465
144,393
248,250,297
98,421
428,462
48,211
20,250,267
54,210,365
199,444
295,348,433
26,345
31,66
121,155,467
260,494
25,158
198,370
155,173,223
200,370
20,484
247,258
118,194,353
58,85,400
369,398,415
285,416
411,473
81,91
164,178,209
19,287
22,356
14,54
378,386,419
16,139,427
207,446
91,257
69,237,478
35,38
185,443
461,475
81,450
161,437
364,454,459
148,391
83,151,408
341,357
69,125
56,271
183,451
137,219,404
150,196
10,242,383
5,250,330
151,405
88,129
83,385
212,327,454
23,27,47
130,372
138,385
54,302,330
148,381
252,347
79,399,410
1,107,350
77,94,362
124,499
294,408
324,418
289,476,486
65,145
10,469
86,428,445
7,44
101,368
97,119
162,344
273,329,343
127,192,383
133,296,363
385,386,444
7,206,368
346,416
133,437
41,404
405,485
151,343
218,252
254,332
129,299
98,253
76,305
369,482,497
296,333
72,291
11,69,378
135,301,438
8,107
235,415
328,350
383,401
259,303
125,476,483
358,404
38,173,488
103,137,500
21,164
430,464
220,413
49,307
90,133,301
165,264,443
56,279,491
249,392
425,457
39,350
214,330
83,117,465
96,278,480
382,397
82,391
225,442
246,452
13,110
120,363
71,342
280,406,485
40,49,469
328,411
39,148,224
89,151,253
193,233,247
179,281
111,113,422
208,416
272,442
167,313,436
301,356
198,453
30,72
97,107,156
249,492
47,120,456
273,440
50,137
110,183
193,312
300,430
190,418
301,492
95,190,383
271,459
308,447,455
279,394
347,498
230,235
40,118
80,154,396
113,449,481
304,380
43,214
136,149
215,262,273
50,159
104,113,329
19,78
159,375,459
341,413,414
176,224,437
173,351,494
466,488
97,199,480
217,403
5,233
244,408
239,446
200,297
106,156,227
40,426
174,212
355,359
167,299
31,336
31,345
33,140
114,413
32,89
238,261,339
308,350,488
337,350
68,96,340
163,413
173,203,224
70,222
337,353
14,101
168,283,330
52,235,408
4,480
2,372
433,445
156,255,301
153,322,389
421,442
24,78
269,470
18,60,172
258,395,456
134,142
87,492
330,382
282,449
141,357
9,59
115,384
35,299
59,257
241,469,477
170,467
20,465
275,364
304,336
27,85
184,377
145,169
289,329
77,116
36,227,320
99,270
5,337
287,462
1,129
58,291
106,392
188,416
239,326,425
48,116
423,491
57,332
83,182
435,481
265,309
224,459
323,340
299,427
276,449
66,116,213
63,182,432
16,471
176,246
123,422
388,393,492
273,409
363,390
144,240
107,383
78,299
261,273
42,57
303,402
228,436
21,389
285,325,369
86,334
430,497
7,125
240,482
5,165,481
179,490
213,395
100,187
34,201,340
42,347
147,186
9,35,399
101,246
232,486
435,489
12,39
343,484
47,284,414
295,462
55,131,366
198,327
117,124
352,387
27,247,308
185,433
155,452
32,174
145,340
19,244,474
174,459
34,172,465
112,352
235,309
14,160,346
233,327,387
45,77
33,95,473
133,327
16,222
132,437
146,468,480
3,10,188
36,397
231,236
323,445
28,44,159
179,283
7,424
343,391
28,412
100,279
38,55,341
98,325,399
19,314
162,373
173,389
19,256
238,252
103,232,340
125,132
50,492
278,407,490
339,399
314,477
259,411
98,465
42,304
138,188
75,308,486
57,337
349,394
91,317
93,426
68,340
95,456
264,420
71,121,263
18,40,146
116,420,495
22,470
251,434
113,246
190,473
292,293
237,366
109,355,391
118,273
12,285
325,493
197,311
234,337
206,210
13,313
243,447
71,233
83,159,161
64,173
108,254
15,113
62,230,361
486,492
290,305
242,308,450
259,452
152,211
55,152
3,426
4,222
267,278
220,250,438
145,201
38,191
165,360,437
182,331
250,372
158,358,493
140,279
345,371
176,354,474
184,232
118,457
8,70
196,376
298,333
12,308
327,439,462
226,379,453
129,271
225,351
88,410
61,246
21,283,468
366,426
90,223
47,326,361
88,274
76,314
261,402
118,119,446
39,270
208,301
78,480
275,306
224,444
290,323,415
154,402,411
91,92
294,359
81,478
115,315,372
185,228
358,438
143,401
188,231
158,347
73,118
172,467
106,292,419
38,55
39,106
69,256
145,357
83,440
26,322
25,266,295
56,465
145,161
355,440
29,462
377,441
346,431
163,436,495
396,486
59,206
68,216
132,212
114,494
313,473
73,132
44,120,226
373,465
114,245
287,383
95,369
426,437
78,257
48,270,367
74,244
130,140,373
399,437
18,295
155,390,435
78,298,416
265,329,389
136,318
74,252
332,426
57,393
87,381
57,230,450
88,182,434
96,151,260
45,466
156,218,314
88,416,471
184,386
224,269,390
263,481
117,304,350
244,307
7,434
141,165
22,340
47,79,326
300,394,412
75,431,447
150,192
126,242
101,197
315,405
161,281
245,364
144,246
4,371
385,463
137,345
225,492
177,249
62,313
89,454,481
24,193
14,420
117,449
301,406
65,371
41,365
250,269
302,495
37,168
55,312
6,90
217,263
54,68,365
32,110,368
41,451
251,386
199,273
38,71
182,424
297,300,441
42,273
187,344
150,484
147,366
368,418
329,443
230,309,478
275,382
223,389
349,380
389,462
266,326
74,239,472
125,497
16,436
213,483
154,236
367,455
24,354
144,205
258,263
108,397
6,245
217,427
206,375
88,239,456
151,260,396
5,29
259,396
380,382,399
276,282
195,318
269,406
148,194
152,267
179,307
149,207
455,461
333,410
179,332
254,423
219,375,442
114,305
12,424,446
106,460
10,499
243,267
252,444
154,319,379
231,419
213,231,292
76,280
89,127,137
429,491
45,142
308,462
60,184,340
58,124
21,26
187,197,218
42,420
329,455
15,224,245
217,294
216,377,402
79,104,400
199,313,381
151,415,428
12,120,461
12,265
241,318
53,360
113,141
107,176
141,412
2,276
228,430
124,161,318
35,84,334
13,331
58,194
56,88,352
100,259,318
90,440
377,418,445
231,238
72,158,228
319,375
451,490
25,155,318
18,21,487
27,401,484
215,408
103,146
153,417
42,64,257
413,488
184,337
172,197
422,488
34,245,421
200,316,431
9,56,265
248,323
308,470
250,415
3,130
25,90
122,350,472
146,156,396
186,324
99,260
45,258
111,366
69,268
150,436
97,246
83,327
9,370,397
28,312
290,408
148,369,400
18,126,491
159,340,347
32,354
97,108,493
124,323,478
111,391
49,72,320
177,488,495
184,193,358
212,379,450
158,228
278,419
190,291
267,456
183,470
262,446
26,256,275
39,238
34,407
258,403,435
374,418
158,235
336,443
227,239
129,236,344
93,312,469
196,203,292
227,370
279,416
298,318
185,293,357
141,210
19,243
308,498
50,210
127,304
26,39
37,181
151,393
176,430
214,313,357
179,352
45,57
257,482
302,403,422
42,156,445
404,425,492
11,115
10,429
97,141
37,109
109,407
46,69
48,326
40,231
238,256
36,37
72,390
65,79,478
352,462
132,318
79,279
407,487
128,192
255,297
76,416
324,439
121,225
369,411
37,496
117,419
176,222,408
7,148
92,150
93,119
25,299,330
20,185
18,392
134,342
86,108
189,356,490
284,470
93,294
149,323
472,494
73,252
92,192
186,499
192,380
336,457
190,473
169,460
54,288,479
78,225
31,416
3,499
258,286,362
148,343
48,404
94,449,457
184,349,354
197,234
142,260,271
207,235
5,317,362
135,259
20,403
92,332
59,381
118,132
14,210,270
37,265,282
124,449
46,187,425
247,372
85,188
333,438
16,236,500
130,307
77,142
68,309
86,177
155,157,165
9,421,471
112,217
50,372
61,101
192,313
241,443
258,425
247,264,308
33,192,214
34,495
30,248,482
4,328
62,177,446
8,61,451
121,383
109,473
45,188
170,405
23,150
187,289
185,245
246,375
305,366
86,139,487
108,313
79,310
78,301
287,332
318,340
366,441
46,189
130,205
162,399
149,377
142,479
182,208
55,61,87
68,256,466
56,434
88,340,357
61,64
56,100,160
150,221
129,183
25,251
46,476
41,225
119,157
247,257
69,214
226,415,458
75,280
46,107,191
85,182
424,444,495
229,422,484
61,267
213,325
456,459
70,201,206
53,233,413
176,458
9,304
202,306
14,201
105,292,381
72,442
167,221
72,135
163,356,367
1,50,425
50,185
25,406
95,200
4,98,407
172,178,389
58,100
175,241,256
59,231
179,349,410
38,364
297,468
37,466
311,361
101,183,265
44,83
180,242,323
127,205
77,236,492
24,137,460
85,429,481
129,187,480
302,420
292,492
396,411
9,187,482
64,168,452
45,53
82,202
219,285
132,299
134,143,353
63,185
272,435
60,161
162,353
361,385,412
19,21,150
5,305
245,348
33,94
123,427,432
14,189
64,236,376
172,242
154,426,454
25,300
91,372
363,412
341,491
92,106
235,394
80,136,347
207,235
75,147,177
308,441
50,287
302,487
237,395
404,455,476
264,369,481
359,387,453
291,371
162,282
69,169
94,316
52,480
123,130
51,380
64,72,398
6,199,221
156,260
302,308
87,456
31,64,451
98,298,404
169,313
10,209
75,437
205,397
104,334
307,381
34,123,192
337,369
174,487
134,431,451
108,465
245,443
296,365
148,475
355,445
134,292,392
197,409
318,319
326,449
217,473
63,481
110,146
287,351
149,411
54,351
190,378
447,481
27,267,352
221,297
23,490
57,131
78,246
139,351
105,263,387
181,315,437
361,494
78,88,180
23,145
57,172
400,417
156,405
24,359
433,487
3,94,249
139,160
138,273
19,323,414
206,265
392,414
142,188,256
171,350
139,232
192,213
235,296
55,386
16,130
51,426,430
462,463
120,230,443
366,488
84,403
177,197,491
38,448
206,374,474
222,373,382
171,325
32,448
143,341
12,326,395
482,498
90,237,327
40,163
17,411
213,401,459
94,117,162
65,151
193,448
407,413
214,240
68,175
145,462
43,265
175,321
273,427
225,404
15,490
147,398
81,141
371,461
349,474
66,132,439
149,205
352,405,498
8,371
302,428
142,156,203
254,326
54,224
31,452
5,175
169,286,304
150,496
24,283
216,291
12,285
457,486
91,112
438,480,489
315,339,420
197,389,464
286,422
90,121,331
155,292,447
71,213,424
79,330
90,115,366
146,367,459
118,438
43,182
364,412
328,418
90,415
223,340
8,350
334,387
32,183,282
179,424
203,354
382,488
58,250,432
388,422,440
54,220,266
365,386
321,428
32,344,420
88,339
400,477
55,404
41,329
186,307,390
409,479
28,405
94,95
82,141
379,391
156,265
92,346,421
416,450
213,400
76,482
27,155,491
347,484
134,149,492
245,384
116,232
276,391
150,174
98,272,281
375,434
17,388
30,297,432
32,109
10,231
233,422
113,379
67,466
195,463
246,268
153,486
421,432
26,60
220,241,273
145,451
86,369,377
34,360
276,499
260,301,478
92,468
128,350
158,380
221,319
12,130
19,232
238,486
268,473
189,300
85,86,450
33,122,431
343,369
19,307
157,439
21,424,479
43,454
18,263
13,315
18,86,484
118,446
232,272
383,449
20,331
215,358
76,470
276,319
230,390
291,461
113,406
210,219,227
173,235
287,331,450
37,94
5,227
92,351,490
117,359
26,223,405
142,489
468,495
140,189,431
244,299,314
31,333
419,429
62,462,494
17,95
45,49,348
167,186
70,355
85,396
33,174,208
103,266,405
97,232
13,121,349
53,296
109,143
39,71
274,471
227,280
180,354
168,394,400
351,434
261,393
264,272,337
9,377
9,282,452
86,432
210,408
56,213
262,309
349,356
303,417
433,439
270,271
150,354,357
158,165,241
64,181
268,383
27,418
144,208,335
312,500
190,373
32,466
270,351
46,375
4,73
461,493
38,337
352,381
394,494
249,408
134,395
307,474
76,180
287,396
318,421
447,448
164,324,391
310,470,472
327,412
141,377
195,269,395
181,451
6,84,145
292,376
176,186,449
19,185
51,419
267,488
214,298
30,208
94,228,398
33,56
130,304
243,322
23,91,486
83,327
131,279
293,416
39,312,424
104,194
469,487
151,454
31,169,182
278,489
78,84,94
31,444,490
325,383
234,244
122,322,495
145,420
31,97
237,262
255,290,445
208,243,409
470,474
35,470,474
2,180
234,338
56,354
21,54,94
312,474
338,491
487,494
129,315
78,167,409
104,488
301,323,356
106,169
257,287
45,284,458
261,468
353,374
91,279
33,221
120,175,209
190,221
3,4,383
76,229
193,311
219,330
274,346
138,407,438
337,441
475,488
16,314,320
281,469
150,398
121,214
398,497
267,459
163,358
278,451
244,496
117,390
274,398
318,396
215,300
95,477
108,231,445
58,68,95
45,304,428
98,415
255,388
66,174
96,183,304
4,223,237
205,298
291,489
236,365
16,127
270,323
24,244
22,146,241
13,210
347,405
114,411
61,92,200
189,236,471
59,356
201,271
41,319,433
73,304,478
384,441
323,438
97,256,301
25,36,105
14,54,159
44,365
8,184,495
12,428
24,192,427
219,253
7,265
230,481
130,339
486,487
173,374
82,120
234,438,499
6,207,215
219,498
38,67,69
303,393
72,214
34,226
36,335
172,256
219,286,296
121,243,487
90,344,459
67,285,339
119,453
218,242,247
13,72
462,476
9,373
64,364
5,333,368
273,279,372
14,214,470
250,411
103,143,216
298,416,420
231,284
312,495
44,241,394
170,296,378
106,345
145,166
94,271
111,308
318,434
159,396
287,349,399
196,230,400
3,96,372
281,429
218,387
84,249,345
26,125
238,272
139,190
150,421
215,262
188,209,342
251,262,346
61,164
135,320
94,449
104,171,329
21,313,373
254,456
6,110,211
165,355
103,163
260,360
174,332
284,345
61,359
309,497
110,457
375,493
250,277
203,300
16,424,436
159,430,465
152,259,499
70,227,368
20,475
101,162
117,221,352
360,492
306,402
170,225
163,414
217,219,403
172,330
296,432
319,459
50,89
117,144
371,499
30,33
19,337,348
70,399
186,194
29,472
216,290
421,481
136,292,447
20,362
288,329,444
168,370,460
29,444
12,254,292
167,375,417
92,490
173,464
193,197
18,38,427
131,155
8,56,253
333,351
29,145
4,62
91,150,194
288,352
87,297,397
387,447
10,203,312
172,387
67,117,247
111,488
51,115,207
89,208,298
306,438
59,168
243,308,326
60,494
77,237,248
84,246,354
110,457
10,100,440
55,218
5,247
237,374
142,158,365
200,222,335
129,314,348
49,489
428,448
320,336
133,468
148,482
208,266,424
96,186,495
320,481
58,149,458
90,462
79,455,498
454,466
85,195
331,409
293,339
260,433
9,496
97,118,294
20,165,244
245,361,492
102,500
70,298
49,147,240
286,394,444
104,492
94,351,431
261,358,440
256,349
209,468
249,392,400
338,456
5,149
176,382
311,369,429
281,381
101,195
259,374
131,498
308,463
53,65,454
56,137
258,288,422
114,450
71,205
310,436
130,131
182,367,423
53,290
96,138,437
97,340
25,211,262
266,434
392,461
64,222,276
302,395
93,480
328,453,463
68,242
169,451
76,436
369,459
182,200,307
259,291,419
165,391
35,118
64,354
32,374
13,319,467
208,309
129,287,368
16,37,192
92,398
200,332,351
78,318
80,459
11,158,266
274,466
131,352
10,96,275
150,153
335,471
22,327,340
193,365
244,253
140,357,409
70,339
79,433
79,113
150,490
314,339,424
6,60,201
40,255
6,432
84,316
182,480
79,107
89,332,431
109,180
31,383
39,441
252,467
109,355
72,140
172,305
206,295
110,397
175,323
82,216
63,132
68,131,302
98,277
44,151
92,399,482
25,331,490
212,259,488
128,379
90,103,223
193,211
124,430
217,289
243,475
41,178
29,82,369
201,336,399
217,370,424
59,366,492
167,174,359
187,389
72,109,174
251,289
137,156,286
21,43,72
148,495
151,211
287,344
52,435
53,199
31,466
67,489
58,199,449
11,124,347
9,43,76
46,105
25,136,371
296,385
18,79
250,321
119,199,223
271,362
69,115
334,353
252,443
126,404
3,491
290,438
73,237
19,109,344
159,319
27,337
404,465
88,161,476
44,132
99,276
41,443,492
62,109
101,102
158,269,372
180,449
84,200,201
414,447
57,288
237,485
173,182
164,359
6,81
126,383,397
23,127
101,109,206
105,367
335,365,369
327,383,424
156,408
151,250
139,162,176
338,362,462
21,299,482
156,477,485
146,268
3,69,237
101,498
209,260,294
131,225,407
79,264
134,393
138,282,302
389,464
155,177
211,373
19,344,383
175,250
146,203,237
128,154
60,495
201,454
168,309
260,445
97,185,350
149,405
199,228,278
237,304
38,48
170,326
149,219
155,197
218,480
63,165
273,465
274,345,424
108,389
321,333
38,302
436,488
31,407
169,494
159,327
14,103
143,367
275,323,432
122,303,427
71,118
127,416
201,415,445
139,289
14,77,375
350,467
106,364
421,469
63,217,244
36,235
74,217,455
176,483
90,226,250
45,412
225,432,493
8,282
254,456,489
26,137,183
199,247
157,383,443
377,380
404,486
81,156,409
308,318
95,180
4,193,438
70,390,451
277,389,472
253,373
72,357
15,63
140,214,319
330,383
92,173
135,248
29,329,414
171,174
54,248
279,332,472
89,262
135,250,412
40,166
249,322,326
150,224
102,217
40,96,402
280,368,410
110,306
22,164,331
23,52
107,286
33,164
291,440
286,486
24,112,471
50,173
275,412
73,371,372
149,488
24,316
68,437
155,208
71,476,488
307,457,466
38,361
9,33,127
114,134
121,235
178,352,363
228,287
146,380
392,492
303,484
110,286
192,303
85,373
115,231
210,493
399,467
118,356
190,388
133,275,440
136,371
25,80
365,388,446
6,144
16,192,482
68,80,235
30,102,106
4,44,479
30,375
74,98,193
183,366
180,206,383
40,368
275,296,347
264,311,369
22,232
185,286
25,212,279
151,365,394
97,337
218,401
409,471
195,224,230
311,313
25,211,297
375,434
81,118,149
113,247,439
175,252
20,111,305
194,218,288
265,348,359
41,112
41,87,441
236,479
3,269,430
9,287
31,78,280
120,387
107,247,300
11,103
290,394
174,282
196,287,313
153,490
302,496
177,256,263
88,366,380
183,436
29,322
88,386,471
70,495
21,320,344
130,274
288,472
93,97,393
84,431
250,427
292,392
158,395
142,285
73,97
104,486
21,72
113,343,369
306,452
30,140,390
88,332
127,287,356
57,191
37,479
61,68
5,177
316,416,420
131,237,402
457,482
17,347,379
149,293
154,453
139,147
64,298
229,285,444
190,330
359,449
99,202
54,203,371
4,440
285,386
7,99
92,299
223,306
403,464
56,72,319
73,246,406
333,407,466
366,467
212,261,378
91,339,374
144,221
8,146
295,353
252,365
139,189,470
33,299
290,494
73,228
41,113
95,383
22,141,370
41,421
99,335,344
158,403
239,259
208,344
178,285,288
114,147
34,300
276,464
192,228,437
95,219,220
240,426
110,424
17,118,493
18,255,319
271,389,455
276,330
34,157,202
184,231
83,132,458
96,245
378,473
204,222
449,466,481
44,485
14,247
363,378
375,408
335,473
205,332
32,205,343
29,448,487
259,493
104,201
136,318,417
78,89,95
69,303
187,305,403
21,409
4,175,303
385,445
306,309,402
71,224,392
56,349
23,307
278,468
222,316
132,312
45,468
262,359
159,296,453
189,317
33,473
7,117
253,427
122,205,466
70,71,128
101,243,254
307,420
143,461
119,284
114,337
407,456
101,182,368
10,231
174,256
71,185
26,151,323
125,437,461
26,404
417,441
104,149
32,283
45,312,323
356,399
200,482
8,431
113,114,258
210,420
306,386
151,300
102,424
79,292
120,423
8,485
25,386
320,452
71,445
387,455,487
52,454
118,469
173,400
273,283
282,289
205,321
162,410
351,458
57,87
29,194
41,226
291,499
121,264,342
178,455
173,332
285,331,461
3,203
224,461
54,272,345
244,326
331,412
71,334,414
175,473
116,251,311
289,322
264,434
96,293,372
163,204
239,413,444
264,435
77,106
25,175,204
146,439
313,356
455,464
128,361,462
13,182,345
23,460
37,91,280
76,282
51,402
15,310
104,107
310,367,486
146,458,469
172,230
138,339
49,428,469
136,197
108,286,350
85,229,360
167,274
20,276
80,437
259,378,408
111,225
93,103
329,417,447
249,387
6,81
32,371
27,477
287,407
139,166,311
87,213
229,369
91,472
171,329
6,159
305,465
323,410
255,360
232,475
277,475
69,315
194,433
30,436
26,247
342,384
281,461
26,267,318
53,399,457
225,396
91,429
61,234
281,310
354,451
160,360
192,482
281,498
170,235
3,150
281,306
127,257
141,438
366,384
48,406
226,497
19,241,417
468,489
66,240,433
402,458
49,458
243,400,464
384,429
290,358,411
140,399,490
156,413
49,197,234
3,95,475
182,436
80,294,493
68,191,478
185,330
50,249,456
347,385,467
140,474,497
74,167
9,293
28,82,481
240,358
273,425
257,316
88,136
445,469
63,367
118,316
224,406,421
175,296
148,325
214,246
73,208
18,317,352
234,418
87,429
34,239,462
372,470
6,199,419
199,239
7,325
128,497
51,184,380
103,124
17,430
95,325,327
378,388,396
338,390
153,353
38,146
50,194
318,427
55,289
37,282
117,253,398
89,357,465
61,75
281,381
129,397
137,158,476
71,163,267
13,19
148,230
28,230,369
63,114,191
359,490
62,462,498
74,285
71,94
100,123,446
32,67
375,431,482
72,458
159,233
186,201
15,353,366
6,376
115,295
186,320,497
265,420
128,395,481
137,143,374
69,250
33,150,348
8,60,421
98,198,448
25,275
255,269
214,401
200,409
71,391,450
117,125,380
213,303
167,206
214,226
304,432
289,389
13,351
241,290
198,496
14,346
12,284
407,470
155,272
176,186
24,311
50,361,491
209,252
382,500
7,244
159,213
376,447
160,168
147,367
129,333
118,149,269
96,179,241
233,426
364,466
140,306
410,490
22,148
214,281
214,312
405,425
175,430,489
137,190,205
83,488
109,190
126,128,358
284,332
38,187,421
24,84,179
125,430
202,279
2,490,493
65,379
197,239,395
186,427
101,299,375
137,176,344
294,434
36,332
286,334
412,465,475
117,200
170,498
56,65,107
3,153
212,263
161,463
220,469
107,253
34,35,169
287,357,399
34,331
95,97,295
77,84,367
69,328,485
7,36,375
170,221
216,262
373,374
183,460,479
19,157
51,312
59,343
154,185
167,180
46,290
40,310
7,339
93,467
109,471
146,495
103,372,386
158,371
147,406
321,377,396
323,497
269,271,287
82,189,375
28,136,438
384,463
8,153
171,287
89,370,410
64,287
4,115,188
48,441
50,249,404
447,457
2,284,313
3,159
242,459
74,100,203
295,488
47,451
102,345,471
282,466
294,372
353,488
346,374
183,192
1,235
30,92
259,473
178,407
48,350
30,287
281,398
147,285,311
130,321
64,199,415
190,206
187,353,481
250,469
399,407
369,403,491
66,330,347
47,50,369
155,162,439
8,32
129,469
260,438,493
187,224
49,157
112,299,399
109,444
171,300,453
289,423
308,367
48,95
65,73,477
321,328
22,46
116,337
166,494
412,486
113,151
186,372
86,152
367,381
260,485,497
307,316,424
127,353
139,176,463
116,462
413,467
26,116
400,440
28,224,344
97,159,228
181,338
128,271
309,436
234,468
101,355
74,406
169,355
178,185,310
117,137,196
196,237,277
134,450
29,176,461
253,443
176,200,397
231,392
12,15,425
326,499
263,288
140,279
45,232
245,464
75,187
120,185
294,345
161,361
217,500
13,68
113,189
189,351
476,499
186,217,339
67,164,480
43,237
128,443
275,291
243,328
57,63
127,370
102,160
307,409
157,171,366
209,290
235,399
356,362,437
41,136
312,374
264,403
197,467
86,352
76,181,192
90,380
317,487
129,179,315
230,327
305,403,431
194,242,412
234,360
196,222,390
5,233,481
372,396,402
62,366
167,429
146,387
149,318,489
25,478
266,313
283,284
357,384
28,96
289,358
27,173,439
165,381
42,106
117,282
151,163,363
22,40
108,272,280
121,197,403
211,442
280,319
194,435
425,459
7,109,280
75,187
51,200,315
110,137
2,470
47,498
204,301,463
25,45,393
23,149,275
32,188
7,61
221,427
347,409
28,245
70,190
313,365
395,403
40,179
203,272
11,36,50
196,267
312,438
134,265
441,465
232,279,327
38,278
216,443
375,457
140,217,276
351,497
93,424
189,280
237,255
72,369
97,250
204,324
220,445,483
201,420
233,376
174,370
223,468
48,439
194,302
230,393,422
265,409
131,338
298,319
439,473
34,48,494
42,336
280,407
351,424
185,244
121,190
70,196,366
233,251
7,196
107,224,308
18,72
271,395
80,402
259,261,273
121,476
125,172
211,378
277,477
348,470
31,182,208
159,340
9,52,278
283,412
154,412
250,371
17,199
276,348
313,420
128,475
55,243
174,192
17,49,269
127,357
142,156
11,318,497
158,418,469
27,131
445,446
35,315,424
350,481,484
67,112,351
335,427
55,491
26,315
74,475
16,102,298
182,299
4,364,403
21,420
111,421
378,458
162,250
17,401
295,453,497
251,301,399
72,158
253,314,339
158,301,321
55,277,476
337,439
153,217,249
151,255
97,283
84,368
26,127
70,144,373
469,480
190,466
154,243
150,355
162,471
135,294,399
198,267,401
136,360
104,174,416
276,420
49,487
222,268
95,316,470
168,443
190,432
189,314
231,249
218,288,462
95,257
163,442
252,499
60,90,463
5,55
149,333,469
73,271
348,476
166,317,454
152,402
238,273
94,496
87,439
151,323,378
13,91,261
46,233
118,427
93,373
60,459
154,196
334,405
126,349
41,474
143,345
37,410
316,436,460
214,233
16,31,356
355,477
219,373
212,250
357,452
35,500
209,304
294,479
16,372
44,275
250,253,431
107,433
184,225
142,390
165,484
167,173
197,392
31,33,470
112,373
125,371
155,192
393,466
117,473
99,221,333
98,238,348
101,298
54,108,110
66,86
144,273,299
71,173
145,224,256
335,490
274,282
129,169
115,260
79,185,441
17,382
39,447
163,277
140,192
7,110,180
90,193,377
105,483
164,387,460
164,200,257
173,426
366,424
166,386
138,366
100,463
76,182
169,368
27,116,267
363,430
315,320,436
329,367
244,307
48,436
255,478
188,211,458
215,290,304
5,85
185,295
150,371
422,433
149,273
35,358
233,389
191,226
145,219,330
25,181
52,82,162
105,139
247,400
42,277
126,270,361
10,444
247,263
96,184
28,331
55,434
13,174
140,397
63,439
55,121
132,371
21,236,374
320,344,359
468,490
4,68
118,259,418
65,393
49,276
79,395
31,490
329,443
118,396
127,283
102,150
122,145
64,286,344
179,254
316,341,427
381,450
54,170,489
118,188,379
236,353
227,374
14,110,236
36,397
118,252
294,375
299,382,407
379,391
90,135
103,453
28,152,340
69,180
287,344,355
161,285
85,94
258,332,456
122,193,494
186,244,375
262,497
15,111
203,245
258,412
71,87,404
221,283,354
182,344
448,492
110,312
353,437
76,256,284
149,477
16,354
83,262
88,417
133,237
182,382
272,488
145,283
5,239,487
115,227
205,390,407
238,327
219,387
64,128,414
244,455
1,281
140,330,368
112,206
34,305,417
138,256,415
31,420
216,365
153,232
329,421
375,458
1,417,421
10,70
205,211,449
115,239
100,146,291
380,384
396,458
54,477
76,221
20,195,412
96,392
346,356
89,286
92,221
24,470
75,488
84,417
220,323
96,158
62,401,425
26,149,248
437,489
271,281
213,384
217,431
345,462
25,234,475
48,247,461
22,336,388
106,355
240,244
183,186,299
43,168,303
207,354
102,200,449
249,306,485
60,447
45,324
50,271,417
310,386
55,456
139,379
118,216
216,312
114,148,194
151,215,306
249,302,423
186,236
81,158
129,265
143,195
265,305,363
395,406
22,159,493
91,361,462
263,444,450
315,335,344
41,123,290
7,180
94,98,410
35,236,382
187,226
246,464
16,169,180
86,391,406
29,134
52,209,327
216,408
219,350
163,300,321
76,102
77,328
32,376
117,344
282,371
228,303,419
396,440
14,220,467
84,436
61,138,196
349,451
90,218
93,364
54,96
78,276,370
117,239,341
71,242,397
3,463
107,277
275,422
172,249
97,184,275
394,454
153,221
27,488
332,355
284,478
364,376
357,499
237,371
220,231,394
252,291,399
26,303
6,165,466
58,332
314,332
136,216
250,256,321
80,209
24,179,383
104,331
191,249
177,439
205,482
279,454
123,154
73,312
298,319
214,398
16,19
41,338
42,68,297
242,402
338,421
223,260,295
435,487
199,331
154,316
74,344
58,306
120,264
374,473
209,312,371
167,464
205,372
303,402
100,241
113,308,444
257,397
77,478
151,209
108,498
229,353
238,419
379,483
60,388
150,246,370
73,297,408
185,361
75,104,165
91,439
23,244
147,395,401
50,280
72,145
348,351
249,292
187,314
178,341
430,463
157,433
137,485
174,178
204,297
204,232,438
28,304
60,244
95,284
173,265
301,401
139,190
2,161
7,408
127,139
162,480
150,161
37,283
14,192,357
39,281,352
159,458,482
376,429
54,313
129,453
218,245,441
117,356
34,352,381
95,417
177,200
149,233
212,237
121,417
89,221
213,279
283,445
56,65
267,435,494
18,223
195,394
215,262,306
25,402
61,95
174,410
105,218,305
349,431
198,249
317,444
104,462
150,180,320
137,292
76,179
7,482
221,257
217,449,482
168,382,460
70,215
226,361
410,431
69,492
2,475
85,140
112,265
302,363,486
187,429
55,80,408
3,414
389,444
124,232
270,366
75,305,363
144,174,496
114,302,456
198,354
53,284
337,481
94,451
352,365,412
114,409
240,251
243,443
77,191
255,492
12,289,353
313,374
100,260
6,122
461,464,488
29,143,435
59,363
266,378
90,266
17,477
132,238,430
63,299
132,306
245,465
57,379
147,341
234,298
73,273
267,396
237,356,462
15,73,499
53,81
157,267,353
208,287
148,254,484
358,440
227,334
286,302
111,270
32,102,145
79,263
122,295
24,179
154,300
249,353
136,269,293
243,343
19,31,431
274,380
190,436
40,190
209,266
199,321,437
197,242
354,397
123,458
83,170,273
49,411
112,256
52,118,147
116,191
451,458
63,438
412,482
10,428
286,344
75,326
112,167
98,371
96,136,278
218,336
110,115,256
442,458,478
177,268,498
146,296,385
466,476
368,466
293,335
144,287
16,43,370
156,362
45,55,450
24,27,220
174,181
59,232
288,490
331,436
183,332
52,136
99,416
27,302
284,470
190,356
96,99,408
317,433
46,195,495
48,200,370
299,328,475
294,424
256,324
205,408
114,155
260,394,500
137,139
55,272
91,301
112,164,357
162,370,466
166,472
235,488
161,290
79,440,460
190,349
59,79
304,379
246,463
70,344
295,361
311,421
52,431
188,271,309
39,124,136
203,390
41,98,218
8,186
40,161,334
354,393
125,220,394
77,191
320,397
436,482
430,441
307,378
186,192,407
301,420,443
106,144,354
409,429
26,161
180,244,473
21,184,463
244,373
174,500
243,289,315
229,264
69,197
24,397
20,79
233,429
64,469
219,229
132,135,499
150,330
29,60
227,442
1,112,178
299,311
28,123
257,427
186,341
70,72
246,388
201,244,282
219,265,494
71,178,258
24,194
202,287
268,322
9,33,283
61,214
219,309
264,476
105,360
128,442
176,194,323
133,216,454
36,38,90
93,474
311,366
240,348
156,226
258,308
88,94,434
314,344
51,438
34,407,489
40,165
98,461
37,88,201
114,380
221,299
261,396
59,249
130,145
50,185,391
30,240,318
30,397
25,115,318
88,173,412
190,303
118,215,386
6,203,418
90,259
171,277,406
26,250
159,372
149,278,497
265,434
213,302
4,380,493
38,495
337,443
22,320
9,230,243
71,358
166,497
144,315
251,374
94,197,448
237,266,411
202,289,366
111,366
293,353
2,496
21,30,280
414,432
312,340
250,292
352,450
50,194,498
127,482
32,455
50,59,475
98,376,475
158,186
303,378
318,407
110,255,441
372,468
479,490
39,126,134
84,380
10,262
148,178,498
11,248,372
428,481
144,364
10,377,470
130,137,332
417,481
47,243,289
183,184
184,253,283
53,58,242
236,289,385
69,296,409
147,245,498
96,152,191
207,345
270,277,477
387,454
204,385
22,309
160,242
66,102,383
147,230
9,164,322
119,133
119,247
362,439,461
37,374
249,261,296
308,311
207,430
156,207,483
4,411,425
84,260
120,363
295,468
48,60
7,174,298
202,263,400
7,444
25,328,432
350,375
111,353
67,431,434
63,462
157,306,400
167,319,393
179,192
60,79
100,150
54,217
284,385,486
231,290
233,456
127,221,240
8,168,249
322,362
394,423
293,379
142,458
22,300
38,158
13,473
242,415
33,150,348
59,421,491
59,353
274,348,490
213,354
222,436
146,493
79,214,245
77,266,415
140,283
175,483
67,72,84
30,55
107,360
139,424
172,192
431,447,460
74,478
149,250
69,347
71,178,187
436,472
