331,354
8,24,157
111,146,269
184,215,380
258,487
87,203
366,436
110,125,230
66,314
80,105,191
71,343
70,190,480
253,440
15,191
66,230
46,331
291,341
315,316
454,488
218,414
107,113,123
72,243,307
293,372
53,338,400
97,114
93,335
352,396
271,429,450
81,339
205,228
64,115
31,409
96,364,369
188,391
56,208,360
92,336
66,161,334
160,361,433
219,273
141,144,463
35,395,421
54,111,351
3,170
112,365
349,451
246,380
14,39,362
273,387,471
131,183
73,296
1,361
81,353,439
233,238
92,154
40,80,447
416,433,446
350,431
79,190
218,292,296
184,197,234
207,251
21,46
46,419
338,454
76,483
192,233,323
111,360
160,237,414
49,68
353,358,488
159,284
44,280
262,403
412,430
156,314,374
121,319
34,94,184
311,320
275,339
194,399
183,421
154,201
66,166
116,281
272,301
67,436,451
11,251,274
386,410
99,107,254
354,479
87,154,459
215,341
106,292,408
75,300,420
129,267,301
156,429
268,310
93,334
296,465,490
457,463
317,381,412
57,377
111,492
70,235
90,209,445
298,489,498
260,432
58,457
72,209
19,282
151,170,355
6,217
111,196
164,382
83,135,319
43,132
44,107,455
229,396
195,494
165,272
369,382
136,239,434
38,424
138,326
254,355,367
126,490
196,321
89,207,404
282,347,471
298,382
8,46,172
57,380
12,86,345
44,180
86,121,366
66,80,93
123,326,343
104,261
39,236,297
397,452
281,413
139,188,239
68,247
199,317
192,378
34,296,354
345,465
34,302
29,80,273
11,346,490
69,217
76,347
102,384,409
119,129,451
80,99
425,434
174,338
130,350
16,249
226,242
43,253
310,364
83,139,376
180,203
38,91,337
81,209,415
317,380
174,434
131,219
251,265
25,123
268,396
266,300
223,465
77,251
219,429
203,393
92,125,387
156,414
407,457
42,497
4,135
154,362,459
24,97
176,370,410
290,409
68,272
209,242
215,273
110,472
148,214,245
389,424
43,490
176,390
385,466
5,251,383
208,478
64,196,488
116,255
320,363,385
253,441
185,199,330
120,300
132,208
28,376
35,472
56,440
160,391
332,333
196,429
21,50,184
3,231
34,252,317
113,355
75,458
57,202,206
7,56
235,393
165,225
123,169,326
303,349
3,382
136,245
364,452
114,126
292,346
156,273,380
70,183
161,451
130,279,415
43,490
26,354
230,355
333,471
53,95,155
84,284
146,295,500
135,139
84,139,378
319,436
13,366,439
126,176,261
271,413
242,343,455
38,389
100,494
107,235
59,371
167,346,481
401,491
2,208,315
131,259
240,499
100,277
399,500
205,326
74,175,285
262,417
31,129
431,487
1,341
285,440
20,179
241,305
228,272
241,311
194,211
24,177,410
75,212,270
399,427
21,308,327
256,383
183,191
103,237
4,189
453,480
30,164,185
141,310,418
105,468
51,200,476
127,330
22,40,406
348,469
99,487
57,162
11,420
123,198,208
125,244
16,290
406,444
79,319
93,397
191,251,484
119,347
235,325,475
192,240,451
219,406
33,433
19,108,167
182,293
138,381
96,484
384,493
165,396
30,172,462
97,327
1,33,271
220,296
188,375
302,317
353,494,500
21,175,410
51,60
224,396
383,434
138,327,459
213,257,308
179,244,464
152,196,233
214,219
77,410
8,301,338
118,290
190,345,355
146,191,382
84,442
234,253,254
1,404
43,397,497
77,385
151,370
7,12
128,271
98,200
19,77
295,457,475
124,365
67,108,141
65,210,464
21,109,450
321,489
316,406,458
12,250,379
69,112
303,332
441,496
64,447
7,223,350
220,387
103,119,243
137,409,494
18,126,379
215,363
126,170
267,288
113,232
99,149
207,255,439
39,200
310,463
116,244
88,104
186,363
233,415,500
274,434
109,118,327
150,346,400
150,268,478
4,41
148,260
42,200,388
197,470
13,447
277,413
313,427
105,329
148,192
198,454
375,377
60,88,362
102,157
343,427,464
65,314
83,146,483
82,117
122,467
387,456
267,463
11,483
98,337
207,496
233,427
157,304
215,387
133,224
52,364
88,333
76,216
49,239
111,210
133,212
8,9
324,450
302,487
339,403
93,99
90,239
209,297
17,238,310
251,390
25,92
366,459
308,403,451
95,311
148,387
30,376
50,135
55,143,159
191,476,499
17,86,350
275,458
14,92,407
70,390
363,472,477
301,312
23,357
47,176
37,157,256
399,403
125,130
202,385
103,125
152,309
56,157
49,225
251,258,434
21,370
16,286
136,256
26,462
11,238,324
111,302
40,154,183
213,367,470
103,382
243,425
103,326
59,270
55,97,206
70,180,404
112,239
89,150,214
404,462
3,71,368
2,75,460
111,303
190,196,314
215,377
236,280
27,253,454
95,119,306
125,400
69,423
184,492
95,245
39,272
31,424
100,251,344
153,245
69,320
374,412
204,237
91,374
17,273,439
170,311
119,129
132,366
204,237,425
108,217
205,214
202,344
149,238
81,92,107
125,321
320,372
230,281,391
69,393
308,380
360,441
18,212
234,235
158,313
255,273
112,185,493
73,375
32,48
230,430
280,316,494
191,357
65,333,392
21,53
169,200
36,280,322
75,89
423,490
254,421
389,462
153,159
245,328
196,263
65,257
253,311,421
225,496
266,421
179,301
207,480
115,332
301,474
162,399
159,427,471
27,260
112,394
11,219
400,499
226,449
173,289,441
216,266,396
55,362,377
101,235,456
192,283,393
58,367
302,325
216,237
27,87,214
283,347
419,443
102,431
206,294
274,376
82,496
121,299
182,248,474
141,237,261
111,158,332
9,203,487
12,107
88,292
96,389
186,227
254,446
52,249,395
66,340
221,226
366,402
50,315
100,369
444,472
191,401
151,268,298
86,486
186,434
91,228
233,317
72,132
363,432
365,435
92,271
57,200
30,352
90,125
24,393,434
44,366,455
228,287,337
179,193,195
31,259
37,399
188,249
165,410
465,498
205,359,468
264,474
70,459
104,294
416,442
45,222,439
180,403
13,95,233
449,480
2,453,492
161,320
154,261,377
311,413
7,367
87,489
122,218
122,310,379
120,411
285,394
35,169,250
140,244,280
266,480
94,313
240,332
106,280
28,326,365
283,494
85,356
282,375
228,311
355,376
109,468
109,415
57,354
120,181,224
256,497
9,151,258
161,353,391
169,447
235,399
379,395
102,403
319,493
200,261
18,253
140,248
149,169
209,228
306,307,468
319,497
79,340,461
252,344
47,360
294,409,475
7,215
411,437
152,182,398
4,149
206,219
10,157
197,470
159,177,257
100,314
216,330,481
135,287
3,469
329,424
222,398
320,376
29,41,499
84,99
73,396
370,417
106,413
66,165,436
68,286
108,421
99,413
9,64
58,101
141,406
220,336
307,359,444
142,318,458
38,310
93,331
23,301
97,176,411
285,490
31,260
221,413
393,471
77,209
34,48
47,279
251,401
417,437
76,436
207,369
179,231
121,261
288,327,499
85,294
419,491
9,265
66,188
71,212
263,299
21,369,407
125,496
206,430,469
47,274
139,307
424,431
219,283
26,391
203,484
129,288,352
73,243,378
217,290
238,335
145,472
450,468
218,373
245,251
97,292,364
3,393,439
81,111
93,328
121,129,252
35,95
118,181,432
372,390
18,21
117,491
172,371
103,156
400,500
107,108,394
3,292
432,493
122,232,234
260,448
10,450
169,235
259,322
131,375
340,363
18,187
146,201
2,267
169,446
72,449
125,131,347
94,115,363
231,304
47,175
39,124
250,305
37,297,424
243,316,332
80,92,163
155,276
200,472
82,232
213,344
316,317
123,173
63,291,362
11,168,223
269,327
20,289
170,412
149,239,360
1,198,216
48,452
300,406
257,468
152,238,352
217,245
75,495
21,367,473
190,314
197,500
100,495
221,466
31,316
191,469
227,474
290,335
275,294
424,472
190,355
122,242
35,123,360
51,172,186
41,207
231,232
138,181
77,348
142,369
188,234
113,133,139
405,451
47,240
8,137,487
117,202,434
377,491
60,245
43,86
311,438
319,486
339,417
246,303,470
271,432
127,370
233,489
310,440
211,421
112,164,265
140,486
132,435
109,140
24,389
178,295
152,213,445
97,198,496
419,451
221,317,358
59,163,210
178,304,465
10,71,276
357,360,406
47,373,414
65,69,488
178,367
82,293,465
33,416
40,495
59,185,266
96,212,298
257,381,443
203,467
269,325,423
156,257
219,222,368
87,177,368
12,388
65,277
147,298
89,383
192,230,234
9,475
462,478
112,382
132,466
354,383
81,456,468
251,274,371
99,482
190,440
317,444
216,421
145,246
16,155
200,285,328
199,414
274,476,481
345,422
104,393
384,445
232,385
237,271
160,439
99,139
6,71
101,311,443
144,146,381
123,289
284,468
24,206
56,432
8,239
219,276
35,328,431
372,409
319,328,413
188,333
218,297,350
259,379
209,303
333,346
20,79
20,238,397
185,341,489
124,131,289
78,125,428
396,471
20,479
112,214,268
207,265,302
265,382
149,345
223,341
216,404
281,471,474
235,262
13,204
228,361
81,215
164,246,402
117,345
291,375
252,260
223,498
301,429
38,381
45,460
178,309,499
225,236,355
30,409
243,326,445
77,248
287,388,498
91,337
289,422
200,302
20,345
172,446
337,401
245,383
72,140,381
282,399
134,418
113,149
285,352
61,418,469
176,432,447
200,250
18,47,86
127,245
54,302,316
30,462
17,293,454
223,320,335
249,440,465
290,447
21,162
43,396
209,279
451,460
252,283
217,411
351,381,472
208,234
98,118,385
163,441
29,373
239,241
216,274,437
260,361
36,237,270
258,472
153,227
306,332
88,322
235,457
2,77
25,404
30,414
238,265
206,266,280
9,270,292
99,397,454
127,338
154,489
209,454
153,283,461
248,488
228,374
52,287
21,182
413,500
7,55
167,334
199,452
69,84
190,420
238,295,428
7,228,271
159,404
128,478
274,353
2,298,476
360,438
98,296
102,329
242,361
227,259
95,96
128,350
71,108,273
68,169
114,141
138,396
40,175
58,197
196,357,500
173,376
58,68
301,363
126,134
44,98
45,128
370,462
348,478
49,175
254,442
18,293,477
119,471,473
326,375
113,302
57,165,242
26,70
58,81,163
193,419,486
292,357
395,436
179,211,317
356,471
149,415
37,154,286
400,472
75,213
80,89,366
104,282
34,327
158,267
211,397
16,159,364
90,110
140,367
424,438
255,438
133,159,245
280,325,499
35,482
330,400
148,477
207,401
169,289
31,411,439
254,461
147,176
151,400,491
180,323
45,93
366,487
199,212
143,224
87,493
242,334,433
155,354,426
133,285,401
49,98
177,252
192,460
140,275
111,168
322,357
82,232
78,306,381
117,441
75,257
110,356
9,455
23,33
36,62
76,302
22,270
100,278
55,193
216,365,431
307,363,488
174,320,453
150,258,480
224,340,421
39,241
143,228
152,398
31,156
353,471
102,162,281
42,461
3,347
34,273
85,487
20,463
197,198,239
211,388,466
339,407
86,422
333,452,495
213,435
171,379
310,451
41,325
82,356
241,328,465
96,407
19,303
128,331
20,377
101,193
270,356,411
22,300
244,248,269
22,176
19,215,450
71,142,212
226,450
24,166,404
118,315
39,134,376
122,311
83,204,366
128,236
35,73,167
24,304
100,370,493
58,423,450
82,133,337
312,410
28,479,497
185,404
197,243,285
85,144,155
195,475
285,324,440
397,402
278,314,396
179,458
190,223,431
145,231
122,454
117,374
192,256
396,477
174,325
49,230,402
378,387
263,306
255,481
407,419,426
216,299
87,487
135,475
246,416
10,195
199,451
34,356,468
397,436
30,382,408
31,215
150,214
200,416
122,488
23,31,58
390,439
61,225,440
231,254,333
56,326
35,293,416
188,314
61,318
208,353
69,151
327,408
144,300
12,159
146,192
149,299
52,347
201,437
227,282
359,474
43,284
31,32,474
183,229
211,373
12,194,206
272,479
113,365
189,289
388,498
116,389
251,316
124,239
303,463
184,357,398
251,401,419
81,459
234,323
90,101,306
91,149,413
65,249
9,453,495
88,439
252,302,398
132,269,371
183,432
259,307,347
67,394
28,145
176,251,290
80,396
155,167,174
15,322
213,377
280,281
119,181,445
213,424
62,163,373
24,172,483
226,363
255,382,418
70,467
100,480
34,194
118,215
252,321,477
18,247,259
50,400
117,249,335
95,441
135,167
37,40,105
148,359
279,347,384
7,297,396
197,259,313
245,370
83,91,192
408,414,480
59,437
145,274,353
38,52,496
180,410
117,463
50,130
398,407
158,288,301
213,470
305,482
104,181
188,264,347
23,338,456
74,238
317,500
89,245
166,223,360
108,225
262,417,474
62,362,419
180,219,495
398,403
107,232
192,235,450
101,464
189,496
206,386
55,73,412
37,447
71,93
285,405
214,344,414
249,413
316,428
301,302,477
80,338
30,175
104,165,327
371,408
199,330
207,493
52,68,104
47,359,441
180,214
40,98,311
45,256,451
10,453
441,492
364,426,492
60,307,345
8,170,256
218,498
21,144
335,494
9,251,391
225,271,402
17,201,480
88,154
61,203
23,441
187,303
152,358,470
124,254
186,344
8,469
21,115
87,227
14,179
111,207,423
374,379,431
210,434,467
188,317
39,454,461
64,163,307
83,352
145,472
6,186,213
280,292
74,401
150,201
184,197
259,295
120,500
25,94,252
42,364
8,177
304,419
332,339
3,286,434
218,381
211,405
231,443
18,187
307,444
469,478
145,411
288,463
202,450
87,375
79,149,374
160,163
51,308
11,66
400,401
290,369
210,433
59,256
156,227,269
182,376
32,312,381
163,428
134,423
143,161,225
250,272
334,374
15,454
195,376
38,254
162,342
167,465
194,214,269
82,471
241,296
8,393
171,378
18,231,472
94,358
210,413
148,274
342,480
361,394
61,400,467
42,65
161,396
188,483
139,169
17,27,310
189,297
76,175,293
30,286
122,200
21,432
268,362,377
260,488
178,261
139,266,497
110,115
161,293,422
264,457
187,299,442
26,29
325,488
137,361
167,402
184,235
206,414
75,495
24,146
138,271
110,151
27,135,228
153,198
370,495
110,404
182,226
377,458
93,134,289
9,389
397,446
157,413,454
164,205,487
119,407
218,465
199,254
204,500
60,154,174
102,373
12,381
283,475
170,434,476
294,364
36,296,299
115,204
73,395
128,220,366
54,357
240,381
50,449
294,446
15,306
211,422
49,481
36,229
242,376,435
269,353
226,380
161,169,223
202,262
10,374
247,371,481
10,73,93
39,122
141,286
322,423
26,46,373
94,148,464
65,374
120,304
269,351
31,145
278,319
156,233,332
74,447
61,207,447
103,209
79,86,340
176,219,426
296,307,389
42,386
158,309
26,392
226,424
326,465
80,228,500
239,427,451
65,374
374,441
432,460
64,103,214
95,342
145,396
25,148
127,256
104,178,252
261,371
225,314
74,439
96,351
423,472
128,166
58,410
40,229
325,363
306,342
325,428
354,359
13,189
92,386
3,174,291
160,453
8,32
225,231,395
168,383
90,153
272,347,363
52,169
142,284,304
98,253,285
172,371
72,359
56,134
63,172,217
32,104,241
85,386
10,100,419
364,486
93,366
35,239,331
316,404,493
463,488
203,373
233,423
34,64
231,396
16,88,333
223,289
321,451
27,220
430,460
62,255
50,440
459,487
277,487
45,97,469
17,282,403
15,301,472
172,436
332,425,432
175,268
346,369
226,357
433,455
148,227,317
134,371
29,122
200,244,490
47,284
231,297,319
22,176
101,323,451
102,187
211,328
332,362
33,51
54,79,94
87,226
147,222
183,214,292
255,489
129,371
11,177,201
46,257,277
65,378
264,353,425
303,448
456,464
429,437
107,184
225,366
205,431
10,244,396
133,378
44,149
60,265
6,155
122,294,439
260,349,428
83,439
277,285
20,228,395
117,310
109,238,262
35,66
229,416
353,399
69,178,426
12,117
2,356
4,174
292,437
143,247
164,288
158,282
169,276
42,171,241
23,463,470
17,84,405
48,349,356
112,164,177
33,285
196,267
65,161
92,483
131,187,267
230,344
234,494
149,169,242
2,259
28,427
112,372
167,289,337
192,195
102,244
96,191
231,281
217,350
195,421
18,44,301
14,452
277,454
155,163,394
238,303,347
142,261,364
237,278
90,184
114,150,446
109,162,205
180,459
145,412
113,148
137,172
91,442
144,178,488
101,264
216,309
358,494
231,450,464
264,280
59,62,87
221,424
380,381
386,418
31,231
71,96
182,421
222,290,364
216,249
161,174,467
158,336,395
341,485
171,487
154,494
134,285,379
258,290
12,405
263,408
156,243
73,173
39,416,442
32,36,243
224,427
143,416
113,282,477
165,455
112,287
36,193,453
409,489
230,462
12,324
168,383
137,247,284
68,405
210,259
16,294
102,327
161,234
428,462
160,426,458
23,275,409
283,322
179,376
62,296
35,135,366
120,206
2,25
197,232,312
265,408
48,233
69,177,410
174,469
66,254
242,388,395
119,315,425
285,360,446
321,411
20,28,147
72,236
25,37
148,329
276,325,496
109,305
79,433
11,290
174,190,390
271,305,310
139,160,420
173,278
181,204,464
376,463,480
96,448
309,339
213,468
430,436
16,478
116,150,393
340,405,490
13,19,267
21,235,475
180,207,493
133,205,374
166,334
361,469
299,421
235,325
341,424
367,433
227,353,472
306,474
273,300
400,473
77,174
275,311
80,121,453
422,436
269,283,293
14,458
355,396
382,493
80,336
130,450
116,204
372,493
49,81
167,459
41,360
142,381
71,230,375
328,372,466
14,37,40
148,294,303
474,482
375,495
311,455
7,455
243,399,457
10,112
159,174
236,392,394
182,315
2,9,357
214,291
332,361
47,420
24,29,114
261,389,452
349,381
174,389
45,241
148,350
153,246,468
20,279
422,454
12,198,354
9,291,476
148,293
183,292
171,285
249,392
43,99
149,310,374
459,462
107,297,405
469,496
56,135,478
354,446
131,234
193,469,493
219,373,491
60,120
314,461
175,177,245
258,459
163,265
343,376
39,165
403,410
91,164
312,474
290,313
81,209,380
40,155,180
41,130
57,136
19,472
165,331
104,273,460
21,198
163,342
61,79
301,317
185,478,489
201,293
119,197,308
269,421
54,316,351
12,236
133,430
41,261
12,260
256,268
212,310,409
242,355,476
136,333
4,73
56,378,397
133,165
260,355
302,349,500
55,212
214,292,341
133,173
207,338,459
415,445
118,252,308
110,347
263,337
89,183
3,10
130,181,367
182,422
17,161,277
418,478
65,375
49,328,487
220,235,438
10,193,245
260,387
153,202,341
156,464
7,284,415
176,478
360,461
319,396,466
223,233,383
195,321
4,196
252,277
186,382
288,475,477
247,474,490
123,226
393,486
52,257
110,347
11,183
105,384
137,401
77,212,418
191,356
242,272
152,228
175,476
159,376,448
124,397
266,368
175,478
184,359
445,463
243,363,456
77,449
76,317
215,302
153,473
221,273,444
87,338
73,320,500
273,316
149,379
405,489
112,421
12,174
128,277
32,332
182,264
118,130,248
173,281
239,300,482
25,370,459
114,481
419,421,451
108,254
200,296,350
32,197
211,232
119,259,267
69,176
386,494
133,393
71,170,338
52,249
168,234
33,125
7,255
33,200,222
57,93
287,442
76,101,104
139,432
165,422
84,139,343
126,348,380
403,471
365,379
151,184,282
67,198
56,319,429
223,297
334,464
122,422,461
239,413,496
36,63,370
18,464
35,132
230,244
199,291
218,380
24,183
80,251
353,360
88,245
23,130
113,496
19,92,206
186,341
175,264
128,374
169,361,479
63,198,482
80,304,394
122,378
74,116,366
235,283,339
80,393,498
129,363,468
10,426
10,90
202,461
217,408
255,338
38,225
205,207,272
140,215
62,106,258
326,385
130,152
447,460
5,375
276,397
101,170
252,437
2,445,488
364,411,485
251,400
257,461
232,388
55,329
172,193,250
107,259
39,79
263,278,498
16,49
54,68
232,266
51,84
74,190
32,227
290,382
45,331
68,349
78,352
255,434
127,181
127,218,347
229,350,454
6,484
145,257
295,387
21,349,477
100,170,217
48,197,474
175,213
91,498
138,442,455
218,239
196,417
52,128
242,394
25,116,207
203,475
415,453
91,287,413
107,205,328
211,435
58,113,459
118,483
177,278,302
57,452
71,442,487
156,418
371,432
20,250,365
57,226,394
376,455
106,437
205,375,421
11,121
158,288
48,385,451
54,309
79,202,266
184,233,340
76,450,499
32,101,443
31,427
204,463
54,76,273
114,222
185,486
81,229
182,456
380,472
339,357
133,268
95,344
61,344
344,469
132,299,422
400,407
367,427
334,413
50,299,316
124,132
149,364
119,136,252
127,275
350,422
249,320,392
256,404
23,81,463
164,295
185,265
345,482
321,478
51,283
257,399,499
307,455
92,401,483
309,449
20,250
36,158
244,428
58,247,499
160,408
193,300
210,289,343
132,166,376
261,390
159,382,447
227,376,433
6,175
76,235,303
349,442
453,465
297,442,498
71,137
350,421
111,252
71,439
84,374
343,400
110,359
88,164,304
164,336
233,353,395
90,445,456
334,370,467
20,218,224
179,238,494
148,491
147,256
35,293,441
356,474
338,487
119,158,451
104,343
339,393,420
127,174,478
81,244,472
147,353
262,316,324
2,51
9,155,374
118,165,257
232,328
3,114
8,186
166,236
285,465
49,288,353
62,207,459
5,191
96,364
130,204
11,255,486
76,288
366,440
31,335
82,198,285
80,165,218
138,190
86,395
39,275,419
4,287,466
222,301,398
217,429
221,289
372,395
380,456
142,401
157,389,391
112,233
344,498
147,479
165,168,378
3,100,300
373,462,498
40,290
31,351
181,269,283
193,386
354,397,466
96,422
48,325
40,386
209,343
76,79,484
205,408
97,177
174,274,459
196,381
99,123
67,142
59,426
129,246,464
155,256
307,360
104,322,484
57,172
438,482
231,279,313
209,366
218,490
1,378
113,127
243,463
56,224
328,416,446
13,43
107,274
60,251
470,474
81,99
230,333
94,235
280,397
426,455
36,116,487
405,469
195,259
199,339
14,400,437
64,264,356
2,443,473
319,497
269,308,423
405,421,429
68,134,496
119,125
331,433
97,112
153,236
34,470
53,312
281,366,386
311,456,473
218,223,278
388,485
176,440
144,415
17,66,141
254,299,438
53,342
25,60,409
151,445
52,249
33,343,441
218,372
244,259,301
393,406
210,227,370
16,299
366,479
226,267,455
24,186,311
380,464
303,449
70,109,301
66,128,224
18,107
236,365,461
16,225
191,247
7,278
62,137
17,119
135,188
13,381,425
284,357
256,382
27,193,310
128,159
83,99
25,477
32,190,402
215,500
112,224,446
165,208,326
249,441
187,303
274,478
108,466
23,101,244
87,437,472
2,19,184
174,214,434
88,215
170,294
112,185
149,311,455
222,273
366,431
327,358
343,455
234,367
19,68
60,70,92
336,473
19,178
55,478,493
109,156,181
225,289
226,357
215,430
229,394
136,147
198,378
211,241
427,494
250,435
1,195
211,320
69,350
226,349,367
150,484
215,358
211,481
5,174
171,489
132,267,485
132,138
230,295,500
122,212,438
126,137,251
145,262
33,379
113,196
14,26,63
308,463
188,278
13,195
65,134,225
4,20
26,434
167,430
15,473
433,450
157,476
149,224
139,245
310,435
187,208
9,163
80,467
225,231
123,165,166
33,241,497
193,304
15,68,203
55,382
257,376
231,428
257,281
163,381
15,213
300,346,400
311,337
103,378
361,450
71,265,458
142,268
89,154
192,417
63,98,458
172,323
24,37,72
224,281,284
155,243
33,130
181,471
171,461
187,295,303
417,451
164,386
196,269
258,455,474
162,269
190,313
29,293
34,219
179,192
155,209
52,239
103,221,270
155,295,318
112,170
17,79,374
67,355,440
57,229,441
54,477
110,299
9,62,469
102,192
11,454
187,365
364,376
397,436
108,138
31,125
14,176
363,471
77,176,418
87,92,174
114,183,393
136,186
113,282
53,127
47,157,447
196,281
325,413
99,116,381
164,407
263,461
307,490
127,152
208,319,496
7,465
97,203
66,98,355
295,346
92,235
254,387
100,206
92,164,368
15,336,377
48,413
382,500
113,202
349,381
312,380,500
87,251,327
253,326
37,186,439
52,273,464
242,277
196,234
259,439
121,248
263,435
309,322
464,474
1,93
63,148
37,262
99,253
218,472
126,127,183
155,176
141,339,428
108,208,400
7,266
368,477
285,466
159,492
38,211
18,244
30,221,285
202,360
56,117
267,355
174,458
13,169
209,471
116,423
328,410
316,334
410,426
310,337
41,175
227,273
158,184,226
127,261,270
80,114
45,365,391
139,486
190,227
309,315,468
218,406
56,83,355
133,270
352,477
146,209
171,490
21,152,267
30,171,207
73,76,92
155,270
115,154
372,417,453
148,328
73,198
82,142,198
169,455
181,246
119,222
150,155,420
2,197,423
151,155
94,238
67,271,374
358,486
51,148
233,403,460
329,472
171,224,442
390,452,458
183,245
398,422
20,113,387
7,319
137,489
16,61
216,493
339,477
107,337
5,265
57,334
59,97
176,313
24,300
27,234,331
116,423
29,63,407
5,192
3,225,459
107,154,351
465,475
295,327,456
247,336
14,75,183
137,186
166,485
55,96
325,380
250,376
169,217
33,98,305
196,273,278
295,329
14,462
31,456
30,437
307,331
296,431
157,191
235,329,465
29,200
68,200,232
9,55
400,401,469
132,481
112,444
226,279
129,327,381
359,485
118,317
103,417
49,76,230
378,446
76,182
179,194,432
249,357
204,353
293,463
74,101
39,195
54,443,475
21,248,443
56,93,337
55,211
227,297
290,370
90,153
234,310,490
171,388
143,416
63,268
70,368,411
94,261,268
272,340
118,342
13,80,150
64,363
373,392
250,254,490
169,322
264,358
121,329
407,411
33,223,285
302,464
45,119,445
46,387
352,479
156,260
446,461
282,389
107,289
136,334
360,480
132,314,376
53,67
95,104
118,196,279
301,317
332,349
361,455
44,328
110,139,276
456,475
128,225,492
5,53,87
256,486
24,236,338
193,268
223,257,464
174,324
122,333
17,157,325
82,185
26,398,490
57,157
168,372
62,446
287,297
201,380
148,489
158,187
59,306
13,129
253,311,345
82,416,442
228,395
18,38,318
74,126
371,448
157,334
10,147,180
113,308
328,342
356,468
34,54
52,161,320
147,356
106,127
18,174,227
66,82,253
275,399,475
16,34
60,206
19,233
143,350,479
77,406
373,426
46,438
224,236,334
6,212,452
110,156
44,149
251,495
100,175
325,456
81,426,492
226,352
71,125
220,250
123,232,350
281,450
407,448,458
418,450
277,493
48,256,373
246,409
79,93,438
160,334
209,339
88,258
199,268,453
49,201,447
280,432
224,232,333
22,344
66,117,223
469,492
243,384
93,392,440
181,496
208,250
88,290
142,391
124,339
172,403,421
14,492
349,351
200,299
402,487
94,272
174,293,422
111,156
230,275,443
42,343
45,340
316,349
290,386
355,385,417
238,240
127,142
141,377
46,472,491
168,491
296,335,421
148,213,394
133,479
327,472
165,454
124,218
105,454
14,453
14,247,291
270,462
287,355,438
103,307,308
195,229,330
341,370,458
427,463
43,160,482
231,283,349
219,296
23,51,301
41,493
446,459
55,481
136,176,401
282,325
2,223
277,311,440
225,402
72,115,317
67,340
57,79
430,450
25,464
7,109
174,370
309,415
238,301,457
55,410
36,185
169,242
306,359
15,50,158
39,454
15,267
188,478
132,455
401,478
175,426
162,280
172,364
340,421
140,434
171,200
79,446
117,452
44,392
197,447
52,246,257
69,144
339,401
96,268,290
295,347
86,214,235
148,204,304
16,382,383
230,415,471
159,273
20,79,263
257,303,500
33,315,324
160,161,439
82,91,117
68,345
229,293,443
79,299,466
59,186
6,300,469
85,106
83,113
308,351
39,337,453
299,407
185,222,341
91,278
6,466
10,141
42,205,249
147,199
47,141,386
155,404
162,182,332
102,173,396
265,390
44,499
1,42,188
6,127,274
32,90,240
277,375,500
191,207,335
44,497
240,309,472
4,416
120,397
129,181
33,305,397
40,476
38,434
189,320
111,396
157,318
27,435
182,308
76,430
210,304
36,116,418
344,370,480
128,223,497
3,371
265,332
204,472,496
269,294,316
250,387
58,171
257,401
113,138
406,448
85,203,391
272,310
287,296
82,229
270,362
306,354
74,303,445
61,154
128,228,291
191,341
32,279
124,343
262,306,356
233,317
278,368
94,467
252,316,367
400,483
34,248,264
123,357,399
14,356
205,361
162,444
281,398
442,481
6,127,426
296,371,465
260,472,494
296,352
123,161,289
145,339
30,161
16,83,460
216,320
56,208,431
44,319
26,82
151,429
23,162
56,61,316
64,500
321,456
382,455
99,253
204,485
233,374,484
45,161
427,491
85,97,466
335,400,431
317,430
195,282,425
267,358,445
219,432
102,240
101,327
146,351
107,126
355,395
276,483
79,184,289
36,243
81,351
32,225
1,340,372
234,278
85,96,270
220,289,353
122,138,272
97,152,320
313,347,472
253,422
165,215,379
46,53,469
313,351,367
57,268
8,77,155
89,174
235,499
352,366
299,354
280,477
189,365
193,425
94,179,221
220,228,378
26,210
219,222
95,317
27,216,242
263,356
153,276,438
56,99
130,259
45,69,492
139,334
230,295
63,335
