42,371
46,337
191,195
4,128,359
58,76
306,421,433
83,402
83,214
69,192,462
24,143
80,198,295
158,324
154,245,351
29,498
295,500
248,316
33,94,324
72,252
200,204,349
140,262
102,399
266,346
50,260,377
101,180,360
166,409
14,127
269,415,485
31,88,264
442,473
393,399
209,414
78,154
221,260,351
97,267
195,366,459
419,468
151,316
55,324
269,311
236,441
125,338,435
12,442
232,346
119,320,485
353,449
256,355
60,201
323,351
250,443
134,324
226,427
331,472
60,388
133,170
79,381
273,278,438
399,449,493
193,315
342,440
411,440
32,106,457
10,282
330,396,419
329,353
390,429
15,107
331,460
81,129,157
8,121
1,27,106
104,286,293
405,462
2,424
10,367,401
41,435
70,445
171,402
103,244
81,294
129,243
175,413
51,117
347,398,473
196,373
50,66
13,394
18,48
328,350
5,340
338,350
161,171
12,61,316
85,459
108,310
189,383
70,264
38,471
167,209,293
106,488
75,405
167,292,303
229,349,468
233,498
39,400
371,499
57,175,464
251,480
6,232
232,429
289,330,389
243,380,485
134,213
104,473,487
134,380,467
3,457
91,301
20,115,284
144,159,293
53,191
295,415
110,122,339
24,319,447
274,321,333
60,132,353
172,193
225,281
108,147
226,432
13,405
337,400
206,273,480
200,386,438
157,176
151,179,272
44,176
92,161,461
138,261
275,388
82,323,361
191,491
259,463
26,141
168,213
21,56,279
192,428,478
24,479
10,311
189,497
142,271
258,311,366
210,326,345
299,372
72,206,449
313,412
109,255,373
238,274
64,425
201,458
258,398
139,422
127,130
169,361
228,261
67,318
57,299,433
316,428
243,380
163,304
155,210,227
163,400,407
51,423
275,318,403
165,307
177,220
235,439
9,285
178,383
3,387
209,268
300,356
358,485
222,369
403,430
158,477
462,499
399,490
83,427
97,157,345
317,351
33,410
251,431
325,428
46,201
343,443
114,471
373,425
28,240
400,432,457
64,396
15,320
53,372
129,203
253,304
79,249
92,255
212,228
21,493
63,434
48,332
132,254
40,105,349
192,373,418
54,112,494
158,230,374
203,389
126,167,212
261,337,418
253,407
125,389
163,314
139,314,500
107,167
24,280
83,291,483
320,360
130,227
266,297,360
164,358,359
244,336
252,480
397,458
101,248
396,468
129,464
62,316
86,108
177,377
109,379,383
32,467
10,37
273,390
70,72,492
146,152
403,491
42,112,367
355,445
201,449
9,94
96,220
218,465
10,375
136,475
341,467
192,304
249,326,414
231,291
352,450
196,198,446
46,133
256,397
240,344,491
460,468
140,345,387
15,167,487
25,207
172,264,491
148,340
184,276
55,408
91,155
27,97
56,68
89,230
201,318
76,300
90,420
92,280
10,261,305
143,496
16,427
57,478
87,305
199,334
1,143
88,386
173,192
335,356
119,248,346
75,302
18,482
82,189
52,322,487
360,368
182,306
143,219
192,212
66,127,349
199,221
39,365
343,462
234,266,364
287,370,419
11,334
207,307
67,100
190,406
160,290
254,280,464
6,61,483
73,481
222,330,339
276,302,415
10,248
41,274,365
170,292
241,282
57,148
327,358
445,457
263,307
27,299
12,183,281
276,422
147,263
331,435
24,140,288
149,320
37,234
36,68
179,316
126,380
96,273,279
59,180
5,39
166,320
94,142,327
165,348,388
142,186,222
219,220
93,312
35,156,217
140,406
75,485
235,467
464,476
312,429,481
315,477
214,405
403,455
349,495
336,418
146,323,353
225,265
115,364,408
270,317
35,58
36,366,490
324,426
29,102,150
343,485
10,85
294,326
466,499
381,461
215,245
9,497
316,401,414
133,248
113,140,394
364,467
183,346
107,183
158,247
195,292,325
88,337
283,470,480
367,430
141,449
64,158,482
173,192
158,197
285,304
52,414
61,214,299
243,252,460
67,115,253
256,412
344,345
30,498
3,113
464,492
142,203
144,248,285
78,115
313,481
365,411
221,264
117,256
279,429
327,344,464
258,435
137,270,392
452,467
294,416
172,432
57,141
232,288,320
104,426
36,459
62,137
426,427
113,383,404
434,494,499
84,170
143,264,280
102,343
56,82
36,104,322
192,410
336,350,376
134,250
306,346
320,428
257,294,478
364,378
51,244
32,342
245,313,441
173,260
21,160
355,363
180,212,402
89,472
197,487
94,445
261,294,472
354,488
286,290
191,329
41,461
180,461
41,125
390,407
41,336
160,299
178,196,421
18,347
193,482
1,85,459
304,344
153,323,461
23,336,367
153,364
43,486
112,277,361
205,297,337
308,388
107,452,453
181,285
295,488
77,180,231
367,431
328,411
152,368
53,303
100,137
113,264
61,208
138,427
333,412
82,371,451
241,438
139,224
118,211
333,420,421
324,350
144,357
83,111
81,265,424
1,426
60,129,188
56,342
50,104
14,471
119,389
413,422
298,487
86,244
116,321
17,240,348
208,242
278,430
11,346
1,195,225
58,106
230,242,483
32,357
171,340
116,279
111,243
23,418
53,425
30,89
304,369
10,238
222,369
214,274
334,396,427
94,358
71,104,340
113,322
182,293,414
47,432
385,422
28,165,422
250,343,432
136,173
177,290
247,457
39,221
1,390
258,365
168,371,378
341,486
31,361
9,55,423
44,141,191
57,326
70,136
81,257
392,451
209,429,473
95,429
229,438
69,481
118,298
132,164,178
215,259
156,305,398
168,182,301
85,104,440
96,149
77,297
110,134
27,86
316,416
150,425
232,439
27,48,101
111,459,487
149,419
322,453
305,427
16,191
18,375
79,263
79,407,462
364,488
74,311
105,195,209
42,325
45,136,246
75,118,484
198,395
213,412,499
132,445
294,357
230,293,380
141,220
143,279,419
226,393
154,463
98,222,423
20,367,407
111,377
123,262
271,367
397,476
229,288,443
487,492
50,58
267,300
14,417
288,349
19,328
448,477,489
8,39
47,101
163,185,345
106,362,433
231,281
193,430
59,120
48,487
185,410
88,352,495
81,93
199,319
232,436
254,311
358,420
209,248
271,434
332,467
8,375
48,159,300
70,143,436
224,354
19,437
109,161
150,404
48,126,472
203,419,455
282,316
346,476
251,453
109,374
349,380
4,246,314
39,207,308
114,146,256
346,431
25,51
5,162,410
452,488
431,446
297,478
47,357
93,464
36,276
287,312
19,139
171,297
73,146
164,461
106,398
183,346
86,496
6,416
72,178,257
313,409
291,402
294,406
35,311,415
323,476
74,217
7,488
22,79,391
8,91
213,329,411
62,314
145,275
205,404
209,476
354,466
181,299
37,60
35,213
62,412
387,447
320,368
24,120,439
312,479
260,329
101,325
241,495
354,366
117,328
199,475
241,389
11,159
27,371
15,285
96,401
426,452
142,364
102,265,298
46,165
123,281
416,467
154,268,306
269,375
268,384
192,284
299,318
35,181,201
160,338
129,284
55,447
49,395
38,411
20,109
17,364
367,381
64,253
200,264
127,143,432
358,364
17,256,265
247,271,361
85,228,472
392,401
122,271
30,67,78
119,497
290,454
82,327,395
196,211,270
231,360
232,274
264,455
121,412
237,419
284,337
114,139,373
175,421
250,263
69,328
405,476
301,370
447,488
157,400
193,313
21,164,342
139,148
108,437
82,456
135,200
114,339,492
86,316
50,479
249,367
200,247,307
105,356
71,233
143,216
133,461
119,135,217
168,234,247
133,423
61,398
99,205
365,381
137,233
99,300,412
120,341
86,475
77,187
43,275,449
62,153
49,52
57,398
230,438
230,320,444
485,497
298,403,428
39,259,331
13,394
247,435
15,274,360
325,352,453
164,389
47,488
66,96,419
48,67
193,393
212,429,466
128,392,435
99,386
314,475
397,498
105,163
155,330,413
37,160
315,366
206,210,463
256,295
19,213,360
60,315,447
54,473
279,356
125,495
77,209,235
165,495
327,435
418,442,492
48,397,402
74,92,208
6,316
86,216
115,233
171,213
75,131
215,372
353,467
53,428
31,226
218,411,471
123,436
75,391
245,412
136,242
211,478
56,390
122,165,456
313,408
13,436
337,358
79,270
307,443
47,92,478
67,172
76,80,253
77,151,269
35,416
414,433
26,30,304
282,427
433,488
260,263
138,464
338,465
68,439
278,279
318,454
278,301,359
12,105
119,135
310,317,400
107,244,393
264,288
160,318,324
53,107,214
285,444
68,71,81
102,445
9,131
190,359
92,209
205,208,277
237,239
63,162,255
46,323,469
106,433
89,347,352
132,156,479
36,294
160,436
236,273
150,349
232,375,401
70,124
281,362
6,329,444
113,239
335,421
12,85
251,398
338,420
119,347,427
2,41
77,231
334,496
42,99,499
14,119,372
280,345
143,295
323,496
33,64,324
11,34
110,340
159,386
342,439
373,397
130,460
204,280
169,294
120,433
285,338
253,495
143,280
210,404
104,235,319
133,246
121,346
92,262
180,442
211,281
264,298,430
171,471
24,389
93,119,426
64,295
274,442
131,395
226,330
305,341,407
126,476
49,161,163
183,326,405
246,356
117,255
305,399
267,338
81,419
8,76,489
80,190,350
138,257,304
25,88,228
52,83,453
189,363,493
152,183
67,69
466,477
260,407
135,442
226,497
118,250
70,106,295
410,454
285,429
103,203,384
23,136,245
132,252
44,204,467
73,363
153,238
364,425
193,496
59,127
314,485
95,110
312,362
137,207
207,350
262,459
41,479
144,209,358
225,373
15,266,497
69,266,461
392,450
262,370
266,400
398,497
408,450
197,428
234,391
171,196,391
445,454
152,177,311
215,355,379
22,158
430,455
304,423
172,405,434
334,380
136,264,324
379,483
37,85
62,395
45,79
121,312,424
260,500
470,480
132,343
3,149
80,112,137
197,276
188,393
37,167
151,192
108,195,228
150,235,490
199,274,420
322,415
16,348
283,293
315,335
248,329
245,267
293,347
43,229
128,346,358
98,258
63,400
264,489
146,412
208,437,445
286,375,459
280,290,394
310,400
251,379
36,426
388,418
170,235
291,402,474
136,186,308
51,417
334,465
214,251
341,364
110,297
53,297
128,257
191,411
47,416,453
75,361
107,410
192,371
168,424
286,302,458
58,421,460
156,251,274
10,476
5,396,420
338,375
162,392
120,388
306,335,493
70,157,290
11,85
255,352
21,444
12,247
128,192,453
185,202,313
192,360
11,87
382,445
198,367,376
177,472
55,446
104,144,437
176,283
332,373
24,445,495
145,234,478
140,235,269
88,102,178
368,407
114,468
28,208
319,385
12,50,481
127,315
257,463
86,363
116,121
201,274,474
112,491
45,133
44,467
95,309
182,285
22,349
2,236
469,481
163,208
127,180,478
206,352
307,425
138,217,472
246,489
215,258
244,362,376
388,492
225,250
72,157,173
208,244
28,205,248
125,228
129,150
252,370
83,377
355,380,464
227,434
134,393
89,90,225
27,177,232
122,422
222,296
384,404
228,352
121,238,347
104,368
284,370,434
258,398
232,341
127,329
12,50,201
70,100
131,242
109,498
299,428
283,441
168,207,350
107,428
140,175
275,436
164,445
15,421
17,276
223,259
99,441,466
6,101,135
41,427
254,386
92,351
413,417
196,370
64,122,150
21,56
129,135,169
1,416
244,400
275,344
75,94,361
192,400,494
101,333
87,357
236,247,303
150,275,280
17,448
13,149,348
428,429
400,407
264,435
17,123
78,399
22,139
18,137
261,373
146,313,372
148,192,356
169,201
97,385
10,265,359
73,268
157,394
83,311,424
2,59
140,283
119,458
45,255,266
35,177,426
127,204,270
179,489
127,436
249,369,500
84,265
176,188,403
10,198
178,449
189,210,440
164,495
90,379,402
84,222,245
3,357
126,167,261
196,270
34,59,306
340,360
93,431
73,193
145,197
227,377
134,166
361,477,494
191,372
62,80
34,366
294,401
132,212
28,287
11,271
101,216,457
274,302
48,333
60,440,464
8,362
95,196,270
68,264
18,101
136,305
63,255
266,277,469
216,220
55,314
31,393
305,428
108,357
285,472
115,246
51,54,154
283,438
21,496
234,301
10,151,478
206,289
206,417
5,351
64,318
6,119,251
31,240,413
84,435
174,386
148,192
243,359
204,305,448
175,427
72,129
321,426
55,66,90
209,321,483
200,255
33,406,457
107,217,347
267,376
161,162,253
152,250
220,455
417,420
107,191,363
94,167
136,220,302
105,285
104,152,376
361,500
74,263,277
219,364
12,121
126,232,377
230,281,299
13,271
27,442
278,288
176,363
331,450
318,332
35,62
171,500
14,116,351
312,499
203,345
395,400
386,493
188,220
27,302
289,464
157,187,335
81,289
141,335
57,390
253,406
8,137
40,135
18,482
213,450
65,234
251,476
201,472
22,494
214,395
313,344,468
123,252
126,354,459
6,298
63,378,456
251,305
289,447
34,278
136,336
137,245
8,134,173
67,173,270
88,204
48,116,433
68,331
256,337
129,433,498
195,325,357
286,303
150,399
181,429
72,290
3,189,430
69,271
469,494
98,489
15,282,475
172,438
235,336
193,226,479
36,462
107,442
188,352
38,78
261,445
153,244
142,260
127,397
204,349
121,312
102,189,220
105,323
361,471,499
384,482,490
169,280,491
6,459
63,256
143,460
68,178
149,155,236
34,59,458
112,133
57,144
288,337
172,220,283
105,365
92,276,319
241,288,430
10,429
90,244
159,195,211
47,466
137,394
344,463,498
19,87
239,411
104,148
68,131,255
150,422,486
16,220,492
92,199
479,483
185,266
71,381,471
103,123,237
34,85,426
316,347,398
39,336
8,301
423,493
395,450,461
255,462
336,477
43,70,193
150,200
115,186
113,264,440
184,360
114,155
106,357
203,460
194,400
211,427,458
125,252
7,355
121,431,444
162,170
353,403,455
52,291
179,421
109,153,234
90,481
66,363
333,488
130,288
400,461
222,367,378
177,321
36,385
6,466,488
199,276,338
394,446
190,406,409
313,434
108,488
281,415
335,463,480
219,263,340
78,187
412,459,483
121,466
283,473
55,287,421
134,481
37,276,294
79,118,213
118,163
192,253
51,69
51,247
8,311,442
164,490
11,104,243
65,187,405
319,330
7,143
51,499
2,179,274
303,420
149,234
32,237,261
289,430
132,332
49,253,358
3,236
79,186,361
215,333
229,324
143,278,387
151,354,402
72,98
61,116
243,251,427
178,277
104,217,312
250,457
96,496
342,467
158,245,327
64,109,371
172,402
330,355
109,118,222
180,359
178,191,193
370,437
298,467
379,472
86,189
136,423
175,206
281,311
88,257
88,337
157,288
196,258
59,312
25,218
12,107
106,189
117,336
17,290
138,433
187,276,320
10,160,474
70,127,165
161,270,313
166,205,340
266,377
94,267,374
24,458
46,437
202,207
44,188,439
114,118,359
81,100,341
84,114,463
68,241
251,360,394
344,382
204,351,440
353,432,481
106,401
162,202
163,347
50,302
66,157
383,473
82,337,395
64,277
61,311
108,343
484,493
15,83
255,434,466
136,190
40,214,442
84,213
166,443,464
7,411
157,191
37,479
116,316
103,272
333,397
100,273
242,306
226,418,479
172,496
82,122
197,308,398
238,318
326,415
373,407
71,338
278,486
8,59,64
274,302
149,353
324,403
83,197,306
149,449,450
219,457
286,481
93,247
405,477
53,199
388,464
198,450
58,198,350
73,193,363
135,321
77,181,282
66,370
110,196
77,367,457
222,329,396
23,25,69
214,232,380
155,275
115,270,378
91,358
113,227,448
42,337,409
189,498
199,247,281
329,496
87,269
26,469
9,373
103,168
53,321
41,469
87,159
117,222,425
342,363,470
12,108
31,288
100,460
128,393,421
266,276
95,170,253
170,261
25,395,443
51,221
160,478
440,477
147,246,373
150,451
72,172,174
281,303,497
10,201
30,34,83
335,363,387
215,418
34,182
286,402
200,399
19,41,270
160,199,401
38,426
262,422
6,305,442
291,292
246,422
25,342
110,324,457
108,266
116,386
114,122
40,151,488
35,166,474
99,400,456
58,119
339,497
179,212
276,450
320,442
234,457
140,151
99,161
376,442
81,264
177,475
94,122,190
66,480
287,393
222,266
105,131,461
33,137,259
82,206
207,223
150,369
209,282,334
180,421
86,227
274,405
225,456
327,392
101,138,209
156,291
264,384,491
67,122
167,321,475
245,494
149,236
58,436
47,475
172,246
215,272
94,312,326
36,452
159,292,467
220,272
329,369
27,248,268
225,247,417
46,233,234
2,150,174
303,320,379
11,69
212,223
58,241
342,344
122,284,451
266,327
184,415,497
28,29
252,355
34,129
344,413
60,332
258,471
101,473
404,467
254,317
83,142,199
260,470
238,487
91,328
23,49,383
32,132,252
51,377
93,214
20,98
145,229
170,494
195,376
269,390
481,497
170,467
68,318
12,58,338
130,386
41,62
172,383
479,484
179,338,429
103,157
9,215
64,131
370,451
34,369
404,456
7,24,335
46,100,490
58,181,478
98,201
287,345
28,47
321,462
42,91,429
231,427
45,192,364
12,488
81,363
275,430,438
177,269
98,280
272,361,446
116,212,333
148,165
228,230
191,252
14,202
153,266
62,161,208
55,64,242
472,474
157,426
311,452
246,368
45,223
419,436
101,436
120,283
220,386
269,274
81,218
54,63,391
15,355,464
65,71,427
94,123
92,158,170
191,369
368,405
279,353
389,468
191,434,443
215,304,380
23,76,331
341,345,441
49,309
238,326
10,305,346
351,434
95,215
49,99,147
264,464
16,417
88,349
295,358
223,300
32,204
47,475
185,374
247,291
56,60,388
246,314,477
151,426,453
405,452
271,431
212,224
17,216
181,347
170,216
25,45,226
171,447
70,319
44,281
86,100,403
7,186
318,332
224,450
56,167
181,462
156,333
134,456,489
459,483
10,202,417
23,328
213,391
262,265
333,466
340,367,483
146,265,395
439,492
269,371,460
32,169,198
210,226,308
129,430
198,410
65,480
328,377
342,435
76,114,256
38,397
178,487
417,445
262,486,496
263,324,435
60,496
348,445
197,260,481
69,336
15,77,291
57,169
79,110
56,369,403
152,379
367,402
22,246
448,492
327,349,434
37,450
218,233,446
151,223
145,167,299
232,291
27,305,483
315,319
55,213
251,393
106,472
147,213
354,428
13,413
243,362
17,387,491
176,316
214,380,420
94,454
92,219
320,457
198,308,457
296,318,470
207,409
3,39,328
4,36,97
148,186
87,347,466
231,321
2,317
299,397,435
344,359
386,432
16,149
7,191
12,78,143
147,343
86,332
214,388
132,370
157,307
263,277,294
106,263
23,92
314,361
203,481
16,201,488
91,228,278
38,416
1,321
53,92,221
1,225
75,477
295,451
35,144
86,386
6,417
201,388
159,163
50,135,466
6,307,357
333,390
156,302,497
61,83,89
3,326
13,97,289
131,164,378
23,80
315,342
49,420,457
178,344
27,478
42,156
124,221
35,156,452
43,83
239,363
247,372
65,321
294,442
392,400
100,176,275
63,280
151,344
306,445
151,184
127,287,468
19,364
9,164,211
6,356,357
390,426
55,271
3,468
271,411,441
24,145,342
157,461
39,271,324
150,229,496
416,488
81,486
74,110,462
160,305,442
254,413
75,270,341
200,493
40,144,225
9,97,347
53,90,269
17,332
36,465,466
209,453
264,353,438
190,247,328
88,184,219
235,353
134,344
291,474
157,175,315
266,448
196,410
74,75
25,51,109
72,237
10,458
117,446
28,178,179
60,66
132,250
180,212
81,304
413,453
30,366
79,122,327
279,383
52,341
187,347,418
56,226
110,489
50,230
405,483
137,259,301
287,460
75,400
65,448
264,499
427,480
404,436
52,433
33,202
195,294
143,264
289,496
104,181
100,377
339,373
143,265,336
223,313
172,287
340,435
204,213
77,294
357,488
28,143
272,324
102,367,396
184,495
195,232,269
368,485
150,158,353
9,109
13,155
16,439
20,179
220,498
52,225,325
141,298
217,426
22,356
228,427
418,458
3,386,470
396,495
21,164,353
87,414
4,391
34,133,433
218,325
229,333
233,344
28,191,363
289,302
195,228,380
68,235
339,440
55,296,351
2,199
163,175
117,242
155,226
200,445
204,392
125,175,432
129,455,463
177,301
129,246
169,195,394
367,469
434,491
89,461
335,396
421,475,488
48,270
312,433
82,246
294,357,380
226,417
49,208
38,376,391
116,212
318,437
3,463
339,373
323,367
32,174,335
10,375
328,358
206,379
63,437,458
389,398
182,286
200,232,402
264,413
357,368,474
228,481
201,248
157,380
272,494
293,328
100,384,417
183,291
186,307
43,188
311,461
61,354
2,108
16,130
356,374
172,455
79,374
49,105,434
290,422,436
80,115
37,484
433,458
228,479
318,349
63,408
110,237
13,358
283,383
78,317
206,307
86,191,388
7,60,335
68,128
148,202
133,199
258,478
108,186
7,231,257
360,415
123,270
28,220,374
209,496
406,418
319,330,447
132,498
69,134
8,47,92
47,284
39,124,277
97,138,341
31,430
262,458
201,299,431
239,330
31,344
179,333
135,225,429
36,238
100,154,416
324,408
201,375
119,478
260,371,446
99,408
7,419,464
180,405,488
24,393,455
24,335
276,458
167,292
156,248
99,122,328
137,489
276,334
131,260
147,205
187,422
162,388
227,284,340
120,149,191
201,401
217,291
34,126,325
80,300
122,289
184,205
153,265
23,477
191,205,369
147,223,408
430,440
165,264
26,82
79,412
450,498
36,83,251
165,349,480
136,266,284
78,359
288,348
63,128
106,241
295,389,486
95,171,359
222,378,469
220,352,442
359,493
113,231,480
113,225
132,474,495
68,370
88,389
246,259,333
13,468
139,168
90,394
56,60
37,169,299
244,300
51,308
36,83
97,444
44,236
424,497
76,244
96,102,460
307,408
8,136,350
94,300
286,429
256,361
153,446
349,417,480
344,467,480
211,433
76,116
40,314
56,149,454
329,453
230,450
7,37,391
317,323,332
89,322
177,470
79,105
114,214
141,252
28,140
9,55,361
89,259
112,456
109,228
59,66,117
66,229
163,478
6,185
467,489
113,226
10,481
233,367
35,209,369
172,338
314,490
53,299
98,394
73,267,482
140,471
74,460
114,362
489,491
77,270,370
41,351
28,229,394
353,389
319,450
85,217
174,198,346
12,421
299,458
256,324,494
128,435
6,443,462
97,330,422
83,126,398
108,488
271,329
301,446
28,257,413
239,355,396
60,203,447
55,440
72,287
100,229,382
156,184
262,273,319
37,193,451
2,152
65,394
26,342
170,247
6,88
191,254
215,445
22,324
230,375,479
54,63,336
19,307
24,115
97,386
72,201,335
19,33,41
84,364
309,317
140,240
146,476
71,135
63,74,466
103,240,369
6,487
40,423
26,247
70,125,384
92,255
82,118,308
133,394
22,407
60,157,389
130,191,265
354,478,487
50,293
347,462
11,168
151,377,380
10,209,274
322,467
200,460
57,497
14,159
305,348,381
40,230,357
246,412
47,72
113,483
260,417
206,488
19,159
31,153,316
102,341
269,294
22,30,309
27,305,326
132,236,278
113,419,496
314,407
55,127,324
169,292
120,150
78,309
385,400
25,266,272
50,217
135,178
155,204,482
140,226
175,220,290
64,158
95,194
393,430
161,425
90,105
96,210,388
367,499
279,419
172,237
346,397
232,445
209,474
100,350,479
187,344
1,77,211
66,459
65,68
230,293,416
219,238,240
217,300
129,176,318
130,313,456
204,346
201,484
3,344
25,173
168,227
204,393
283,488
61,428,444
326,415
343,410
119,338
144,255
105,395
158,392
259,278
345,460
156,263,381
123,315
138,232
12,249,311
20,149,210
390,402
358,377
77,453
14,73,86
85,266
104,268
349,353
139,269,317
257,302,370
68,79
93,228
188,314
292,445
152,184,361
74,297,374
51,69,271
144,325
30,290
15,179,390
213,300,337
70,384
262,398
265,464
311,414,444
82,91,213
192,222
63,309
62,98
61,101
230,298
226,349,467
46,203,403
110,300,313
342,482
270,422
319,439
214,442
93,201
181,225
148,482
29,270
40,126
179,211
400,457
167,362
213,309
113,231
193,457
159,269
33,476
192,321
390,466
68,108
481,497
256,451
116,437
212,269
46,460
90,444
37,474
66,202,487
144,246
132,468
279,280,384
206,491
28,449
128,442
140,383
231,278,408
227,243
37,465,497
53,167,238
155,235
61,79,371
79,412,425
84,136
29,353,361
224,309,391
54,114,499
47,199
72,442
204,302
326,352
229,440
113,416
116,138,285
216,241
49,425
14,165,460
23,186,361
201,415,474
59,228
144,291
219,434,485
44,71,298
46,132
30,147,500
170,230
206,495
51,95,270
4,42,168
33,34
257,444
217,228
73,355
46,386
1,129
344,350,471
190,266
418,419
144,212,325
91,343
149,273,467
3,150,290
305,444
29,187,467
96,246
273,490
82,181
191,235,254
197,402
54,219
28,72,204
30,54
204,491
258,352,444
211,325
164,440
260,427,449
155,158
286,377
328,406
383,468
390,483
211,424
128,423
279,355
212,475
121,359
35,229,302
2,251,379
52,380,427
279,430,491
18,292
424,483
101,346
47,169,416
256,398
352,385
42,62,345
43,455
48,238,402
27,106,279
60,370
69,444
17,153
168,461
292,298
365,453
72,265
244,391
97,138
354,440
43,298
9,31,92
96,206
78,500
170,317,376
39,41,331
376,477
258,336
77,302
372,480,492
198,382
33,300,328
60,191,396
191,396
64,283,328
158,190
145,453
248,281
316,486
264,432
265,273
156,320,444
403,448
75,494
110,316,338
17,298
15,398
136,271
87,116
268,454
275,370
130,492
27,217,306
148,258
149,406
178,370
191,326
284,364,469
110,450
75,270
115,385
200,280
191,236,344
20,122,308
359,483
123,335
71,188
153,268
309,323
313,374
279,382
187,204,430
35,283
19,75
326,334
269,289,432
281,466
89,138
33,335
235,470
99,308,331
40,139,174
203,443,479
181,231
405,481
17,189,268
298,490
272,314,336
235,330,370
315,335
58,472,474
305,431
144,274,379
217,334
450,495
184,364
182,312
392,452
36,398
66,440,496
72,290,436
218,314
245,358
6,475
54,132,238
279,481
62,288
390,434
379,401,472
175,413
70,436
110,272,457
46,72
110,198
84,476
242,381
415,431
6,151,167
98,372
243,329
294,466
58,78
251,305,491
118,128
107,147
177,420
130,237,293
110,437,494
184,375
175,414
54,287,336
13,32
92,356
33,42
13,470
86,141,394
51,147
6,390
387,468
26,74,161
290,341
32,215
14,432
31,175
354,400
87,221,407
49,168
293,379,463
163,310,351
51,419
255,485
312,469
39,128,423
24,292,374
68,86,245
56,60,63
63,225
245,460
160,243,476
22,79
167,240
106,431,472
295,426
149,460
339,356
154,329
25,221,285
136,202
361,435
133,219,317
3,280
97,353,464
7,100
128,371
268,464
305,338
49,371
57,227
291,359
98,233,373
330,457
280,495
117,339
319,383
171,392,461
34,462
143,177
153,482
307,434
103,316
466,476
24,425
220,268
5,133
80,253
120,323
35,165
161,297,359
215,258
173,292
32,149
67,74
185,253,324
36,170
360,474
160,427
88,283
245,340
175,176,240
11,184
182,232,269
84,185
31,428
73,231
94,412
85,274,405
228,293
195,437
156,232,433
53,135
48,259,494
196,359,412
201,221,229
25,243
51,54
121,169
49,430
123,416
31,191,436
21,46,344
79,358
190,464
46,382
335,370
66,81,488
39,104
18,152
80,441
256,450
171,301
124,364,423
84,375,396
68,164,468
99,300,489
36,420
257,324
144,401
338,497
179,338
36,159
77,197,303
77,341
148,221
389,480
72,435
32,175
289,352
82,256
211,218
295,320,426
118,263
215,496
80,136
428,464
120,237,241
142,469
264,363
45,78,479
369,411
101,167
237,274
330,478
67,250
353,355,430
44,164
109,142
226,396
3,275
44,393
316,435
155,304
44,260
71,175
302,342
160,466,479
232,453
66,164,498
81,125,267
316,427
224,229,394
128,361
53,59,104
20,196,205
234,451
17,447
65,303
205,465
71,320
440,474
137,234
12,59,473
100,203,204
52,303,442
140,203
303,326
330,404
24,330
80,305
382,385
211,302,476
333,483
200,203,417
3,44,56
276,428
269,286,388
296,470
203,224,499
278,385,454
293,360,452
443,451
83,431
387,393,399
93,192,335
149,484
189,236
174,498
331,478
120,440
218,313
41,82
52,95,264
70,191
139,163,339
23,250
175,316
179,244
57,410
389,496
118,431
36,481
14,187,262
70,72
30,33,374
178,374
20,413
364,430
144,397
268,335
165,218,472
89,366
46,364
29,178
348,381
16,38,317
232,383,442
60,491
189,240,493
247,356
85,327
323,329,463
143,343
204,394
305,358
127,311,327
66,411
4,94
211,276
109,254,412
153,331
256,463
231,448
241,329
174,330
132,369
78,126,193
207,238
109,258,331
156,238
109,219
289,428
158,330,468
163,260
19,208,462
78,234
61,201
137,202,376
285,452
130,143,174
223,258,456
71,150
93,121
152,281
67,139
383,384
242,495
88,96,175
8,84,192
17,369
125,287
122,187,207
94,275
144,231
483,484
69,75
349,384
