78,224
140,445
32,163,462
79,493
147,322
136,231
184,196,305
228,496
10,347
161,382
182,293
85,279,452
36,122
84,369
111,238
411,433
280,294,450
141,272
282,391,432
150,475
23,199,250
61,71,432
124,329
38,285,395
91,157,490
128,188
49,357
103,175,262
243,445
79,497
313,418,488
386,449
163,217
10,180,443
53,500
221,389
30,390
322,447
43,84
320,413
126,447
241,449,466
380,408
28,477
258,357,468
158,165
195,427
110,380
48,280
139,314,463
21,120,305
70,272
55,77,118
60,183,396
120,234
97,301
248,380
194,305
13,412
25,162
65,148
184,274
36,246
105,349
71,251
286,287,327
206,270
296,308
311,404
352,413
27,252,351
392,476
32,306,473
301,322
148,315
156,342
109,168
203,257
33,489
7,89
72,121,288
250,256
113,288
202,317,474
149,452
214,262
277,340
380,437
284,314
215,380,412
87,357,430
123,421
58,163,439
119,209
151,362,377
43,59
102,222,436
230,471
404,498
335,459
230,470
237,416
93,99
296,485
73,463
6,252
157,391
369,470
125,255
179,381
176,209,441
56,248
268,278
58,258,310
344,361,426
38,419,440
99,474,479
66,297
48,482
297,327
74,86
102,173
73,93,379
56,481
84,243,339
47,313,354
75,238,275
141,220,261
29,274
86,93,360
30,492
304,307
79,319,481
453,497
84,133,266
102,312
283,425
215,249
368,447,464
407,479
165,291,314
14,31
201,495,496
347,475
103,157
257,467
128,199
27,282,497
57,197
325,397
5,453
271,499
88,191,226
280,415
141,429
170,228,453
73,262,477
270,435,449
180,222
15,411
252,333,428
107,493
88,109,255
12,274
74,339
301,334
131,323,353
224,479
302,435
104,348
177,373
45,141
215,315
24,80,171
424,499
303,402,435
118,292,475
89,239,477
202,339
134,231,487
313,357,393
13,19,251
9,113,142
349,462
237,275
86,245
129,379
90,366,377
125,151,165
275,318
267,320
193,251,270
144,311
384,500
191,431
213,245
13,472
194,262,448
147,496
229,496
165,438
275,330
349,351
283,378,419
160,235,320
43,84,219
27,192,390
155,462
120,448
333,368
167,220,275
47,242
193,378
170,222
10,200
10,20,492
33,139,234
159,283
138,214,437
222,229,396
211,430,470
85,445
222,278,360
24,99
223,267,298
103,362
66,345
106,328
348,437
68,279
159,324,393
32,195
252,390
41,151,387
50,143,314
27,84,130
461,494
35,219,465
44,94
338,447
167,452
193,286,460
323,393
220,270
37,194
244,335
392,465
152,196,261
155,156
445,485
136,254,435
326,330,405
258,265
140,375
237,361,466
152,319
216,246
3,226
87,179
189,340,431
89,486
58,393,417
71,74
337,423
161,192,236
410,427
116,407,416
31,203,307
22,382,466
353,422
132,477
105,136,305
24,28,322
131,492
32,67,223
314,424
233,303
164,403
252,375
465,500
160,375
446,467
379,477
145,244
289,322,428
192,428
89,477
17,51
311,359,375
135,358,379
324,450
105,162,365
373,401
21,119
355,384
2,208
214,240,453
140,470
254,332
50,82,404
139,362
90,486
418,451
63,273
378,400
116,155
186,298,478
33,290
155,439
129,151
333,403
238,322,492
72,167,405
192,249,302
81,229
142,210
112,149,335
118,269
292,441
239,288
363,473
169,286,343
399,423,495
248,377,444
323,392
74,149
124,469
11,484
31,65,188
212,229
1,47,321
18,294
107,270,436
185,388
377,400
135,424,445
128,334
124,210
178,381,389
149,384
163,208,453
89,366
103,191
305,408
96,411,456
75,344,352
218,320
233,495
18,274
194,449
175,435
149,420
144,165
121,206
59,77
194,257
90,155
365,482
330,426
118,292
406,429
12,292
209,268
47,129
165,190
386,451
330,348
139,357
242,368
55,203,309
417,458
64,289
355,436
69,395
221,321,334
78,202,406
46,432
72,135
339,365,489
134,217
78,351,495
21,295
147,263,289
83,108,428
2,331,347
113,311
257,446
38,72
239,369
381,386,499
259,464
176,234,400
80,312
230,261
244,454
227,466
80,399
14,258,270
59,240
337,377
388,500
201,266,457
35,83
178,258
16,226,296
17,306
68,339
37,326
18,372
83,394
140,318
229,288
176,360
98,448
370,442
135,302
57,198
175,204,237
225,240
16,44
172,315
109,339,366
135,441
22,69
58,90
1,449
116,199
83,199,410
92,203
96,265
141,278
206,486
2,48
260,359
47,182,466
154,227
149,267
27,176
169,274
4,152,396
34,476
66,196
13,192,392
278,317
60,142
97,368
30,442
255,368,430
252,390
63,343
6,21
34,133,381
152,165,455
257,435
186,300
72,198,267
41,486
169,210
99,250,291
392,409
8,9,384
404,430
95,381
388,431
13,120,489
383,391
37,476
78,232
91,204,318
159,386,496
68,294
438,458
148,241,344
296,439
39,301
474,479,486
392,458
198,245
38,65,457
7,43
403,444
77,116
33,203,302
2,306
21,105,325
236,441
154,330
91,261,480
65,286
109,329
68,138
233,490,499
289,315
210,343
149,167
17,304
257,302
259,385
305,440
265,383
64,205
329,491
63,265,399
108,118
129,207,223
300,445
289,317
31,230,274
198,313
180,241
454,460
216,334
229,333
17,252,285
168,429
51,232
256,458
116,270
195,491
138,140,145
246,466
6,264
305,409
10,246,402
211,327
87,323
160,234,398
182,203,283
25,199
54,442
77,139,244
92,137,223
95,468
52,394
185,415
1,134,301
411,473
4,102,494
108,475
278,482
65,143
84,304,371
16,296
84,160,369
25,94
27,346,481
63,194,488
132,393
107,277,431
11,445
39,165,249
333,348,444
46,402
155,477
202,315
89,418
31,256
124,195,317
151,181,485
37,68,128
396,434
451,498
34,126
70,334
70,373
49,375,441
216,227
247,457
168,212,495
52,87,165
24,292
10,356
39,182,286
82,143
148,368,413
271,289
134,495
371,459
169,188,198
225,466
210,486
239,250,406
97,345
64,232
371,435,468
234,412,470
227,238
201,481
244,389
311,360
104,232
16,300
184,199,410
4,228,421
6,473
32,131
61,203,328
120,227,447
279,375,438
122,313
204,247
43,339
277,301
100,233,401
187,424
102,172
138,160,364
7,436,498
230,346
170,385,472
51,70,318
40,106
110,398,465
125,434
374,470
378,452
50,260
29,66,113
315,344,490
373,450
67,78,107
2,494
252,364,485
163,298
283,400
194,478
163,358,476
107,388
251,283,448
112,449
203,303
38,410
103,223
78,191,208
68,99,160
107,442,468
350,487
123,245
127,239,445
160,162
148,426
145,207,312
214,427
111,274
88,147,190
225,371
1,493
345,351
9,66
240,322,409
125,364,491
23,61
112,199
28,208
317,325
260,268,281
204,294
221,340
366,421
270,454
1,38
54,201
429,472,473
121,464
80,128,222
88,119,397
14,319,370
34,102
28,340,351
234,348
125,308
175,399
35,291,424
374,404
238,464
1,174
295,479
219,390
150,164
43,272
220,249,350
58,133,145
103,175
12,237
239,270
76,387,394
135,160,424
30,102,464
137,223,410
276,401,443
230,493
228,277
192,322
217,386
1,329,459
21,407,495
31,326
212,253
6,348
294,411,496
69,220,472
170,401
177,253
136,217,309
206,291,461
260,336
224,421,486
252,254
4,40
50,379
25,474
42,176
374,390,427
90,435
83,481
76,98,242
71,194,303
202,381,479
194,474
211,232
201,449
414,435
216,364,424
102,338
410,471
255,310,404
45,348
33,55
221,312
89,232,380
87,465
41,276
219,409
227,267
288,438
31,128,149
217,227
238,397
4,436
202,458
121,127
125,491
132,166
187,349
222,344,495
132,280,331
122,366
282,361
398,449
173,345
446,466
51,214
219,419,439
222,413
27,456
188,466
53,249
284,394,491
17,68,480
199,278,349
264,457
472,496
73,483
343,489
64,178
86,397
253,349,449
159,416,446
313,416
240,278,331
96,391,492
113,191,423
261,369,483
348,355,481
211,287,434
275,283
80,241
50,234
99,269
256,326
114,144
10,259
36,225
304,363
40,96
169,400
126,287
21,451
224,439
32,154,173
20,163
303,321
29,265
50,163
8,55
297,469
486,499
76,395
95,270
135,390,409
408,422
69,98
188,242,484
146,260
79,229,495
88,407,416
252,289
224,269,291
169,295
293,444,453
299,375
204,455,470
28,444
103,105,122
32,210,244
9,499
112,339
451,457
201,246,478
70,453
264,411
112,458
110,426
125,155,284
153,163
172,389,473
178,362
312,437,443
337,412,479
59,154
41,165,171
41,49,265
120,237
411,499
32,133
220,261,301
36,460
323,487
7,282
127,394,423
33,369
241,355
105,220,480
249,371
224,317
56,324
159,162
263,453
128,348
50,381
35,255,424
43,126
55,455,500
34,260,409
155,397
10,40
61,199,433
219,479
386,391
31,65
87,146,500
144,393
346,453
153,160
170,281,470
82,321
5,60,334
55,441
246,277,448
12,303,357
71,194
226,434
190,499
279,350,381
239,398
13,243,494
284,385
51,230
29,132
86,221,338
281,404
8,132
69,179
250,351
21,115,120
183,492
61,92,425
471,499
94,99,344
12,280
147,275
298,320
19,448
186,400
99,209,469
9,47
27,177
75,222
279,489
267,402
128,481
111,235,482
197,252
23,28
317,479
99,258
37,202
100,333,428
73,363
185,350
41,299
454,468
198,316,446
204,327
98,257,431
91,421
126,138,243
70,438
292,443
183,495
426,445
231,343
73,265
44,63,429
178,194
6,70,450
286,290,452
112,129
433,459
243,394
10,363
34,422
42,256
122,396
242,309
51,237
92,260
121,260,478
54,187,401
52,151,458
330,443
41,141
288,494
78,379
406,412
280,306
388,450
174,302
92,193
88,416,419
200,435
130,288
69,383
334,461
279,318
363,450
317,386
157,188,458
222,271
196,246
332,467
21,410
64,83,370
95,245
45,428
193,416
131,333
325,437
224,498
41,341
262,338
44,104
202,331
20,170,183
129,428
189,262,474
236,422
6,248
20,172
317,455
122,435,448
39,162
138,392,491
113,170
52,122,452
138,206
361,439
181,183,398
211,276,479
220,235,350
75,101,482
79,389
378,424
19,77,298
200,448
376,493
196,489
262,365
60,172
367,442
297,445
138,244
215,404
44,51
57,393
64,277,428
251,322
225,389
195,475
271,272,277
37,114,476
170,190,431
29,72,203
300,330,362
211,372,445
162,343,395
282,427
76,347
78,190,349
9,156
45,165
76,149,290
244,474
334,422
195,375
100,371
461,494
9,254,256
71,309
102,145,263
305,476
451,452
200,361,400
99,439
90,440
189,321
60,436
46,143,434
225,351
202,206,329
234,431
153,381,412
334,361
384,391
144,462
180,325
62,106,225
112,177
264,433
75,171
37,138,324
84,163,427
133,377
349,489
236,343
377,468
122,386
304,366
281,304,384
142,167
285,448
22,56,270
67,500
366,457
67,335
134,293,405
250,394
52,431
16,381,441
27,180,271
192,263,411
73,385,411
113,488
320,344
421,494
91,260
397,480
6,443
83,148,294
22,384
19,426
5,198
75,371
96,152,163
16,406
75,414
55,139
118,420
205,225
47,103
40,121,442
42,126,267
94,98,196
451,466
69,332,419
70,180
78,436,487
8,65
144,458,474
260,476
27,209
87,110
122,382
6,247,450
319,355
123,188
231,283
157,233
16,247
195,322
28,57,500
356,382,457
64,173
220,328,471
86,336
207,433
64,137
238,321
30,39,318
48,193
126,151,287
241,339
143,354,369
38,258,296
340,370,444
146,470
114,336
207,306,428
295,356,358
164,183,277
168,422
149,249,254
56,458
162,270
87,366,445
67,266
145,331
116,149
56,83
46,330
144,364
165,477
207,397
21,94
231,397
98,386
287,372
56,123
273,324
179,446
103,211
38,152
19,63,134
42,269,359
325,392,476
61,246
320,442
111,451
64,283
171,433,466
200,265
208,358
33,233,242
154,297,372
5,147,380
136,171,382
223,303
135,500
198,219
224,280
179,305
333,402
200,440
159,173,264
32,67,492
298,487
38,188,197
127,320
134,451
177,433
312,393
263,463
242,339,456
114,126
90,341
338,362
65,267
314,441
49,179,300
183,228,490
158,212
226,444
186,406
242,254
67,483
168,241,253
261,451
55,181
342,441
2,198
137,207
138,311,374
137,207
51,252,273
157,259
157,428
327,347,481
117,235,487
154,337,417
323,407
241,253
12,491
6,114,178
85,100,335
54,443
201,472
397,425
112,193,250
34,181
377,434
403,410
150,446,486
91,294,348
141,371,380
276,468
144,394
220,257
40,385
212,294
108,426
200,231,402
473,499
153,158,445
427,469
240,408
236,325
316,408
2,215
51,225
49,340
161,404
82,206,465
181,479
129,199
87,153,357
77,434
115,162
179,364
245,313
198,493
216,218,237
419,460
112,348
93,94
25,283,471
116,381
23,90,462
41,124
78,415,440
227,433
122,149
172,248,497
114,336
219,413,467
24,189,444
409,477
29,190
17,368,421
85,454,485
136,159,451
69,233
36,142,446
68,89,146
251,299,493
99,441
18,470
177,261
103,128,267
225,241,365
431,447
197,480
88,295
139,377,479
263,424
86,266
50,139,375
53,118
76,352
330,400
150,179
7,458
9,188,484
105,227
296,388
267,295,354
15,327
56,168,373
228,229
97,446
65,72
140,334
17,114
23,43
103,117,410
114,160
42,465
103,494
339,375
38,83
92,159
80,106,331
86,253,333
304,352
33,214
340,473
202,308
286,340,407
168,185,463
256,270
81,167,448
100,481
3,69,166
40,161
146,195
20,83,104
324,443
360,465
66,231
130,422,492
141,271,487
239,377
449,488
270,489
91,185
37,480
22,246
274,295
271,493
166,367,482
105,324
120,440
83,254
295,356
211,362,404
212,486
5,51,307
109,306,445
242,244,413
317,412
146,316
128,247
322,458
146,360
341,474
75,450
99,375
82,127,132
244,429
188,397
246,361
487,493
395,498
148,342
5,294,390
257,416
72,188
146,186
124,188
319,436
101,444
70,481
154,269
131,373
17,70
113,493
249,390,482
159,288,335
191,333,431
42,270,493
167,299,452
77,139
138,330,463
256,393
147,420,484
79,497
13,350
196,231
57,333
58,463
203,254
157,421,438
199,378
93,365
319,385
65,89
156,431
221,304
19,277
22,329
71,405
198,335
216,476
194,214
135,165
12,27,402
258,422
297,466
271,415
113,313
81,180
16,334,350
301,332
324,385
92,287
16,292
187,353,371
293,395
35,132
130,421
134,188,264
8,113
49,271
76,418
341,423
147,379
51,334
226,419,500
137,405
314,495
217,498
135,156,477
277,447
28,342
449,466
166,495
68,125
54,370
194,458
283,487
318,408
205,304
237,259
129,223,398
44,331
111,290,305
78,257
3,34,41
249,291,485
34,204,328
158,398
105,449
220,338
199,395
31,251,498
183,289
57,300,399
146,366
358,463
118,160,404
102,396
15,486
413,436
242,378
108,126,133
32,377
147,161,348
111,113
4,398
226,337
75,91,173
111,140
463,470
115,314
19,470
109,150,317
444,497
9,67,89
194,218
155,491
317,376,424
78,388
126,345
191,406,500
6,138,417
1,274,403
170,228
248,298,443
67,442
160,226
340,484
115,119
251,256,264
17,80
75,127
274,446
209,244
307,405
16,165,276
23,49
146,406
363,447
121,485
51,127,239
145,318
22,134,343
199,267,279
28,225
351,352
128,262
196,288,452
232,273
177,262,448
105,476
63,453
96,248
167,218
209,398
220,283,478
161,192
14,442
186,314,491
41,487
46,179
137,286,466
354,425,487
430,486
128,468
239,439
131,424
105,223
330,437
266,404
219,288
22,218,474
174,262,460
382,443
180,345
276,341
390,472
427,459
211,215
75,102
43,95
92,182
118,124
46,151,219
136,423
164,388,389
134,265
19,156
86,141
324,376,393
161,190
220,384
96,368
186,478
61,325,335
233,472
89,317
92,223,309
25,92
140,386
71,231
82,165,211
198,484
20,91
270,407,449
237,331,473
79,105
22,147,410
71,476
12,47
162,305
106,397,479
22,496
22,115,130
318,402
98,151,353
176,375
30,157,263
130,410
82,145
90,462
1,220
77,377
92,159
225,401,443
157,389
9,175,395
202,448
100,247,444
110,179,500
9,196
113,142,299
328,332
375,389
4,201,461
90,243
148,412
86,189
352,482
111,149,313
158,216
103,214
137,493
347,403
70,375
50,429
301,418
329,491
105,180
140,357,438
197,417,494
180,195,461
5,148,156
7,496
262,443
166,429
329,486
404,456
221,350
12,271
63,230,288
100,401
25,152
105,243
128,288
99,105,352
330,478
314,342
281,324
7,421,482
128,184,203
135,406
225,228
53,445
206,364,445
423,467
87,330,438
85,279
162,176,190
305,483
294,339
391,453
335,397
399,410
229,359
90,143,439
239,359
42,165,224
1,419,485
66,69
44,54,383
214,480
189,275
57,153
218,286,382
173,265
276,500
7,428
219,469
86,491
309,318
42,160
125,191
254,459
19,24,290
181,226,468
77,212,481
30,154,264
129,234
97,147
189,294
171,243
211,486
303,448
182,264,457
77,291
77,468
164,220,328
229,255
277,370
382,383
131,482
102,193
147,157,193
8,114
93,121,354
169,301
19,251,316
152,257
41,85,400
1,435,451
37,158
17,204,268
322,417
33,234
185,363,443
235,294,301
140,366
108,164
199,273,386
145,178
116,471
346,492
201,229
4,348
28,329
11,416
273,435
4,101
74,137,320
197,231,433
248,359
190,215
69,214,246
199,466
231,402
37,434
369,445
141,334
25,134
111,365
129,264,487
184,405
387,469
232,415
128,405
40,497
452,471
253,390,398
131,148,277
77,139
55,404
240,344
94,356,425
158,392
28,338
320,438
256,449
100,248
49,243,329
351,379
209,366
163,237
279,381
179,237
308,318,389
89,156,160
292,392
213,424
225,273
274,373
64,298,349
231,356
31,36
36,267
140,438
167,200
164,363
87,427
317,453
144,265
171,359,384
198,285
245,330
180,482,490
158,179
22,132
194,262
127,150,392
41,127
36,207,314
88,328
292,397,401
108,157,490
120,277
17,229
391,490
235,288,433
113,242
52,230
53,269
78,352
167,261,449
79,102,135
19,356
138,249
113,274,381
87,363
282,322
40,221
125,478
24,140,149
13,115,200
6,192
20,361
31,267
105,407
71,328
207,218
71,282
180,218,351
1,86
198,456
90,130
123,198,410
66,98,376
158,491
250,439
200,285
152,343,402
11,29
380,480
197,284
159,198,199
169,256
215,278
161,214
86,480,489
2,87
69,246,288
24,275
171,254,427
11,16
433,463
297,481
39,117
88,483
44,416,436
319,344
78,161
147,192,440
187,482
95,286,302
299,469
287,478
221,389,437
305,474
50,127,486
132,400
192,338
128,174,286
159,303
212,496
149,285,452
319,330
101,253,353
7,358
58,362
145,150,376
89,209,363
137,311
303,471
118,427
8,431
379,408,436
107,420
31,134,410
262,299
11,98,346
306,352,441
184,283,460
98,299
29,103,305
139,329
136,358
93,206
152,414
239,336
97,261
6,338
257,460
249,375
43,103
100,335
201,348
349,368
61,451
104,287
106,267
299,354,440
35,42,125
35,162,291
83,122
233,289,348
230,378
115,327
191,339
46,291,441
190,456
137,246,470
189,447
238,315
50,372,485
132,163
266,317,470
168,445
47,379
29,352
58,306
78,359
68,160,475
181,258,409
148,289
295,379
90,144,458
431,481
57,384,399
188,218
103,251
230,275
97,466
39,354,356
164,252
71,149,419
54,213,367
166,197
35,276,465
320,470,496
305,415,422
273,421
83,402
114,420
118,331
34,374
331,380
259,323
231,464
150,262
65,362
107,161,282
143,178,438
187,271
175,347
138,154
66,328
224,291
24,325
144,187,485
4,56,379
6,411,444
73,263,346
30,380,492
23,191,212
35,205
291,314,340
200,401
139,394,469
163,387
106,414
313,414
244,269
439,500
248,277
298,345
73,228
281,349
53,336
445,475
126,154
348,491
130,288
124,201,465
112,418
34,121,357
108,314
24,379
14,206
137,471
66,293,384
233,351,352
341,379
150,420
47,98,433
350,458
68,451
232,289
11,71,171
33,162
28,204
13,30,306
71,431
54,476
291,424
112,203
101,389
59,288
324,475
83,409
86,97,261
46,146,362
133,320
235,366,423
290,460
27,317,387
70,275,492
226,409
5,304,367
13,320
147,277,447
28,131
385,390
347,363
222,371
213,312
346,489,500
204,482
95,108
169,212
81,128
347,363
163,210,424
58,329
214,397
408,499
178,375
108,291,380
352,497
24,295
61,87
212,370
21,367,464
123,279
54,396
84,137
26,87,476
32,110,155
198,457
225,421
57,171
274,369
109,221
14,499
310,331
278,437
44,242
220,354,419
316,322,463
267,407,425
172,456
91,419
122,350
102,451
312,373
19,186,433
188,193,196
176,279
323,447,475
7,185
216,276
6,453
125,374,462
105,227,402
222,259
168,284,290
156,457
94,185
101,173
321,425
260,454
11,41
300,412
396,439,468
70,104,428
240,301
54,170,250
78,404
119,433
13,166,294
25,188
237,416
130,376,382
1,197
147,156
27,428
44,431
238,263
84,202,430
284,421
364,409
37,303
70,289,481
211,298
161,307
432,479
137,433
286,384
110,145
55,168,178
308,394
183,228
27,456
337,474
257,472
19,356
63,112
5,243
142,270,271
184,385
117,207
64,428
104,156
60,221,363
410,480
131,459
104,132
224,272,447
103,174
152,486
204,205
4,370
125,186
234,322
249,367
194,311,375
289,327,408
159,410
341,407
139,163,210
232,401
25,28
3,462
33,284
209,244
170,426
116,235
200,236,293
61,343
9,353
386,474
152,167
178,191,422
124,158
236,258,416
38,195,228
44,439
40,49
74,285,421
111,197
195,374,398
51,428
68,264
212,263
160,252
102,259,273
67,271
385,463
236,451
228,353
341,362
237,370
157,398
72,496
97,130,169
9,71,382
68,470
32,53
159,220,457
96,101,389
134,419
230,395
113,120
42,364
172,415
164,404
34,311
215,247,313
376,404
213,321,384
312,327,351
9,335,402
37,87,497
263,347,379
18,154
8,309,492
151,350
73,102,459
14,447
186,219
239,344
56,271,365
3,272
183,190,347
42,380
225,333,401
47,187,254
96,132,349
218,432
73,203,307
68,463,469
98,196,448
28,247,383
42,77,270
393,448
135,422
328,453
109,417
102,213
82,209
279,311,423
27,165
163,219,375
406,409
37,474
186,364
259,442
37,292
93,105,190
110,183
186,195
177,292,434
323,413,436
220,227,302
19,147
66,71,493
78,230,408
190,290
183,374,398
34,172,302
178,310,414
283,333
296,405
279,408,438
91,391,461
14,370
118,418
6,221
3,72
404,405
50,178
64,204
24,66,373
91,158
221,437
100,334
124,400
20,363,444
208,314
140,424
230,303
129,167,489
87,128
268,436
28,363
2,34,172
212,408,462
219,287,376
112,214
47,177,405
17,383
208,499
30,56
110,154,445
155,235
196,214
340,396
69,419
76,425
212,219
293,488
141,373
140,434
191,254
266,406
197,264
43,185,224
145,258,341
448,449
8,354
481,485
236,449
133,151,459
257,436
235,242
169,493
70,93,494
51,348,361
294,340,458
140,304,414
119,311
389,431,497
335,405,449
30,340,415
156,414
274,302
264,444
135,478
286,302
1,236,395
281,383
38,125
33,491
145,201
2,373
120,262
31,194,343
264,315
26,362
119,136
314,387,412
173,272,353
87,341,475
104,110
23,390
10,499
286,440
19,46
169,376
96,225
132,334,442
78,399
18,102,166
184,236
143,364
200,286,295
242,287
345,380
50,100
154,422
17,215,221
142,480
77,192
18,206
216,424
43,287,404
2,161
134,251
11,316
64,424
30,100
250,389
15,379
149,184
40,368
257,402
404,430
33,45,146
40,164,338
19,301
55,448
123,350
168,330
134,290
218,400
310,432
58,480
279,407
130,328,427
65,277
179,485
55,297,375
479,500
117,433
196,309
272,273
55,218,390
367,418
131,361,391
392,455
339,375
77,98
19,326,452
116,214
52,426,459
242,410
200,235
250,346,487
182,418
153,395,405
164,495
12,432
57,227,415
180,204
349,443
204,333
239,337,479
17,287
13,459
257,395
78,426
23,287
40,208
225,370,429
47,196,251
61,398
351,396
30,444
52,243,454
25,149
109,140
344,450
326,407
221,456
324,342
122,225
434,455
143,297,377
152,158
234,456
241,256
15,127,179
26,156
267,457
338,347
238,295
68,143
209,291
256,302
138,330
237,251
132,237,334
146,341,412
63,149,257
60,80,483
154,271,318
154,470
54,493
88,137
75,168,196
105,284
100,425
5,442
114,160
90,314
135,222,383
109,336
189,333
55,112,173
206,455
171,246
385,388
68,140,478
241,249
89,160
289,427
5,298,388
61,332
378,471
18,240
168,171,485
312,434,447
41,279
145,441
83,408
341,376,392
117,324,448
59,420
171,329,422
5,245
49,118,179
290,466
194,405
50,226
91,326,346
1,66
295,332
66,320
267,332
209,485
78,79
24,252,280
108,237
72,113,254
192,215,327
157,294
8,217
102,164
200,466
47,264
15,37,119
165,176
3,244,478
223,332,480
40,49,444
265,404,420
29,174,400
18,179,478
68,208,435
28,106,213
195,330
17,141,238
83,162
136,325
262,418
359,431
204,290
148,344
84,232,249
18,445
55,68
78,442
188,332
16,52,377
183,318
160,202,308
187,497
125,239
107,192,345
266,306
129,332
362,451,488
74,397,405
143,244
165,284,441
115,350,416
126,376
93,492
221,312
92,125
207,335
218,332,440
104,478
203,227
254,482
110,479
220,328,480
284,339
224,424
162,303,382
46,385
39,186,442
231,410,449
165,272
2,192
56,363
221,266
228,315
3,279
193,242
329,485
199,352,377
405,442
360,470
240,370
247,431
176,376
169,466
237,351,412
136,162
325,354
111,301
302,423
78,379
339,453
5,440
136,267,410
353,371
25,189,248
234,317
129,257
54,413
208,215
1,97,112
226,239
11,222
15,311
244,297
241,327
102,211
110,258,387
284,470
164,170,240
144,156,392
84,395
45,56,422
84,127
96,222,333
243,297,400
137,227
206,228
42,276,412
139,365
157,248
263,496
290,414
27,421
28,164,468
63,202,341
196,397,460
12,55,500
275,319
124,400
43,470
213,481
1,217
12,378
181,336
47,285
110,392,470
432,441,469
57,193
285,457
386,474
106,240
30,120
48,315
107,240
198,236
273,496
44,81,324
209,449
398,457
75,377
295,484,487
245,303
7,229
87,320
5,280
49,381
78,89,467
323,357
102,291
278,443
188,216
33,394
383,392
210,255
9,57
188,193,316
323,477
92,231
200,268
169,467
271,417
189,298,490
181,423
4,253,403
56,365
84,265
8,49
357,404
202,396
67,347
151,417
265,291,342
205,252
374,416
92,332
185,436
461,496
215,354
27,104
58,255,474
63,192
306,339,400
12,27
126,141
7,107,361
49,367
124,421
76,149,299
135,143
22,283,493
319,392
119,220,382
320,357,393
270,432
11,137
369,476
299,417
252,348
106,408
265,330,438
32,422
253,472
2,247,396
171,188,407
22,291
2,213
111,196,200
114,129
308,443
349,482
164,426
74,399
256,282
68,276,279
171,459
28,268
1,18
49,424
72,435
88,487
172,275
61,194,236
146,311
386,467
180,494
385,400
91,453
348,441
39,173
229,241,388
144,361
171,346
436,471
215,494,499
14,272
42,470
67,78
35,160,208
19,97,198
158,209,248
11,175
95,128,227
67,80,492
285,288
29,375
63,212
98,130,214
47,256
75,408
152,484
20,171,337
230,245,399
153,468
293,467
229,331,461
23,151,329
348,496
192,215
186,404,422
181,428
225,442
353,481
213,294
274,313,358
223,334,418
62,443
286,343,399
153,193
187,333
211,372
374,420
8,39
197,416
205,273
83,149
280,399
43,128,399
295,399,471
19,378
150,291,314
179,423
91,106,263
359,394,406
83,407
224,404
419,452,471
212,286
69,246
121,209
366,382
262,316
222,247,278
245,331
139,375,393
166,312
26,272,417
122,227,466
120,180
211,493
69,137
224,292,395
103,167
55,374,465
424,434
236,309
43,82,266
96,499
3,110
58,404
121,191,374
52,233,313
69,167
75,187
70,207
210,291,376
199,301
182,307,331
184,227,267
232,346
236,440
17,70,370
211,377,434
197,270,301
190,205
150,354,434
54,116
195,428
42,143,465
165,465,470
135,435
232,383
143,216
92,169,499
367,411
230,254
63,107,170
151,320
131,293
122,251
17,73,331
45,385
119,162
183,189,190
63,484
34,247,483
339,451
44,52
316,448
77,145
7,208,492
370,444
125,181
268,425
136,259,478
50,165,470
43,68,486
63,193,384
14,352
279,430,434
116,288,466
144,193,257
102,411,473
183,390
230,358,466
287,469
5,324
443,490
261,440
214,397
194,242,399
90,110
69,86,397
98,302,343
390,406
258,445
177,399,451
173,224,442
67,206
204,348,494
35,117
347,464
261,463
196,368
8,30
100,429
419,487,489
85,415
260,479
24,40
255,344,392
187,277,326
73,321
146,299
180,403
94,182,459
58,386,469
37,144
468,479
1,11,332
24,42
306,374
209,224
305,326
28,496
147,348
215,247
94,221,280
95,235,426
173,317
95,264,487
379,444
