7,122
36,184
13,23,103
58,154,187
107,141,174
93,159
10,115
74,199
172,176
62,86
81,127
88,152
15,24,96
50,178
45,76
35,63,88
3,68,155
1,91,131
71,126
138,184
124,144,157
17,25,164
21,72,125
67,72
2,122
65,142
55,74,198
12,111,149
16,165
73,90,169
101,175
123,137,150
17,103
128,138
30,149
3,21,70
64,156
36,187
1,172
169,182
18,199
51,63,137
188,200
18,90
16,26
93,152,153
67,141
33,168,195
48,80,181
28,146
63,66
50,115
109,167
131,192
14,197
59,185
162,171,200
148,170
115,133
24,116
153,158,167
1,34,83
3,88,188
102,121
78,161
66,87
139,191,193
15,117
5,37,49
15,162,181
151,166,176
10,116,129
58,108
51,104
33,106
13,163
141,170
44,170
66,112,197
1,77
31,125
53,134
101,112
62,92,130
36,88,130
27,83,84
86,158
12,23,48
73,93,196
96,117,128
14,15,116
79,196,198
12,149
169,182
58,60
26,51
122,159
80,200
83,123
60,161
1,38
36,62
59,192
45,92,107
40,60
94,95
84,175
67,111,137
79,186
149,166
80,146
48,128
68,173
56,156,188
139,156
24,120
14,25
112,119
169,200
58,124
7,127,195
91,178
80,149,193
3,21,195
14,39,164
7,67
26,34,161
24,96,102
91,156
3,110
6,123
36,165
61,142,187
59,99
87,133
62,191
66,83
95,158
48,200
94,188,192
181,187
35,41,127
49,72
101,147
46,163
12,149
88,103
149,156
124,129
83,89
69,173
84,110
2,7
135,155
77,84
74,88
192,198
10,18
47,59,93
169,191
83,187
83,96,183
55,130,185
43,122
96,100
77,131
156,169
7,11,34
104,146
137,143
11,145
34,192
68,82
47,58
177,193
112,156
10,138
70,113
30,179,191
24,30
111,175
21,193
31,45,182
95,127
36,181
39,126
85,158,196
2,30
135,192
100,135
89,150
120,148
59,186
32,126
9,112,143
31,71
9,147
73,190
34,127
49,98
75,131
192,195
52,186
12,89
37,106,177
39,134
137,147
54,105,178
25,169,178
16,17
73,116,182
115,118
77,132,186
71,160
78,163
147,149,158
60,177
72,92
17,33
22,70
71,159,161
17,18,59
93,122,158
34,92
6,145,151
119,155,161
15,119
90,116
98,141,154
138,155
12,32,100
20,145,155
10,37
54,60
42,47,147
124,182
68,103,145
17,191
127,188
16,100,197
38,126
6,9,13
107,157
92,125,145
153,196
27,133
117,187
31,45
34,47
73,132
51,74
130,200
53,56,121
44,71
60,193
39,67
53,102,174
115,136,159
105,135
4,105
10,71
82,145,192
16,20,67
28,198
48,156
67,145
7,128
54,62,71
1,94
7,138
43,193
58,84
15,110
79,160
110,166
52,141
35,127
12,128
18,198
22,41
34,41,197
68,146
84,190
30,61
140,190
35,107
69,168
90,175
76,153
99,112
66,143
4,179,187
158,181
59,90
77,93
66,87,120
39,122,158
27,109
92,135,167
38,58,132
87,129,141
145,190,197
3,26
8,110
99,133
73,77
30,139,150
63,113,195
124,126
9,44,165
112,121,175
54,116
37,47
32,126,172
28,148
4,30,179
123,130,131
66,90,120
54,172,185
28,151
149,179
62,111
78,144,181
195,198
87,97,118
9,31,144
61,198,199
144,197
54,116
20,88,155
31,57
3,55,161
23,48,61
189,191
47,117
23,158,173
89,116,198
14,54
46,95
51,190
51,161
36,105,149
11,118,194
65,96
44,68,168
28,68
116,199
142,153
40,129,179
1,133
15,156
152,182
35,131
71,143
30,102
26,94
13,96
165,188
101,131
19,32
84,111
138,183
87,98
140,187,188
138,167,193
105,135
99,103
170,197
68,160
137,190
13,196
26,168
97,149,164
47,48,174
38,71,115
2,148
7,19
34,146
41,53
40,190,200
28,46,149
21,47
21,37,85
142,155
110,151
136,197
149,184,186
140,182
54,131
29,75
42,75,145
87,99
83,199
17,52
132,134
19,188
87,129
11,34,198
100,179,197
86,109
11,82
92,94
44,97,160
79,112
70,124,156
182,183
29,108
36,91
131,180,184
116,141
42,148,149
14,196
37,41
38,186
3,155,177
79,94,109
45,56,147
158,193
37,142
81,160
53,151,162
21,67,101
33,35
169,182
85,92
151,175
106,155
78,144
28,84,166
37,104
84,149,171
76,100
57,85
1,102
11,21,100
41,159
34,54
70,103
70,147
171,187
22,83
81,114
15,36,149
78,86,149
142,164,176
152,183
12,72
99,139,186
144,173
3,17,113
113,118
43,144
78,191
4,34
43,89
5,30
22,37,63
23,73,93
71,157,186
47,117,146
74,107
66,173
4,200
77,144,188
23,32,146
22,80
116,133
52,135
119,172,193
2,185
106,107
160,182
164,173
4,176
105,148,167
90,164,194
19,56,166
146,176
96,150
14,171
112,148,189
141,199
42,63,134
56,100
90,133
59,196
21,195
19,178
37,195
111,139
53,140,189
5,138
91,155
8,107,109
23,176
155,184
63,141
19,71,185
8,176
51,163
9,39,71
44,81
66,116
44,170,173
151,163
2,25,66
1,50,51
130,149,174
47,57
2,43
84,110,200
74,128
11,200
115,122
67,75,184
61,70
114,126,148
99,148
5,21,184
118,120
20,79
46,98,99
32,102
21,192
67,195
29,60,107
14,71,133
118,149
42,140
13,65,90
31,65
143,196
142,152
57,184
47,107
16,52
46,71,178
39,169,196
126,135
62,155
112,126
77,132,170
118,127
117,142
82,167
35,68
148,169
166,200
71,79
171,182
107,113
166,167
119,136
73,183
117,130
165,181
14,93,186
78,88
26,138,182
1,138
34,94
102,123
59,93
24,51
49,105
71,87,136
9,92
20,167,184
80,157
176,188
17,123
35,75
133,176
3,36,171
77,133,148
9,39
72,102
4,79
14,55
25,128
63,147,195
16,26
5,104,138
51,139
90,130
102,133
26,161
39,91,99
23,101
40,100
58,196,199
156,166
20,55
126,133
87,156,164
61,176
65,99,160
8,37,67
66,193
67,106
85,94,177
51,79
10,60,66
8,127,138
114,183,184
19,178
122,175
195,198
91,104,108
18,82
127,140,170
58,81
68,70
48,124,138
14,118,148
12,122
8,23
61,91
92,104,105
2,87
31,164
58,129
17,134
41,173
143,165
124,143
14,47,62
74,88
127,195
85,135
29,77
61,158
4,128
56,183
36,185
100,144
48,143
60,170
8,100
26,161
48,167
100,199
135,151
37,164,197
19,135
87,191
2,99
106,195
91,99,135
20,21
74,101,155
98,143
14,118
15,111
115,166,167
104,182,190
9,29,62
127,147,168
59,178,186
43,123,139
77,197
37,112
125,137,177
23,162,164
115,166,172
40,93
111,122
15,86,102
124,154,167
120,131
37,80
16,185
60,152
133,167
65,196
118,135
25,125
59,143,185
71,106
5,160
127,134,192
78,142
40,120
127,168,191
5,75
109,136
126,188
32,188
13,164
119,199
25,192
13,60,144
78,164,198
121,181
51,198
143,163
68,168
5,42
58,94
96,165
99,144,199
189,193
1,44,88
2,83,94
173,175
24,106
47,87,96
20,55
28,86
5,58
162,166
9,41
10,14,97
12,111
25,51,117
110,180
66,98
23,96,100
56,175
9,77,186
43,96
88,166
25,77,143
133,164
46,64
39,48
46,161,176
54,116,148
51,94,125
99,148
61,80,86
19,52
114,124
153,179
55,183
68,124
36,140
170,181
61,114
14,102
108,162
20,63,82
71,129,178
83,181
79,135
58,83,163
68,147,167
52,88,157
54,65,114
155,168
28,76
58,114
78,151
16,77,115
138,142,172
37,96
67,131
89,188
105,112
103,156
59,170
9,108
63,69,76
2,90
37,54
26,47
12,32
67,127,129
43,116
44,162
22,88,114
16,76
31,39
17,135,175
30,51,189
107,148,179
22,67
132,152
24,121
33,49,167
1,38,148
47,187
16,125
58,87
131,167
97,114
11,94
170,195
87,178
23,192
56,151
13,196
117,137
42,113,131
8,20
90,185
29,118
9,81
10,81,159
142,193
71,152
55,147,161
117,163
74,123
39,126
38,73,178
18,29,112
107,133
16,101
6,104
16,50,138
38,71
130,193,200
58,152
92,138
61,157,161
97,118,186
29,135
157,160
67,85
97,182
98,184
155,168
85,113
42,63,134
126,170,194
58,170
43,79,136
50,141,183
116,151
2,86,122
95,154
64,84
114,179
170,185
91,140,142
24,82
2,137
50,141
35,141
120,197
46,109,183
81,162
14,18,54
10,76,164
31,33
12,138,197
98,133
32,42,154
176,190,197
115,171
28,53
14,65,144
58,87,170
6,37
3,184
21,138,192
165,192
84,193
50,81,99
68,109
92,131,135
33,53,62
15,57
37,92
62,65,110
66,172
37,139,189
111,126
50,166,199
53,185
115,170
11,17,184
20,136
88,137
3,113,127
134,164
3,95
2,187
44,164
41,82
7,26,35
35,68
152,164
21,127
29,157
36,82
74,161
30,46,57
100,135
87,157
68,92
62,180
80,105,174
89,148
17,18
27,78,171
154,196
16,30
67,72
103,168
34,134
8,124,199
22,82,85
78,121,189
16,47
124,180
160,179
175,199
117,152
2,90
69,161
46,110
66,115
53,121
92,169
41,118
73,164
94,114,159
48,169
43,165
8,137
49,101,184
4,48
3,195
112,192,198
32,188
113,181
156,189
69,103,106
51,122,135
6,73,195
5,142
12,80
126,164
2,42
57,133,183
25,103
69,95
178,187
172,190
53,84,191
42,184
119,146
9,170
160,168
13,125
26,88
151,171
18,31,106
26,199
30,46,105
80,140,149
30,156,166
45,129
16,51
51,73,147
18,132,153
41,103
103,195
11,31
76,131
106,138
47,192
21,137
54,99
17,23,173
11,35
28,56,116
146,169
50,118
49,138
96,112,190
38,94
34,104,191
43,144
30,80,176
28,89
16,22
77,114,126
119,148
36,188
91,106
41,170
74,88
82,101,135
52,108
78,200
38,45
78,127,133
32,174
45,77,194
4,88
51,103
2,109
165,176
116,159
3,113,161
63,138
134,145
10,153
2,177
72,135
16,118
45,108,121
122,185
4,62,151
27,119
73,194
124,128,199
165,174
176,197
10,185
9,175
94,145,197
38,45
8,167
41,112
50,59,141
31,118
127,133
22,160
15,190
52,71,182
14,160,178
1,35
161,177
37,169
24,86
91,200
6,171
8,83
116,167
90,124
86,118
37,73,145
42,99
27,112
39,60
10,54,60
8,37,55
4,84
35,55
15,31
152,197
84,104,172
90,93,164
10,176,188
83,149
36,93,110
92,195
23,27,112
24,151
109,158
141,143
25,28,172
22,79,161
63,79
127,171
138,174
127,168
12,22
130,133
62,112
5,22,63
142,176
82,119
78,102,140
52,74,151
28,92
27,61,75
15,174,200
13,46
33,41
10,136
52,180
67,106,155
23,178
100,155
99,115
12,171
98,103,194
139,148
83,110,146
32,71
63,83
138,148
183,189
7,133
12,14,143
30,47,111
116,132,194
124,176
66,83,118
5,175
50,57,97
27,137
125,163
31,120
105,111,189
57,70
19,151,171
9,153
16,33,101
5,88,177
165,171
19,116
22,92
144,199
9,50,136
6,86
24,46
159,169
41,90,116
132,140
114,185,194
76,173
135,147
62,89,166
92,161
26,79
32,172,200
10,88
24,171
29,62,183
92,103,137
102,105
30,85
118,122,129
18,57
23,123,130
54,180
161,193
153,170
22,88,147
25,36
103,107
108,161
12,91
13,48
93,116,164
54,170,180
139,189,190
120,159
114,118,178
4,150
37,135
70,190
56,62
