120,155
76,81
17,36
61,97,141
134,172
24,174
2,159,190
29,171
46,148,191
116,184
5,162
60,195
37,67,161
13,60,100
73,138
32,102
97,199
131,162
38,119
116,154
30,169
51,102
110,148
67,115
107,161
5,122
56,82
159,181
8,175
8,73
72,97
78,137
2,19,86
28,69
58,183
14,25,158
14,52
24,53,89
138,158,166
40,62,159
52,94
5,20
109,196
31,89,115
44,45
125,184
59,166
82,169,199
105,178
113,198
134,196
10,75
57,85
78,106,118
33,66
40,182
36,69
9,142
19,86
18,198
32,35
18,163
8,164
16,134
161,178
41,76,150
49,50
184,199
4,9
19,25,28
166,186
35,118,197
124,135
53,100
12,157
23,51
38,50,87
126,153,181
105,179
132,178
172,197
76,81,125
120,167
78,137
99,178
13,176
99,122,134
41,114
35,192
147,157
22,33,138
46,180
39,175
58,91
34,92
90,178
25,130
136,168
61,96
48,61,102
5,87,195
42,55,160
110,183,197
126,199
74,130
50,84,159
37,86,140
21,88,150
58,94,148
100,133
17,197
41,83,180
55,89,112
9,74,139
88,152
3,109,197
37,132
45,181
116,196
28,132,142
30,115
119,192
39,88
76,97,173
121,142
67,121,177
14,63
76,198
171,191
129,189
58,133,180
86,127,192
64,148
71,178,190
52,158
123,128
15,149
14,99,113
11,77
21,125
1,75
81,101,108
41,136,171
89,98,107
33,152
19,34,126
52,130,133
38,66
49,198
131,184
12,143
89,109
130,196
115,163
111,120
152,193
111,158
129,144,185
49,72,114
62,189
110,152
6,9,154
139,141
49,85,119
51,162
118,172
53,87,195
2,177
44,58,136
2,40,55
31,91
64,184
66,95
129,153
37,91
139,179
9,105,190
51,92,95
11,49
161,176,183
80,81
33,83,161
98,173,177
24,82
83,184
65,113
24,68,107
43,66,70
26,112
24,101,128
15,197
129,179
15,25
90,184
161,194
90,188
71,183,196
68,80
49,155,174
43,137
145,197
43,123
121,146
122,167
65,97,155
18,27
113,166
18,181
35,99
17,59
134,173
84,137
113,183
4,181,195
88,134,151
49,143,151
32,98,187
8,126,165
10,11
89,126
85,95,144
140,197
35,69
49,184,197
73,164
5,53,148
14,108,121
127,198
23,99,117
2,91
64,85
47,182
57,164,174
157,159
98,165
17,114
109,159
114,117,197
39,116
66,148
53,77
10,40
26,124
175,192
19,110
67,96,177
185,187
147,157
100,131,155
34,35,78
19,190
24,66
41,57
72,83
18,180
146,195
46,53
94,182
74,94
49,82,123
76,185
104,109
43,73,77
79,106,123
35,88
60,156
46,116,147
113,116,175
37,78
81,90,165
84,110,195
25,159,190
50,187
15,17,111
54,122,129
106,169,184
38,171
78,156
106,112,188
79,188
6,27,76
122,125
16,173
25,63
1,13,117
96,147
15,148
44,94
143,153,193
40,149
136,190
29,165
30,52,178
150,181
85,197
71,88,150
148,174
20,167
35,48,71
40,193
13,78,197
118,199
93,169
27,168
38,116,162
55,155
139,186
80,179,181
91,144,161
131,170
136,173
52,175
28,101
19,91
47,156
37,121,159
110,136
48,85
82,125
186,198
59,143
2,63,196
88,107
43,168
60,156
119,169
63,66
81,117
45,197
57,137,157
63,157,188
20,62,143
3,6
39,150
81,89
34,41
57,174
121,144,169
41,171
74,178
1,103
61,117
8,23
16,170
13,21,23
132,185
22,115
154,158,159
43,53
48,136
27,144
12,31
1,76
22,178
72,182
55,194
23,164
11,17
138,143
145,164
101,165
113,142,173
68,88
144,192
44,58
6,196
90,154
168,198
23,95,144
11,148,174
16,82
60,82,199
81,170
108,158
51,100
147,153
86,162,200
106,160
86,115
89,185
48,176,185
119,196
84,157
8,60,64
132,157,172
157,184
103,140,190
6,107
81,150
96,159,173
150,173
68,182
16,49,78
31,86
109,117,128
12,17,147
117,171
84,167
51,80
142,186
161,183,195
31,47
77,96
125,157
105,177
62,197
6,9
153,160
10,126
173,186
69,130
154,190
58,143,163
78,79
18,35
75,114
115,171
26,161
108,180
14,15
26,35,90
122,171
8,85,86
10,56,77
58,145,189
93,195
40,163
136,174,176
42,78
50,96
21,178
106,151
31,79
1,55
18,107
44,136,183
56,174
4,54,182
36,75
54,137,145
2,149
60,188
133,169
9,12
136,193
42,91,189
33,195
77,173
26,185
64,155
28,86,146
72,101,199
81,103
28,42
7,33
74,90
74,170
87,148
36,45
124,168
33,122,135
4,120,200
139,200
36,83
25,113,139
89,103,121
18,53,84
164,167
16,74
8,88,90
3,69
57,59
10,64
92,143
6,37
47,198
82,140
74,166
93,152
58,163
36,152
29,94,168
2,27
23,34
9,32,163
94,174,180
48,176
56,90,140
33,169
84,157
39,99,115
132,162,175
77,83
46,145
126,191
93,105,155
20,199
84,174,195
12,140,200
105,156,177
7,93
41,60,186
36,66
121,189
53,54
77,129
104,159
109,120
73,161
28,115,189
37,99
34,40,89
81,145
137,138
19,66,96
15,69
86,161
114,143,156
36,167
3,114
126,176
119,196
117,187
155,184,189
14,115,143
33,101
32,51
127,191
17,65
24,141
51,89
12,49
25,163
48,62
100,156
48,97
86,115
94,111
41,188
61,169
40,48
62,165
184,193
34,47
116,131
50,100
21,123
23,138
124,170
58,116
13,49
95,134
23,161
44,85
20,151
59,150,171
101,144
25,142,173
85,192
1,78
80,178
13,143
136,138
10,83
77,116
60,184
40,125
103,142
17,64,141
28,67
88,122
73,169
12,128,195
153,175
9,140
67,101,158
6,140
84,196
48,95,109
9,103,107
22,67,177
44,135
149,154
40,159,190
22,123
72,128,131
51,178
67,82
39,43,174
79,135
110,170
26,41,184
11,121
45,102
8,96,185
122,135
25,131
37,66,74
119,145
32,94
49,112
48,120
80,171
144,198
32,121
38,126,164
66,133
51,139,158
47,119
36,43
3,21
68,121
109,157
108,182
106,156
18,52,95
82,173
1,117,151
14,134
12,89
122,181
154,198
80,122,137
9,103,173
110,154,196
93,152
67,78,173
176,195
40,103
105,115,149
121,158
138,158,167
62,171
7,56,170
39,164,170
23,55
20,68
40,159
156,172,178
43,124
9,113
132,136
86,163,165
25,109
99,106
174,188
94,177
72,171,175
106,121
28,51,186
47,87
3,43
48,117
19,86,103
54,73
36,78,136
32,105
72,200
20,69,143
29,194
116,130
64,134
77,126,130
89,163
11,99,133
28,67,74
22,127
198,199
40,70,100
69,76,78
7,121
107,144
27,68,115
117,195
73,119
27,104,162
30,46
3,192
35,79
22,96,128
71,129
57,106
84,105
112,189,195
16,53
8,71
101,136
66,82
77,189
9,98
11,66,107
80,127
52,142
102,146,162
44,53,152
79,144,160
88,143
7,60
26,75,172
37,186
19,54,84
60,187
164,171
54,108
140,175
132,142
150,193
54,124
53,195
85,136,167
33,39
13,61,198
15,184
22,196
4,38
31,173
104,105
159,186
8,13
42,94,157
32,84
107,150
36,197
62,172
33,157
69,95
15,196
124,143
29,119
134,153
53,133
154,177
42,119
73,110,164
36,87,148
41,75
68,125
12,68,177
139,173
21,26,197
47,137
2,10,52
55,165
33,171,198
62,122
46,69
3,165,198
5,108
18,24,84
78,114
61,65
36,47
124,172,181
38,58,195
3,85,106
113,190
59,125
6,198
137,148
40,109
123,133
68,154
28,159
116,137,182
187,190
89,124
42,69
45,117
75,199
33,80,150
18,124
124,145
52,139
69,184
39,84
96,187
36,199
62,118
144,172
127,179
105,107
30,97
12,72,126
33,80,167
73,198
47,161
67,200
108,174
15,170
110,195
95,136,157
31,39
6,48
69,154
111,119
3,146
26,68
8,99
28,126
41,137,153
129,135
36,170
112,168
43,116
126,152
140,178
57,87,135
68,75,113
6,74,166
30,45,64
73,138
47,140
5,84,175
68,142
48,119
123,128,135
2,22,27
131,176
143,198
5,139,185
72,181
21,95
68,112
139,179
19,151
136,147
95,131
44,181
49,114,155
91,147
127,132
166,180
126,181
12,182
14,132
31,70
103,190
79,192
10,178
29,170
138,161,164
90,139,147
4,167
97,163
7,84,137
41,124,126
61,74
61,96
136,166
27,51,66
75,110,184
159,172
30,42
71,119,198
55,112
88,89
11,197
9,62
45,131
80,86
94,122
17,28
69,151,179
100,185
66,74,139
47,167
6,109,121
14,37,40
30,168
78,112
74,102,158
8,169
1,61,163
71,189
33,160,197
139,142,173
91,117,190
124,153
91,158
105,144
111,118,160
39,93,123
15,179
66,72,167
126,152
65,95,173
116,162
75,199
54,56
38,157,161
10,39
80,182
54,124
13,192
14,98,104
150,189
58,108,165
59,97
100,102,113
102,141
41,83,126
73,182
4,52
52,142
25,79
62,92
5,135
143,172
53,125,199
67,187
10,77,137
18,84
69,102
61,112
11,162
105,127
44,193
58,177
20,125
101,119
75,165,168
68,198
143,175
16,67,196
83,87
35,107
45,184
18,141,184
40,104
31,32
57,101
84,147
93,126
24,132
4,176
45,141,199
42,165
45,135
60,78,189
111,118
17,60
41,116,178
1,81
19,127
28,146
62,141
160,186
29,69,146
164,166
87,171
12,123
96,127,158
5,117,178
24,46,80
33,125
153,175
152,170
157,200
39,61,157
21,64
7,161
30,85,90
52,138
174,176
73,90
60,69
72,130,157
106,156
44,147,194
157,170
68,89
165,184
122,178
25,66
2,149
19,26
13,127
25,158,163
26,111,199
26,68
77,182
24,114
155,176
148,174,195
3,198
53,94
11,142
113,144
84,129,197
74,98
126,129
129,147
168,172
1,118
172,178
98,166
40,161
68,77,141
72,162
44,135
127,165
1,6,29
58,87,138
21,67,113
50,147
45,138
88,109
80,186
116,171
4,181
149,166
96,105,113
26,120
15,112,169
40,89
14,41
87,157
7,75
36,73,148
83,188
20,144
62,75
20,21
63,159
10,192
7,83,94
106,151
98,152
93,104,188
70,111
53,122,153
29,87,142
4,116
22,150,182
43,152,174
130,180
120,164,187
50,55
87,93
84,103
26,55,81
116,159
44,60,68
60,165,197
43,80
20,71,144
48,59,160
29,177
13,165
143,173
5,44
39,70,121
8,92
26,69,85
41,180,184
34,173
39,116
80,195
69,152
141,144
2,11
4,122
15,120,125
50,104,173
20,118,190
75,118
21,163
12,58,188
145,191
94,147,195
32,141
113,144
78,152,174
43,54,182
157,198
119,199
122,195
20,92,153
12,153
57,70
92,161,188
139,152,193
68,133
55,187
6,158
83,89,131
193,194
119,177
91,142
15,24,120
3,42,48
1,62
23,79
133,162,200
55,199
50,128
28,132
18,87,116
121,151
126,145
30,156
62,85
155,160
28,146,190
104,149
41,45
133,144
25,159
98,113,173
106,148,195
69,165
41,81,93
84,94,173
28,187
66,81
37,160,178
115,191
102,163
18,122
129,165
4,186
53,191
43,145
59,123
80,152
31,101,171
64,186
17,84,176
141,197,198
37,154
51,135
28,58,154
21,131,160
54,170
47,123
7,88,194
67,179
16,57,85
90,168
196,200
23,60
28,100
17,26,114
32,109
25,55
112,134,143
24,105
108,139,196
46,144
