56,83,112
65,123,195
28,146
129,139
23,158
37,105,132
42,106,162
79,97
180,190
151,181
34,47,162
83,116
10,76
20,116
37,115
57,83,155
149,194,198
87,158
2,31,158
46,120,164
90,155
40,43
25,131
50,187,192
110,157
124,171,184
19,23
61,132
12,67,98
3,180,198
76,86
42,164,167
32,74,170
23,72,190
56,115,146
51,130,134
166,199
50,97
46,174
65,138,197
28,149
21,58
115,122
14,37,150
90,142
36,116
140,143
67,92
87,123
1,88
98,102
97,167
23,35
2,78,148
50,132
38,171
19,55,200
27,160
100,150
8,11,101
33,114,123
154,182
21,69,165
63,93,192
22,64
160,183
16,160
119,166
109,186
52,70
18,66
94,184,190
75,102
55,141
95,104
169,194
52,68
4,32
101,133
61,150,167
28,124
144,157
71,173
55,200
6,74
46,106
2,15
102,157
75,140
54,149
37,156,169
18,155,188
83,161,192
22,98,126
83,142
32,57
8,165,178
41,195
32,196
28,147
44,147
65,163
85,160
162,196
24,131,132
92,137,151
22,182
97,111,155
53,135,170
46,57
35,102
12,36,144
17,63
120,142
150,157
124,136,188
21,101
43,69
16,48
42,199
18,40
101,156,169
52,160
165,173,192
17,54,173
17,183
105,165
96,119,125
63,171
35,47,147
55,85,148
68,108
134,177,183
151,163
52,114,195
19,48,52
117,197
77,150
91,143,172
83,120
66,73
122,181
79,139
140,176
28,111,143
51,54
46,48
32,137
42,109
7,143
39,61
8,30
35,163,168
128,146
166,170
18,117
70,146,184
6,126
83,123
22,170,193
121,161
28,154,173
17,49,56
10,89
64,95
15,121,185
14,166
88,130
79,131
47,48,54
61,66,94
2,102,107
30,183
108,111,146
12,28
115,172,185
59,64
8,83,93
41,120
76,143
51,141
64,151
179,185
105,192
66,199
87,119
16,24,178
15,73
35,99,197
164,199
74,150,194
82,83
72,137
16,50,97
31,72,200
13,118
8,24,75
54,71,75
32,172
101,181
137,138,152
78,94,161
55,66,176
52,103,200
74,108
23,77,123
102,182
44,138
9,111
130,137
38,111
61,69,91
137,146
75,108
33,55
14,108,188
17,19,161
102,190
171,187,190
50,175
96,166,172
85,96
162,169
72,91
28,84
61,91,111
64,78,159
7,171
6,32
50,176
36,48,152
88,101,111
11,26,107
93,111,139
8,65,179
44,158
82,97
90,197
10,147,194
1,180
129,182
40,47
9,32,136
10,198
86,130,152
109,125,156
62,155
2,119
85,173
62,139,141
5,190
98,171,172
69,161,165
84,199
142,163
14,166
79,142
73,140
93,116,141
7,34,136
25,27,166
11,169
3,37
1,66
81,186
116,118
38,75,136
9,98
3,87
115,135,173
6,185
5,82
1,55,131
95,183
13,104
16,20
8,75,186
31,117,158
18,188
41,123
67,70
31,95,183
12,144
141,155
33,150
116,124
91,178
10,137
76,132
115,174
69,161
55,160
6,107
27,88
33,99
41,66,89
152,189,194
92,149
68,176
169,198
38,136
2,103
22,47
9,180
100,162
92,95
29,149,166
11,101,168
144,186,189
20,151,186
141,148
17,63
5,124,174
89,160
84,129
1,10
135,168
81,128,194
41,44
153,196
17,48,132
42,151,172
106,116
82,97,165
27,79,115
62,116
48,125
178,197
19,39
15,156
38,186
5,82
27,36
1,9
31,166
118,178
27,170
139,182
100,157
36,55
43,122,164
107,196
46,51,116
30,125
104,111
112,132
177,178
114,156
46,60
95,128
128,169,174
104,109
71,80
52,177
120,145,197
61,175
25,143,197
70,122,130
18,86
3,180
17,28
25,37
112,148
11,121,170
28,60,145
2,121,151
129,148
81,194
88,104
151,192
5,68
177,178
72,156
113,130,132
56,192
38,109
108,178,185
14,49,170
48,74,183
128,195
67,169
3,69,154
2,66
16,183
142,175
63,106
113,114
72,141,161
33,164,197
27,199
91,97
120,174
1,171
4,168
89,110
123,134
79,170,171
53,196
73,89
29,80,163
97,154
52,195
8,84
52,145
21,145
29,62,83
17,116,187
121,166
53,89
40,50,146
56,166
83,149
72,154
59,170
3,35
88,132,179
87,137
81,171
14,118,119
6,17,105
21,97
160,176
21,149
37,57
89,119
24,183
1,121
103,137
47,148
126,171
8,71
6,88
62,173
48,125,190
51,166
39,139
151,155,159
40,76
190,197
1,135
63,99
128,141,150
35,119,190
76,100
31,87
44,46,134
45,100,179
111,191
49,86,177
73,144
173,199
53,169
79,186
22,82
34,98,140
6,76,194
133,193
41,46,82
61,154
12,191
22,116
34,143
85,132
17,127
8,74
14,117
55,184
18,118
45,122,194
32,55
4,33,116
28,47,145
162,190
79,173
4,128
7,130,196
100,115
110,139,188
155,195
94,131
42,123
61,156
46,141
28,171
2,139,181
5,95,119
87,102,200
67,103,147
60,198
36,65,161
8,105
44,72
31,190
41,66
56,147
145,165
60,63,173
122,150
42,66
44,56,126
135,163
121,153
63,131
36,173
73,143
145,200
32,150
51,79
45,115
10,32,180
41,110
122,179
35,67
81,132,169
9,181
140,198
37,170
54,121
56,117,158
45,81,172
89,97,193
166,178
2,37
20,158
47,97
167,186
29,94
19,49,86
38,181
25,129
10,121
52,167
119,166
29,187
95,133,148
48,139
70,163
64,128
54,156
137,197
56,108
125,198
57,92,108
21,82
68,90
123,137,148
17,51
12,162
18,59
149,151
16,82,96
71,152
32,41,190
162,182
26,175,184
56,199
31,130
68,140
145,148
23,52,164
119,158
31,43,146
18,91
58,139
17,62,63
183,189,191
163,187
7,25,125
34,88,135
30,120
52,156,188
168,169
85,87,157
135,169,181
139,140,186
137,151,186
38,110,166
177,197
29,40,83
185,188
156,194
21,98
35,110
54,100
35,138
41,85
106,130,200
15,53,76
143,181
16,198
91,108
109,123
2,197
86,142
1,155
53,122,153
53,121,144
23,35,61
10,126,135
9,50,142
128,185
2,182
1,140
81,136,149
79,159
31,40
165,187
2,33,103
63,155
190,199
109,163
123,178
99,122,175
93,131
60,72
29,63
34,81,144
96,178,200
106,120
85,145
61,192
64,84,155
78,142
49,99
58,111,188
114,138
95,157
39,47
27,85,199
9,171
52,134
47,113,165
78,146,165
181,194
163,190
113,114
10,108
33,54,75
175,178,179
71,134
68,148
77,170
60,155,159
15,128
161,191,192
11,76,180
51,66,91
112,172
6,46
16,82,125
8,188
53,73
48,197
29,39,62
154,160
19,76
107,110
23,58
55,117
5,122
33,128
113,172
7,122,128
31,48
65,66,87
24,102
11,42,96
87,102
77,176
79,80
23,32
81,88,172
121,193
40,180
107,172,196
66,134
122,136
139,151
128,185
23,45
76,130
101,147
2,27,67
172,174
57,91
66,68,94
47,101,121
131,186
5,87
8,69,155
79,82,97
12,86,196
54,187
40,46
74,169
8,80
133,176
96,119,125
61,199
108,138,190
7,13,141
41,66
7,153
122,126
11,189
15,53,88
110,197,200
64,69
179,195
86,155
41,76
130,152
10,172
52,114
39,99,120
27,42
15,194,198
35,47,147
111,130,192
70,135
109,123,164
58,62,127
69,71
64,196
29,71
23,91,128
56,139
100,128
61,83,93
45,73,183
26,63
53,195
135,143
32,200
79,105
37,118,157
69,91,139
68,102,125
124,178
26,34,70
108,174
2,61,140
50,63,192
10,145
7,74,100
74,126
40,73,124
43,90
77,162
6,149
65,75
143,153
34,38,53
41,112
2,187
3,34,113
88,89,163
140,189
73,81,126
12,140,170
22,98,102
29,100
129,177
138,156
108,142,163
42,135
41,118
52,111
33,176
143,169
98,154
162,194
33,120,170
47,109
7,191
109,197
32,48
4,101,179
19,77
4,77
39,45,196
51,72,121
34,189
63,71
134,179
36,118
3,102,157
149,150
128,174
1,140
20,80
53,56
21,83
73,193
107,186
109,141
38,107,192
138,144
111,116,131
25,41,123
119,199
27,39
81,140
2,162
5,125
96,185
177,192
77,153,178
130,168
51,82
29,94,163
76,175
5,31
8,131
121,130
10,87,108
137,144
15,77
89,154
140,144
33,55,166
17,69,147
144,153
88,172,180
1,185
90,142
13,73
12,100,126
23,118
81,167,176
1,121
125,132
168,189
80,163
89,147
12,53,174
50,193
37,156,197
123,148,160
20,33,77
125,133
69,92,97
87,156
6,193
99,117,123
85,114
42,72,137
65,134,184
79,142,188
38,52
87,197
50,117
23,118,178
6,81
23,133,161
17,64
47,105,154
31,33
83,113
99,176
11,26,193
36,89
7,122
33,122
11,140,152
130,163,199
34,115,181
12,161
50,80
42,177,184
51,52,147
23,43,152
145,148,177
9,50
23,119,157
24,47
59,74
21,168
193,199
81,168
13,56
49,54,112
12,194
126,140,181
191,195
100,180,185
29,31
8,66
81,115,152
107,167
19,85
29,158
49,75,131
3,112
148,160
139,157
13,43,153
2,95
13,81
51,89,172
32,100
11,144
26,96
28,171,180
93,155
15,121,140
12,86,170
32,198
10,163
17,133,183
6,76,191
71,154
80,171
96,109
4,13
27,117
28,40,187
55,114
21,127
86,167
30,59,188
54,64,127
57,71,90
17,149
21,129
167,193
11,12,136
64,97
43,92,120
26,186
40,123
48,178
85,167,183
123,147,184
75,151
75,76
109,194
23,35
34,141
13,159,170
70,76,180
158,166
14,71,107
26,53,143
1,98
3,49
119,167
101,121
122,152,198
52,134,166
151,195
46,49
6,53
196,198
28,139
106,127
176,184
35,48
42,67,147
13,147
39,132
23,55,156
91,170,192
16,129
76,104
37,196
72,96
44,160,199
104,176,199
134,178
53,82
69,83
70,76,85
110,160
12,152
34,49,79
4,26,130
4,11
133,148
9,60
190,197
37,129,193
57,143
47,95,151
30,106
121,196
28,42
115,171
61,71,82
11,109
138,197
63,69
23,31
3,19
115,152
8,134
41,119
99,102
20,66,171
96,102
8,75
122,149
112,150
148,190
83,137
49,55
44,102
105,110
35,171
150,171
117,169
7,121
112,165
57,84,165
157,167
172,195
31,84
19,177,183
52,159
111,142
164,187
130,168
115,140
24,117
140,172,189
122,179
31,125
127,163
34,196
126,140,150
46,99,186
7,86
67,147
177,189
105,160
73,101,170
50,124
97,132,173
151,183
88,191
169,179
137,146,159
119,136
38,167
31,63,125
59,191
75,162,193
142,145
49,85
74,141
125,153
115,186
146,185
117,125
3,17,47
19,25,134
88,107,191
19,56,102
72,184
59,129
22,129
68,114
81,121,140
149,161
44,55,157
8,49,110
172,197
125,135,182
7,45
9,153
37,56,77
11,74,86
23,31,99
100,162,194
1,32,168
30,140
59,105,146
28,75
90,145
92,157
47,129,159
45,86
47,113
24,36,183
17,67
77,88,141
3,33,160
42,43
6,191,198
7,21,176
102,118
69,178
86,134
167,194
38,82
31,169
34,125,147
14,48
14,56,161
55,114
81,171
13,16
107,130,144
4,35
9,81
88,90,122
3,80
45,81
79,187
32,172
85,126
130,142
29,116,187
144,196
12,172
190,191
1,8,135
10,69,128
20,176
42,101
66,156
162,182
84,131,187
11,169,193
82,133,174
100,170
79,133,134
20,198
61,89,180
31,138
4,54
20,100,175
37,55
5,59
21,200
90,159,182
113,132
25,198
33,148
11,72
14,123,125
119,145
40,93,141
83,91,192
60,110,140
101,186
139,154
57,146
16,141
