40,114,175
48,102
73,199
37,175
6,183
57,146,195
1,3,74
45,126
21,99
157,163
124,139,160
29,64
77,83,93
35,122,144
122,133
37,63,94
26,182
13,161
74,101,170
111,140
134,188
10,34
86,125,126
6,195
92,111,200
74,108
71,102,165
61,66
38,160
34,47
135,177
100,125
43,56
14,61
5,43,53
87,126,198
9,168,184
35,180
86,130,142
157,196
45,70,111
41,91
15,30,140
37,110
1,182
136,151,180
148,195
53,100
3,113
55,200
42,112
19,137
15,74
132,139
102,138
57,175
37,62,174
49,90
115,195
16,45
56,125
83,97
38,118
75,153
13,37
3,21,39
73,150
37,103,112
109,177
65,124
41,162,169
33,74
50,102,137
56,72,179
102,191
143,160
91,97,178
10,76,90
32,81,94
51,189
30,106,108
93,120
74,82,198
54,112
9,58
63,97,120
7,169
32,44,52
23,180
21,59,178
82,192
73,100
37,81
101,184
135,142
32,154
5,62,152
30,65
19,154
113,172
22,140,162
19,59
168,187
36,38
59,139
35,84
9,95
56,170
183,192
162,177
11,150
90,116
4,111,193
28,56
86,184,196
40,60,101
139,157
31,122,199
105,200
94,126
25,113
20,29
86,114,196
6,122,157
117,122,154
15,150
12,162
105,180
80,91
51,81
3,180
8,11
48,179
17,46
11,174
76,85
83,116
9,196,200
82,89
75,138
159,171
53,167,178
19,115,178
184,196
26,169
96,157
31,87
7,112
73,86
56,104
42,64
39,147,193
98,139,184
125,177
35,169
26,36,45
21,139
151,159,164
138,191
117,194,197
51,75,119
59,90,109
95,196
159,184
22,76
67,81,96
165,176
26,132,138
6,99
58,74,138
79,133
32,87,182
14,190
19,38
137,185
65,118
44,109
56,107
96,166
18,181
12,52
19,103
2,163,193
73,144
24,125
50,69
106,152
66,167,185
15,29
41,93
42,70,181
7,110
40,195
133,172
50,143,197
63,122,128
138,144,191
48,179
42,90
109,176
43,131
141,176
42,83,87
9,189
104,190
14,72
8,43,184
14,77
111,137,138
11,44
60,164
21,143
5,136,179
79,147,185
14,77,98
83,196
37,140,165
32,51
94,120
25,88
25,40
52,148
8,57
35,190
17,37
3,84
62,160
36,54,86
130,149
14,44,48
128,197
84,126
51,182
4,11
80,116,162
100,177
74,196
169,199
56,86
40,190
11,102,172
38,79
66,68
107,113
31,190
6,173
46,193
85,86
84,181
110,124
4,169
60,200
13,84,153
16,72
8,156
19,26,126
47,63,134
33,116,191
100,190
19,89,192
5,10,12
9,190
100,168,190
108,124
81,172
54,137
100,130,138
122,169
157,187
88,115
42,128
91,119
98,142
81,197
8,103,146
18,68,139
132,134
40,138,146
138,158
6,10,70
12,143
48,102
100,107,138
123,193
64,136
42,76
8,149
87,133,184
42,100,188
55,134,168
77,111,153
2,59,97
20,77
11,143
31,67
100,175
84,194,195
58,133,152
62,176
46,90
10,110
126,153
10,169
49,100
71,86
93,183,200
8,16,37
96,139
32,87,156
31,60
76,169
59,84,122
50,56,129
89,128
9,15
76,133
37,143
29,161,192
26,63
20,172
92,172
67,163
121,137,155
35,95
89,111
93,116
30,37
42,117
19,151,162
74,175
54,63
43,139,155
99,101,164
92,181
119,130,158
71,85
50,192
141,188
95,117
4,85
9,124
22,35
41,121
91,181
89,149
24,48,183
70,125
12,53,156
63,112,122
35,75,121
80,142
45,191
54,170,185
5,146
1,33
98,121
126,174
100,187
4,43
8,120,184
79,114
60,101,162
23,103
12,40,192
23,127
148,174
60,74
30,170
144,200
102,108,128
45,174
107,191
21,70
32,164
86,123,177
67,141,156
19,139
57,156,184
125,165
120,164
59,98,148
46,98,178
13,57
96,106
52,94
139,199
138,173
86,94
8,179
34,172,193
14,107,161
46,81,187
114,118
68,120
56,125
55,79
27,29
2,31
3,67
23,112,131
80,94
54,144,199
79,137
64,90,143
25,137
150,198
16,172
28,192
76,114,152
126,185
39,87
17,79,129
137,185,192
56,186
60,77,174
5,73
122,139,188
61,104
11,181
66,70
32,82
118,185,193
145,147
56,183
23,141
36,189,199
12,101
63,115,144
21,96
172,188
56,99
62,113,137
109,136
47,59,197
63,117
72,77
106,128
66,87
83,186
116,142
8,133
97,199
122,163
28,181
64,99
14,121
36,62
50,80
1,170
120,170,200
69,154,183
64,171
118,131
125,183
113,145
39,63,168
106,143
53,173
89,139
33,175
100,180
21,123
72,125,139
81,140
43,99,155
49,157
46,48
84,146
114,175,196
34,136
51,85
15,40,124
33,67
104,173
119,190
75,93
166,182
59,66,78
183,192
20,77,134
166,191
30,174,181
43,70
129,148
15,167,177
96,183
58,128
136,156
40,107
16,23
41,67
26,144
54,96,144
77,111,163
94,96,177
129,186
42,140,175
118,143
130,131
68,169
25,138
18,98
92,175
173,176
79,113
22,28
18,26,47
60,103,191
100,194
96,135,160
129,142
127,137
95,138,175
99,131,133
16,21,166
52,73,79
89,120
188,189
14,177
98,114
86,136,145
11,150
128,166
114,151
27,184
9,25,195
82,118,179
81,132,195
38,143
29,119,142
122,129
80,85,103
2,18,163
20,92,126
93,112,115
42,139,147
111,145
63,174
94,176
91,124,177
69,101
86,109,192
28,72
91,197
22,131
167,181
44,94
46,159
73,101,106
151,159
22,187
78,157
38,174
131,152,182
57,58
4,13,183
33,40,151
129,140,185
55,77
51,79,176
65,82
8,111
4,32,85
1,37,106
98,197
10,159
114,164
56,157
47,103
38,114,152
41,89,97
9,64
68,108
81,146,170
19,42
128,147
29,108
16,129
54,104
72,185
13,38
13,86,174
3,83,153
13,16,159
6,63
104,106
5,19
57,190
70,190
70,139
79,94
41,50
89,178
93,96,117
182,184
134,152
63,132,168
42,83,115
150,191
25,105,119
102,164
17,111
108,174
87,111,168
42,105
3,100,120
61,101
119,140,199
6,75
38,47
42,121,144
90,156
59,93
7,152
11,36,126
64,140,186
41,153
60,131
71,114
40,92,106
32,111
22,85
92,110
104,151
58,199
111,148,200
112,144
4,10,190
15,35
30,86,94
4,17,140
112,190
75,127,185
96,139
18,188
63,130,140
92,175
29,88
82,92
19,68,157
124,164,182
110,154
101,167
60,105
61,127,191
59,176
13,21,49
126,161
15,34,114
20,103
30,46,107
9,184
28,190
67,69
132,147
45,94
132,195
68,87
44,189
33,124,184
7,106
77,139
8,71
54,108
98,167
8,79,165
25,131,175
79,198
32,83,141
102,105
97,136
137,199
10,50
41,82
46,67,114
85,95
51,102
22,104
89,195
46,90
49,80
35,98
4,114
62,125,186
18,129
172,198
136,143
137,176
49,64
120,163
39,66
121,186
55,73,109
88,92,104
35,111
97,188,198
14,55,74
155,191
55,94,163
132,161
45,149
152,158
68,83
56,137
52,162
52,124
95,98
57,92
7,64,186
55,59
98,121
55,196
6,151,175
24,82
87,91,134
112,177
133,143,164
73,165
19,93,142
25,83,156
4,161
104,119
112,188
35,90,133
88,162
97,174,183
29,88,173
103,122
37,103,135
41,53
21,72,132
5,11,142
55,98
62,163
4,51,124
154,183
101,138,173
65,169
89,132
16,56,148
102,135
22,101
47,67
22,88
42,98,163
47,189
23,33
18,110
77,85
51,188
72,93
24,72
87,128
73,91
101,180
43,121
88,141,162
153,190
31,66
37,118
70,78
77,188
20,71
62,79,168
119,160
143,170,171
77,91,168
89,150,192
22,90
69,192
38,121
82,98
51,129,179
2,101,115
17,107,125
11,171
162,196
96,112,135
22,73,155
72,113,148
82,123,198
17,139,177
4,200
33,59
55,142
87,89,200
26,43
95,109
30,50
130,149,175
81,84,181
8,46,79
113,118
13,129,142
49,92
80,129
48,188
80,96,122
45,166,167
71,186
1,13
72,177
57,158
53,66
70,84,127
123,129
23,44
157,175
115,122,199
53,153
59,89
133,191
174,186
40,137
17,79
44,193
174,192
34,159
31,100
25,131
93,154
6,22,93
175,184
161,179
115,120
31,96
58,105,149
14,140
23,116
17,76
2,37,109
21,129
55,155
115,134
9,158
7,63,115
27,67
97,139,144
69,95,145
113,161,198
48,185
67,184
63,147,189
30,148,176
60,63,65
34,45
8,34,121
97,170
37,174,198
63,68
85,102,198
32,90
75,120
18,34
130,154
37,125
18,111
79,121,152
46,186
11,68
24,71,177
105,130
70,164
78,96
50,52,79
18,78,91
50,97
148,169
89,163,169
53,91,127
31,49,81
127,176
24,130
69,86
74,141
50,78,104
32,129,135
104,180
14,51
32,142
21,157
64,162
107,111
71,181
76,150
18,152
29,153
152,175
109,121
182,186
47,80,163
73,93
18,153
103,189
84,94
109,191
28,71,135
80,119
88,118
73,148
162,183
15,45
47,163
174,185
20,42,194
17,56
84,101
117,122
88,164
142,185,191
83,163
25,29
71,83
10,191
3,89
87,117
88,182
84,115
136,194
115,164
126,135
80,152
70,182
78,168,169
35,76,88
61,183
110,144
14,16
56,197
7,173
33,69,153
9,101
81,142,177
50,65,73
28,71,109
67,138
137,188,200
57,196
87,140
49,151
128,158,188
14,148
25,36
78,153
23,106
15,82
30,165
45,52,172
3,100
92,124
139,188
117,122
90,91
17,123,142
30,117
91,187
53,194
117,128
42,77,193
2,68,199
34,74,175
54,169
44,94
64,82
88,120
76,195
78,96
61,98,176
45,158
43,111,199
46,172
37,71
32,107
12,81
3,71
14,37
40,128
4,159
93,111,200
53,59
42,59,139
122,150,192
58,122
12,15,104
62,69,80
59,140
56,90
18,68,168
27,141
112,134
44,174
16,117,124
48,157
74,123
143,144
22,142
42,134,144
6,57
59,109
47,167
40,86,109
154,185
22,43,167
77,100,115
4,45
167,188
90,100
125,181
109,160
48,126,150
57,109
37,150
17,185
53,135
174,198
119,182
30,84
121,193
31,120,139
6,90,147
13,56
37,51
80,94
72,181
83,93
24,104,159
27,91
38,106
24,44
25,58,170
9,59,60
56,120
156,180
37,73
2,128
118,124
75,190
12,112
49,158
71,173
33,179
39,147
35,67,175
75,190
109,169
30,142,144
31,144
40,56,187
9,25
43,167
18,184
15,101,180
22,97
73,77
52,123
80,186
139,199
79,118
53,83,117
25,57,196
9,27,144
19,97,182
101,151,152
117,174
41,168
31,114
80,84,94
142,200
66,186
35,124
92,141
21,87,139
119,136
106,160
166,200
76,184
17,36
19,47,78
54,71
40,55,172
4,117
64,152,162
106,141
35,199
1,153
68,154
145,194
41,66,178
66,198
9,173
119,164
67,150,163
77,169,178
102,165
78,157
79,100
80,189
43,127
9,10
59,70
128,193
1,22
74,158,169
84,161,164
68,104
130,179
40,64,195
67,136
71,187
11,61
163,168
58,109
58,136
31,167
43,153,176
10,27
3,169
11,32,71
10,60,164
28,179
32,56,129
68,87
48,126
78,196
59,194
146,169,171
16,36,198
12,69
99,141
52,184
7,182,196
20,119
59,120,146
56,61
49,101,156
7,71,119
16,58,190
7,25,184
79,191
3,54
169,184
66,181
98,116,144
95,114,184
87,93,200
92,119,159
49,90
14,24,153
38,120
