130,194
132,175
71,156
31,78,176
97,190
60,184
26,102,106
24,154
74,199
73,75,122
23,47,52
96,159
4,16,82
18,156
94,193
51,123
12,39,182
15,29,163
86,162,171
82,176
78,86
28,63
141,179
2,122
46,92,157
8,97
104,107,183
7,57
166,200
80,104
35,102
92,109
146,165
87,170
83,103
141,145,154
40,112
140,164
120,179
80,147
73,168
64,85
45,84
175,198
59,98,152
19,48
34,132
74,137,138
67,86
97,147
45,98
98,101,191
29,83,86
3,31
38,44,177
21,128
51,172
37,177
44,165
105,193
49,147
48,96,99
1,114
169,174
141,197
50,83,100
144,177
62,141
130,196
24,111
49,166
174,188
17,128
48,189
76,163
5,105
47,93,133
81,89
12,151
7,57
54,127,141
16,126
108,192
37,138,198
126,188
39,96
116,143
65,164
4,164
77,163
35,134,140
46,188
41,139
4,24,130
85,123
9,80,140
42,182
8,53,183
18,57
46,84,100
98,120
57,95
73,90,98
67,120
22,57
34,152
56,195
37,67
24,65
148,153
99,133,146
45,113
62,109
34,126
55,58,84
36,43,196
50,194
102,111,157
65,98
15,93
37,178
15,48
2,82
45,69
43,74,112
65,118
90,139
59,94,98
24,74,164
5,152
72,154
26,192
8,92,113
9,63
26,30,127
88,141
6,138
13,28
48,145
85,92
72,86
42,153
52,111
109,153,180
133,175,184
147,172
38,179
19,73
91,106
68,69
68,158,166
67,81
63,146
17,84
113,142
118,134,150
69,105
79,179
17,51
15,62
6,54
87,142
129,172
170,184
52,172
83,91
1,23
25,114
134,145,172
65,78
137,149
119,169
18,24
32,177
73,107
64,71
24,131,165
96,162
27,168
63,113
65,85
94,151
61,148
42,78,195
77,143
99,109,152
20,46
85,198
55,126
55,200
55,76
83,176
118,200
71,104
90,181,182
114,128
74,116
64,147
52,159
53,58,91
114,184
102,108
78,163,181
105,112,138
75,98
66,88,112
10,42,57
35,110
47,124,173
61,63,148
13,157
25,180
91,122,138
97,194
54,57
36,80
35,65
9,144,161
46,58,144
2,26
101,143
50,199
53,114
18,98,157
22,153
60,92
178,182
152,195
8,107
124,154
86,196
113,129
90,103
46,60,72
66,179
103,108
19,96
10,127,183
141,170
41,43,133
93,178,179
17,150
20,91
23,37
18,149
12,104,191
27,52,107
66,129
28,48
138,191
46,80,118
174,194
100,165
41,44
103,157,200
162,177
136,183
44,155
11,37
18,151
80,135
49,86
166,191
16,63,169
99,107
16,139
19,29
54,102
29,81,108
59,90,148
136,143
86,153
48,140,199
13,78
81,126
31,71
30,125
12,187
45,65
23,175
19,46,126
4,88,139
66,91,166
7,54,155
92,186
44,94
6,198
83,135
123,162,167
1,60
175,187
2,66,188
22,49
110,163
81,172,189
10,152
68,88,105
55,140
29,41,198
83,160
88,103,177
80,134
123,158
149,174,188
48,62,170
18,28
38,126
72,84,192
68,93,98
53,75,138
25,98,126
43,93,107
126,183
6,168
109,155
6,121
62,72
55,78
119,164
35,37,86
13,180
56,150
82,159,175
66,95,192
53,160
51,85
119,183
85,145
121,139,164
11,87
14,144,170
127,148
13,137,183
130,134
93,145
63,185
55,122,134
14,42,55
72,143
28,46,149
42,196
82,189
83,112
164,175
115,122
25,148
10,142
83,140,156
36,54
83,167
89,176
13,109
27,109
159,182
46,169,186
75,167
100,142
86,111
64,189,191
180,188
27,162
81,123
39,106,200
36,83
61,184
113,128
160,188
100,147,154
71,134
17,18,150
8,109,113
44,182
71,83
5,181
29,71,170
16,181
14,160
7,118
15,119
32,87
11,197
31,141
111,130,145
4,159
67,108,145
115,163
6,71
63,170
66,91
8,194
40,144,179
6,22
80,195
18,65
35,147
105,122
117,156
84,116
36,83,176
4,16
14,116
120,196
85,101,120
133,149
5,80
104,134,159
39,128,173
113,173
97,165
17,161
110,199
32,45,95
81,177
30,146
2,16,18
29,83,139
54,189
23,144
1,159,182
57,136,194
9,116
136,174
56,171
91,200
123,142
70,197
68,158
43,120,192
23,165
70,160
26,64
24,70,198
124,197,198
71,135
146,148
7,170
81,134,135
47,148,193
15,153
3,35
27,160,179
81,98
94,145
78,90
66,92,188
104,106
7,170
92,173
61,127
112,187,199
8,159
9,60,115
81,105,196
30,84
44,85
36,124
44,47
80,89,114
131,167
17,127
5,17,51
5,59
112,139
48,77,162
10,96
57,142
23,121
86,173
52,176,196
149,150
54,125,137
15,160,183
85,93
24,86
14,75,197
51,158
2,65
138,183
133,140
9,151
111,115,164
3,111
10,89
111,147,178
1,22,199
68,117,173
17,184
47,192
11,154,192
76,151
70,140
47,83
36,61
120,167,193
125,127,194
97,188
3,74
38,42,58
51,103
42,48
42,194
15,39
37,82,172
67,165,198
61,195
76,146
37,159
19,53,62
4,102,112
69,150,167
36,79,97
19,75
18,69
135,155,166
6,157
81,139,187
43,67,88
166,200
73,148
53,75,146
67,187
43,170,195
1,111,181
124,147
89,105
109,137
55,117
93,143
18,67
54,121
103,192
2,21,59
28,184
175,196
22,145
36,74
32,79,92
96,162,168
3,43,199
47,150
5,135
36,43
156,175,182
13,26
61,185
106,148
65,149,151
45,151,195
5,118
23,24
49,139
141,154,199
59,103
97,190
134,189
39,157
5,64,98
49,50,90
62,113,125
63,71,191
3,41
55,164
125,140,185
77,163
142,158
128,184
44,83
172,187
128,132,146
160,188
55,129
55,58,76
128,198
145,159,189
55,84
23,176
149,168
163,192
27,155
18,46
10,67
3,4
169,183
109,177,181
45,151
39,84,129
6,12,111
28,91
65,68
104,151
119,129,139
31,98
108,140,169
13,48,107
12,47
124,196
49,129
42,179,186
3,93
83,89
91,191
13,146,152
79,169
67,126
35,145
59,175
121,140
21,102
33,107
42,137
5,153
30,76,178
127,173
40,147
99,117
8,59,74
83,120,173
3,189
158,170
37,108
38,157
120,170,189
44,160
8,53
3,35,181
67,163
8,127
138,179,194
8,131,146
3,41,190
15,122,153
75,88
15,59
160,191
3,199
18,37,78
23,86
90,105
93,97
25,38,163
1,37
161,171
88,128
22,36
88,160
50,62
73,110
26,81
147,182,187
65,198
54,90
108,147
95,187
153,180,200
62,190
83,147,174
70,104
112,114
124,154
111,163
22,140,149
57,110,144
64,105
151,192
105,186
108,151
44,105
2,21
51,60
138,158
94,153,156
57,61,190
8,25,148
121,180
74,123
23,111
12,89
7,124
117,156
21,192,195
18,151
43,104
140,158
52,133,199
163,183
44,150
1,139
27,92
3,104,139
23,112
4,86,187
95,175
138,151,158
127,136,163
17,28,102
61,102,143
89,148
112,155
8,10,15
158,199
67,156
16,117
57,78
11,40
176,178,182
91,200
59,159,198
81,112,119
30,96,180
1,24
46,60
52,177
7,193
15,198
91,142
50,86
53,63,153
92,140
9,30
8,100,181
143,160
67,182
77,144,152
6,164
8,193,195
66,94,184
81,177
36,108
68,134
5,101
79,134,186
49,120
77,143,146
1,12,156
7,8,55
41,183
63,118,152
65,134
113,197
15,71,182
157,173,184
35,36
122,143
111,135
119,155
11,101
81,145
86,147
17,63
139,188
92,154
35,77,157
62,118
17,123,192
134,148
53,61,196
50,52
179,189
6,134
18,194
100,184
75,126
16,112
24,193
86,200
39,65
24,44
22,50
165,194
132,198,200
69,153,193
106,196
97,116,148
27,143
102,129
48,125
102,149,190
90,187
14,173
134,193
100,192
85,169,190
23,121,189
33,177
14,25,168
34,141,170
3,114,121
48,150
1,40,90
125,133
86,166
80,113,122
61,63,138
55,86,98
99,110,140
20,80,147
70,134,176
80,145
32,44
6,29,31
57,168
59,159
178,181
86,182
1,51
75,106,142
25,150,177
66,157
4,74
155,172
11,17,96
5,72,120
159,180
117,130,156
41,121
26,178
116,168
11,142,168
2,21,105
36,79
5,56,171
63,172
89,105,196
147,173
10,30
21,54
88,127
54,122
8,46
46,96,149
13,99,194
30,121
95,186
37,95,98
39,60,158
43,72
65,105
58,121
106,128
109,125,181
135,182
35,121
82,159
46,101
130,135,172
4,58
95,160
39,66
46,187
63,170
32,191
150,167,193
85,143
88,153
51,103,158
65,105
42,52,122
3,16,67
34,158
94,183
2,64,123
128,156
154,166
38,155
5,60,64
34,154
9,102
1,80,145
6,103
137,175
1,156
31,36,174
97,150,173
12,108,172
14,52
132,149
183,194
70,130
30,118,127
24,182
35,174
128,132
11,29
14,62,165
91,190
32,95
15,125,162
13,144,162
68,182
48,102
128,158
22,94,141
125,197
114,164
27,52,75
42,46
6,49
95,173
156,172
80,133
68,103
137,170
1,71,198
29,83,199
52,146
48,136
18,200
6,37,189
20,71,86
17,77
124,157
156,165
52,99
1,29
35,172
47,135
96,140
62,185
85,92,94
57,63
73,90
56,163
32,129,197
143,161
6,49,90
38,159,193
150,169
32,137
63,71,159
30,112
94,186,191
44,100
45,150
93,110
119,143,177
51,169
22,70,140
159,165,188
20,158
22,134
32,36
45,72
25,47,105
9,126,173
16,145
147,161
47,93,158
3,70
3,70,199
129,142
21,106,193
152,153
109,122
23,108
54,118
139,165
145,174
59,161
23,147
20,78
40,64
10,116,148
33,195
2,65
24,36,71
77,136
32,135
25,34
72,166
55,59,182
22,115,156
135,197
32,154
60,92
150,183
119,153,180
44,122
69,140
66,120
10,29
22,159
115,130,165
59,93,154
55,86
152,174
25,43
63,177
47,72,124
3,176
7,58
129,175
81,178,189
98,100,186
40,48,54
5,195
8,127
34,38
10,184
76,116,168
100,191
6,41
11,157,186
54,111,173
24,135,178
90,115
98,105
19,71,103
32,129
52,81,141
14,41
21,34,168
39,112,192
85,116
29,67,135
46,51,66
11,91
2,19
9,185
92,95,101
103,157
2,150
59,116,132
72,97,150
7,20
71,115,130
46,151
63,136
157,186
101,173
72,151
101,174
56,99
52,144
17,35
19,43,67
5,64
104,198
142,147
74,87
37,100
81,200
9,145
4,29
92,178
20,74
37,75,118
82,121
93,97
81,99,182
69,113,154
44,180
8,96,141
82,87,188
59,188
129,132,188
122,190
17,158
18,64
49,127,169
95,158
4,97
27,137,144
109,153
62,73,99
15,72
5,184
136,185,199
41,114
154,157
104,174
17,51,105
54,138
129,132,151
74,111
72,103,164
2,19,89
87,128
9,47
111,174
77,144
117,118
67,92
128,186
155,170,194
17,66
100,104
113,198
45,93,193
124,190
29,191
61,152
57,188
19,146
37,89
88,187
109,189
132,186
27,54
44,152
35,79
49,83
44,84,132
47,87
64,123
46,102
74,114,177
26,91
170,183
28,97,132
39,50,53
41,74,109
79,178
72,92,128
53,177
59,60,103
33,140,169
45,113,158
84,103
19,27,58
20,42
34,100
12,16,196
52,173
187,196
31,51
39,120,167
85,184
41,193
56,125,137
25,143
37,160
9,14,190
79,95
90,99,190
25,109
82,165
84,142
75,147,152
4,24
105,197
59,82
178,200
94,123
24,86
9,126
30,38
10,30
77,97
24,182,199
