27,50
9,37
14,26,39
16,33,44
12,15
10,35,44
6,21
14,39
2,24,28
38,49
13,47
26,33
27,32
13,16
17,18
2,22,28
28,37
18,33
7,38
1,4,9
23,41
4,47
16,29,47
30,34
9,16
18,23,44
14,23
23,36
27,47
26,28
17,26
5,12
13,26
3,17,31
31,42
17,41
38,39
5,40
1,32,36
11,17
12,31
3,30
3,21
13,45,50
12,27
2,8
29,36
9,43
3,8,34
5,25
3,49
30,35
37,41
23,49
20,22,34
11,41
22,28
40,49
4,21,26
38,47
21,26,34
9,31,42
1,4
11,20,48
13,19
13,29,49
14,36,48
1,29
3,43
20,40,48
6,39
5,19,32
16,27
18,49
11,32,40
2,28,30
9,31,47
10,13
14,45
2,22
5,36,48
18,25
18,35
15,16,18
1,9,47
6,7
4,15,32
4,29,44
33,38,41
5,41
21,26
5,20,36
22,35
22,34,43
30,32
24,30
24,28,35
3,28
18,29
6,44
6,7,14
15,29
7,11
11,19,32
21,24,43
3,21,34
21,49
21,35
19,48,49
15,35
15,32
8,25
23,28,48
24,41
23,41
10,20,35
9,10,27
30,43
9,36
14,45
25,30
21,43
2,17,39
13,39
13,27
30,39
20,32,48
1,23,24
16,22,30
2,21
18,44
40,49
4,19
24,25
11,17,36
6,20
13,49
40,49
12,30,46
6,9
22,26,35
14,45
15,33
26,28
17,20
16,20
9,31
4,15,50
5,6
38,39,43
18,20,49
11,19,20
22,24,26
10,25
24,26
10,16,23
26,36
10,50
28,30,43
6,9,28
20,46
28,30
30,34
40,45,49
27,44
8,21,24
8,28,35
33,50
20,39
21,28
23,26
17,32
24,34
3,10,33
25,44
11,18,23
6,16
6,14,40
29,47
3,35
2,22,28
11,18,41
16,23,44
13,29,31
11,22,35
21,22
1,39
44,47
20,37
15,37
10,15
14,23
17,18
8,28
8,27
28,35
23,42
7,14,36
21,26
17,45,46
32,41
7,35
6,41,49
6,25
1,4,42
36,41,44
22,28,34
9,37
38,47
23,37
7,20
8,30
2,8
10,31,33
31,39
5,41
9,10,42
26,47
18,19,32
5,34
17,43
14,46
22,39
5,20,49
9,42
9,44
7,16
4,44
27,50
5,11,40
40,47
36,37
25,34,40
4,10,11
8,35
3,5
5,17
21,24,26
29,50
17,22,38
18,32,49
2,22
43,47
5,23
24,28
8,22
23,48
4,5
18,41,48
6,9
37,46
2,7,13
29,42
17,19
17,33
12,27,38
21,42
22,40
37,50
17,24
26,35
13,37,44
7,10,33
12,47
13,33
8,22,43
4,47
16,41
29,40
1,37
3,24
27,33,44
21,38
11,19
25,46
22,40
12,21
17,33
40,42
16,33
2,6,39
21,26
20,35
