9,23,50
10,37
14,16
40,50
4,8
30,36
2,19,25
13,14,15
1,25
29,35,41
4,8,22
21,35
4,12
37,45
4,8,46
11,17
27,33
33,42
1,23,27
40,43
10,11,43
24,32
42,50
6,48
25,46
6,14,26
27,49
19,45
22,39
4,11,17
2,44
15,47
8,48
5,9,13
19,50
7,49
20,33
39,49
39,47
32,43
12,40
5,32
2,24,44
8,31,49
6,18,49
25,49
28,32,34
31,42
14,15
28,35
18,43
26,28,30
9,11,46
35,43
33,44
31,43
18,31
16,39
12,32
37,41,44
16,30
22,38
1,13
7,20
8,45,48
12,25
21,22,46
19,31,46
34,37
14,19
22,35,39
16,19
3,9,13
26,34
25,38
16,40,45
11,18,29
19,45
14,24
4,24,25
14,20
9,17,48
10,19
21,48,50
14,35
21,39
6,22
20,37,43
14,15,48
16,29,40
4,7,22
22,26
8,32,35
4,34,46
33,41
6,35
7,47
3,9
11,15
3,29
13,49,50
19,45
18,32
36,42
16,40
6,9
25,49,50
26,49
12,39
7,14
36,45
7,9,47
43,48
29,41,48
5,24,50
16,21
5,30,50
6,8,35
13,32
11,24,33
18,39
5,12
1,27
3,7
14,17,41
25,38
11,15,18
21,39
1,20
1,13
40,45,48
5,17
13,33
3,27
13,38
25,30
12,23
9,23
9,23
38,50
4,22,35
22,46
13,32
4,8,49
25,48
23,40
14,25,31
2,47
6,32
14,33
1,13
38,46
22,35
24,26
17,44
5,19
21,28,49
11,37,43
10,26,37
4,28
3,40
9,39
30,36
31,36,45
17,26,48
13,28,46
18,21
17,43,44
8,34,39
21,46
44,47
18,39
28,35
7,14,17
35,46,48
20,50
14,33
21,43
30,50
42,44
1,19
26,36,40
8,28
14,20,34
30,45
14,47
2,19,30
5,19,40
33,36
3,45
29,36
20,28,50
4,8
27,36
10,11
9,17
17,23
20,29
9,30
6,9,15
7,14,19
41,44,47
42,46
37,50
26,31
9,13
7,48
34,40,41
5,18,39
20,33,41
2,7
6,32,39
8,37
25,42
33,41
4,49
26,35
31,42
12,29
3,4,42
7,44
3,4
27,36
9,19,27
2,24
3,45
5,9
28,48
22,43,47
3,50
22,41
5,42
2,26,35
15,41,47
11,45
35,43
3,49
29,45
5,20,28
26,44,47
32,38
1,3
21,45,46
6,18,39
10,13
14,28
6,34,39
22,32,49
15,28
14,43,50
23,36
20,22,23
12,25
21,35,39
24,41
22,30
14,15,44
4,37
13,19,35
10,19
15,17
19,23
20,39
44,45
12,42
26,33
13,15
41,47
40,41
1,16
10,33,37
8,21,22
36,45
1,2,5
4,18,35
21,36
5,32,37
26,27,42
7,43,47
15,44
6,10
10,44
29,30
