20,27
35,36
14,40
12,34
18,49
31,36
17,24
4,10,17
27,30
18,29
41,43
11,31
21,23,44
40,44
8,19,35
36,43
28,44
10,18,28
6,22
5,45
13,47
26,32
7,15
4,37
14,16
8,18
20,23,27
29,49
6,22
9,22,34
2,3,9
25,34,42
7,31
23,27,37
13,36
1,5
11,31
2,40
1,29
1,19,40
2,7,11
7,22,49
14,44
7,50
4,29,33
17,20
23,47
23,27,33
8,16
31,40
25,36
1,12,32
18,47
4,33
23,47
29,42
23,43,49
27,37
31,47
4,7,50
40,45
3,11,50
16,44
25,42
5,49
4,10,23
2,4
2,36
25,50
24,39,40
3,4,13
4,17
8,13
24,39,41
21,30
10,17,28
8,49
32,35
2,31,39
18,23
9,26,32
26,46
41,45
45,49
4,23
20,36
1,34
27,28,47
41,46
12,15,49
36,41,50
20,46
37,47
1,30
27,32
16,28
11,36
39,48
3,31
1,26
33,39
26,42
32,49
13,29
10,28,29
16,32
34,45,48
30,32
20,44
20,29
18,30
11,47
10,39,41
5,45
29,42,49
10,20,36
9,12,25
10,29
10,29
19,44
5,9,30
20,36
9,10,40
34,42
9,12
4,47
1,33
18,20,47
12,19
30,39
17,33
12,22,32
20,38
10,42,44
7,11,21
17,26
30,43
4,17
31,45
26,50
26,41
12,45
7,13
5,22
15,49
4,29
16,42
3,40,50
5,6,45
14,36,46
10,24,47
30,46
26,29
2,14
3,42
4,32
28,43
19,41,43
4,37
12,31
21,44
43,46
26,42
18,21
2,26
4,29
11,19
18,29
16,50
4,36
38,41
20,27
3,11,19
1,12,49
44,47
19,32
5,25
4,31
37,47
20,24
11,25
3,12
13,30,31
46,50
18,27
6,22,32
7,20,21
23,36,43
31,47
2,13,14
16,44
9,17,49
20,23,27
13,33,42
13,22,34
18,29,37
29,49,50
27,34,37
14,19
12,16,27
13,35,43
16,19
26,30,47
43,50
3,25
1,38
20,28
13,41
4,47
12,26
10,20,35
12,17,34
8,38
7,44
6,47
31,48
10,28
5,42,49
18,23,47
24,39,41
17,21
4,34
33,44
2,7,43
18,27
24,44
23,46
11,43
12,19,34
9,32
9,32
1,35,47
32,34
41,44
10,26
24,27
9,23
38,43
28,41
18,20
6,9,25
41,46
7,17,26
10,12,33
10,20,38
7,29
3,36
9,19
7,31
18,44,46
7,23
4,21,24
19,41
6,26
13,43
3,19
14,24,29
8,35
31,43
31,37
20,34
40,41,43
9,26
22,36,48
36,42
1,26,32
12,14,16
25,44
13,21,44
30,39,44
14,28,39
7,40,44
39,44
14,36
48,49
29,34
24,32
12,21
14,39
12,25,49
24,37,47
25,31
15,42
