33,122,135
4,120,200
158,199
28,77
31,130,158
84,104,131
10,46,79
142,143
20,73
1,13,107
5,70
57,59
10,64
108,151
6,37
47,198
131,147
62,183
101,122
35,70,135
152,182
26,35
10,54
25,77,152
3,28,140
39,174
66,119,191
120,160
31,107
84,140
105,115,196
42,79,132
51,111
113,171
93,152,157
43,105
5,161
81,160
17,158,199
105,156,177
10,83
41,60,186
38,42
70,122
27,46,116
77,167
4,113,130
167,183
28,115,128
48,194
81,93,149
58,59,116
91,105
43,128
112,152
3,135
21,52,69
14,74,159
39,162
123,197
117,187
157,182,191
14,115,143
33,101
44,57
127,191
17,65
22,148
51,89
49,80
29,174
47,66
100,156
48,97
74,130
94,111
41,188
61,169
40,48
66,166
184,193
37,75
23,57,116
14,40
22,34,142
42,54
43,56,109
10,48
95,134
23,161
44,85
18,156
59,150,171
101,144
31,159,183
106,191
1,78
80,178
11,150
112,116
10,83
77,116
55,182
3,116
110,157
15,65
31,33,71
51,172,185
12,117
45,127
13,142
7,148
67,101,158
6,159
84,196
48,95,109
8,104,121
22,67,177
39,109
164,165
51,170,194
22,123
72,128,131
51,178
67,82
27,34,153
60,79,106
97,158
26,41
14,131
48,185
53,128,180
44,105
89,158
56,99
79,146
57,73,104
48,127
75,153
151,198
32,121
29,98,142
67,147
60,158,167
47,119
28,38
3,21
68,121
109,157
108,182
119,161
18,52,95
82,173
7,132,156
14,134
14,84
114,132
167,199
73,103
8,104,183
18,118,198
93,109,155
56,155,193
46,94,180
104,164
121,158
138,158,167
141,174
54,143
39,164,170
21,52
20,68
51,170
156,172,178
37,94
8,127
132,136
86,163,165
25,109
99,106
174,188
159,184
64,157
106,121
40,60,188
47,87
3,43
47,132
23,74,104
53,63
36,78,136
32,105
72,200
18,78,151
25,193
116,130
69,148
77,126,130
89,163
14,97,147
40,71,74
22,127
198,200
63,92,196
70,78
7,123
147,158
29,126
78,116
78,132,150
24,171
30,46
3,192
35,79
24,89,139
72,91
131,183
150,160
19,45,161
8,158
103,144
44,71
32,45,108
114,200
138,188
30,113
49,200
99,151
37,46,128
96,151,163
106,150
7,60
26,75,172
44,188
19,54,84
120,181
122,154
17,183,199
13,70,149
150,197
54,124
53,195
85,136,167
39,189
13,61,106
55,132
3,38,105
41,184
111,113
159,186
8,13
65,87,152
83,112
37,181,195
62,172
27,140
70,110
15,196
124,143
79,112
2,105,135
66,200
105,184
3,65,140
109,141,196
41,147
71,130
17,72,184
158,183
1,22,198
46,112
2,10,52
52,163
33,171,198
62,122
46,69
11,166,198
99,155
53,63,79
24,82
16,98
129,141
164,172
21,55
7,106,118
130,194
55,145
3,196
26,133
31,48
123,132
78,118
28,149
102,184
187,190
89,124
36,70
109,115
75,143
33,80,140
16,34,54
46,90
52,119
50,71,72
48,131
108,187
72,131,144
143,176
50,133,182
109,113
30,97
12,72,126
16,68,149
78,108
2,38,47
71,190
20,89,172
90,196
95,136,157
31,39
6,48
139,164
115,129
3,146
26,68
8,99
28,126
7,36,154
20,121
2,152
118,174
43,116
98,128
140,178
56,79,100
68,75,113
6,74,166
5,47,66
73,188
48,147
2,76,162
14,147
45,129
132,134,200
25,30
138,184
151,199
5,139,185
61,178
21,95
67,71
88,148
95,169
5,21,167
17,78
96,198
50,96,118
92,94,105
65,101
65,126,153
13,118,186
6,113,139
12,87
32,68
19,52,66
40,172,188
115,141,142
90,139,147
2,143
167,170
77,109
29,94,99
61,74
61,96
136,166
33,57,67
75,110,184
159,172
26,36
82,134,198
55,112
91,139
11,36
28,112
15,43,127
40,60
53,146
148,150
31,161
36,186
43,137
149,181
4,121
20,44,51
26,166
88,122
74,103,167
7,173
1,61,163
78,187
33,160,197
147,159,184
91,117,190
94,129
86,167
105,144
122,132,163
44,111,130
16,143,157
23,67,72
150,199
95,96
21,70,117
33,41,144
5,101
18,64,145
2,15
37,41
73,127
36,200
14,87
154,191
58,108,165
62,185
98,122
103,144
37,76,98
73,182
4,52
60,160
25,79
83,126
5,88
151,178
55,64,133
68,189
12,65,115
15,77
69,102
61,112
14,171
113,138
42,189
58,177
18,136
101,119
82,166,169
68,198
148,163
18,67
95,96,119
9,81,141
139,159
5,101,114
73,103
60,167
10,50
78,121
19,98
125,175
68,141
22,32,145
131,157
90,158
57,81,87
114,127
13,55
34,90,175
1,81
23,138
40,164
66,150
160,186
29,69,146
164,166
79,152
12,123
91,138,167
5,117,178
24,46,80
16,116
32,166
15,153
158,178
22,36
30,92
82,191
33,121,130
168,174
36,78,101
138,160
22,70
90,114,153
4,194
38,157
31,86
170,181
93,175
61,100
2,158
19,26
13,127
31,167,172
32,122,200
26,68
68,179
24,114
155,176
126,153,196
5,198
49,87
11,142
113,144
84,129,197
73,91
126,129
100,120
166,173
1,118
47,182
119,186
159,197
85,101,132
50,172
108,184
29,186,187
21,82
192,194
111,131
38,99
96,107
88,186
92,153
2,178
164,183
89,113,127
26,135
13,122,173
40,89
14,41
79,137
75,142
131,159
5,145
71,74,147
18,19
63,159
10,192
9,76,81
106,151
98,152
93,104,188
70,111
49,92,129
29,87,142
2,93
22,150,182
30,128,162
185,194
54,120,187
12,126
139,190
7,186
24,86
176,191
16,195
58,170,194
38,75
19,85,154
48,59,160
26,101
9,168
143,173
5,44
39,70,121
8,92
22,78,106
41,180,184
34,173
30,92
75,196
70,132
27,55,141
56,109
40,153
14,131,199
50,177
121,189
79,109
20,167
12,58,188
148,150
96,135
26,134
114,164
166,169,182
99,149,178
120,128,196
93,94
20,92,153
3,143
160,183
92,113,190
2,25,193
114,136
9,90,155
89,164
76,111
105,198
13,22,119
26,85,173
12,143
41,45
1,66
21,95
147,171,199
50,200
51,139
40,139
12,79,92
121,151
99,117
30,156
66,106
157,163
40,160,194
111,164
43,56
5,64,145
36,156
183,184
23,106,195
69,197
97,160,188
33,41,121
65,96
118,169
105,140,189
103,171
15,93
129,165
4,186
49,181
45,200
24,48,71
108,166
88,135
19,96,186
95,180,193
19,90,154
51,139
29,143,152
20,141
29,53,153
115,168
2,116,193
162,163
51,74
73,114
66,200
24,58
40,102
13,26,132
41,124
28,140
117,143
24,104,171
116,142
51,121,158
58,152
68,120
38,99,129
48,74
62,184
69,108,123
86,113,130
17,86
44,147,165
164,168
40,185
33,62,86
150,151,182
8,60,93
55,69
113,183
72,123
18,85
6,7,15
47,151
3,43
100,186
92,153,178
133,169
42,46,61
58,128
42,70,192
13,26,198
104,194
66,200
66,133,166
176,194
16,37
87,105
120,193
108,154,161
55,148
27,197
87,115,156
22,106
160,183
166,185
39,115
83,90
128,138,195
72,138
101,177
11,175
4,111,192
6,39,109
70,154
9,107
8,97,109
22,64,107
79,125,152
26,85
68,89
25,134
79,168
110,118
99,145
146,150
33,84
24,31,192
62,183
93,128
28,98,117
5,78
128,181
14,90
125,152
35,95,114
116,179
92,100
37,186
25,29
2,79
35,70,135
152,186
105,154,176
106,117
34,81,137
75,129,141
98,112
99,126
105,152,174
12,51
16,181
47,101,150
58,90,120
7,26,66
13,32
9,100
22,32
83,90
31,111
71,188
28,176
38,62,108
34,93,181
22,184
31,89,157
22,32
112,138
5,70,136
137,155
14,184
48,73,102
43,98
13,106,118
81,164
36,64,85
35,192
20,152
111,159,183
118,124,138
85,133
7,78
86,156
112,140
129,143
61,132
57,103,150
88,148
57,198
100,142
1,8,67
116,124
18,134,169
83,93
121,144
15,81
93,96
8,49,186
11,17
28,30,120
60,131,164
41,46
12,38
1,69
85,96,114
154,190
21,44,165
118,136
44,165,199
10,97
110,114,198
29,30
101,200
60,144
138,199
76,105
21,35,150
93,125,179
24,188
43,47
94,137
24,130,174
9,10
146,166,169
24,33,91
60,67,71
69,96,148
25,133
47,91,99
76,105
14,92
1,31
95,108
2,168
72,137,192
153,196
70,86
107,115
59,115,162
49,105,117
143,155
119,197
22,156,161
48,73
23,160
98,153
57,130
73,162
96,163
43,147
94,189
20,91
85,96
157,196
56,57
1,44
4,127
97,187
69,106
18,170
128,166,191
110,118
27,173
98,140
49,122
125,178
94,141
50,108,135
87,190,197
121,139,172
12,56
86,111,147
47,187
22,197
69,135
7,187
16,98
31,167,190
30,119,134
3,90,181
121,139
41,121
20,192
54,58,177
36,122,191
41,160
112,129
6,121
3,76,194
26,63
114,124,179
65,163
38,87
36,118
98,158,163
59,181
93,113
51,124
48,104,190
71,93
69,155
39,182
68,79
51,92
148,182
14,167
48,97
62,164
128,152
17,20,104
39,115,153
5,39
19,136,166
114,167
168,199
125,170
4,121
11,75
39,136
18,105
9,49,116
39,49,83
141,178
75,124
62,148,192
37,80,174
7,47,134
12,124
103,119
44,96
54,185
4,91
50,64,108
92,157
94,153
87,181
27,115,152
33,172
19,99,169
1,135
4,17
67,199
119,198
25,180
21,166
5,38,98
85,182
142,180
17,36
59,109
118,198
86,97
104,160,171
41,95,134
81,103
67,97
132,135
125,180
42,161
73,147,185
14,51
145,179
47,101,136
52,146
43,59
169,195
21,50
92,95,193
22,101,161
33,164
153,192
148,161
94,99,105
77,138
34,116
20,23
79,102
12,64,128
83,125
2,195
79,128
92,186
4,139,183
139,180
138,184
37,142
89,103
37,183
115,195
76,140
26,106,166
140,200
14,20,131
6,94,146
60,121,132
38,55
97,121,145
74,179
75,136
61,168
101,148
143,196
18,19,173
52,185
17,108
2,162
88,148
134,168
35,114
112,149
74,159
126,175
114,136
23,130
35,88,118
82,132,145
112,123,180
130,170,199
16,59
17,31
112,115,143
12,152
53,77
64,99
50,123
34,94,124
101,187
48,72,160
168,199
64,101,191
66,124
73,124
100,189
99,153
55,107,145
5,47
7,64
75,152,177
22,31
78,102
2,87
118,128
35,117
101,122
63,112
101,107
92,139,184
43,140,141
25,105
5,32,182
87,121,137
98,105
97,103
18,186
46,152
12,54,120
80,90
79,109
57,102
36,61,138
97,103
60,129
55,169
7,108
63,105,149
38,83
60,85,181
110,187
87,125,155
58,82,146
19,67,100
7,146,191
7,187
57,104,164
38,42
59,172,186
126,156
91,104,127
8,147
22,194
14,25
83,94,105
15,18
22,157
3,36
113,159
51,122
149,178
6,14,67
73,94
3,10,12
14,103
4,17,199
107,148
48,168
107,122
138,169
34,96,176
9,106
63,162
65,190
15,193
32,45
126,190,195
44,190
102,104
102,194
166,200
53,165
170,172
157,168
74,184
190,200
76,180
69,108,182
52,101
15,177
76,92
131,165
8,199
56,66,80
107,163
2,181
109,126
152,167
25,58,98
76,120,177
21,187
17,102,172
61,107
89,144,160
8,24,160
1,19
140,153
44,111,124
105,197
8,169
26,118
65,98,109
22,142
28,50,80
107,108
92,195
29,58,92
