39,98
4,82
37,41
26,49,197
144,159
4,29,177
15,43
44,77,157
100,171
21,111
44,161
49,94
141,152
56,120
22,114,147
110,128,150
119,165
132,155
108,141
69,148,197
73,102
98,127
65,158
166,186
133,165
53,158,186
77,117
41,73
54,102
29,96,131
31,97,130
33,91
99,105,185
111,172
2,119,136
36,166
54,88
91,173
6,124
79,147
48,84
31,112,153
84,108
28,133
19,148,170
58,59,116
189,200
175,180
176,181
76,112
60,120
36,45
81,101,157
46,187
105,124
11,32
30,54,151
91,135
7,71,193
44,68,126
49,68
53,169
34,93,182
36,78
13,78
123,132
142,193
107,147,190
85,137
145,186
21,40,77
97,109
62,188
51,177
71,89
14,40
38,41,134
45,64,138
29,89,142
127,173
73,179
59,87
22,110
96,122,161
44,49,83
34,183
15,77
3,95
72,164
121,142
86,88,169
126,130
166,178
130,176
119,149,199
26,45,52
68,123,141
49,128
111,163,177
15,90
40,83
38,57,190
122,136
105,134
58,159
46,159,185
20,24,51
96,109
40,146
45,70
89,145
50,69
13,121
92,134
19,163,176
134,154
45,165
35,48
60,134,168
10,115
132,174
27,162
119,131
61,164
143,163
43,199
138,148,153
6,49,125
140,198
47,175
126,133,159
40,100
60,145,180
97,113,126
75,145
84,163
107,121
50,161
97,176
29,94
49,120
97,110
129,137
38,128,132
181,196
56,190
50,68
79,99
89,117,160
186,188
111,124
10,42
29,72
65,172
62,77
93,186
96,136
99,158
19,172,175
176,199
16,187
157,180
94,168
186,190
40,60
36,55
196,197
16,85,170
5,33
66,76,135
4,198
17,58
63,111,165
55,146
89,171
102,111
10,76
46,67
15,129
114,182
100,136
18,24,61
6,160,178
112,135
7,10,13
25,105
122,127
36,117
5,33,53
126,139
26,149
118,194
6,105
94,105
14,24
16,83
50,119,180
35,98,200
18,148
48,72
14,21
30,94,118
146,163,183
89,94,180
68,89
39,62
16,59
35,177
65,169
45,100,167
35,173
47,148
37,65,120
6,199
71,188
101,172
126,157
160,180,188
147,173,196
148,197
90,133
172,184
53,101
160,199
32,48,148
65,101
39,115,188
49,82,110
30,36
31,90
144,159
25,190,196
144,174
19,66,165
13,32,126
30,141
56,74,179
62,88,181
122,194
92,113
2,116,150
93,174
24,40
77,163,167
105,169
17,196
4,77
62,103
64,178
27,82,123
11,147
30,94
138,153
9,180
166,187
101,144
43,75,133
96,192
72,129,141
50,95,112
13,33
170,195
174,188
3,62
90,101
18,83,146
91,98,107
70,82,140
32,96
171,190
20,72,109
95,188
15,113,137
73,168
100,172
33,181
175,182
32,43
33,78,97
133,164
61,155
87,120
65,200
100,123,130
73,128
97,188
85,149
105,147
15,182
70,105,138
50,104
151,195
55,121
53,143,195
4,35,140
32,146,196
10,183
184,191
25,37,87
76,156
15,53
146,164
103,181
54,185
66,95,101
137,156
117,164
39,97,178
46,188
1,129
22,37,49
30,175
122,130
17,180
6,41,52
48,52
24,40,191
17,178,195
34,101
2,158
5,41
120,161
22,82,134
131,141
158,163
46,108
2,26,125
90,200
75,101,144
79,110
56,63
47,170
2,134
37,163
39,154
112,148
6,56,120
12,34
125,196
58,113,188
24,61,195
57,118
107,156
2,74,131
16,24
111,146,194
32,66
69,124
62,86
55,91,151
43,46
33,58
95,174
8,109,146
88,152,158
42,84,93
21,150
13,53
5,117
9,58,122
166,174
8,108,152
13,53,113
15,92,153
79,88
78,162
79,134
86,108
18,39
46,198
10,21
22,190
19,108
8,23
51,120,159
19,111
85,165
9,130,142
45,99,173
77,85,180
103,170
71,126
72,187
19,169
81,138
172,182
9,62,108
42,134
4,172
74,113,148
24,158
155,169
104,186
54,178
45,74
17,28,171
21,103,163
157,160,181
116,182
125,147
94,179
99,179,190
26,135
82,121
57,179
62,163,176
65,89,164
12,175
44,81
71,198
12,18
18,23,43
25,107,122
29,48
30,34
43,75
3,30
37,134
99,171
34,177
9,86
114,130,171
7,160
33,43,166
95,118
40,148
30,109
42,88
20,77,91
38,152,183
41,182
32,53,101
135,199
92,194,197
65,125
47,100,175
66,104,160
11,126
77,118
55,162,184
96,162
48,192
114,131,173
94,136,158
14,40
12,92
21,88
16,181,183
14,62
44,186
63,148
74,110
36,148,187
6,68,178
144,171
1,164
14,177
38,172
52,197
76,145
124,182
158,185
111,138,139
27,127
110,192
29,110
31,101
66,156
116,138
141,146
35,190
38,132,149
126,137
104,117,135
68,117
20,38
98,199
27,115
26,67
75,80
30,47,194
111,169
21,136
134,179
1,8
161,163
37,41,45
77,194
144,152
71,95,172
101,180
33,104,166
39,44
5,126,199
7,22
26,116,150
74,106,196
63,67
27,119,165
87,168
163,195
76,144
130,159,171
30,69
9,199
88,164,181
92,143
29,118,177
25,58,132
30,75,95
15,28
63,159
9,85
89,117,163
48,141
37,59
122,132,187
180,195
59,185,196
83,138
145,200
71,123
13,116
28,85
87,191
16,152,191
71,178
175,195
102,121
169,181
45,64,168
43,160,183
170,194
3,63,189
76,154
72,141
22,156
87,169
174,177
26,27,106
54,132
27,130,194
11,145
129,184
36,65
33,89
81,104,189
166,189
69,82
55,62,177
18,36
6,133
53,62,147
55,100,129
14,159
36,196
163,181
71,80
19,100
102,166
138,173
10,48,171
57,182,199
48,181
116,168
167,191
89,132
91,157,177
7,130
15,115,189
94,150
110,132
49,81,160
37,102
133,142,199
53,200
45,87
40,170,195
71,88
104,130,137
87,95,198
53,62,78
150,166
114,164
131,197,199
118,197
115,198
60,79
53,135
51,62,109
110,127
27,120,196
172,176
141,146
37,90
88,157,164
91,182,185
70,113
45,151
117,130
90,190
112,144
120,161
90,93
173,180
35,106,110
25,36
59,74
55,77
33,53
1,146
53,87,125
49,168
15,68,115
89,137
7,85
67,169
42,44,46
123,166
4,91,132
104,112
56,124
109,184
53,187
116,158
42,188
10,180
6,52
155,170
120,181,191
117,157
4,138
1,62,162
3,67,162
100,195
83,155
42,88,172
106,140
100,183,184
79,90,117
122,165
3,133
75,87
64,108,137
75,166
40,170,172
111,142
3,128
74,120
112,175
3,61,85
2,68
51,144
64,110,119
170,176
26,165
3,180
10,55,160
40,146,175
59,138
74,116
46,146
98,104,184
56,173
90,189
52,190
49,80,95
10,118
10,44
43,121
30,133,141
150,184
132,166,191
16,20
78,89
74,137
114,121
40,85,148
5,38,84
50,160
49,166
106,192
44,58,188
30,46
3,66
107,132
91,105
67,117
3,145
23,51,197
64,77
20,163
117,157
94,107,154
62,136
72,143
110,115
133,193
33,39
10,93
110,127
55,108,141
17,112
6,110
77,92
48,70,116
92,112,198
55,68
77,148
35,48
7,66,142
94,124,136
83,152,162
41,63
33,44,62
95,125
25,180
19,170
54,141,167
63,124
54,153
86,183
98,116,119
100,135
15,166,189
53,121,180
164,169,195
148,169
118,181
103,162
15,31,166
84,104
89,159
24,91
80,137,139
103,111
55,163
16,35
69,128,158
32,184
58,115
62,113,173
60,102
90,113
43,130,144
60,170
87,193
52,74,182
53,84,200
70,141,163
8,111
41,83
32,138
103,172
15,168
10,161
43,166
50,100
86,183
147,195
69,185
92,200
156,174
39,148
4,149,192
24,72,183
73,78
165,177
43,151,183
144,145
88,176
115,174
7,78
92,117
13,39
67,118,164
21,75,200
28,33
73,98,132
13,123
51,68
128,174,188
33,115
75,137
115,159
66,92
97,139
156,168
105,154
19,85,187
40,151
66,93
29,125,132
32,166
97,117
10,160
47,109,178
81,90,184
35,115
10,76,95
4,52,56
102,105
8,174
92,156
14,148
37,134
144,157
53,76,174
138,156,173
31,93
101,112,135
106,173
83,110
41,198
57,65
22,41
36,156
13,66
60,151
37,173
21,68,135
45,82,186
83,177
91,108
20,152
5,32
10,53
79,147,173
43,143,187
55,70
29,113
59,185
3,67,162
123,160,198
31,167
93,189
62,176
3,47
57,74
123,160
33,80,104
62,195
20,23,184
46,173
105,147
156,159
15,135,171
16,62,197
40,118,164
112,159,178
72,162
49,53
22,32
54,70
38,129
45,161,185
143,163
47,151
23,161
79,105,125
111,148,169
103,179
40,146
15,186
137,186
20,123,190
18,195
20,55
49,98
54,141
22,53
29,114
99,131,190
46,175
31,33,42
140,141
45,65,120
100,162
62,176
115,191
78,153
48,167
120,193
98,129
160,168,193
68,93,127
121,123
4,162
147,173,196
67,189
45,73
163,177
16,62
20,61
11,133
26,33
46,109
63,105,135
26,127
70,75
89,142,166
82,179
4,94,125
80,155,159
93,174,178
17,36,97
108,190
42,106
14,19,47
97,199
172,183
142,153
51,167,171
59,167
44,126,144
142,153
42,84,174
114,131
57,69
62,137,158
37,105
105,165
33,50
56,96,131
13,145
35,114,184
41,125,179
62,67
37,107
44,80
40,101
26,58
12,100
22,131,150
77,148
166,171
33,50,199
83,175
22,37,122
128,138
83,85
74,87,110
96,190
147,176
146,168
101,199
63,172
164,172
115,171
167,181
28,101
7,80,89
46,89
17,186
28,171
140,167
131,149
3,36
30,102
24,30,176
129,141,194
3,70,72
93,168
43,81
155,163,194
29,174
86,195
100,101
6,173
12,158,162
21,83,152
7,50,75
63,94
24,55
138,184
43,93,137
86,113,168
1,108
56,110,196
39,142
5,130
76,131,160
63,82,197
105,179
44,133
39,90,112
48,98,165
8,175
76,148
16,163,177
156,180,200
91,125
52,191
162,181
61,164
34,191
26,132
41,49
102,142,179
34,184
107,124,127
49,84
14,194
30,106,121
63,64,96
45,49,59
92,117
66,75,84
92,111
59,170
25,33,164
181,185
133,200
94,140
110,168
71,133
12,30,118
64,106
5,198
126,153
101,104,171
41,114,117
47,184
37,198
81,137
147,173
43,196
16,151,175
152,184
132,179,196
40,124
9,43,157
1,54,67
11,137
1,88,106
87,119
109,143
25,187
105,145
8,86
110,192
13,144
60,61
74,173
10,13
101,131
11,32
47,163
12,35
77,163
7,78,156
54,55,187
30,62
1,155
13,91
23,133
93,133
99,186
164,176,181
171,186,200
13,43,123
69,122
41,106
16,187
135,160
107,151
36,51,181
100,131
50,95
103,163,183
1,86
39,132
5,163
16,127,175
10,31
86,155
174,186
56,110
2,65
96,119
191,195
4,115,184
70,141
2,120
22,35
67,176
37,90
1,47
67,163,169
170,182
17,184
47,194
8,95
126,135,171
81,191,196
20,77
7,53
15,22,64
47,155
46,130,163
83,162,195
9,45
170,194
152,191
30,40
86,93,164
26,105,131
138,197
128,138
86,176,191
31,178
72,182
83,157
57,61
129,198
48,69,122
30,197
41,190
83,177
22,137
6,105
12,21
9,31,97
152,163,181
9,180
120,125
99,118,193
86,110
27,102
184,192
19,146
11,93
7,105
30,107,165
93,159
19,188
82,138
54,75
144,178
30,133
68,93
38,49
36,169
116,173
57,174
41,128
8,67
24,109,193
11,132
