15,101,121
11,145
35,95,102
5,84
11,161
12,160,182
111,115
21,186,191
10,85
11,196
90,177
175,180
74,147
56,65,107
108,116
23,122
176,194
72,154
34,36
41,132
87,166
63,92,110
68,182
68,178,184
96,184
76,111
61,134
48,63
81,194
127,188
81,126
78,148,170
42,82
43,146
5,37
3,38,91
141,152,175
40,51,76
21,150
62,80,146
66,112
114,171
10,115,132
7,33
3,50
24,35
69,157
168,197
114,121,146
19,21,164
113,131
58,111,171
47,50,174
80,147
172,200
32,59
155,158
58,156
33,87
58,101
29,185
144,153
26,90
47,73,150
79,172
58,168
16,87,144
59,143
23,43,142
70,136
7,15,41
47,96,120
17,170
143,159
150,193
69,103
32,112
26,81
40,76
26,154
66,81,143
98,103
1,8,84
101,172
22,46,176
101,174,194
99,200
165,168,188
13,148
20,138,151
77,162
45,60
147,183
123,173
7,147,182
17,92
84,141
22,106
119,125,129
31,105
25,45,77
44,45,136
105,170
1,40,197
7,29
75,165
75,177
36,49
17,46,65
13,94
50,102,176
78,93
46,79,80
68,87
117,191
35,92,112
2,11,91
29,121
15,166
39,107
28,163
29,43
18,51
29,137
8,56
59,186
41,80,173
66,181
65,69,135
34,185
39,107
10,135
64,193
176,186
114,137
43,101,143
33,81,147
16,75,199
32,101
64,90,113
30,199
57,60
45,58,185
142,152,173
78,146,191
3,5
120,162
37,54,144
4,96,131
3,131,199
37,68
117,141
96,124
89,124
14,29,60
16,128
2,10,30
13,100,101
18,88,175
30,169
119,170
36,145
34,117
45,144,154
88,190,200
31,120
1,5
121,130,143
4,75
60,86,152
34,198
85,134,167
45,117,169
153,187
119,127,139
43,158
7,79,112
142,181
1,125,141
9,120,193
4,19
19,81,109
26,192
65,192,195
38,90
84,168
10,101
36,135
162,164
79,146
23,81
48,173
91,120,170
85,117,139
138,157
75,131
65,97,148
6,173
148,192
38,183,196
104,160
34,146
86,156
3,21,64
21,161
112,171
30,165
18,81
91,178
155,167
37,123
3,193
19,161
26,65
70,109
27,59,192
3,105
62,168
71,120
131,147
73,144
151,196
145,183
4,37,196
46,139
28,124,182
42,71,149
42,144
18,82,193
37,144
111,197
60,79,87
156,165
139,162
10,26,145
19,154,170
31,170
33,79
49,50
63,185
23,179
24,95
2,193
79,172
150,154
34,155,175
97,159
12,79,171
40,92
32,70
68,113,193
38,52
51,151,154
45,142,176
2,191
103,113
75,86,146
34,67
14,195
16,73,139
73,90,164
57,186
63,169
34,39
130,168
108,165
6,42
148,157,188
81,160
35,192
4,30,178
49,62
46,186
26,30
82,198
107,114,155
32,122
108,151
1,62
63,184
13,30
82,195
147,152
5,72
136,159
3,33,131
39,136
141,168
16,54
43,112,142
32,142,186
44,63,103
21,71,163
110,159
106,148
54,150
14,149
5,139,178
10,136
19,123
84,88
32,43
10,200
39,106
39,192
26,141
92,165
25,61
121,176,194
114,172
39,115,192
142,182
46,150
101,191
41,125
75,117,178
39,136
84,110
58,97
74,143
138,144
99,142
105,151,157
5,183
71,184,198
93,128
24,190,200
64,90,144
91,113,163
6,35
25,168
32,68,162
34,118,140
52,144
49,110,139
66,79
100,166
46,95,134
124,142,147
164,174
5,184
89,140
59,90,138
108,169
28,158
115,191
52,185
140,163
119,131
38,53
29,66
4,196
127,130
6,97,108
76,129,141
42,87
20,89,152
19,89
33,41
136,138
104,193
25,49
40,150
150,153
35,89,134
33,173
161,165,172
15,178
6,40
55,180
5,171,191
113,128
6,98
68,139
136,182
61,137
2,145
167,176
26,130
121,174
50,103
98,159
28,171
4,73
22,167
20,52,132
17,57,72
6,95,110
71,154,177
102,175,194
26,76
27,71,73
151,162
128,138
10,84
31,59
69,200
27,151
38,96
182,189
135,169
53,55
62,156
35,95
37,75
38,195
23,53
71,113,170
15,80,147
4,98
18,75
127,143
8,34,135
17,59
22,124,151
145,146,155
31,128
38,162
78,87
13,32,79
81,113,157
4,71
73,164
27,87
113,162
4,72,75
4,34
63,157
64,164
31,160,166
18,48,78
25,110,137
55,155
116,200
17,71,138
26,84
37,47,187
20,178
50,151,179
45,56
41,79,94
149,184,190
28,41
42,68,96
88,191
98,177
5,158
79,111,132
33,35
100,105,189
101,114,126
23,74
127,176
2,62,65
56,148
118,190
2,34
60,62,93
103,104
104,170
11,153
99,183
151,180
16,138,177
45,171,185
15,183
30,102
153,195
118,177
15,141
90,180
68,109,117
74,81
7,84
28,194
95,175
15,33,172
100,171
23,197
55,71
5,180
10,56,106
35,95
69,181
3,47,133
29,82
2,41,136
8,65,84
163,195
5,85,91
41,127
150,183
85,104,154
34,69,148
42,98
6,199
119,178
70,166
56,65,69
130,166,182
25,63,109
90,177,184
3,89,181
168,175
62,102
85,124,153
27,65,196
74,186
42,54
65,84
75,136
99,164
14,53,54
48,187
74,161
49,69
90,118
40,103,187
18,103
56,86,107
88,200
21,48,68
68,199
63,155
14,161
121,173
75,78
158,194
56,159
4,124
83,90
33,128,131
106,148,156
159,175
112,156,167
6,62,125
126,127
96,177
25,191
29,66,167
31,138
111,185
18,41,87
12,183
108,117
112,137
128,164
31,101
26,136
116,128
88,157
54,103
73,77,180
6,19
36,67,107
2,30
105,174
26,61
30,47
15,109,110
39,51
1,159
36,141,195
114,157
69,86,92
101,106,185
54,164
32,74
70,163
70,141
118,173
62,155
134,181
94,139
36,140
61,175
5,91,163
41,126
39,62
46,121
86,169
105,182
125,138
32,155,172
83,172
21,100,165
115,157
102,112
67,152
142,174
101,121,160
21,114,172
147,172,179
80,162
93,164
6,159
74,167,172
19,188,196
66,158,194
69,115,148
87,134,152
106,156
23,137
140,188
34,76,118
178,199
32,79,114
60,135
32,166
40,62,106
123,142
59,121
46,105,126
18,42
86,142
15,36
19,35
85,183,187
84,159
124,160
23,105
98,103
7,80
19,27
28,33
96,150,193
61,168
45,92,191
5,139
29,157,167
1,65,111
62,104
29,66,130
42,139,147
33,167
23,130
2,175
104,184
21,82,162
16,21,162
195,198
78,165
12,27
92,137
41,123
88,147
46,161
28,112,171
10,132,200
64,126
122,189
82,139,177
158,182
62,78,191
23,101
56,110,169
77,85,177
124,173
6,190
47,131,177
42,190
33,79
48,111,191
53,162,177
114,194
65,105,183
19,52
55,191
33,158
90,157
37,120,162
73,113
179,181
158,194
68,166
63,95,111
52,131
59,94
99,126
23,78,139
70,113
145,193
141,156
27,119
66,126
66,94,101
134,166
192,194
43,46
49,69
78,106
59,121
60,142,167
58,92,125
48,102
18,137
6,12,167
43,147
125,133
32,186
108,172
45,106,190
7,55,65
90,150
18,27
13,147
45,135
28,105,167
59,122,176
70,128
34,58
18,37,177
58,62,172
40,157
101,124,158
23,94,142
22,36
31,166,174
77,154,161
56,123,187
123,186
112,138
99,120
50,55
21,53
38,144
86,192,200
128,184
37,53
23,130,189
29,160
158,166
43,120
16,134
38,174
6,190
25,69,145
63,118
72,75,99
41,46
138,152
35,148
65,67
57,106,120
3,73,183
63,74
97,140
10,26,67
41,46
162,199
70,161
110,125
47,151
10,149
74,94
3,53
107,115,130
105,172
76,84,169
66,126,127
104,163
5,193
17,77
23,168,187
21,184
71,140
110,144
43,173
86,129
144,147
4,47
80,124
3,51,53
16,72,144
56,152,157
79,130
19,183
117,149,159
16,28,76
105,166
63,167
48,102
82,98
103,162
108,168
29,130
132,136
65,101,142
20,87,156
94,122,147
105,130,167
40,156
56,175
138,152
105,168
150,178
71,183
102,115,140
82,137
97,115,118
128,184,193
91,150
37,186
5,50
40,135
108,144
76,159,188
135,165
28,194
76,106,185
72,142
46,101,105
25,39,198
22,123,174
17,72
39,130
5,9
15,130,147
109,111
35,74
2,77,85
21,70
17,85,192
1,197
141,168
30,97,122
140,182
126,176
46,67,197
94,143
7,47
33,121,158
59,93,110
5,96
5,68
47,103
66,75
127,172,186
69,160
9,54,193
91,121
121,189
187,195
4,177
49,111,188
3,66,178
93,138
39,84
34,198
28,113
45,55,189
22,28
18,85
51,90
133,193
8,67,111
30,56,165
102,117
52,151,187
191,192
16,73,187
2,191,192
77,113,129
105,130
109,192
8,29
8,67
93,164,184
23,102
21,27,57
44,119
42,192
56,149
17,42,58
143,181
25,29,65
59,110
43,99,131
20,68
7,100
10,76
15,147
57,81
7,124
74,78
28,117,137
103,128
6,118,185
29,130
13,18
6,8,150
73,179
123,134
41,74,122
54,72
123,143,155
1,169
79,134
64,96,103
25,56,188
129,185
80,124
62,139,162
24,127
11,124
162,170
166,173
27,188
36,185
65,69,176
8,92,140
165,171
118,145,188
2,149
92,136
56,76,117
48,112,161
45,102,192
34,56
86,95
33,68,99
3,27,199
8,23
82,193
69,149,175
94,193
20,52,53
49,135,157
44,102
7,147
13,114
36,118,157
42,54
2,106,188
8,84
21,53,195
22,100
10,26,175
118,156
6,145
95,110
73,119,139
15,52,133
158,176
97,165
121,171
31,80
15,173
8,26,44
7,80,100
88,91
113,184
51,99
54,177
54,77
19,72,77
72,115
6,73,86
111,116
30,55,158
45,148
24,63,192
22,33
42,77
9,14
122,171
114,121
61,135,156
19,98
59,166
61,117,191
81,126,181
33,46
46,134,167
73,124
41,144
6,74
59,130
1,65
51,85
101,126,182
21,83,195
78,104
28,32,59
57,164
67,83,151
42,165
75,103,133
23,166,171
38,77
101,121
45,141
9,164,196
93,138
31,80
124,136
37,157
43,142
38,68
128,143
19,120,134
35,129,177
75,83,139
36,113,144
6,40
185,200
30,175
8,20,87
59,134,176
31,79,127
66,176
97,107
151,195
118,175
2,67,132
7,23
19,98,151
20,119,193
67,175
84,87
8,62
188,190
48,77,133
25,116
86,102
8,111
41,182
62,102,132
95,185
80,189
19,39
155,182
19,48
170,195
103,134
48,67
51,96,114
124,143
78,94,168
8,197
147,160
142,155,181
123,155
94,174,187
80,119,174
15,173,174
64,98,101
26,86,116
43,48
27,133
8,63,175
163,198
1,111,190
30,135
150,193
40,145,149
44,107,200
88,187
56,156
14,151,187
81,176
99,158
41,100
48,126
6,34,145
158,168
117,140
139,199
42,160,165
36,152
135,159
66,74,186
121,182
3,73
85,187
46,130
102,159
56,60
5,91,163
16,186
66,167
5,24,56
15,126
143,171
76,167
23,155,173
1,35
121,174
46,74,142
9,11,27
5,56
150,168
44,69
118,145
36,114
39,177
33,74
25,45
1,30,175
23,148
42,83,92
18,119
42,150
154,179
3,42
17,71,159
17,126
3,53,180
37,38,72
14,38,150
72,138,150
15,122
151,155
121,142
14,37
16,50,181
10,140
146,192
114,176
142,147
52,137
28,87
121,182
48,54,157
70,161
138,163
36,145
46,143
26,62,149
53,90,187
43,94
34,56,133
63,95,191
24,102,191
63,87,178
71,98
106,122
66,171,172
41,137
15,46
53,199
10,113
38,99,123
69,191
1,153
66,101,173
6,74
167,194
29,109,142
