79,108,176
43,47
18,66,159
25,147
76,182
26,148
37,56
24,144
15,173
81,192
77,96
49,94
101,184
137,150
27,160
5,13,62
41,87
10,154
110,162
22,140,162
19,26
169,177
15,37
52,138
35,84
9,95
36,46
111,118,184
64,82,118
93,116,140
4,111,193
28,56
86,184,196
48,59,97
143,171
16,127,195
105,200
94,126
25,113
20,29
86,114,196
6,122,157
119,136,160
15,150
12,162
100,181
79,94
49,67
27,117,136
115,170
25,53
6,163
76,85
70,117
9,196,200
82,89
80,130
159,171
32,173,179
7,117,179
184,196
16,175
82,171
31,87
7,112
73,86
56,104
42,64
23,155,193
98,139,184
129,167
35,169
12,35,47
104,177
146,159
138,191
119,193,194
51,75,119
59,90,109
95,196
152,189
21,81
67,81,96
159,167
26,132,138
6,99
58,74,130
79,133
32,87,182
11,138
61,118
129,146
17,116,121
31,77
112,121
104,127
25,60,137
10,104
1,172,191
73,144
38,128
50,69
111,171
10,70,173
61,90
77,187,197
137,174
49,182
134,142,167
86,155,199
108,114,178
102,119,138
63,85
150,167
32,138
141,176
2,27,70
9,189
104,190
18,83
8,43,184
14,77
3,126,135
12,52
64,101
21,198
143,166
155,186
48,80,152
68,70,157
33,71
118,149
66,68
76,135
18,102
75,107
34,39
51,54
120,180
152,164
85,142
3,53
27,50,105
65,172
15,54
5,98
13,51
84,140,184
107,145,174
74,200
177,195
69,102
30,160
52,168,169
62,149
103,108
31,190
6,173
46,193
98,103
84,181
110,124
4,169
60,200
17,89,148
16,72
8,156
19,26,126
30,46,143
33,116,191
100,190
19,89,192
8,17,19
15,192
100,168,190
112,118
81,172
54,137
100,130,138
88,127
159,179
88,115
29,138
54,114
37,99,109
11,105,141
16,62,138
73,129
92,135,151
49,131
130,149
6,10,70
19,133
48,102
53,103,135
38,194
71,198
4,18,197
133,151,184
25,148
59,140,174
119,199
65,157
34,56,90
17,52,93
40,43,71
127,193
195,200
60,150
72,165
46,90
17,113
126,153
10,169
49,100
79,102
93,183,200
4,25,44
137,154
32,87,93
8,107,168
83,181
27,125
55,101
31,76
130,174
35,132
29,156,192
24,55,78
117,141
76,114,162
121,137,155
42,92
73,105
82,119
30,37
42,117
14,88,172
7,70
44,53
30,143,166
93,97,164
92,181
116,120,149
79,98
60,197
141,188
110,135
1,100
9,124
21,42
24,125
91,181
89,149
31,57,182
70,125
12,53,156
46,111,127
44,49,77
80,94
45,193
54,170,185
5,146
5,37
98,121
129,163
88,104
115,169
56,84,181
13,17
21,99,112
150,191
114,126
142,167
60,74
30,170
144,151
31,106,129
46,171
108,190
14,64
32,164
102,126,176
62,132,148
19,139
56,148,189
129,159
120,164
59,98,148
46,98,178
13,57
87,96
62,108
143,195
130,174
102,103
4,178
34,172,193
14,107,161
46,81,187
114,118
55,125
69,129
55,79
27,29
2,31
62,174
60,95,108
89,173
42,195
50,107
177,191
90,92
55,125
134,159
19,167
40,197
81,115,147
126,185
24,70
31,87,135
139,187,197
69,188
60,77,174
4,153
124,134
28,69,103
11,126
59,65
41,95
118,185,193
151,155
69,183
22,132
36,189,199
19,97
46,117,144
21,96
172,188
56,99
72,110,139
109,136
32,45,194
63,117
72,76
7,107,110
81,84
45,124,151
8,77,107
18,129,182
16,27,186
71,128
19,115,133
7,124
18,41
125,175,194
69,121,154
8,62,170
4,131
103,187
30,114,164
1,7,36
98,105
53,68
90,123
32,82
78,160
68,185
72,129
93,156
32,46,141
26,76
74,107
30,160
110,198
39,123
66,98
20,48,118
37,62
104,173
119,190
9,94
177,185
62,112,122
20,186,196
135,187
13,75,169
31,101
62,99
15,167,171
103,145,183
50,136
123,148
40,107
16,23
19,39
20,141
33,86,151
64,105,172
94,96,177
135,187
58,133,170
119,144
55,131
62,171
26,130
7,88
92,175
173,176
108,134
84,148
15,147,156
109,191
99,192
96,135,160
135,150
131,137
92,130,180
93,121,122
16,21,166
67,85,87
75,124
188,189
25,167
98,114
86,136,145
6,154
128,166
115,146
27,184
15,26,196
95,126,176
81,132,195
38,143
29,119,142
122,129
80,85,103
2,7,172
20,92,126
78,111,117
27,143,155
105,151
63,174
94,176
109,128,176
76,182
104,117
28,72
75,194
116,123
132,167
122,130
170,189
3,57
62,150
144,194
24,97
31,173
124,147
56,58
4,13,183
37,48,146
134,142,187
36,64
66,87,165
71,131
98,109,154
110,142
25,40
2,68,141
79,145
58,89,152
47,103
47,115,147
27,75,86
15,61
72,165
32,86,155
42,92,148
36,133
10,36
18,138
54,104
83,187
13,38
9,102,163
2,68,157
13,16,159
6,63
99,107
5,19
56,192
68,86
65,140
87,103
41,50
75,177
1,82,124
184,189
134,152
130,164,170
34,70
109,153
31,66,95
117,167
106,190
98,165
50,197
1,101
49,167
41,95,188
143,160
140,141
47,123
8,182
26,62
23,78,195
4,198
2,70,141
125,143
42,123,148
121,123
41,154
72,85
29,33
18,72,77
8,17
59,115,200
111,148,200
112,144
4,10,190
20,42
40,102,103
3,28,142
112,190
75,127,185
86,143
7,185
63,130,140
90,180
35,84
82,92
10,55,171
118,164,184
110,154
30,104
69,137
65,191
50,179
13,21,49
126,161
20,39,115
10,104
40,54,108
15,189
28,190
72,198
131,149
53,106
132,195
68,87
44,189
37,118,189
13,107
65,144
4,79
54,108
98,167
4,85,159
26,121,180
79,198
74,84,140
103,106
28,97
24,200
99,149
64,177
89,123
51,116
16,105
89,195
46,90
35,81
97,99,116
27,99
71,189
18,45
136,175
68,104,144
3,174
52,63
118,164
24,50
121,186
55,73,109
84,90,99
113,140
97,191,198
51,60
192,197
10,55,94
105,132,137
11,25
136,158
59,73
69,139
107,156
76,96,131
56,122
7,154
12,25
115,120,192
55,165
4,30,146
14,34
67,178
66,131
46,65,186
93,125
73,186
19,92
25,83,156
4,161
41,103
106,182
42,89,122
88,162
104,177,199
27,75
103,122
37,103,135
24,32
63,130,169
5,11,142
36,88
55,175
4,51
160,173
51,101,138
65,66
79,132
28,69,153
106,137
21,97
47,67
21,84
29,88,172
47,189
22,37
18,110
77,85
51,188
76,96
24,81
73,136
73,91
97,181
29,127
84,132,161
153,190
23,50
44,126
64,68
65,185
20,71
81,97,164
119,137,184
21,143,183
64,166,195
36,65,86
189,200
44,114
82,98
67,134,178
4,98,158
110,127
10,175
161,200
96,112,135
22,73,155
83,110,153
95,128,198
17,139,177
4,200
48,58
47,55,186
55,73,78
12,89,113
40,103
129,158
26,68,175
93,149
50,84
119,124
9,134,150
49,92
91,135
48,188
80,96,122
45,166,167
77,188
1,13
72,177
92,152
43,57
70,84,127
126,134
23,44
157,175
117,136,195
32,157
59,89
33,141
169,190
40,137
28,87
44,193
163,197
39,152
31,100
25,131
93,154
6,22,93
180,189
161,179
115,120
41,176
45,104
18,142
23,116
17,76
2,37,109
21,129
14,46
112,133
15,149
7,63,115
34,62
2,86,144
69,95,145
110,158,198
57,183
67,184
46,155,186
30,148,176
35,58,61
121,145,184
95,150
37,124,174
64,65,160
103,197
32,90
77,114
90,130,170
37,118,130
18,111
83,98,153
47,193
11,68
31,79,167
100,120
70,164
65,82
66,67,85
7,65,75
89,97
24,149,172
77,143,159
94,159,165
77,198
112,136
18,110
53,60
137,141
78,147
24,144
99,181
18,66
43,153
11,171
61,161
107,111
79,178
85,150
11,141
20,39,180
104,117,127
152,158,183
79,106,197
50,198
28,50
33,101,105
98,99
167,197
63,133
80,119
44,110
96,154
124,163
19,58
11,30,39
149,171
32,187
19,93
101,163
48,170
4,36
70,172
186,193
70,171
25,29
71,83
10,191
3,89
73,124
84,184
84,115
136,194
128,162
88,99,136
74,137
33,70,143
88,126,198
34,80
97,134
25,31,96
56,197
13,174
33,69,153
15,97
94,150,167
60,76,83
38,79,109
62,130
137,188,200
57,196
87,140
49,151
128,158,188
25,153
25,36
65,157
22,107
15,82
41,162
45,52,172
2,101
90,118
144,185
117,122
90,91
28,128,150
30,117
75,185
53,194
119,138
27,65,191
1,50,195
39,74,180
33,175
51,106
64,82
88,120
81,196
68,82
69,87,176
33,194
17,56,196
50,102
31,110
30,35
6,38,142
11,30
40,128
4,159
82,105,199
53,59
27,45,143
122,150,192
120,140
19,93
62,69,80
59,140
56,90
7,55,175
118,140
107,136
51,165
16,117,124
48,157
77,83
127,144
82,173,193
88,125
58,123
153,159
40,192
157,160
43,167,191
2,137
28,72
56,62
119,136,167
19,113
6,77
30,189
82,138
15,39,92
48,100,184
45,143
165,198
119,182
40,96
121,193
23,125,143
6,90,147
13,56
37,51
91,103
83,178
68,78
24,104,159
27,91
47,107
21,140
22,168
9,59,60
56,120
156,180
44,85
2,128
118,124
75,190
12,112
52,149
83,167
33,122
26,147
42,62,180
75,190
109,169
30,142,144
31,144
40,56,187
9,25
29,172
18,184
20,97,181
22,97
73,77
52,123
91,188
143,195
79,118
32,70,119
25,57,196
9,27,144
19,97,182
97,146,147
50,124
29,167
31,114
91,96,103
142,200
66,186
35,124
92,141
14,73,143
116,123
107,156
166,200
76,184
28,44
10,30,68
54,71
56,112,169
20,63,189
73,127,151
29,199
1,153
55,160
145,194
24,46,179
64,127
9,75
124,144
67,163
2,64,177
102,165
54,158
3,83,85
33,73,138
17,56
52,66
136,191
20,152
1,175,177
27,68,155
129,178
48,61,196
67,136
71,187
6,71
172,175
58,109
58,123
23,172
43,153,176
10,27
2,175
9,41,77
17,59,164
28,179
43,69,135
55,73
57,129
78,196
45,193
146,169,171
25,43,198
19,63
93,132
52,184
13,184,200
28,197
16,59,120
52,113,146
10,70,143
16,157
50,173
58,189
87,194
1,33
169,184
66,181
98,116,144
92,115,189
73,78,199
90,116,152
49,90
14,24,153
38,120
18,148
45,105,127
60,131
70,172
58,157
52,56,132
26,42
44,54
48,120,164
25,165
113,189
107,112
60,151,174
14,144
77,167
95,186
122,126,151
15,181
7,70,144
28,96
12,35,89
116,121
49,181
127,143,175
69,85,108
48,189
104,105
163,182
97,158,176
19,34,147
3,18,182
184,192
59,129
84,164
32,36,104
7,189
12,13,19
20,83,141
151,171
17,43,81
95,153
116,148
18,128
62,107
17,78
106,182,187
118,168
37,170
92,95,126
57,109,145
36,111
42,133,168
45,85
68,172,179
127,141
97,107,112
13,20,133
75,185
4,83
33,87,186
90,92,122
44,72,162
33,69,147
135,190
133,168
55,157
29,137
96,98
5,17
37,38
18,96,110
47,174,200
54,95,98
59,92
108,142,169
52,112
139,153
85,128
71,114
75,175
102,140
5,185
11,143,177
31,69,139
52,81,156
101,138
119,148
77,98
79,183
9,57
65,155
4,25
5,56
51,98,190
68,104,131
81,100
37,59
43,146
35,180
23,32,155
12,132
40,43,135
96,108,167
124,170
136,193
32,141,160
110,129,165
