15,100
134,157
48,50
44,81
9,168
9,138
4,81
6,30,94
41,102,134
75,79
17,91
90,129,175
126,147,163
75,182
145,195
8,120,186
74,189
114,135
4,57,192
37,75,84
125,184
55,173,174
23,70
19,152
88,144
109,149,192
100,134
151,159
25,80
46,169
58,187
146,169
55,56,180
12,47,166
91,150
67,129
92,124
129,140
47,141
79,135,184
13,147
44,83
105,128
68,128
14,179,181
41,149
36,158,194
21,89,115
18,149
23,74
30,129
127,161
17,33
4,17,98
5,53
141,152
40,160
106,114
51,117,171
85,115
86,113
70,168
3,79,135
91,194
155,178
65,108
6,193
48,139
55,118
6,14,195
180,187
60,146
47,132
30,50,147
9,20
79,105,180
71,134,183
86,123
10,90,115
102,154
97,134,167
38,159
112,151
61,164
155,164
117,167,171
84,188
119,165
19,23
20,128
93,139
102,138
26,190
146,155,178
62,86
30,181
147,172,196
10,94
92,119,148
83,136,151
110,127,165
85,94,148
70,133
94,150,184
21,108,121
65,99,148
77,146,189
137,142,166
18,71,120
56,67,183
6,111,119
126,178,191
108,131
47,162
36,194
21,110
6,119,161
136,198
45,94,172
57,98
78,158
114,155,195
73,190
172,196
2,24
23,58,81
28,122,131
17,125
42,128
36,74,182
32,149
88,121
107,154
11,19,104
52,82
35,125
145,197
4,137
71,198
96,149,167
44,168
97,159
95,140
92,172
114,148
122,165
94,186
63,68
25,92,144
147,150,164
88,175
88,93
4,110
189,197
131,144
111,118
59,78
100,157,186
112,141
24,121
71,159,183
63,104
5,188,195
45,90
134,142
19,76,80
72,109
48,114
2,12
162,196
55,67,81
36,166
66,172
9,61
50,75
18,55
78,192
4,46,91
38,177,179
28,162,182
29,161
21,72,115
17,162,182
148,177,191
16,60,75
67,156
23,83
135,181
78,97,175
123,146
97,137
28,70,78
19,98
103,135
86,118,164
74,110,143
84,119,148
16,177
103,164
21,78,121
24,53
25,135,195
58,134
179,191
19,115
13,189
113,148,155
5,99,152
73,134
97,173
46,64,130
38,172
2,34,164
3,63
135,165
87,199
75,199
99,175
118,181
13,29,126
105,167
12,57
8,200
18,55,187
75,87
54,63,153
164,178
166,177
45,184
143,166
36,160
120,127
85,194
185,198
81,106
144,157
156,191
59,132,166
151,171
36,122
115,121
36,105
56,129,168
83,200
94,95
71,117,175
16,32
54,156
24,54
72,143
19,113,128
123,147
9,68,160
53,141,192
94,124
172,191
66,170
127,187
172,191,196
123,135
20,197
113,167
56,149,173
43,193
71,149
32,85
117,147
36,96
19,26
161,188
155,195
88,142,167
63,114
20,152
19,36,176
38,66
21,141
49,70,116
86,150
44,173
45,126,161
88,115
107,197
1,84
48,61,65
44,45
87,163
12,90
14,126,155
91,199
2,132
36,50,55
35,107,182
31,169
14,126
87,147
20,169
53,122,176
149,150
32,145
42,70
40,46
85,178
9,12
97,102
115,131,134
15,104,138
100,142
81,112,185
154,184
10,83
48,131
25,114,179
81,160
161,172
78,91,154
6,145
122,139
126,153
99,102,171
111,116
21,101
35,77,184
28,47
157,175
134,185
69,166,192
15,141,151
174,198
99,156
66,70
19,47,63
167,171,174
89,165
178,187
49,80,121
29,177,198
2,157,199
63,200
144,163,167
10,33
14,57
10,187
16,179
25,131
14,179
78,135
119,161,190
24,135
88,89
8,111,159
119,123
80,200
127,129
9,138
17,189
127,171
67,101,136
10,80
114,177,178
19,140,155
102,116
70,99,149
116,185,187
43,58
36,63,125
94,148,163
118,133,157
58,141,163
67,136
127,168
33,101
14,139,175
112,151,175
1,117
30,135
33,167
157,195
19,95
108,160,193
16,135,181
21,117
8,67
151,158
26,87
14,195
101,159,180
42,198
5,129
19,53,91
2,91
127,183
64,132
61,73
16,37,75
72,130
19,42
38,134
99,151,154
32,61,161
24,28
30,119,150
52,129
81,126,131
118,186
62,143
114,123
97,189
4,126,193
29,60
135,162
108,109,169
5,43,99
179,196
92,128
115,165
83,156,184
41,150
120,176
141,144
130,166
101,168
10,153
47,150
12,162
32,88,164
136,149
121,160
3,15,58
81,183
84,110
26,74
170,184
89,157
88,122
37,103,148
65,111
51,54,73
16,39
52,144
43,51
145,178
10,27,180
2,105,199
40,138
80,158
87,179
101,106
47,162
179,181
34,105,121
31,77
76,77
172,177
185,186,198
81,117
12,169
42,91,154
13,30
72,192
115,168
41,111,151
107,116,197
46,98,104
47,198
59,108
75,119,179
26,98,122
44,61,100
20,146
5,7,112
26,54,88
93,143
20,122,132
48,119
180,189
63,121
105,155
73,93
32,57
24,131
156,164
60,119,172
70,120
45,79
60,61
119,179
3,52
41,127,159
54,108
129,183
21,132
2,74
178,184
49,98,193
171,180
50,51,75
7,88
14,47
136,161
31,44,64
60,86,188
35,170
48,181
104,131
32,172
175,185
80,93,107
20,43,124
14,63
16,181,196
46,139
123,177,181
70,116,159
55,118,189
106,140
85,123
75,86,142
42,57
136,167
42,114
8,46
138,165
4,18,70
134,153
10,175
45,90,138
47,89
34,63
148,195
139,189
18,97,111
141,199
28,115,143
78,145
73,82,133
23,129,185
18,116
37,51,146
128,199
88,134
57,146,174
15,42
120,177
113,158
129,183
64,128
93,162
152,182
34,77,141
31,132,152
126,155
78,117,173
33,58,117
68,77
51,185
20,91
19,133,172
115,125
47,88,125
102,146
62,77
6,94,172
33,58,200
46,192,200
112,117
16,85,190
16,60
123,132
147,174
99,167
76,109
40,46,199
114,155,191
6,30
42,162
3,169
144,199
152,162,197
97,127
57,105,199
16,164
47,107
146,164,189
13,91,142
146,163
27,161
112,154
146,198
21,107
60,158
52,96,133
20,60,73
8,43
6,66
6,23,183
24,36,68
37,155
62,136,151
62,82,142
66,163,191
48,86,94
34,108
93,176
12,39,46
8,200
124,146
45,48,61
56,65
72,143,166
29,97
107,125
97,171
3,177
24,109,193
39,142,165
36,64,143
45,153,177
72,91,151
133,154
6,188
25,188
18,136
104,105
148,155
38,83,98
14,119
137,162
23,29,90
29,170
88,194
12,71
58,118,185
31,160
103,125
39,122,182
17,86
6,73,167
44,117,142
36,98,192
25,93
119,180,191
149,158
76,155
11,15,72
64,88,125
86,134
76,129
81,198
80,81,134
146,179,195
111,126,196
126,153,184
20,160
18,167
55,72
50,88,180
77,141,199
118,160,164
50,94,147
108,131
174,186
40,57
114,153
48,162
67,120
10,197
33,54,123
68,143
9,96,152
23,24
120,152
94,100
119,162
41,158
15,59,91
90,198
54,157
48,153,196
6,66,164
72,86
120,151
1,81,102
49,77
48,177
15,21,47
50,107,173
22,44,187
12,137
74,109,112
42,77
27,133
46,158,169
62,71
94,146
1,82
108,181
22,97,102
54,86,184
50,75
73,169
64,199
35,39
22,103
44,92
82,140
51,142
6,161,195
18,89
66,161
56,134
118,198
72,124
88,114,167
14,59,165
34,43
105,190
65,145
20,132
25,60
1,10,167
111,154
129,173,186
66,92
176,194
6,127
6,145,170
7,18,136
42,152
14,79
191,192
30,75,103
126,135,178
24,46,121
76,115
75,126,136
79,177
131,198
104,187
85,103,172
86,164
3,54
26,125
45,191
94,145
7,167
134,198
20,115
41,183
142,200
31,48
158,193
32,147
95,105,122
62,82
22,174
61,103
100,177
17,124,133
27,189
67,185
99,159
51,161,195
17,104
167,168,180
78,131
64,169
84,121
62,121,148
25,163
86,155,177
17,151,195
104,122
194,199
41,127
7,44,154
99,159,189
139,143
16,50,94
67,153,164
64,78,110
38,188,190
88,165
21,115,144
50,118
100,139
53,124,176
49,121,128
8,100
33,46,51
62,68
20,110
55,71,89
49,109,131
73,75,86
69,115
87,184,192
1,175
9,11
27,142,151
57,91
70,134
56,135
11,137
10,100,183
32,84
136,180
110,132
38,187
46,170,195
111,189,198
58,118,173
78,109
10,56
58,93,195
43,150,187
159,167
158,195
110,163
100,142
8,117
64,75,102
15,78
150,157
75,148
161,164
84,163
104,152,176
43,102
68,109,182
50,95
63,106,143
44,55
35,87,156
109,165
48,75,179
18,171
27,81,106
89,157
157,179
87,94,177
25,48,92
67,111
117,161,196
7,171
56,79,172
42,136
71,180
36,61
3,169
41,56,62
3,125
135,145,147
25,77,196
68,122
38,145,146
67,175
112,198
97,118
16,145
137,171
69,176
55,187
29,166
75,133
43,120
11,19,24
115,199
70,198
98,109,152
139,166
10,71
99,127,173
37,61
61,103,148
120,186
31,49
5,96,151
45,155
165,181,186
90,98,181
79,166
4,12,72
87,108
144,152,176
66,102,193
166,193
99,118
42,105
58,67
11,15
54,84
28,95
146,163
37,184
18,140
81,100
109,117,167
108,152
40,57
59,72,88
62,71,136
6,84,155
36,160
101,145
22,112
15,30,81
17,170
113,149,155
65,115
2,21
8,156
30,60,73
192,194
10,58,164
26,88,105
104,154
27,102,174
23,52
37,45
25,104
108,191
84,97
71,119
67,112
3,78,125
120,154
67,99,102
47,123
20,184
18,68
89,193
39,56,67
131,153
157,200
63,93,130
41,174
31,95
68,80
23,130,198
9,130
73,146,184
48,50,135
24,183
8,52
113,167
77,130
59,69,91
79,92
61,144
38,135,188
17,21
90,187
55,109,182
150,161
114,115,176
113,126,177
173,187,189
37,148
25,150
65,124,148
182,190
105,197
8,198
33,159,171
20,23
101,112
35,135
66,177
61,66,178
100,134
26,64
51,61,87
26,46
35,180
81,127,180
149,187
62,168,175
27,134,151
61,147
8,43,58
143,152
71,90,171
86,124
74,77
165,172
1,62,70
98,176
82,97,140
17,101,147
96,127
138,152
15,50
54,144
33,66
63,93,128
1,32,156
176,184
49,105
108,169,194
28,80,144
25,54
7,28
53,193
133,176
41,99,189
167,173,194
73,155
47,105,144
89,107
99,131
50,78
133,171
86,119
5,41
40,138
42,132
33,90
27,71,174
80,162
8,18,116
65,146,181
38,119
73,84,190
32,75,177
18,127,168
69,78
74,95,143
27,140,180
32,122
100,103
148,196
20,42
110,143
58,71,171
77,110
164,191
6,73,179
109,165
51,196
60,153
63,141,187
103,113,178
40,173
76,125,169
104,139,199
36,99
127,129,167
104,108,109
47,107
113,178
18,185
29,34,95
27,55,140
153,178
5,42,67
78,109,176
146,178
11,68,165
117,168
44,164
25,63
151,154
168,173
23,56,117
61,66,179
39,88
45,60
50,119
79,103
16,85,87
5,23
71,185,191
48,62,192
117,187
147,156
77,128
35,36
10,29
104,137
96,157
4,131,176
6,191
26,55
45,48,170
118,188
3,24
25,86,119
79,194,196
67,180
75,114
144,181
130,152,192
18,97,174
62,63
22,95
83,173
55,134,157
25,148
97,117
136,175
17,193
100,129,180
13,14,163
55,159
12,104
23,33
6,23,97
67,99
95,138
49,155
41,127
41,83,175
83,157
3,163
13,46,187
101,198
3,36
33,101
24,76
117,166
52,56
151,157
83,102,180
81,150,166
91,121
103,114,191
43,134
29,58,134
16,109
10,135
4,92,177
32,92
16,50
7,104
58,61,100
18,147
23,99
86,123
8,102,129
36,91,175
38,164
117,180
99,122,157
78,117
62,130,139
130,192
27,159
33,83
