71,75
148,165
99,159,181
116,144,188
83,103
87,154
156,167
127,134
130,149
116,164
47,55
113,118
42,108,185
20,105
53,127
17,102,141
119,174
57,164
31,53
98,156
54,89
87,133,155
79,103,122
32,81,167
63,98
82,93
190,198
74,80
14,162
26,156
66,175
11,159
82,101,187
117,144
1,34,88
11,122
48,84
81,96,200
98,105
64,168,188
12,49,178
3,164,169
44,193
14,75
36,67
5,27
21,181
129,196
83,197
70,101
144,191
64,74
53,66
38,200
173,198
49,112
1,174
137,162
193,200
71,78,178
128,198
30,123,130
18,122,200
68,87,134
41,98
51,126
22,56
163,184
85,148
167,197
80,92
15,130
63,189
121,195
77,157,192
107,151
152,163
168,190
98,126
17,62
18,84
52,174,195
42,104,130
105,149
150,199
38,83,131
19,56,108
111,112
53,138
117,133
143,144
147,171
133,151
35,165
34,116
90,140
57,65
41,132
66,183
65,98,174
50,111,193
42,74
55,129,136
19,68,120
77,178
3,114,191
55,125,153
96,181
146,190
76,97
4,172
31,70
45,121
63,111
16,37
14,90,119
57,91
155,182
35,167
156,200
164,174
2,22,25
31,112
50,194
49,92
70,74,79
80,95,111
136,187
12,126
99,141,193
33,54,146
39,194
76,151
3,191
55,135,162
167,182
156,169,198
43,139
110,156
3,42
72,188
40,116,117
35,91
162,197
83,179
51,184
9,76
43,109,113
51,59,121
80,167
74,170
22,121
7,43
7,86
33,111
42,76
58,97
98,161,200
1,75
7,160
32,72,134
130,182
32,38
18,155,183
186,196,199
2,169,199
36,89
67,111,156
39,187
30,134,149
54,119
24,131,141
118,188
20,162
51,62,148
131,137
3,52,91
70,169
51,161
139,191
47,128
38,125,193
3,119
91,157
17,58,63
79,199
95,198
80,192
24,32
59,90
154,182
40,123
46,69
5,55,157
39,70
25,157
75,122,174
56,185
95,102,116
84,100,183
17,85,195
23,60,143
31,47
46,102
93,113,196
1,169
5,85,108
50,140
6,25,171
46,200
79,144,171
48,98
16,57,92
80,84
129,164
122,129
22,109,134
62,176
21,26
23,63
31,38
94,130,140
17,172
38,54
28,36,131
45,73,193
126,159
22,93
38,108
89,119
40,172
141,164
59,123
27,167
17,126
132,171
45,80
61,172,190
40,45,64
80,177
3,55,98
10,147
166,174
53,142
39,56,155
24,119
136,171,180
6,97
128,155
45,141
16,66
11,56
9,98,197
121,164,191
30,172,181
29,127,133
47,53,194
194,198
93,132,136
31,32
87,158
50,104
122,186
24,46
64,70,86
29,99
67,175
26,158
78,169
38,176
77,146
98,152
18,49
174,195
76,184
16,48
35,56,193
133,195
164,196
83,185
146,155
99,183
35,96
4,30,127
124,182
152,161
160,168
100,112
1,139
21,65
180,189
7,17
134,165,166
111,198
92,147
113,132
33,53,67
121,152
28,94,190
171,187
155,171
57,91
47,135
59,76,187
127,163
52,75,90
16,122,188
24,51
11,72,106
157,169,195
40,127
1,103
10,71
31,80,110
69,96
32,175
52,138,157
45,180,194
5,91
93,121
56,72
68,78,176
43,184
76,123,177
76,107
127,174
32,47
35,170
44,162,194
129,195
48,91,174
132,134,136
96,169
165,175
49,168
69,70,183
76,109,178
28,160
75,159
126,189
55,58
19,138
35,198
149,189
126,176
13,91,199
155,184
99,125
23,146
79,146
99,106
113,184
9,124,146
62,160
6,55
41,69
66,147,192
56,162
23,152,186
35,46,157
3,121,144
22,83
47,73
13,120,166
43,59
135,188
27,56,117
20,47
120,166
101,164
10,173,177
34,110
118,156
112,183,196
145,146,179
20,40,47
131,167,181
6,34,41
83,113
47,53,185
11,83,138
10,56
6,69,157
17,90
53,111
23,135
39,41,48
53,119,169
81,197
105,131
104,122
59,178
73,153,161
70,168
36,68,168
116,178
50,185
122,124
128,163,189
35,82
32,37
45,79,143
34,79
79,115
3,70
45,48
148,199
154,168
128,185
116,158
35,96,138
139,170
10,148
65,126,176
26,155
31,61,131
45,78,103
22,47,123
125,171
66,88,107
57,122
9,183
161,199
30,144
19,35,137
31,91
3,132
127,166
145,167,193
47,74,128
97,157
66,114
48,67
40,106
124,172
61,141,157
161,178
43,130
49,86,102
126,177
65,165
38,138,145
31,66,197
57,93,119
64,65
137,167,185
154,188
115,193
19,155
68,181,186
59,77,176
137,200
55,174,199
23,40,77
42,145
24,131
33,137
143,147
124,173
99,111,179
22,115,157
44,61,167
53,137,198
52,172
6,114
89,199
28,102
99,181
63,125,155
129,188
34,134
52,73
25,98,191
106,122
65,187
89,148
19,142
167,194
127,189,190
71,89,177
28,199
20,110,180
133,152,166
29,189
35,56,72
65,169
12,54
40,42
55,105,122
98,113
101,169
16,22,199
157,169
35,66
93,142
135,151
108,142,162
63,89,199
6,23,121
104,170
15,78
68,77,172
82,187
74,81,181
20,112
107,125
69,78,99
19,54,116
19,72
122,174
2,142
119,176
24,111
88,129
47,56
121,169
45,112,198
48,75,106
21,91,101
61,175
165,166
4,146
153,179
37,45,73
25,113
149,166
31,103,200
147,166
6,64
135,197
76,94
23,130
49,190
55,97
34,121,144
94,133
106,183
18,31
139,141,175
149,173
34,187
34,196
76,172,176
55,169
22,39,84
18,126,200
58,148
37,46
8,43,103
81,185
16,171
10,29
98,169
80,150
39,97
56,95
148,168
134,196
83,194
70,139
180,189
48,72
90,94
30,104,148
22,48,178
24,44,96
147,165
73,106,197
14,90,97
73,95
29,54
115,158
61,179
78,96,131
10,63
37,44,105
42,125
62,71,176
54,70
21,113
113,151
56,76
24,128
43,166
33,141,150
104,134
34,66,147
19,124
50,151
60,114,157
58,123
13,66
37,80
15,170
25,139
69,113,191
95,133
54,158
72,103
96,170
91,188
91,119,136
97,128
78,105
130,160
94,115
65,113
77,87
17,62,127
127,197
107,108
88,129,187
77,86,87
56,99
76,90
63,117,168
26,170,178
70,103
35,170
44,53,96
63,81
70,122
14,129
120,137
16,21,55
8,134
48,193
76,117
22,136
59,69
95,121
69,93
112,142,159
56,198
29,135,141
52,116
36,60
152,173,186
32,199
91,101
9,26
67,200
19,108,150
19,37
136,147
108,110
6,73
49,109
8,136
100,191
120,181
15,154
20,164
41,115
73,163
28,146,171
1,101,104
15,189
121,177
60,154
27,29
52,132
48,90
58,148,172
78,176
148,176
177,199
170,179
64,148,172
59,195
5,82,157
106,115
20,73,180
22,65
179,198
174,175
66,136
53,99,110
79,148,153
139,181
10,132
152,168
127,198
192,199
14,26,174
25,52
25,156
22,144
46,145
44,129,167
3,79
137,180
52,169
13,36,77
38,137,173
55,81,119
25,114
62,151
52,99,163
16,75,157
22,135
1,65,187
4,95
113,115
157,191
103,200
1,15
16,62,183
150,190
61,137,141
22,91
36,90
80,167,194
14,16
36,190
49,54
58,133
3,178
37,139,153
3,98
21,188
9,60,151
21,69,101
123,172
2,116,180
58,165
31,51
88,122
115,124
42,200
113,147,195
136,166
1,41
4,29
127,152
18,51
68,119
34,52,192
121,147
147,191
117,120
32,73
71,166
187,191
10,28,140
63,126
54,59,134
17,199
42,44,125
23,173
125,155
56,83,162
65,106
96,200
90,136
125,132
46,193
57,142
30,149
17,48
22,90,113
13,134
78,160
73,197
40,195
15,96,119
5,25,66
100,187
65,97,192
40,123,186
45,106,117
91,169
21,69,121
50,110
94,173
24,53,56
86,113,162
31,72,80
35,37,99
47,48
101,177
126,150
126,140
53,131
60,161
113,121
39,78,96
150,170
18,22,91
36,68
109,179
42,61,137
21,81,121
70,168
4,191
95,98,165
85,105
11,125
66,184
119,146
90,132
14,39,139
80,108
1,150,178
16,21
12,171
57,86,155
176,190
19,120
20,44
126,155
69,129
54,133
11,31,193
61,189
60,107,194
54,127
130,172
16,147
27,132,164
48,90
84,86
25,65,79
56,141
26,161
63,89
164,167
143,193
45,137
96,197
88,190
98,183
54,118,188
31,153
127,189
139,143,147
23,140
30,168
10,182,190
68,195
120,133
93,116
42,156
78,125,149
84,114,150
49,102,134
29,178
132,164
78,125
46,167
18,113
43,126
175,200
8,189,190
9,189
67,185
81,117
28,75
69,196
89,183,189
23,172
31,181
18,101
33,56
26,55
92,170
26,40,140
171,198
72,137
67,138
77,95,100
5,55
88,147
77,154,166
58,85,148
1,5,164
90,197
137,156
46,142
92,93
180,181
85,109
55,173
25,116,192
97,122
39,186
164,176
58,95,146
45,104
23,28,85
105,159
137,175
66,86,97
83,137
43,151
97,174
75,119
64,135
69,114
98,132
99,180
38,145
68,139
30,170
9,15
26,125
80,179
83,185
16,26
148,184
56,118,185
3,8,170
32,34
73,159,180
96,193
96,99
73,142
180,194
37,96,156
146,173
86,189
4,49,51
13,165
183,187
74,131
28,127,145
6,16
58,68
64,172
93,142
48,88
61,84,108
62,138
110,180
13,52
65,136
93,183,191
47,161
87,106
55,136
21,115
20,99
127,177
62,97
193,200
120,163
46,137
60,123,177
10,30
22,183
19,32
22,82
47,168,199
59,124
65,183
36,120
24,50
133,168
7,9,184
27,56,82
174,196
37,73,200
43,95
71,123
42,162
101,129,130
27,109
66,115,116
180,200
159,179
8,67,181
76,85,129
3,21,195
86,142
159,175
94,120
8,119
15,71
80,138
69,129,199
52,174
21,34,171
82,113
123,134
26,56,198
77,168
36,177,178
48,79,91
182,197
13,62,172
37,96,107
50,146
68,152
43,77
127,168,172
45,96
39,50,130
157,183
46,47,111
35,141
63,165
119,174
44,47,56
44,142,198
82,96,120
25,29
92,108,187
115,144
4,182
35,40
103,150
83,196
90,91
56,81
97,186
8,164
55,82
36,151
22,192
69,143,195
28,62,186
47,83,156
81,138
8,46
44,79
23,146
70,168
105,109
40,86
155,165
125,168
119,136,157
25,91,98
43,165
69,92
39,195
75,121
37,38
105,131
117,119,184
90,196
39,183
46,111,170
84,200
69,70,144
89,185
56,80
40,59,149
96,99
4,184
76,112
139,184
137,138,159
67,108
141,142
133,173
48,72
23,176
34,119
85,113
50,97,147
46,119
65,90,169
50,55
3,107,194
71,167
51,168
76,186
102,145
30,58
100,125
34,60
69,144
188,191
23,152
76,129,185
23,84,156
99,170
17,20,161
2,111
27,98,115
22,132,139
86,102,163
191,199
8,120
184,190
7,107
10,95
23,146
24,112
35,159
13,86,158
1,198
102,132,136
41,66,188
88,100
16,70
71,121,178
37,44,111
8,28
57,100,183
61,131
80,110
64,129
7,108
70,98,108
69,196
29,30,189
17,168,172
67,68,71
24,103,167
24,80
24,167
46,200
163,198
32,142
82,157
121,165
149,199
16,132
120,177
9,35
56,83
109,164
133,166
19,53,96
6,182
4,88,110
35,110
63,155
59,194
69,184
153,161
19,156
44,130
18,82,90
124,138
40,63
67,137
68,124
69,169
36,51,60
12,42,187
48,198
86,102
17,68
102,151
80,196
60,68
