64,106
66,75,84
54,76,84
99,129
27,60
20,45,64
24,65,88
24,134,139
63,120
54,108,148
96,129
57,92,126
55,83
14,36
33,40
38,133
12,133
5,25,124
23,106,117
46,92
17,92
31,51,52
55,94
25,72,81
5,27
34,78
6,144
41,81
134,143
65,134
45,139
22,105
22,132
48,81,83
53,78
77,131
18,147
1,10
4,6,55
35,39
9,79,138
22,27
99,113
80,141
41,82,112
11,57
16,35
56,140
23,91,102
38,71
89,131
78,149
65,128
69,103,137
49,64,135
9,64
51,123
49,110,133
34,68,78
37,50,62
117,118
73,93
57,91
82,135
70,132
89,118
109,116,118
80,123
26,121
21,70
124,125
9,93
67,128
2,58,126
65,107
53,69,104
12,121
9,41
2,76
11,113
69,133,136
41,77
104,114
50,57,129
60,81,138
48,84
62,90
26,34
19,144
90,119
12,34,134
17,51,67
67,75
96,114
85,133
64,72
22,119
21,79
37,110,132
57,66,85
13,106
75,120,145
69,114
15,19,36
80,111
19,25,61
38,46,147
91,125
73,81,148
40,63,74
31,126
1,77
55,72
67,112
43,86
23,39,119
14,57
34,74,88
94,145
3,87,126
9,132
11,43
58,113
60,66
31,86
103,144,147
58,130,148
118,130
86,148
14,49
21,128,136
125,134
48,55,77
9,55
59,119,149
93,103,118
36,64
47,69,106
18,140,150
82,101
102,131,138
34,139
132,146
31,52
74,116,130
13,116
63,66,138
3,37
61,105,127
32,100,115
63,112
58,84,136
1,59
122,150
18,103,117
97,137
34,116
12,97
61,92
73,120
3,71
85,98,103
4,91
56,80
76,91,136
46,134
32,88
36,38
95,112
16,20,26
25,63
1,29,94
81,125
20,140
18,45,117
119,123
79,127,130
50,59
27,48,55
7,74,87
88,106,134
13,114
28,145
57,110
87,107,114
56,69
91,102
25,124
50,55
60,128,136
119,129
47,88
34,92,150
111,114
40,124
26,79
26,41,131
33,104
73,85
47,69
63,64,121
46,47
87,117
2,15,61
13,16,68
57,137
29,81
101,144
10,37,126
66,89,131
1,3,25
61,99
85,114
127,149
83,85
67,90
69,137
59,148
3,106
65,115,134
29,42
58,67,111
7,13
30,41
39,137,142
28,80
3,110
47,69
6,21,136
54,128
46,97,130
6,62,63
20,122
89,108
44,81
1,90
111,146
49,76,91
48,121,131
38,64
65,103
33,78
31,42,101
7,50,52
81,138
35,81
23,32
70,130
49,50,119
44,72
68,101,123
14,52
61,127
41,66
4,12,117
109,118
5,60,102
46,119
42,78,85
40,85
11,109
59,71
5,24
1,111,123
73,107,147
70,76,123
123,126
2,37
7,29
110,142
115,128,142
9,121
8,135
10,62
83,130
71,99
13,68,100
30,124
90,94
12,102,143
65,96
31,98,109
4,95
15,59,119
2,29,30
13,47,116
68,130
37,111
30,84
55,79,83
39,83,108
41,128
79,82,124
5,104,115
46,114
38,68
6,33,66
72,126
15,59
64,109
19,49,91
87,100
112,137
30,45,63
11,50
27,68
43,150
30,131
23,69
13,147
12,46,139
14,57
61,142
12,109
133,141
47,74
2,31,94
139,150
29,94,149
51,96
72,128,136
22,125
18,50
33,79
32,42
80,94,141
72,82
44,140
47,100
58,76
2,8,51
64,112
5,26
74,85,135
21,138
42,134,150
71,123
15,61
15,121
9,17
19,46
33,116,124
4,7
54,55,60
126,138
62,70,92
80,105,123
129,148
103,122,150
37,76,146
50,110
50,58
6,31
48,62,144
32,122
23,78
36,46
3,58
15,94
33,62
31,70
12,79
27,136
42,120
130,133
113,128
22,136
9,60
74,96
24,117
1,136
27,121
35,138
90,143
4,142
47,104
71,125
44,81,121
93,147,150
70,123
13,23,103
59,113
43,91
98,124
37,112,119
62,119,143
18,150
53,109
64,100
132,141
15,94
2,31,43
60,79
109,120
24,95
61,86
28,47
49,126,141
48,112
69,140
35,115
15,29,132
9,60
121,124
44,45
1,60,87
12,16,144
56,135
93,116,140
41,89
32,95,130
45,75,125
50,77
116,129,143
126,143
3,14
13,42,109
37,81
13,34
38,72,103
63,77
127,143
100,104,114
86,105,148
43,59,142
101,136
46,139
36,114,118
34,134,140
24,45,71
17,139
106,109
19,70,110
117,122
28,58
16,114
70,86
73,116
6,143
68,78
58,92
67,105
18,20
31,118
57,142
5,112
21,92
2,113
32,100
24,56
65,68
9,83,84
35,132
32,112
52,104
11,61,70
99,119
81,82
8,10,42
2,67,76
70,107,134
2,50
34,137
61,90
25,146
66,108
106,141
5,135
5,130
26,119
56,137
123,148
64,79,121
33,83,125
11,51
15,49
51,123
39,58
4,63
6,22,45
2,119
37,98
105,107,109
23,117
82,84,138
85,128
54,137
92,99
87,138
26,39,82
23,31
10,52,129
20,25
47,96,135
124,149
15,119
38,88
17,37
56,104
64,108
31,68
21,48
50,61
93,127
109,116
45,64
80,127
19,96,106
64,124
1,111
31,98
39,136
73,76,145
28,31,87
3,76,135
25,45,84
12,85
98,123
13,42
47,116,134
18,98
68,98,123
21,108
45,65
5,41,117
35,114,122
13,150
32,69,114
25,27,77
91,129
14,57,105
42,65
19,52,123
83,84
14,101
1,132
69,78
2,49
34,74,104
5,40,66
28,52
7,89
32,135
33,67
120,122
22,77,125
108,138
56,58
39,75
24,83
33,121
42,87
91,105
46,103
16,98,118
98,109,122
103,135
99,116
76,91
52,111,148
73,95
88,107
65,134
125,139
100,124
40,118,139
58,88
31,55
41,76
32,88,114
24,73,97
25,68
95,96,144
83,129
12,103,116
27,125
41,66
85,139
13,106
74,118
36,63
21,72,102
63,81
21,82
14,99,126
44,86,87
98,144
95,135
97,137
52,67
43,95
27,34
45,64,108
37,143
96,106
7,22
23,41,114
68,101
5,40,136
27,39,81
37,51
40,126
26,70,136
27,59
7,44
92,99
89,136
97,118,147
64,103
109,140
15,37,59
73,82
47,141
49,132
40,48
8,37
34,36,116
36,65,117
22,67,107
107,139
73,140
45,65
17,83
88,104,135
33,37,62
29,141
11,58
2,71
58,119
91,107
62,70,123
79,81
120,124
98,132
89,112,150
23,38,46
51,92,106
42,109
80,111,133
12,68
37,61
34,53,147
92,102
95,115
44,120
35,119,139
15,19,50
72,82
30,110
38,69
54,101
38,52
10,91
69,100
14,123,132
116,130
34,124
26,36
53,115,137
6,72
99,131
20,121
90,98
46,123
92,111
27,145
104,111,115
16,42,107
105,149
36,131
79,82,112
31,70
45,109,135
63,75,79
40,101
63,122
80,91
38,121
73,132
22,71
42,103
73,82
97,103
34,109,115
135,147
42,143
30,39
59,75
54,75,120
139,141
83,93
6,26
22,54
49,129
46,58
55,128
72,102
93,134
1,14,127
132,149
10,142
118,135
87,137
140,143
30,45
27,41
147,148
10,62,126
4,25
35,41,83
3,148
13,43
47,83,124
51,94
54,121
76,83
6,41
37,57
11,97
86,136
75,102
11,19,51
4,120,134
66,83
4,5,7
18,95
92,95
27,88
22,25,33
94,105
23,122
86,146
13,96
87,95
10,19
10,61
37,89,135
26,73,150
13,111
36,54
8,17
23,71,88
92,113,141
67,71,135
39,48
29,46
12,44
26,133
49,126
34,75,125
26,130
43,99
34,68,104
5,149
40,128
76,129
81,108
120,125,128
118,139,150
94,149
54,81
127,142
40,76
120,149
24,36,111
49,76
25,75,131
42,78,98
23,27
21,54
89,112
18,147,150
89,121
14,50,124
9,22,81
28,91
42,55,134
57,67,141
91,145
55,72
12,100,130
60,121
19,31
59,113,119
79,126
13,147
3,58
46,78
48,134
20,62,92
8,110
22,71
104,115
5,125
125,140
63,89
27,41,82
87,147
58,90,91
30,63,72
9,25
126,148
121,131
2,52
68,76
11,61,92
87,88,97
69,78,117
24,72
128,143
15,58,80
71,141
20,72,84
54,126
70,127
25,136
131,136
22,27
25,44,64
100,123
51,110
65,90
49,150
75,92,98
55,96
63,128
64,112
78,110
11,136
69,96,116
30,64
99,148
41,91
40,107,146
13,32,117
24,109,147
8,137
142,143
18,34,85
41,108
9,33
94,113
71,133
40,138
49,71,76
83,102
88,123
26,63,124
35,141
1,90
18,32,46
28,127
91,98
9,125
16,36,46
36,39
19,37,143
13,134,147
26,76
2,118
4,31
103,135
18,78,116
98,106
119,122
34,81
12,23,107
