63,93
10,91
50,54
59,69
57,118
57,100
31,83,136
67,92
31,135
84,98,118
75,84,98
61,72,145
35,90
27,108
12,57
64,145
14,114
70,104,148
4,53
63,83
112,149
24,62
59,138
84,97
4,28,69
51,71,89
23,27
44,123
48,86,108
64,97,130
12,111,141
74,135
49,63
25,119,147
39,145
1,16,78
57,91,94
72,132,135
14,120
50,124
72,78,137
51,137
5,20,57
91,94
18,136
19,48
5,7,80
72,110
4,115
85,123
114,145
39,112
75,89
37,78,104
56,113
31,59,101
16,65,117
118,128,139
126,143
28,55
144,150
10,144
16,37
22,96
70,72
20,124,134
76,87
39,120
109,142
50,133,146
69,99,121
49,99
65,88,131
25,84,130
20,66
32,127
34,96
36,72,89
34,71
62,94
139,149
36,105
47,147,149
66,80
33,126
37,127
78,89
46,49
52,80
31,146
58,99,115
4,120,141
47,112
1,5
30,112
61,67
25,31
57,123
91,108,127
22,120
56,134
1,77
37,80
6,17
12,127
11,19,24
99,139
20,100
113,116,119
28,53
36,102
20,108
9,33
1,49
16,133
58,139
41,146
19,44
10,115,143
18,31
83,112
34,63,133
69,76,85
108,144
42,58
3,147
25,113
127,134
19,76
87,111,130
16,50
38,52,150
62,125
88,122
45,73
108,111
62,121,149
79,120
65,87
67,139
36,132,139
89,147
76,115
7,40,41
99,118,129
118,138
79,109,147
2,90
52,117
67,119,130
113,130
41,124
12,28,48
118,134
88,110
9,13
88,128
76,118
14,76
127,141
104,135
48,91
90,116,119
91,134
46,149
10,12,86
115,120
10,92
130,139
41,89
116,142
44,108,122
50,51
14,26
90,100
79,87,97
74,94,134
10,126
28,73
127,131
64,122
29,37
98,121
45,109
25,67
34,122
75,124
30,50
39,66
16,133
72,122
23,59
1,34
14,80
42,96,141
57,123
4,57,139
27,147
40,68,103
2,118
36,137
100,127
3,9
102,145
32,69,142
12,13
58,130
24,135
48,116
27,62,112
54,76,150
61,77
21,32
8,13
56,67
55,128
66,111
27,34
93,126
25,91,102
3,90,150
109,149
13,74
23,98,109
64,79,102
12,53,76
115,118
15,61
11,63,65
1,41
43,44
7,48
65,105
5,28
36,148
100,107
47,130
60,75
29,41,83
114,137
24,30
8,57
13,81,120
10,14,114
29,131
38,72,140
90,120
23,81
63,105
94,101,144
32,59,99
39,88
88,121
70,114,118
33,79
5,127
61,120
9,109,149
79,117,133
8,81
31,45,139
28,42
53,92
22,53,99
58,125
88,98,100
116,130
21,86,96
35,147
81,91,120
58,59,101
68,79
42,111
96,120
2,101
21,36,40
6,61,110
42,123
78,148
88,140
124,133,140
11,86,108
25,76
33,45
96,143
13,49
21,104
38,67
48,81
22,131
31,38
75,117
36,73
61,100
70,83
31,141
46,127
30,36
40,131
138,145
22,74
17,43,87
9,27
17,26,107
42,57
58,96,99
7,32
71,101
17,121
33,64
17,122
44,113,129
76,108
23,110,130
60,146
1,59
60,134
7,104
96,99
7,62
58,87
37,133
4,101
70,124
11,49
3,25,55
39,125,138
9,88
34,95
10,107
5,111
50,76,119
3,110
63,147
36,71,82
6,79,90
17,51,133
28,94
113,116
39,119,147
17,93
54,96,98
38,134
50,62
22,28,123
59,101
85,120
20,31,138
6,102
35,136
57,111,139
33,79
64,109
57,92
59,110
46,56,84
39,98
69,120
105,148
24,91
22,94,118
54,107
46,109,119
35,89
13,28
2,16
51,91
82,118
81,137
72,127
14,39,71
62,130
7,80,122
11,101
9,64
71,80
125,149
56,77
3,79,130
17,72,148
70,82,116
57,123,143
53,91,92
88,100,113
90,118
103,119,126
115,128
57,118
29,123,128
19,34
15,51
39,119
117,129,134
28,91
3,98
99,102
65,123,124
19,82
74,79
131,141
109,136
38,124
79,91
27,46,142
36,65
3,33
32,80
18,62,84
53,59
27,59,102
24,78
54,150
16,44,105
12,143
87,97
40,95
58,94,98
67,122
9,73,107
27,55,61
17,95
148,150
69,86,144
53,58
5,78
107,109
22,95
58,87
43,80,105
20,121
22,34
2,144
26,60
20,66,106
56,67
100,130
113,120
19,31,127
6,118
77,106
33,55
26,31,68
70,150
103,138
22,85
37,150
74,113
42,53,111
52,117,129
63,104
6,45
20,56,129
35,142
14,40,63
101,141
78,117
15,130,149
10,52,112
104,146
41,93
40,146
64,102,125
28,141
10,46,80
37,80
8,48,94
33,130
84,88
119,139
6,10
74,85,120
81,96
42,141,144
47,129
13,114
43,68
11,147
93,107
76,96
2,79,101
49,150
79,138
10,69,115
96,115,144
33,107
55,100
15,55,136
109,130
21,24,148
48,96
1,8,39
34,129
25,128,148
47,92
34,52
11,131,148
92,123
57,69,76
18,62
12,92
114,115
123,129
19,37
7,63,71
98,147
36,89
4,144
24,82
23,39
93,99
43,71
21,111
73,136
140,142
67,93
30,41
96,99
56,107
25,60,105
13,42,57
34,68
36,75
37,53,54
35,100
68,137
55,100,106
118,128
34,82,135
82,85
23,73
9,54,95
14,74,118
44,65
2,29,35
55,142
15,66,125
85,86
72,102,118
23,29
5,36
103,113
87,96
2,110
20,51
6,75
21,95
7,30,117
15,90
4,120
88,130
32,87
92,111
105,134
58,76,96
51,56,85
4,55,124
5,32,40
55,141
35,107
8,81,126
6,107
34,97
80,83,150
12,14
102,130
113,149
4,104,139
59,139
16,71
54,55
50,104
51,132
4,16,125
13,59
52,148
37,72,89
69,71,79
49,76
49,95,115
16,72,135
3,88,103
10,85
24,51
19,36,40
27,125,142
99,115,118
68,104,110
4,118
116,119
76,94
4,28,92
46,55
46,72
102,124
25,46,54
56,82,138
119,129
24,30
44,83,150
41,84
67,103
9,27
13,96
12,32,95
27,46
40,110
95,104
23,121
27,140
42,114
118,139
2,90
15,35,39
24,131
50,75
61,77,119
5,132
1,46,122
44,140
25,120,148
107,110,130
68,88,143
91,111
64,116
79,108
75,80,129
33,84,98
12,107,118
18,54,55
113,149
72,150
16,52,88
25,33,106
5,60
17,38,93
4,10
28,31
56,98
30,150
11,65
117,140
44,81,124
47,136
74,91
79,107
22,76,94
55,136
3,39
46,110
19,59
85,108
4,66
113,133
36,38,80
51,142
10,74,99
10,76
52,76
46,84
9,121
88,102
42,141
44,133
17,89
76,89
44,131,132
51,149
95,129
14,51
1,51,72
10,81,115
104,119
5,60,70
61,77
46,116
8,37
58,91
14,73
108,128
51,106
21,26,89
98,118
67,119
43,61,66
86,95
16,37
28,91,128
1,61
18,102
27,112
38,104
120,140
22,52,110
123,124
76,120
9,92
67,102,116
4,88,134
18,34,60
12,101
26,129
11,115
119,133
24,30
14,86
44,140
25,90,100
126,144
30,43,60
102,112
21,41
68,85,115
2,147
28,118
23,64
128,136
86,128
59,94
2,119
14,19
10,95
23,119,125
26,78,150
20,51
69,139
18,86
116,132
111,123,144
5,148
48,85
9,106
85,108
63,97,148
61,67
95,97
94,101
131,133
1,89
32,133
75,135
119,147
49,60,80
38,129
81,138
5,22,140
20,58
145,147
88,102
28,74
51,63
50,137
86,123
4,134
112,130
66,88,98
24,83
16,75,132
30,67
11,31
76,114
69,115
102,110
5,89
55,62,107
17,150
47,119
7,144
8,76,85
79,113
74,114
70,78,141
53,83
53,91,114
22,66,106
4,86
17,112,137
28,111,123
136,147
41,90,141
10,108
103,145
7,135
20,64
132,143
12,144
44,128,145
28,74
19,49,117
36,45,120
24,60
7,126
107,130
4,33
30,53,91
6,69
24,44,63
31,135,138
26,129
22,86
69,74
43,80
20,41,106
57,94
30,115
11,98,149
38,133
91,141
76,94
18,116
9,44,141
109,144
85,108,144
26,83
86,123
131,132,135
92,120,139
108,111,144
86,91
15,69,115
4,118
110,125
69,85,143
1,19,145
70,87
8,86,123
67,123
57,83
79,149
16,21,75
26,49,133
9,107
31,33
1,38
19,51
107,125,149
34,150
39,103
27,106
12,81,86
91,114
92,101
23,117
40,60
124,129
27,112,147
84,112
42,57
4,48,109
30,122
130,136
18,80,146
52,148
67,112,138
25,33,90
49,72
71,132
96,115,143
77,121
10,91
97,124
3,139
48,141
31,150
23,35,55
65,131
66,102
17,52,135
