417,457
137,278,472
47,119,130
294,492
193,376
226,357,430
256,356
164,183
306,451
198,348
348,440
70,276,357
134,147
114,120
79,343
121,278
17,357
96,152
2,72
87,406,420
320,365
413,425
45,292
174,364,458
28,231
206,308
55,424,483
301,402
58,439,467
43,122,140
25,222
246,343
71,239
39,113,427
169,243
239,375
117,120,134
153,165,234
4,254,266
74,457
322,334,411
66,384
377,420
161,193
2,256,294
45,296
233,313
166,336,470
11,281,418
285,289,446
180,196
200,408
35,100
138,348
252,476
409,498
143,305,481
204,208
178,342
5,123,304
60,201,487
23,300
2,51,223
135,177,188
88,389
190,419
341,345,380
238,298,452
138,164,440
137,266,497
184,270
41,215,313
254,455
129,345
21,277
324,342
94,277
174,203,288
343,366
223,321
76,150
34,268,470
42,48,402
265,464
426,466,475
126,438
240,414,428
225,257
364,436
83,219
159,362
313,369
209,435
48,218
18,98
152,348
100,128,478
251,276,402
174,221
32,418
311,374
17,174,214
58,406
200,494
24,365,485
1,190,441
245,456
87,107
37,81,249
48,49
157,236,309
276,320,372
155,388
8,313
346,419
169,381
20,88,473
163,374,383
203,451,457
209,496
404,455
29,425
242,404
119,267
232,290,352
13,90,262
40,62,421
68,365
8,103
1,164
148,426
288,295
95,186,340
38,169
7,217
287,337,432
20,420
12,204
1,138,328
240,450
25,276
6,27
19,188,464
74,285,392
67,465
173,263,281
50,58
168,273
56,63
232,354
104,357
312,335,429
31,219,315
191,329
210,389
173,404
149,397
28,197
66,220
84,259
120,170,228
309,441,481
229,372
198,430
351,496
97,262
3,258
50,112
46,403
183,331
231,236
69,379,500
48,341
282,424,444
49,376,463
351,371
41,446
6,160,283
79,297
43,161
173,286
291,491
167,293
118,126
318,493
46,102,496
103,306,429
296,335
251,455,457
196,394
134,484
49,163
47,125
98,132,422
38,378
94,441
13,204
66,90
9,38
78,414
311,445
65,334
378,483
250,283
103,437
107,408
197,488
108,134,347
36,80
115,279
4,280,465
5,108,115
80,141,471
210,284
230,351,390
274,277
177,199
137,435
223,321,371
160,476
62,357,491
107,216,236
45,214
7,451
15,58
52,114
279,369
48,212,351
57,166,406
3,302,377
321,371
148,492
220,261
436,500
16,195
433,447
179,390
282,324,330
140,481
94,273
269,445,461
32,387,428
120,184,341
268,321,370
185,336,396
67,175
46,462
354,438
59,144
282,389,441
103,479
260,413
65,168
258,281
326,420
279,495
200,235,237
319,338
197,423,427
106,488
181,222
63,242,455
241,385
140,465
2,273
131,363
53,362
65,174,254
42,290,466
301,415
228,460
121,406
127,398
256,417
180,383
148,423
11,86
220,330,448
227,345
154,383
23,302,311
14,42,261
35,303
402,433
43,417
76,96
106,282
73,185,295
77,496
214,341
37,297
179,330
187,221
246,430
94,213
231,346,401
92,318
432,440,448
92,305
139,495
3,286
157,247
320,352,374
67,313,464
144,183
76,217
109,115,335
97,176,401
277,478
121,215,441
181,361
431,497
131,424
197,466
50,250
87,176,262
10,143,475
378,488
121,138,258
24,100,470
42,330,446
90,272
211,331
15,363
188,340
98,264
6,344
254,472
102,248
79,136
10,83,289
57,115,409
405,474
241,467
19,231
20,237,492
186,211
329,382,491
386,489
235,328
113,311
152,187
269,467
3,409,454
70,165
231,466
211,254
184,268,354
150,493
161,162,401
17,293
98,212
232,472
67,84
73,100
149,384,461
81,136,471
227,252
372,387
225,320
33,201,211
9,488
147,466
187,232,353
362,363
87,305
128,196
99,209
37,83,403
103,274
219,398
86,166
201,329,421
37,415
272,496
92,424
135,302
152,285,388
99,143,383
221,242,483
415,444
4,113
50,396
112,303
417,463
63,299
48,121,214
95,451
61,322
48,212
137,429
311,428
73,468
236,332,369
120,348
69,189
66,161
139,344
246,356
259,486
58,455
159,302
35,227
170,225
317,340,372
17,139
71,333
24,161
414,432
39,203,240
177,379
80,103,474
405,456
64,436,460
150,483
78,325
115,185
371,484
34,139
313,392
77,108,365
22,287
144,348
15,174,185
458,473,476
454,485
16,61,312
88,169,236
73,300
139,316,404
362,368
213,216,392
248,349,415
347,349,463
360,422,467
95,273
444,491
63,79,254
463,468
391,485
53,245
87,315
83,94,127
118,129,226
264,325,498
64,107,141
280,419
39,494
88,235
127,291
132,482
75,269,400
122,176
219,401
317,461
54,101,418
35,254
21,123,355
236,419
5,455
10,267
222,325,360
210,440
76,99
413,467
62,266,268
181,442
464,487
271,408
319,445
246,304,437
28,209
90,111
228,233,385
88,437
260,452
316,360
241,329
160,494
192,273,442
194,355
258,461
260,301
75,316
180,269
201,359
48,206
46,378
129,334
112,339,458
238,412,457
416,475
407,476
282,286
23,270
83,134,187
437,444,448
176,335
170,370
213,394
154,439
38,284,419
243,388,478
397,425
47,126,170
95,231
313,327,369
285,461
146,196
133,479
63,78,174
251,411
165,275,450
152,165
99,107
13,419
78,337
304,413
250,266
74,150
65,142
302,476
328,439
125,300
81,282
63,376
84,338
105,323
185,283
69,458
27,223,239
165,230,305
216,219
156,346
7,421,462
56,267
228,276
287,375
47,60,187
429,435
143,226
148,210,390
270,296,338
283,448
53,470
254,440
237,475
59,488
133,468
91,108
131,365
19,200
330,431
246,302,324
151,497
269,344,475
16,33,352
120,178
33,318
219,230
59,441
70,105,158
274,492,499
159,173
448,488
213,389
101,189
237,310
56,381
138,286
97,246,300
60,121
68,477,493
124,361,380
276,300,323
285,446
236,389
145,154,317
196,206
160,491
179,418
57,227
34,159
46,331,349
232,357
106,391,462
318,481
195,311
310,498
260,473
85,89
351,384
184,255
74,124,324
437,464
175,265
170,328
474,486
5,469
172,499
24,328
152,232,317
37,212
193,299
33,232
202,218,407
14,325
160,171,205
317,346
83,92,105
101,279
4,466
6,83,282
220,221,406
271,462
127,141,229
56,264,365
55,245,254
72,249
322,442
348,372
269,355,407
105,337
120,302
130,276
74,431
282,351
249,377
358,476
83,234,405
116,196
18,294,308
341,379
91,298
33,127,249
10,220
110,285
398,435
90,217
101,196
173,193
336,446
95,300
14,258,385
373,374
231,391
1,349
27,247
138,268
38,235
119,474
197,444
271,352
270,277,476
226,345,465
315,362,460
47,313
313,486
67,98
148,271
3,405
12,313
239,463
442,481
191,381,444
100,347
99,355
66,188,275
61,159
281,311
291,389
23,277
353,446
34,206
221,386
349,362
62,149,425
42,171,367
284,331
163,378,403
1,462
283,406
32,181
48,177,231
56,296
223,294,449
1,152
76,175,314
207,464
171,200
351,488
118,402
126,481
113,380,479
317,359,397
49,81,191
330,332
203,293,303
239,242
15,379
250,288
212,286
125,188,338
155,335,456
241,400,491
94,128
227,482
125,293
45,300,438
28,148
58,332,401
17,193
112,306,436
66,84
208,282
261,430
68,77,471
101,233
17,306
302,392
50,307
325,406,496
93,207,415
28,402
128,245
121,435,459
132,361,428
57,454,500
172,443,469
104,213
38,135
52,106
147,185
52,421
122,500
161,181
153,427
111,141,212
181,439
251,298
476,489
169,401,424
72,77
19,164
143,209,309
268,416
40,226
72,393
122,214,371
7,278
368,402
347,392
33,107,382
4,246
32,202
126,223,429
89,182
59,305
64,240
70,426,448
298,442
70,211,255
70,145,355
89,494
418,461
48,441,462
225,456
104,485
68,97,216
31,413
114,289
60,464
153,188,278
55,345
197,243
147,184,375
250,359
147,192,406
149,258,437
175,348,446
422,485
38,68,255
196,304
100,293,356
83,434
100,307
135,438
215,428,446
320,354,459
223,422
187,189
273,486
57,86
84,352
32,396,425
175,189,448
397,423
34,178,266
81,105,267
9,176
6,121
311,427
186,217
219,310,493
132,332,423
376,489
108,117
13,131
493,496
70,349
265,317
440,459
86,133
120,175,359
26,353
96,331
32,140,384
227,424,479
5,370
188,259
92,491
181,239
124,399,482
274,430,486
338,446
132,204
203,254
175,190,211
273,400
71,315
84,121,197
13,80,235
13,59
333,369
22,150
464,482
93,321,482
141,357
117,237,378
73,321
303,490
68,104
210,378
168,214,250
28,272
344,493
189,203
45,66
8,46
210,310
19,336
121,311
247,256
164,165,426
211,220
18,187
305,373
281,375
370,474
206,344
121,137
132,265
261,275
86,429
308,378
292,423
9,20
112,280,464
56,106,462
10,426
342,430,461
72,108
31,210,339
164,282,468
238,414,470
178,194,422
37,291
43,193
240,389
247,418
78,311
222,337
79,205,432
253,477
61,115,247
38,64,80
297,381
251,263,297
159,206,305
106,280,312
242,329,431
57,393
180,469
351,398
342,364,396
298,339
94,416
76,158,311
147,476
187,404,482
400,410
121,212
183,353
314,382
210,441
365,462
296,327
40,124,465
30,43
219,266,476
41,149,259
201,461
324,330
55,116,150
229,475
86,289
406,451
126,140,385
3,116,329
428,492
128,334,358
39,132
41,403
88,136
59,111,154
45,62,252
172,341,477
9,80,341
74,350
162,306,411
58,222
225,363
251,364
107,353
173,178,181
102,243
55,289,450
487,490
220,452
60,399
104,107
13,462,494
18,52,440
254,295
173,445
215,335
418,485
49,90
375,414,500
37,207
140,349
119,248,249
154,374
31,39
190,235,291
9,86
38,156
220,225,304
7,199
202,289
216,480
88,386
212,313
325,354
63,352,485
284,488
70,383
475,477
2,18,337
31,64,157
51,214,287
40,372
284,453
128,240,368
131,436,483
373,491
205,435
250,425
197,333,334
48,495
227,258,446
77,78,475
279,329
31,81,92
12,161
51,440
435,476
248,308
62,496
74,372
27,180
25,313,320
297,361
78,295,396
260,288,500
111,141,331
215,447
346,386
160,413
5,394
55,482
240,312
21,76,296
258,395
205,224
106,374,408
244,311
22,100
151,193
95,208
15,97
106,268
14,76
291,494
80,371,461
374,416
156,234,401
28,94,111
127,318
8,125
275,402
36,333
74,482
47,342,482
329,344
213,214
9,248
236,308
19,176,230
389,401,496
86,476
57,222
69,345
388,447
13,368
48,64
58,117,214
78,283
106,145
10,36
302,481
7,198,395
327,348
228,245,304
73,364
28,168
165,350,463
132,175
259,425
149,500
241,417
21,118
107,420
284,492
102,291
44,307
6,339,455
101,359
6,104,411
124,373,463
56,216
42,346,448
173,313,459
413,422
216,254
33,209
188,486
169,493
103,191,490
218,324,421
11,323
1,219
384,445
86,442
91,410
59,138
127,315
111,488
52,126,232
253,258
191,332,486
21,108,217
101,497
102,264,368
74,472
189,373
197,212
12,323,357
48,494
330,374
328,332
76,292
114,187
195,355
188,209
4,378
46,98
122,323
23,461
257,323
57,310
88,163
177,178,207
107,332,437
19,282
1,252,446
19,488
25,342
50,61,404
375,453
258,270
218,259
6,477
63,189,467
75,397
74,193
232,258,388
51,287,366
141,200,235
333,368
99,310
341,402
71,436
165,317
74,146
296,475
110,283
411,457
29,63
23,76,96
171,398
127,381
202,250
29,86
168,413
91,287
401,471
392,421
57,293
321,458
113,179,354
126,479
94,438
209,363
49,248,308
275,348
188,322
263,463,487
102,118,225
385,461
279,488
166,298
30,123,344
168,370,413
302,456,472
5,110,166
279,294,439
129,251
204,271,496
426,474
60,402
241,461
45,387
107,210
108,306
338,471
85,113
28,46,216
281,327
43,454
63,295,357
206,414
9,87
379,412
192,409
153,263
201,246
3,162
207,314
265,266,342
38,131,308
117,134
100,203,396
13,345,405
40,270,435
466,481
268,492
449,500
64,206,378
129,228,438
304,366
276,324,385
196,239,451
232,344
214,401,430
122,500
8,16,29
13,163,408
273,471
68,259
200,473
18,166
212,216
110,288
414,454
291,494
154,259
353,406
26,278,340
79,162
18,87,400
472,500
179,471
76,141,394
277,292,407
23,392
18,34,379
97,353
67,460
241,407
286,342,461
193,310
93,111
134,470
204,291
80,157,158
345,372
1,362
236,283
35,297
35,152
340,439
205,326
191,356
177,284
340,384
19,102,190
3,385
84,278
430,447
182,405,434
13,212
14,296,430
40,464
350,400
355,451
24,370
12,279
324,431,446
7,237
301,325,500
55,226,347
65,452
143,315
10,217,416
86,329
50,130,216
204,229
221,335
18,329
250,352
157,496
236,317,377
13,351
274,490
218,309
111,137,177
61,432
42,114
88,135,344
177,234
191,296
68,196,222
246,286
72,250
138,408
112,287
64,350
71,217
315,431
257,357,466
382,477
33,88
157,231,237
223,403,477
169,289,317
170,354
387,490
140,460
125,127,285
74,227
19,172
102,279
264,282
39,327
216,308
401,455
102,471
126,414
269,293,442
155,353
165,437
255,365
164,475
87,351
87,430
2,247
134,352,358
304,318
191,283,334
152,319
111,383
281,331,351
61,304
162,335
141,309,390
24,238,334
246,259,388
156,262
425,437
206,213
80,137
35,100
293,410
406,409
175,476
53,217
129,225
243,378
45,55,490
148,190,245
101,369
32,139
366,469
266,456
49,281
70,115,492
136,235
272,341,418
84,292
129,165,418
76,342,369
269,405,443
120,129,202
226,302
76,135,476
175,335
332,438
74,187
150,252
209,437,460
205,466
23,218
137,421
328,366
437,446,465
103,296
202,265,456
374,403
78,360
135,191
11,336
63,135,172
355,468
297,363
95,240
93,239
202,225
310,340
352,485
137,268
182,310
404,498
225,483
204,231
62,170
77,281
3,334
68,172
4,228
205,207
348,421
13,169,305
59,424
159,334
30,293
4,425
5,100,448
88,90
353,465
242,445
183,271,318
106,254
161,257
65,151
129,428,487
5,138,204
56,68
180,291,323
312,469
196,307,394
85,133
264,474
233,465
13,264,468
142,252
93,280
102,114
164,373
345,418
40,178
92,365
57,110,334
282,397
363,475
21,439,456
82,204
158,477
392,477
130,350,483
30,174
181,497
350,438
311,479
14,317
54,226
119,190,483
83,212
90,117,411
88,465
57,134
303,454
142,356,462
252,387,456
140,353,399
388,482
18,189
143,217,315
340,353
166,406,500
117,382,385
288,454
171,458
224,386
4,180
63,420
6,224
66,228,338
97,236
49,195
168,409,440
159,250
37,308
189,222
247,406,413
295,405
31,209,249
147,173,492
47,107,326
305,350
118,119,207
173,319,332
345,402
166,376,470
16,44
87,145,158
53,382
123,152
28,70
170,274,289
80,460
2,250
82,96
44,249
92,298
273,333
202,277
184,465
27,239,322
27,456
75,193,273
179,317,402
216,305
186,215
27,463
103,232
380,381
418,468
210,247
306,307
175,339
74,299
21,114,274
210,424
70,236,374
260,441
196,273
50,413
423,482
154,399
33,107
77,156
370,427
228,335,396
146,176,210
31,271
216,468
232,272
384,387
49,236
244,362
120,266
192,489
162,457
135,438
467,485,500
230,248
26,226
75,304
77,474
163,393
155,449
288,293,379
255,496
57,79,304
151,171,400
137,343
159,301
96,282
256,366
130,458
76,240,342
359,405
134,484
53,425
71,94
120,215,342
91,409,454
64,182,405
203,366
77,294
184,202,476
139,336
58,251,485
82,131
164,210
192,341
111,124,307
89,426
248,365,401
261,372,472
279,400
69,455
131,180
31,109,280
49,59,481
354,387
440,499
63,457
153,258,276
41,423
217,497
276,421
128,414
312,350
232,259
246,456,483
254,443
24,101
8,486
318,420
134,297
3,189
218,299,345
224,319
248,406
51,491
19,262
104,203
16,66
189,391
42,153,399
362,377
163,282
262,304
188,472
23,51
100,155,424
282,351
151,247,453
150,258
129,477
356,379
343,359
362,462
144,163
101,355
208,428,486
43,213
205,470
255,363,377
273,337
305,309
42,327
7,497
337,388
265,499
128,319
32,73
43,178
152,464,482
141,183
8,340
41,276,435
52,70,167
122,393
171,417
77,127
117,295
248,391
293,470
277,418
206,228,263
87,163
167,242,307
65,94
67,292,483
65,367,443
69,467
126,343
158,234
231,496
182,383,418
42,178
134,180,362
259,292
157,211
308,349
21,454
71,91,131
109,312,361
186,349
18,334
347,447
43,409
125,478
23,32,125
91,449
30,51
19,375
299,493
244,448
64,436
209,351,474
105,307
80,235
173,412
201,340
30,374
61,134
384,471
10,441
254,371
247,346
226,300,342
107,336
120,494
25,437,487
80,331
164,186
146,293,439
223,463
60,445
140,432
35,50,140
63,166,449
66,311
16,152
491,495
243,424
363,411
325,452
189,448
149,354
125,165
334,443,469
88,453
97,346
121,208
1,63
102,107
58,61,364
75,269
128,168,205
26,146
425,435
140,219,401
405,413
227,268,289
222,247
87,278
217,426,444
250,432
181,269
99,125,345
416,426
86,283
178,483
24,492
264,312
86,95,103
61,74
232,361,479
29,156,288
65,113
148,213,274
346,377
79,411
56,441
302,399
121,198
43,346,389
389,401,468
74,325
25,311
26,259,427
438,451
141,350
134,192,290
295,323
56,230
466,496
181,383
69,75
102,331
218,415
181,245,301
169,456
170,430,450
270,459
222,306
151,335
123,185
169,494
318,469
172,249
195,369,425
103,227
102,341
12,92
7,96,265
375,410,452
100,127,190
74,354
155,200,365
164,280
284,428
27,314,358
10,94
4,121
34,72
172,392
420,491
209,219,333
55,74,418
302,328
144,276,428
117,124,435
163,349
429,431
79,148
365,377
144,390
82,216
145,251
72,462
353,372
64,224
120,198,353
196,431
160,443
41,252,345
119,331
49,98,309
175,339
28,38,89
118,274,317
47,425
357,396
361,465
171,257
89,209
65,202
104,213
64,384
111,157,318
277,286
6,24,214
194,419
33,105,466
194,426,494
247,500
436,448,463
32,369
66,338,359
191,405
117,162
366,458
235,424
1,346,468
43,230
210,351
53,265
297,311,322
83,207
62,112,192
109,113,340
261,426
91,104,498
16,73
186,412
202,427
79,130
42,114,162
31,234
123,254,439
225,266
107,144,154
170,246
334,480
87,230,280
5,26,228
81,219
37,390
100,293
70,406
71,105
52,126
81,291
24,146
148,465
89,158,424
164,451
189,205,363
84,463
100,293
30,363
165,461
439,465
212,305
102,194,318
93,156,341
40,201,490
88,194
155,261,296
74,496
141,148
117,151,455
353,380,431
195,363,477
8,16
313,397
86,137,348
8,274,328
7,327,497
86,175
336,375
240,309
222,311
35,72,149
40,320
3,30,51
28,177,186
45,220,436
74,422
302,425
78,382
63,337
111,359,385
241,467,499
77,301
2,12
220,264,318
14,201
160,222,406
84,496
213,333,417
117,329,448
380,460
297,318,347
102,381
148,156,200
355,452
5,339,373
25,317,465
8,55
47,203,273
57,484
162,479,487
103,263
224,448
24,252
79,363
397,407
148,333
59,164
119,432
228,299,425
212,292,346
343,393
188,328
192,254,394
13,434
394,491
101,450,482
260,400
85,365
239,411
4,74,155
67,392
211,403
58,439
44,203
227,445
351,403
92,306
7,464
48,403
57,189
174,273
66,147,479
8,263
168,448
184,319
328,368
198,348
378,490
362,456
11,85,482
114,348
71,236,468
103,177,372
113,348
47,225,465
95,345
314,499
148,196,218
413,436
343,397
24,53,382
60,385,421
78,425
93,156
121,125
158,464
57,447
35,260
4,484
154,416
374,383
83,388,436
269,432
136,148,401
100,230
80,174
173,300,465
103,132
129,361,385
111,355,439
6,485
257,282
187,214,363
63,196
32,476
41,198,340
195,261,418
143,464
158,423
72,100
324,420
270,413
14,105
393,414,463
164,381
73,495
8,75,445
139,171
106,474
53,61
226,486
266,284,386
89,231
269,377
2,174
158,460
32,73
226,479
367,378
12,179
370,436
7,82,327
100,367
376,448
40,138
105,204,308
87,308,477
109,156,257
51,176,407
304,422
265,368
140,354
35,373
16,343,429
34,367
48,307
223,242
88,102
27,500
97,265
98,480
57,379
250,439
50,166
219,462,494
217,415
78,316,485
312,473
114,375
253,478
102,314
186,291,445
97,340
209,276
159,260
145,331
338,348
246,354
262,376,391
14,450
184,450,487
268,324
22,470,500
165,258,348
263,302,402
18,75
50,443
79,169,404
53,339,370
133,353
121,274,347
131,156
186,389
114,237,334
237,309,346
410,435
11,458
222,350
146,224,343
297,449
68,374
321,484
129,463
350,408
313,330
103,135
77,136
8,483
264,267
15,254,297
205,352,375
113,252
48,221,380
47,223
92,97
340,345
289,465
50,130
100,375
353,380
86,222,334
81,432
401,412,428
36,445
13,98
138,449
12,427,477
296,327
13,244
169,347
340,455
153,341
5,362
403,444
63,325
217,462
125,257
243,398
69,428
8,198
49,405
50,130,330
42,152,191
2,256,304
187,384,427
253,436,484
63,190
85,184,198
361,397
327,335
24,211
77,147
205,206
68,378
94,240
457,472
364,451
131,137
154,390
72,254
91,188
96,482
58,132
179,300,423
31,148,351
11,276
54,208
264,326
18,53,362
43,146
54,310,377
361,364,387
76,319
101,397
225,244
1,88,148
202,281,391
8,184
195,418
85,244
300,392
14,191,201
8,85
181,413
159,410
80,377,390
45,119,194
61,275,342
138,387
323,500
41,178,345
57,238
85,114,460
62,429
124,359,433
117,147
92,148,169
372,459,475
68,94
113,170,274
245,480
277,425
12,394
196,276,329
83,87
182,194,492
182,209,253
59,143
271,462
6,171,181
147,396
344,478
5,85
150,153,231
286,289
292,427
29,372
281,446
377,450
40,340,425
111,426,462
38,457
61,279
383,488
294,444
38,352
225,451
168,272,291
143,172
17,210
69,486
251,454
38,83,419
249,429
56,493
142,179
21,435
15,134,287
73,256
172,453
7,120,330
72,204
5,102,339
22,180,214
399,476
14,233,263
94,264
359,447
232,292,385
65,203,393
103,277
14,499
313,428
175,415
134,189,192
271,386,468
44,168,298
259,427,456
7,257,445
449,454
174,283
212,310,383
66,162,490
145,488
114,140
189,224
188,340
247,409
39,135,140
120,467
185,401
122,171
225,295
98,258,466
44,257
139,239,287
219,499
52,120,169
170,497
157,386
40,395
219,420
201,221
374,378
140,396
10,310
232,261
81,319,326
287,393,411
436,453
279,388,417
2,174,344
262,496
238,444
44,480
80,109,391
76,345
314,457
44,103,217
30,456
270,293
210,309
324,407
82,194
53,367
289,320
247,414
140,286
195,198,215
12,44,379
74,264
11,425
226,319
54,152,447
73,116
36,225,273
150,152,427
414,442
91,363,406
66,477
365,419
252,253
147,161,239
42,259
279,443
231,462
143,378,386
335,452
235,347
78,373
167,452
16,265,402
94,248
100,180
114,301
241,451
207,473
314,343
90,350,415
206,430
53,249,411
321,417
255,281
166,379
310,441
183,217,383
51,284,430
366,430,446
199,405
268,407
15,432
136,391,408
46,469,488
119,377,494
196,316,396
216,334,379
290,411
64,309
370,467
83,190,295
430,431
90,144,211
162,366
90,389
108,167,283
236,312
127,229
107,197,248
52,113
216,353
37,89
47,87
240,450,461
224,432
237,381
59,204
275,289
17,201
60,85
71,90
238,374,483
167,448
112,251,470
14,343
71,392,417
2,162,276
154,260
64,131,267
105,346,368
92,401
58,326
4,437
260,462
76,225,395
40,67,397
488,495
196,411
29,66
228,343
98,236
219,368
114,401
56,199,408
30,358,498
160,315
231,492
226,340,427
368,474
155,194,478
57,253
128,304,451
208,240,428
243,426
17,470
120,327,428
103,477
93,148
122,314,480
137,395,428
216,217
162,261,456
55,133
137,477
93,381
225,392
95,317,395
195,300
431,445
377,494
169,414
171,251,306
129,328
119,177
247,314
56,195,347
175,302
361,483
382,413
85,317
141,253
109,177,194
282,389
481,485
102,109
134,206
195,263
119,219
149,353,417
146,242,344
130,283
43,343
15,29,416
105,350
312,333
80,465
268,431
117,273,469
16,138,161
225,376
47,84
28,351
122,362
56,199,389
105,229,466
178,324
69,151
54,86,428
144,154,430
110,422
186,237,368
56,169,309
54,90
71,386,441
208,385,387
140,308,466
235,488
279,343
278,319
121,142
74,135
96,348
238,485,499
324,456
86,135
48,267,492
77,378
381,386
107,300
40,334
95,437
15,470
27,205,393
168,363
60,262
201,223
133,317
224,345
238,242,364
321,454
53,245
153,286,438
212,405
52,72,371
42,258
92,136
111,175,335
277,327,359
117,379
30,409
185,235
4,137
268,287,323
200,416
188,210,422
131,249,255
296,402
16,465
45,208
56,419,467
76,459
177,349
274,360
102,424
239,358
361,367
8,120
157,248
8,126,133
42,188,345
139,406,417
154,272
60,456
334,400,436
40,70,190
200,390
156,417
122,283
205,245
286,397
297,448
77,272
360,367
162,251,355
50,217,390
172,217,346
199,271,390
99,390
139,438
345,380
263,421
376,445
184,450
279,306,370
205,344
269,314,337
324,456,465
261,359
91,465
11,125
104,363
269,358
205,417,458
363,442
68,496
203,290,454
178,356
99,197,496
62,97
38,230,441
45,188
96,323
21,25
28,267,349
298,314
87,185
3,193,212
76,178
43,211,478
3,499
351,420
75,241,304
351,455
255,444
115,168,493
177,326
18,116
93,216,368
146,232,274
14,274
11,170
118,256
164,188
255,416,477
172,401
23,138,465
228,301
229,481
461,476
8,428
122,314,458
6,164,444
231,346
104,223
85,494
68,282
113,138,471
46,68
45,213
127,225
332,465
12,193,314
51,147,440
279,336
129,361,459
485,489
41,198,461
5,476,479
192,281,323
199,280
298,491
18,72
22,203
266,418,456
56,254
74,76,150
109,297
104,479
146,400
42,105,144
356,453
61,72,162
147,275
108,248,326
67,173
17,249
30,214
38,349
143,201
10,243
185,194
68,292,341
257,318
17,337,455
77,282
31,44
13,18,375
198,430
235,284
98,136,217
134,180
230,315,355
1,421
154,280
155,270,285
43,130,458
322,461
156,243
154,348,405
59,318
27,311
405,424
389,420
68,470
78,455
162,171,439
18,251,370
411,428
336,379,458
5,406
250,367
128,222,325
119,279,401
112,283,484
65,147
239,260
81,170,247
4,85,497
19,57
227,465
196,400,452
234,483
62,133,428
346,408
258,482
16,357
28,212,309
75,337,414
114,138
288,458,463
22,224
74,133,472
46,194
25,65,438
339,412
17,379
256,307
198,302,343
36,129,332
374,468
243,411
302,427
82,158
36,434
17,35,112
10,148,177
221,226
283,460
129,277
140,428
140,208
55,187,215
179,288
14,181,214
307,329
74,137,394
123,394
34,171,485
46,90
114,215
25,32
230,405
284,303
160,362,411
46,245
131,389
152,292,478
202,315,452
93,107
102,280,391
182,311
102,361
13,185
111,272
1,162
128,212
182,253,471
74,227,472
221,289
70,82,107
142,410
168,207,378
106,412
198,286,332
59,383,398
103,218
251,304
122,375
25,418,479
265,340
83,157
311,339
92,394
102,312
95,170
320,357
46,300,335
86,322,443
202,232,342
90,282,360
15,100
455,463
61,454
19,49,218
127,280,462
83,141,264
136,468
273,293
359,479
295,436
181,192,360
10,59
55,276,361
48,298,482
203,452
211,216
22,171
469,477
119,192,332
44,325
214,255
19,277
98,473
171,269,356
254,458
163,492
48,96
351,474
48,121
423,479
257,335
128,196
127,240,285
237,326
195,233,419
18,498
367,401
355,388,451
236,365
233,435,468
199,297,435
36,405,424
47,261,348
182,262,398
111,136
81,419
44,168,185
469,497
289,465
55,343,497
359,464
110,376,396
109,266,499
219,467
147,412
39,359,461
172,473
248,393
98,186
119,315
3,69,382
396,419
334,375
343,487
104,399,412
75,411
362,436
109,143,474
301,456
4,198
213,466
109,272
287,432
151,162
16,265,399
40,465
141,398
13,60,139
36,253
331,408
190,418
49,355,419
3,72
220,441
102,145,305
23,26,76
11,138
374,420
109,171
339,382
91,285
97,444
92,144
50,117
3,50,452
57,368
105,206,229
54,313
104,373
380,435
4,114
43,177,398
42,314
8,135,433
86,101,187
40,101,354
180,343,375
37,230
379,386
229,309
34,93
42,121,438
27,370
364,480
217,462
310,349
129,341
68,218
219,474
118,135,391
178,388
342,399
75,382
109,331
44,167,404
135,259,460
102,172
85,140,332
180,256,478
34,283,480
158,218,445
184,275
265,305
131,405,416
97,310
38,106
135,497
23,282
95,247,307
205,484
3,381
136,186,419
13,185
418,483
72,271,354
279,303
73,293
86,133
13,140
292,369
258,278
40,108
166,193,404
56,102,291
137,482
208,375
62,263
