386,419
172,493
124,292
158,485
96,241
46,336,375
194,356
288,357
249,377
49,201,411
229,472
31,78,442
209,219
27,414
128,178
156,336,496
362,436,492
352,362
337,498
137,437
5,314,349
35,390
110,430
285,360,404
89,167
65,339
32,215,464
399,497
117,214,472
46,338,482
54,60,83
39,131
167,361
349,487
142,430
149,174
202,390
152,221
165,224,254
5,137,468
136,292,491
37,382
285,315,422
33,418
140,405
159,207
32,434
84,187
124,327
329,409
15,420
62,221
113,226
27,347
167,403
183,309
296,363,374
303,322
42,122
331,406
107,412
22,389
373,488
58,174,412
9,182
32,285,324
109,290
192,267
308,437
94,242
237,375
430,440
57,258,444
100,386,467
167,216,317
45,411
127,257,482
95,122
95,168,403
44,78,466
231,462
116,481
462,463
325,478
60,453
41,62
8,105,363
15,253
311,463
40,233
42,417,491
46,145
25,301
328,434
60,254
129,322,391
50,280
95,385,447
201,235,486
242,327
99,359
200,282
151,347
95,309,368
58,246
268,293
82,124,327
18,392
8,308
215,482
80,211
55,63
265,391
98,434
130,318,364
309,359,488
153,207
260,275,492
52,350
3,470
212,266
147,397,408
110,451
445,460
118,272
63,69,258
68,424,428
235,339,483
131,227,297
84,358
110,333,362
306,377
112,290
126,233
262,374
92,148
202,203,267
96,491
126,194,471
5,364,417
136,303
14,388,444
85,313,480
44,222
256,321
296,319,365
146,340
93,95,254
64,421
16,170,456
373,404
128,500
18,184
116,313,417
42,107
323,454
175,443,486
11,200,450
325,375
205,206,226
78,283
141,288,303
467,471
91,182
28,181,427
262,291,359
53,62,102
29,352,440
64,325
45,374
58,409
139,365
288,436
132,323
17,40
125,257
225,288
149,425,437
51,278
187,248,351
32,139
98,173,261
247,495
64,140,426
14,170
120,295
287,413
90,223
139,309,489
124,205
117,133
53,449
93,122,396
158,224
94,275
145,311,450
14,214,220
196,470
265,489
200,402
202,327,429
42,280
177,257
35,65
164,497
303,387,411
50,181,263
102,441
158,239,389
34,106,276
43,46,200
146,201,500
291,324
104,105
58,119
45,53
374,400
124,357
221,314,499
38,266
23,478
177,495
12,165,329
126,162
43,75
68,395
42,233
213,418
35,204,231
278,310
28,120
274,317
433,438
310,350
128,304,366
259,348
234,366,386
173,418
67,139
175,193
243,318,472
383,469
213,394
172,204,268
31,69,140
152,225
115,269
310,403,490
28,223
15,161
75,181
37,365
99,110
139,173
278,351
5,438
38,464
169,383
288,316,360
192,314
83,292
327,444
319,404
3,96
183,324
166,295,458
148,482
263,345
43,390,498
60,193
96,282,403
328,488
443,460
279,456
441,481
93,348
214,384
32,161
28,189,282
39,201
116,483
13,42
204,430
348,479
134,176,408
61,331
365,453
69,240,255
90,394
134,333
134,367
103,347
243,478
186,205
260,443
43,246
107,308
155,227,474
197,238,482
162,195,368
184,381
112,392
20,58,227
51,174
107,211
66,81,454
380,498
99,440
204,269
287,354
384,452
219,339
38,313
389,442
49,456
170,435
38,173
182,487
386,419
30,123
274,484
267,418
44,289
43,283
58,205,354
172,234
49,373
65,295
112,279,471
44,441
118,237
247,278,284
59,330
268,285,306
254,359
106,478
9,214
116,301,325
3,485
139,212
90,257
3,61
253,275,318
28,248
136,498
151,301,341
154,469
70,230,439
166,295
217,387,431
174,322
75,308,445
224,473
421,470,483
200,467
8,326
15,308,380
208,311
63,427
117,150,364
59,485
260,430
334,345
14,307
17,217,408
27,434
112,360,372
52,202,331
82,276
89,295
222,301
123,345,441
160,390
4,164,218
272,291
73,397
96,228
308,478
227,437
378,454,479
61,181
256,411,438
144,485
47,258
282,301
169,262,412
149,206,443
45,235,430
273,319
48,184
40,350,352
245,387
71,416
58,338
7,306
143,316
161,496
14,167,438
357,481
32,486
109,159
272,280
224,454
67,89,256
201,405
272,475
17,181
12,170
161,397
27,306,422
182,499
208,215
43,217,371
174,282
312,493
19,103
30,191
39,231
8,306
107,389
78,458
100,327
30,49,65
13,473
43,107
121,207,439
216,455,486
67,169
73,126,449
237,238
129,162
66,230
55,323
9,244,439
93,101,412
311,369,474
172,356,402
76,131
53,444,467
296,328
222,313
265,284,360
66,331
142,283
380,483
123,342,409
117,170,401
486,491
72,345
31,170,325
241,354
29,86
106,198
109,465
5,361
75,419
292,370
171,341
25,313
22,87,215
4,146,500
403,429
7,61
11,20,491
116,156
210,352
14,195
351,450
27,465
277,332
159,162,201
114,330,472
66,359,381
9,34
85,165,385
44,477
362,459
105,403
113,292,437
85,323,466
81,244
269,422
190,295,392
168,354
229,306,399
204,270,292
332,451
224,334
25,372
275,448
307,493
31,216,314
172,441
162,243,419
184,356,411
54,160,172
383,442
192,238,298
32,377
69,78
245,365
187,223
49,94
413,487
194,307
71,290
39,40
134,137
136,147,492
194,340
164,224
224,463
162,324
133,207
14,296
200,329,486
16,46,282
263,459
145,158
311,419,421
95,396
357,480
184,458
300,337,404
243,493
117,309
205,268
57,132
183,278,307
137,445
233,293
63,242
116,312
87,290,307
75,149,160
79,142
383,407
140,484
5,159,312
87,494
261,277
145,249
355,463,485
125,316,318
16,114,352
147,270,351
108,258,465
119,249
271,313,321
4,6,368
233,264
23,274,386
4,383,403
106,228
153,198,317
110,313
108,380
101,199
44,415
71,433
1,320,424
100,285
277,306
302,477
252,280
277,344
34,188,378
100,137,401
346,460
39,426,474
13,461
290,310
352,369
354,491
15,412
290,414,497
31,36
102,363,426
24,453
239,257
139,495
95,378
200,405,443
8,105,251
96,325
34,36,461
41,138,228
189,377
127,321,341
85,121
305,356,403
207,284,475
32,76,287
190,272,446
270,380
208,412,429
12,171
301,468
229,382
307,438,469
209,465
99,132,375
178,448
113,134
421,484
153,453
217,336
131,168,482
152,294
434,464
49,476
115,238,426
373,414
79,462
127,180,403
65,194
347,483
440,445,470
169,307
85,101,228
70,412
6,71,381
383,481,485
12,102,432
126,456
111,340
174,435
136,272
200,332
220,319
359,423
23,148,434
277,388
122,188,427
208,308
222,348
246,273
119,190
71,484
161,208,281
48,112,262
298,352
29,354,369
196,248
203,381
216,219
87,484
231,353,460
8,324
404,419
98,118
93,356,389
329,492
217,491
389,424
217,260,298
67,298
8,162,315
14,139
278,306
108,164
44,128
27,81,254
225,250
69,185
220,358
119,296
18,216,459
22,150,203
52,374
86,177
327,484
327,370
180,371,448
213,398
272,489
137,306
199,282,480
73,138
425,440
8,283,293
79,462
245,353,375
187,338
248,423
185,313,327
55,221
26,139
143,405
112,358
111,214
275,290,438
54,184,480
225,415
21,438,483
119,151,190
351,486
301,335
245,409
140,157,257
105,467
149,431
70,108,418
188,465
310,488
171,343,483
11,457
13,238,351
177,418,439
54,178,464
270,391,460
90,244,394
171,494
265,399
178,356
241,334
61,223
56,460
32,377
186,378
425,485
105,310
181,370
14,414,488
103,231
402,453
324,495
53,304
176,454
346,411
59,279
417,492
189,335,367
167,220
184,448
322,421
12,358
65,184
7,193,309
2,311
197,496
5,119
262,356
17,60,237
186,466
176,266
80,116
22,234
47,134,228
155,158
201,319
165,316
239,437
16,178,433
185,231,255
156,434
230,485
158,464
99,145,492
229,299
308,486
139,195,309
149,355,362
195,218
2,238,450
80,342
410,484
235,251,444
251,312
21,356,382
183,381
328,403
15,411
291,360
348,417,445
240,297,450
34,104,410
180,395
308,426
64,129
63,412
197,397
154,173
305,382
292,297,440
379,467
37,190
221,274,289
164,341
252,412
75,323,487
118,220
34,68
11,282,489
63,267
49,295
8,253,421
74,215
89,386,476
100,424
20,226,345
276,376
115,457
42,82,188
136,309
119,341
19,157
10,325
4,425
109,253
220,476
271,306,340
222,323
447,499
64,491
136,223,339
89,363,383
26,154,294
463,464
310,388
264,271,358
18,78
187,218
310,433
385,437
316,489
426,478
45,87
183,204,286
65,278,315
111,310,361
153,336
213,499
78,487
89,305
259,334
384,455
280,494
20,163,491
225,488
18,359
73,185,304
70,212,477
411,422,495
172,223
26,300,381
16,32
305,475
149,438
20,141
347,482
12,37,49
26,204,325
83,251,383
109,256,446
339,408,410
162,293
160,238,329
347,429
111,278
57,101,282
382,401,414
207,383,405
39,42
105,265,497
100,155
199,415
126,356,500
461,481
347,372
218,239,447
85,165,423
83,214,472
96,494
16,69
343,457
37,206
241,464
25,376
217,349
163,333,338
19,462
339,495
120,174
231,413
96,437
407,476
326,386
162,194
93,166
428,466
328,355
36,314
291,399
179,227
96,138
80,236
51,456
44,213,257
310,419
20,52
149,388
35,231
447,466
140,314
38,248
289,317,348
84,90,250
52,225
262,477
436,496
91,113,271
25,56
153,421
118,396
67,109,177
29,149
184,203
185,473
297,396,489
35,97
87,243
16,390
27,115
20,380,390
53,164
307,488
63,135
325,338,435
146,195
11,291
235,317,494
318,381,433
177,232
189,252
278,356,400
216,371
85,335,345
255,266
49,271,400
269,375
159,435
24,130,350
350,397
30,114
37,60,499
198,448
175,179
28,93,480
174,433
248,301
338,351
293,316,489
174,402
1,478
267,492
93,94,274
161,380,401
127,476
220,356
292,323
89,162
116,472
40,75,287
218,363
143,197,376
182,326,329
45,414
186,196,240
89,278
104,120,191
161,391
137,188
259,335
149,161,200
330,343
131,308
13,230,454
477,480
293,300
107,435
440,474
198,454,475
52,79,491
396,449
135,145
285,400
11,444,478
161,225
44,476
29,405
377,405
88,206,286
113,350,405
116,254,494
1,457
354,424,443
378,422
226,250,258
137,404
135,305
189,395
287,321,460
8,344
31,317,486
59,455
207,356
268,363
66,423,479
83,419
27,164,283
146,268
21,359,360
125,438
235,368,487
390,460,487
107,372
26,214,287
333,412
368,384,438
300,401
61,128
129,245,330
450,452
228,317,370
300,345
34,80
63,357
184,500
126,316,407
185,201,375
31,125
165,187
101,369
113,131
147,408
98,237,306
133,304
30,108
20,413
1,437
257,327
19,49,469
164,435
17,320,486
4,105,497
403,416
168,308
12,477
170,173,328
30,77
167,287
212,397
211,263,342
113,303
182,283,367
177,466
278,326,359
362,406
118,154
110,210
177,213
131,175
46,175
81,153
143,177
71,377
70,120
121,447
56,281
86,495
15,457
106,487
69,422
4,218
93,298,374
170,173,273
258,279
24,174,478
437,440
170,373
347,384
8,37,146
23,161,463
316,341
95,380,400
118,316,353
401,436
135,309
103,210
76,377,483
389,467
80,396
150,178,251
77,253,359
157,392,433
68,360,374
390,464
302,340
176,427
7,367
228,299
351,463
85,157
20,326,430
180,446,500
65,405
207,231
202,455
371,397,453
133,322
160,396
203,386,400
381,492
80,144
14,173
233,314
138,193,314
195,261
298,359,426
355,465
35,426
178,216
256,312,316
16,309
5,293
38,216,441
105,275,316
309,361
169,320
95,471
62,85
148,494
142,442
114,236,434
151,281
257,340
89,273,319
33,303,377
97,376
180,205,333
20,87
209,444
68,181
106,135,367
208,443,482
80,357,477
96,188
396,412
233,366,446
22,338,358
35,92,163
280,452
279,444
271,284
40,269,487
3,16,74
369,466
77,380
123,238
5,270
51,325
166,438,490
195,422
79,347
37,214,358
230,354
135,170,364
81,457,491
421,480
38,279
61,444
231,424
150,411
433,493
28,169,306
218,273
266,463
426,435
11,147
249,270
79,303
2,22,272
86,338
116,218,307
50,127,189
48,200,450
99,170
150,458,490
19,210,498
180,330,400
113,269
295,489
292,459
4,121,233
205,440
22,285,364
151,353
1,38,205
14,295,328
164,305
101,224,494
73,378
14,419,488
179,207
177,276
83,93
297,298,384
233,306
338,376
115,175,208
242,244
207,251,358
13,336
209,213,479
229,326
151,423
61,138,444
56,481
143,205
193,431,445
16,220,277
226,238
191,399,500
462,479
385,454
230,478
294,300
270,409
370,396
306,434
241,323,335
286,446
9,63,415
155,430
122,155
78,345,471
55,186,310
320,386
401,476
251,399
248,468
209,270,414
406,437
76,354,430
189,337,385
197,364
185,341
90,342,479
45,345
61,464
60,156
92,433
262,411
307,399
201,303
389,395
374,389
32,450,463
46,236
270,453
112,285
404,495
171,237
118,202,224
309,435,474
183,359
71,330,417
37,302
52,439
30,37,411
45,411,422
211,412
120,137
75,136,141
341,355
386,391,436
279,395,485
266,389
176,341,386
147,471
102,435
82,323
45,126,261
191,410
274,368
180,234
289,481
209,219,410
171,213,405
76,98
220,264,326
102,487
102,148,240
224,423
18,327
215,451
136,188,389
102,269
112,328
82,133,459
70,164
7,118,239
267,477
144,369
280,287
199,242
275,311
46,77,324
67,251
309,359,407
192,255
190,488
300,314
13,76,384
304,480
38,195
19,373
216,270,353
139,360
210,460,498
103,136,443
179,283
283,315,440
82,334
142,265,393
25,330
117,323,498
223,228,389
14,253
26,217
89,131,351
394,488
29,498
57,185
176,458
99,475
178,320
160,264,350
230,323
359,391
132,294
126,154,446
398,426
3,158,224
206,245,354
16,105
51,155
261,284,295
262,372
13,181
54,478
277,492
382,403
202,442
7,96
426,483
73,224
147,175
160,418,486
87,111
391,495
41,478
63,101
89,192,465
231,436
29,260
199,352
296,352
58,261
134,219
375,435
251,329,497
47,138
33,466
27,209,430
201,422
50,373
122,142
178,201
284,467,496
387,393
69,415
171,409
294,309
108,121,458
124,379
348,351
56,346
155,401
105,433
369,396,435
224,305,473
63,329
204,230,348
179,457
203,261
97,436
224,380
125,245,438
225,486
22,85
32,413
127,295
35,43
321,456
106,392
360,370
47,191
141,250
149,486
334,484
10,192
61,94,166
51,119,361
189,214,433
6,178,320
210,343,498
72,440
54,266
162,264
310,368
248,313
228,284
351,375
274,441
281,434
319,414
243,392
72,363
113,443
27,389
273,456,495
305,347
84,147
33,186
46,431
93,367,428
67,365
101,407
231,355
39,87
75,111,339
334,455
53,186
163,366
53,213
38,362
104,400,485
302,410
57,339
115,311,352
150,414
125,349
7,323
414,416,469
348,452
60,141,440
52,81
89,181,340
68,230,434
368,482
174,200,211
7,178
438,472
20,48,136
45,453
356,398
28,420
242,289
178,194
215,216
163,457
200,329
244,268
176,317
36,51,238
48,474
191,239
162,190,493
3,154
31,230
289,388
82,323
65,190
295,315
184,490
62,200
296,341
397,483
358,373
197,329
116,206
282,491
14,495
341,374
9,408
318,324
199,357
269,413
132,209
114,373,382
249,478
174,188
38,165,387
8,170
98,210
122,165,336
323,495
350,434
14,422
136,340
52,200
357,477
5,277
105,166,383
11,18
199,235,282
42,84
16,388
293,493
155,275
226,308
398,445
95,232
291,390,423
107,129,215
97,168,211
127,271,456
56,226
150,419
219,316
299,423
393,437
365,414
56,377,440
259,345
16,389
73,254
269,334
239,437
13,89
313,370
84,481
246,281
20,79,297
309,368
133,270
201,273,364
215,281
169,490
276,406
98,163,483
289,399
97,281,445
155,425
21,87,438
112,341
316,356
125,268
9,259,266
260,430
370,405
303,463
209,388
115,169
89,105,316
38,227,352
126,327
19,31,403
99,474
132,385
201,293,488
39,286
160,416
48,327,491
49,62,151
210,349,412
234,357
378,499
160,193,215
173,203
151,369
328,330
22,456,488
38,227
330,347,400
79,435
298,397
13,176
265,344
335,473
187,415
243,319
11,372
132,216,484
306,414
233,404
199,386,413
191,235,500
64,209,246
71,262,382
117,319
15,116,438
110,393
58,137,288
195,388
6,24
33,134,274
203,328
292,324
39,391
28,94
148,286
171,270
56,121,145
364,433
65,456,469
353,480
195,278
114,117
140,385
79,118
32,387
316,364
386,481
138,240,317
373,407
399,458
394,459
307,365
172,444
57,80
312,446
285,320
56,426
5,169,262
278,305
319,372
145,384
436,493
136,252,269
411,482
120,209
145,164
168,205,440
83,265,373
318,483
105,368
364,448
40,313
57,141
412,462
45,277
288,489
243,382
247,262,278
123,317,379
309,489
50,160,276
40,56
176,187,466
91,254,444
80,109
81,298
143,226,498
200,445
88,338
57,196,219
178,434
173,340,476
374,447
23,270,430
376,446
38,338
252,278
127,173,195
198,289,479
217,339
88,220
117,233
31,140
191,424
116,261,307
167,277,361
27,267,358
26,216
298,412
75,435
30,31,196
291,492
415,466
108,196
163,303
62,424
180,184
21,500
143,474
264,377
189,486
111,319,340
259,386,387
24,322,470
27,182,222
14,425,463
26,422,490
135,450
61,259,337
27,243
315,376
278,469
394,458
213,254
67,159,422
13,30
185,289
144,475
211,434
75,84
188,216
92,197,217
416,500
162,340
101,475
188,217
459,479
311,432,453
181,494
77,385,394
163,238,239
104,228
108,458
53,325,333
136,297
156,217,420
155,173,355
5,433
330,345
44,94,189
105,186
295,360
27,96
154,195,491
80,264
153,203
33,191
83,89,305
110,121,436
293,404
37,278,295
79,160,210
269,415
380,420
32,172,389
82,343
94,468
37,49
180,300
7,85,465
138,477
109,202
238,252,451
137,428
251,355
367,445
41,257
59,118,459
33,492
234,305,400
188,440
79,231,414
27,212
70,106,151
136,430
190,207,256
315,319
190,218,268
287,343
247,316,495
277,288
324,420
231,453
324,456
185,458
251,368
176,192
155,296
70,244
29,163
148,396
7,410
298,487
148,351,353
100,181
334,485
113,118
170,315,400
362,487
172,240,313
382,383
68,313
187,315
122,277
102,463
139,403
285,388
143,354
113,220
267,342
123,345,485
17,46,287
432,492
286,429,455
82,202,490
172,250,280
14,71,310
8,243,404
443,470,476
106,141
44,109,124
76,434
221,423
79,129,412
285,320
265,290,422
125,127
5,366
148,196
115,145,208
209,379,417
28,298
150,319
165,479
120,303
84,244
56,175,487
264,422
27,93
407,472
99,217
244,393
16,383
62,258,282
181,268,419
294,372,461
22,392
166,489
186,368
45,127,154
1,184
200,464
20,52
88,341,379
194,366
96,199
264,295,307
26,264,489
96,250
356,492
60,92,149
246,356
151,311,455
110,121
173,385
340,359,386
73,385,398
196,331,484
182,265
91,396
285,295
75,372
3,236
49,265,472
431,484
47,143
99,145
320,392
178,317
8,313
269,476
218,495
199,234
15,205,482
166,364
9,363
121,488
169,355,403
181,257
105,412
189,342
397,421
366,470,483
86,241
342,500
100,432
8,146
204,275
27,174,336
182,191
150,490
148,425
218,275,305
15,56,60
276,342,415
375,491
35,462
400,466
1,193
47,494
39,420,437
250,482
363,415
103,336
214,260
242,349
207,218,423
350,376
45,317
275,363
100,304,335
200,389
125,167
311,409,463
104,427
40,227
54,272
242,331,406
120,213
138,158
111,114,361
2,496
35,365
108,223
236,447
351,420
209,226
279,396
59,82,109
303,337,347
80,176,367
216,244
94,188
230,299
46,130
252,463
132,279,426
20,500
67,138,318
230,239,378
239,478
170,318
229,237
123,196
44,140,441
23,82,350
20,317
262,312
108,299
395,494
149,153,322
272,302
73,118
25,61
233,302
353,389
16,373
83,373
124,421
210,457
39,75
93,225
170,197
420,493
96,154,298
195,307
400,411
189,485
193,227
311,362
45,265
370,380
119,312
123,301
54,204,434
437,449,474
154,196,245
4,488
97,161
121,244,424
60,431
340,456
307,316
98,434
271,458
82,330
246,443
307,362
64,398
207,365
190,407
172,362
247,373
387,425,445
13,94,144
115,210
123,319,430
13,250
144,170
234,414
361,366
296,417,469
145,338
289,385
90,242
172,279
250,449
268,291,318
201,408
85,275
24,483
287,450
156,325
156,452,474
192,216,461
400,490
321,422
44,477
389,428
127,243
272,467
96,453
222,255,314
182,384
79,289
103,412
176,212
371,401
214,296
73,331
256,355
104,377
281,304,436
107,303,338
24,325,474
253,411,469
19,74,408
1,89,227
461,466
115,245
126,231
251,432
47,68,424
330,394
53,274
74,208
73,174
212,428
119,180
228,485
382,492
406,477
100,223,461
244,341
180,340
11,130,362
272,293
122,210
218,475
330,347
218,451
213,289
170,388
355,368
281,328
240,419
43,204,486
5,89,488
207,416,417
383,406,448
289,330
124,227
194,446
43,51,453
29,136
291,341
145,227,397
237,352
471,492
188,396
6,251
6,222
30,51,116
141,232,410
262,469
22,383
49,203
226,298
171,352,478
28,447
344,433
45,433
70,120
61,482
90,299
308,316,475
89,184,381
137,372,429
233,423
91,95
90,162
460,478,496
26,243,363
394,471
248,328
32,270,325
387,464
227,426,446
204,271
151,437
49,220
272,302
64,252
118,158
245,397,441
48,375
287,377,470
300,486
100,366,469
240,374,450
115,371,492
90,411
1,296
110,483
105,315,328
185,203,341
49,194,207
126,214,256
335,358
292,323,441
89,218,497
12,393,496
10,87
307,348
161,278
371,376,432
10,86,454
12,117
160,348
317,403
120,357
335,413
180,290
76,382
271,328
100,119,346
2,38,40
320,344
4,373,403
221,382
351,427
361,414
246,386
185,376,458
129,206,474
113,348
193,204
54,311,380
142,274
89,250,444
417,419,493
74,429
240,471
187,305
197,432
180,192,443
36,430
118,153,394
9,75,137
44,191
141,170
286,291
152,290
207,220,382
225,405
173,490
289,476
256,316,317
303,426,437
6,492
132,390
134,221,289
32,274
74,389
373,499
21,116
193,387
32,500
82,238
78,257,295
328,359,381
21,74,218
132,199
221,305
73,236
159,228
97,168,455
44,429
8,285,368
2,126
280,301
121,369
200,371
296,414
48,189,286
136,329,464
311,471
201,220,291
110,114
394,418
42,157
249,369
312,457
281,402
27,321,369
255,371
116,243
280,433
111,359
24,405,455
303,482
117,173,407
23,463
302,444
194,296
312,437
221,460
37,265
264,321
190,316,446
35,361,417
317,453
96,212,308
11,54
316,360
72,309
9,389
9,213
157,181
392,459
174,304
242,377
277,310
29,431
219,339
74,211,225
16,371,412
16,292
277,300,490
253,264
233,444
292,351,420
217,482
285,433,489
109,379
169,262
332,388,467
83,404
159,262
263,370
109,282
305,315,374
50,147
103,110,295
58,121,286
58,149,245
162,261
411,469
13,313
78,119
327,461
54,473
363,372,427
54,99
216,485
79,367
278,326,368
379,444,454
169,281
195,293
235,292
269,446
146,366,382
91,270,402
285,331
211,490
9,69,224
67,295
145,148,369
218,329
19,237
120,413
237,292
242,498
144,192
259,491
137,258
449,483,497
264,296,407
54,84,392
173,361
194,493
426,437
247,388
223,267,366
73,97,333
242,254
149,156
72,138
104,397
41,61
300,305,326
93,144
97,209
110,269,434
112,439
149,194
228,335
65,218,386
382,414
119,290
118,188
159,265,416
152,478
36,113
256,302
202,242,477
60,71
245,450
251,411,416
55,424,484
45,459,472
57,294
346,451,464
44,309,468
317,468
172,446
18,61
19,298
145,208,351
208,361
111,488
391,464
300,473
86,88,186
49,355
176,494
304,421
141,210
230,296
189,286
48,58
119,500
153,186
152,359
132,439
277,365
170,293,310
14,51,61
280,285
26,295,497
178,309
222,223,261
307,365
197,384
253,488
283,362
88,200,413
81,273
7,181,325
333,348,404
40,479
261,479
8,184
125,278
71,126,400
96,468,471
171,176
249,377,409
119,429
14,407
61,327,394
162,290,341
105,267
31,59
31,85
22,213,247
47,101
289,400
119,152
296,326,365
22,167
428,439
310,312,326
21,156
59,499
281,346
47,104,266
9,33,188
371,455
320,360
435,464
77,344,363
3,367
20,102,156
110,397,478
207,355
128,283,284
212,426
52,325,453
369,372
1,327,378
248,254
233,388
121,184
28,272,340
54,76
155,468
124,184
40,468
285,329,359
17,160
158,242,257
288,336,352
45,407
32,444
344,374
9,307,384
243,456
67,173
142,305
37,383
41,235
138,232,385
368,442
204,352
34,389
122,352
15,498
62,189
327,345
413,449
364,411
172,275
40,163
420,421
24,255
2,272
109,395
7,69
97,498
14,178
55,332,349
79,131
272,319
225,449
212,444
26,363
394,461
145,206
86,280,460
140,274
105,110
383,472
273,319
249,303
365,493
362,406
158,301
334,394
115,410,451
105,295
16,251,422
204,391
190,272,476
207,259
1,197,322
1,299
146,358,401
326,331
87,247,490
251,307
80,82
139,446
203,294
166,169
93,223
43,322,376
285,372
216,410
130,420
299,436
155,469
17,439
99,482
107,171,210
164,438
150,278,340
233,359
264,418
333,336,445
76,95
26,307
268,319
277,293
432,487
190,271,383
272,368,433
167,324
29,38
434,470,496
10,93
36,58,99
191,469
71,251
52,322
149,303
171,468,486
307,366
96,280
58,376
22,207
298,322
9,140,148
11,466
167,469
57,126
61,386
152,463,484
51,242
440,491
165,215
53,207,378
338,453
104,367
285,489
443,455
104,109
133,173
99,330
74,245,395
45,58
183,278,416
302,401
82,241,459
271,451
86,94,241
355,424
97,436
52,332
91,129,187
24,143
137,387
82,137,473
179,425
51,365
172,374
65,374
42,402
337,466
31,298
3,6
30,83,475
285,300
326,475
134,378
51,152
116,155
215,269
256,305,388
98,311
130,211
11,194,356
79,276
2,156
242,391
253,476
220,227,259
213,471
246,284
183,476
442,446
255,260
171,280
42,166
271,399,400
183,429
108,480
3,195,318
91,158
410,411,425
89,341,407
86,442,492
93,245
353,491
362,470
44,442
121,463
100,457
92,311
77,277
219,424
100,229
29,66,314
218,474
214,218
15,58
117,294,388
377,393
30,135
380,425,427
177,337,484
362,478
178,222,244
21,152
170,365,403
72,150
2,52,375
294,305
145,239
156,402
14,155,495
14,131
95,499
226,491
171,259
30,189,403
19,113
41,424,481
38,250,451
263,499
248,485
102,152,467
137,350
85,167
228,335
105,318
324,343
336,451,470
48,391
220,448
79,174,486
13,81,480
51,125
24,482
140,284
126,273
412,447
122,155
203,436
166,326
220,233
251,352
98,398
217,333,380
89,214,331
93,444
198,439
200,387
21,344,366
142,345
20,53
7,108
128,305
2,232
172,477
53,123
3,254,428
155,423
298,464
4,419
8,87,220
427,431,499
80,218,380
49,173,195
98,309
265,321
303,343
94,323
157,396
139,300,381
11,43,291
301,471,497
68,326
425,444
40,288,496
417,450
35,113,352
67,256,363
111,191
40,348
90,93
247,380
164,367,394
75,292
156,189
33,378
46,427
342,361
171,462
167,229,388
67,433
335,405
240,356,394
141,143
147,281,436
51,356
427,484
261,334
198,340
381,469
85,172
16,87
43,183
381,433
145,347
178,319
214,256,469
140,438
71,117,407
445,497
116,150
137,225,405
185,307
117,164,251
132,223,464
110,451
266,461,467
6,298
82,167,383
291,307,324
145,413
127,256,482
171,394,487
50,81,338
37,365
268,428
252,303
148,191,450
77,286
71,363,493
91,161
7,138
221,345,446
246,450
190,475
434,449
81,432
15,120
132,140,301
207,277,278
285,460
272,363,500
73,491
155,488
302,444,481
14,291,448
329,372,429
9,188
162,164,344
76,128,175
49,321,403
371,488
47,157,441
6,45
323,407
239,439
202,263
247,297,334
13,44
375,483
414,425
74,92
23,291
62,318
173,284
2,259
246,353
76,329
99,276
45,305
51,214
175,193
306,368,416
228,479
31,235
70,129
43,74,217
30,399
79,121,148
109,117
15,88,376
197,377
219,223
393,413
142,270
420,464
201,261,280
78,357
89,111,404
228,422
45,341
316,399
9,71,290
57,218,317
21,399
82,85,235
31,66,443
366,417
93,222
252,315
332,348
125,310,438
14,112,351
260,322
35,130,137
30,59
84,228,248
338,372
112,323
71,139
54,281,384
206,292,420
93,196,485
83,275
157,447
70,116,301
59,203
136,168,175
204,449
298,385
95,323,485
258,477
399,438
268,317
377,384,390
195,372
297,453
352,443
356,460
5,310
39,137
64,426
140,347,356
151,287
249,308
11,298
262,297
202,312
193,407
230,486
369,457
11,299
36,67
185,189,485
71,127
235,257
452,486,496
4,450
55,442
135,328
84,174,420
110,297,482
74,281
69,216
248,254
