245,458,480
293,462
252,359
111,296,388
26,34,466
273,424
162,292
86,408,425
3,420,445
233,234
162,379,398
118,326
167,325
2,7,494
51,97
215,221
230,256
380,389,487
38,81
293,392,422
296,471
227,422
175,188
162,223,326
56,76
179,376
124,496
234,253,380
12,165
188,201
107,373
21,229,353
194,305
152,222
234,425
105,306,420
375,442
401,459
7,268,362
262,389
52,77,174
322,345,469
80,257,439
321,474
113,185
323,340
196,438
265,402
52,381
53,266,342
57,184
422,439
289,492
184,468
383,440,495
118,141,369
284,493
90,430
72,450
377,401
4,23
189,331,357
175,457
343,400
360,414
154,171
60,68,185
120,331,483
107,355
18,293
231,499
28,64
321,487
92,458
114,493
23,383
146,403
213,234,419
39,478
65,132
338,403
350,421,481
346,409
232,431,458
37,200
41,477
131,325,423
196,391
401,413
171,252
141,148,398
156,326
5,368
109,259
53,83,476
186,281
50,331
106,366
213,413
295,304
397,427
34,341
285,354
201,228,238
19,164
63,281
98,225,475
120,227
351,427
296,429
8,123
264,336,495
70,435
9,252
207,231
202,463
266,428,480
71,272
149,274
104,481
63,217,362
58,256
9,262
192,334
125,176,189
198,316,440
248,451
160,189,308
54,97,395
153,270
40,87
138,439
34,139
26,103,360
21,130
106,385,451
422,466,472
32,176
49,238,420
92,118,151
238,414
193,333
40,482
123,423
69,218
433,477,487
29,171
93,358
193,430
119,305,440
60,486
225,324
229,383
177,294,435
405,442,498
162,321
378,425
215,301
269,452
141,211
125,280,296
65,346
53,190,416
26,149,216
21,254
117,193,479
48,148,334
264,452
1,243
296,415
360,372
119,425
287,316
326,380,415
209,424
229,341
176,263
461,462
106,288,426
93,426,493
50,327
59,161,213
4,316,365
155,409,431
98,408
306,455
185,262,369
85,321
355,500
87,259,312
103,224
231,465
58,325
68,82,327
61,166
388,414,438
279,336,435
403,432
34,52
293,394
247,388
145,176
37,272
220,434
24,210,247
84,188,417
95,262,302
104,243,337
370,461
213,227
115,341,487
12,164
87,291,299
285,388
181,346,402
28,43
36,477
249,372
50,367,490
36,319,446
131,483
96,210,488
42,285
112,154
142,380
217,362
103,287
99,420
105,200,434
70,275
205,213,232
276,278
108,206
13,256
10,44,293
232,399
43,134,309
397,401
260,386
198,310
219,340,475
215,233,496
132,424
73,375
144,394
75,162
312,391,400
109,434
102,207
15,225
164,252
156,468
195,371
384,399
234,479
334,349
294,318
194,369
440,441
83,350
484,487
265,294,367
64,301
124,187
229,418
101,380
135,167,220
65,171,429
11,287
363,457
61,255,455
78,344
136,206
79,99,141
262,341,415
47,278
234,323
117,340,484
92,241
47,82
228,449
336,354
18,42,102
126,444
419,464
113,252,389
47,348
239,364
80,458
20,80
160,253,399
76,178,220
134,386,476
171,472
259,394
270,321,344
30,311
31,430
39,97
25,388
110,392,499
376,443
183,293,313
198,459
2,185
1,33,90
177,252
230,477
218,287
202,368,396
200,246
139,321
4,45,405
270,481
187,397
67,224
126,494
153,472
85,129,244
81,188,191
134,319
210,280,437
93,242,371
140,158
195,451,471
137,307,315
130,266
278,279
273,341
120,380,467
19,303
336,347
163,453
10,128,216
156,213,356
126,350,425
347,411
105,345
51,254
31,73,479
241,297
100,447,475
81,213
181,410
311,444,463
231,338
366,385
147,157,208
227,243
12,131
62,325
248,278
283,305
306,462,485
167,358,469
158,296
96,112
165,268
370,375,490
63,146,432
7,184,398
357,375,498
337,344
24,150
271,466
284,413,436
125,159
22,205
255,360,394
101,372
120,325,347
329,397
330,492
153,341
95,274
307,496
2,371
63,164
345,483
257,454,472
37,352,401
204,345,362
45,424
64,312
94,177
293,496
275,374
209,225
344,365
209,306
77,239,288
56,136
256,302
186,274
32,199,293
74,365
317,417,478
205,232,272
198,472
157,467
1,151,391
283,406
166,235,496
49,486
75,439
373,449
190,198,323
54,280
17,263
67,458
41,281,341
265,348
146,218
172,337
174,235,288
27,455
153,180,495
34,306,346
421,489
225,332
133,294,386
165,282,489
129,459
49,279,417
214,474
107,139,337
83,468
1,114,413
206,294,419
243,250,431
293,341
122,202
295,401
112,127
243,457
22,112
117,222
272,327,402
45,402
341,440
258,286,315
116,332
318,344
158,209,212
61,458
326,415
70,123,288
132,213,414
48,354
97,393
35,53
81,205
102,182,437
21,395,453
145,464
214,466
24,484
287,432
67,391
414,429
72,465
63,177
166,334
14,162
79,317
134,184,458
283,318
92,306
172,397,452
29,358
186,395
96,135,232
274,475
435,465
274,305,378
367,390
166,329
251,317
19,349
66,428
15,308,380
180,358,455
100,174
18,467
73,186,208
10,103
123,416
154,500
187,378
303,420,500
86,277,296
205,257
415,481
83,287
83,158,367
5,61,133
230,384
55,136,392
63,364
79,140,234
307,350
11,38
292,495
53,67,71
147,305,398
80,135,359
104,203
152,322
31,152
218,265
56,180
110,449
68,106,237
392,401
144,234
168,252
145,174,274
96,257,349
310,359
166,266
94,235
300,409
106,351,408
43,170,483
449,450
342,493
231,499
8,88,435
99,242
180,216,487
99,297,402
76,149,450
180,363
81,125,388
56,186,315
138,443
408,469
366,463
250,261
163,209
3,14
218,334,372
56,268
152,168,207
9,70
118,352
97,127,387
247,259
177,240
151,321
343,466
350,411
283,296
72,385,404
247,320
50,464
77,327
149,277
221,460
273,315,445
305,343,489
220,454
199,443
398,436
97,248,312
105,380
116,478,499
34,215
55,229
71,138
15,451,471
135,271,488
132,306
1,133
114,123,369
3,19
196,331,454
135,159
162,299
156,244
137,435
42,456
117,179,402
128,216
210,368
155,431,434
138,453
448,462,467
92,312,448
197,421
197,467,498
184,238,406
144,352
5,213
150,321,452
88,141,426
224,315
22,213
219,392,471
422,472
246,367
119,337
113,336,347
12,279
45,157,247
45,277,284
139,372
51,236
42,184
258,424
185,259
19,413
134,237
168,408,461
304,319
7,145,402
360,371
353,474
42,116,347
27,325,442
24,34,422
20,126
104,391
124,442
96,345
201,292
94,152
342,486
404,411
47,87
114,364
305,355
37,62
21,383
25,73
213,217,378
38,73,220
22,37,232
44,264
110,209
128,224
231,374,493
47,216
74,109
159,220
424,432
74,388
114,123
417,469
102,108,416
43,227,333
280,388
410,468
213,406
87,462
257,325,333
189,260,282
436,472
248,407
405,457
72,94,147
32,75,103
42,60,390
446,477
444,465
30,149
231,374
314,461
84,98,461
41,278
341,373
95,252
22,426
391,482
13,410
209,300
118,399
75,100,411
242,393
65,157,432
257,362
76,288
19,75,128
85,286
24,400
143,438
400,407
347,490,492
258,331
283,310,387
289,343,351
324,336,463
31,283
124,279,412
139,363
209,231
75,186,450
133,401
4,142
352,461
87,402
190,495
83,166,440
401,411
326,388
203,267
19,243
150,169,232
361,486
69,179,381
57,363
99,183
240,480
443,464
343,374
405,485
37,434
18,279,403
256,346
361,382
177,188
333,447
330,360
398,411
227,400
221,250
165,337
232,368,429
275,334
177,485
238,447
55,179,445
60,435
150,180
41,253
11,213
220,284,458
239,366
301,427
91,375,376
31,312
272,436
177,416
94,265
273,377
15,291,413
91,159
206,499
194,237,352
93,367,437
305,486
166,379
162,496
426,428
10,161
363,475
209,364
301,396
24,236
180,254
383,387
99,157,302
82,319
294,335
228,487
63,114
151,444
105,441
39,68,99
159,342
175,492
182,230,290
193,419
100,379
45,207
178,253,339
2,82,169
60,152
156,338
131,462
232,248
42,122
7,295
30,234
415,498
111,205
163,498
175,421
168,492
143,439
273,287
305,345
208,396
20,102,222
208,369,471
182,254
318,460
229,341
17,226
145,297
34,73,379
97,227,469
59,223
441,491
22,26
151,203
121,148,478
19,149
233,328
250,314
92,126
180,217
279,288,371
77,122
82,467
210,358,439
21,149,323
116,335
92,346
240,340
123,379
337,361
237,327
78,134
89,458
72,426
190,334
114,132,178
48,106
84,305,318
233,377
154,375,454
99,156,474
127,132,232
177,184,396
242,263
36,89,98
44,241,250
282,418
130,206,392
20,239
172,383
358,466
119,216,302
72,234,451
93,235
145,161
266,319,351
145,344,373
176,207
82,178,277
43,237
145,159
15,273,310
27,357
113,280,372
108,411
59,246
50,54,191
158,385
344,435
210,438
176,396
110,341,417
309,480
67,200
54,447
113,222
51,138,178
71,314,405
263,287
29,120,320
202,427
114,187
80,112,285
289,345,496
43,220,422
50,194
99,500
166,336
122,277,305
174,293
347,410,475
39,185,188
8,204,494
377,447
68,182
412,458
150,237
48,300
447,452
119,173,264
84,148,277
177,184,451
155,196,458
67,271
297,478
140,186,245
163,498
214,487
147,338,451
81,156,171
114,211,444
185,270
152,268
48,108,180
146,219,461
330,370
243,402
233,355
158,298,336
31,34,38
100,292
72,298
1,135,483
226,261
65,472
33,58
66,339
93,140
102,238,478
43,92,167
360,365
155,389
23,172,203
147,398
122,305
262,347,362
240,382
11,71,160
109,317
317,364
92,160
368,397
65,120
140,328
10,61,171
48,343,354
336,431
40,374
86,279,362
95,174
227,299,442
6,444
387,476
267,367,378
80,247
137,316
252,298
212,385
232,413,414
136,242
149,200,433
200,297
187,270
81,255
84,302,458
411,418
218,328
211,475
9,58,302
82,148
284,418
233,449
175,216
7,158
71,81,466
39,75
157,319
1,356,466
407,464
216,485
74,356,405
18,217
357,436
183,366
425,440
277,392
337,481
178,386
160,170
10,341,491
22,322
164,186
346,455
101,310
460,495
193,203
70,157,364
251,497
226,299
84,227
54,349
206,226
125,141
191,263,447
342,343,389
173,309
230,289
319,437
470,493
139,420
224,303,427
244,434
25,163
62,71
61,139
11,125
48,369
16,116
132,196,317
108,471
289,387
45,147
96,458,469
219,475
331,346
140,191
99,367,392
272,323,378
18,177
199,415
124,143
2,25
388,455,492
131,409
157,403
151,422
10,378
170,472
79,181
129,323
162,362
12,117
311,318
400,431
297,320
255,257
56,495
138,172,250
155,199
63,251
47,383
48,174
20,57
102,478
193,213,387
153,420,443
241,282
159,340,356
281,406
64,310,459
113,305,391
52,378
162,163,487
70,463
310,442
180,353
72,251,354
305,441
57,302,414
494,499
89,298
63,499
101,241,421
246,248,332
26,452
66,186,418
16,86
72,392,408
347,471,492
57,465
112,291,391
128,474
115,472
72,126
268,459
115,315
40,110,432
162,216
286,321
142,260
124,414
235,274
319,485
84,401,404
293,351,376
398,410,417
152,219
246,495
41,160,345
10,109
193,400
248,388
244,361,411
25,276,462
93,110,379
147,252
79,125,452
120,257
455,498
256,464
286,420
51,293,307
59,96
1,26,333
285,374
95,267,371
258,331
294,336,468
280,391
30,346,460
85,127
150,175,315
53,108
68,177
371,424
91,473
271,337
360,402
52,201
194,257,424
238,341
209,294
294,422,452
17,251
277,456
91,330
189,357
307,381
423,480
41,66,103
223,387,422
449,500
57,492
197,447,495
328,355
159,257
283,310,448
181,494
152,185
24,451
80,451
3,224
140,225
115,192,427
326,475
254,358
240,387
55,284,460
11,111
32,78,421
116,343
160,284
7,233,444
116,169
296,349
48,148,186
66,307
30,172,404
79,212
246,269,327
91,243
3,245,411
274,480
296,479
69,90
226,251,374
79,184,302
64,143
284,399
184,279
195,430
351,470
223,230,455
9,362
310,495
149,393
247,431
362,385
362,419
43,46,405
482,496
85,94
161,186
298,371
98,290,332
279,382
428,475
28,257,258
314,476
234,301
230,311
111,186
76,359
52,82,389
74,238
178,352
10,303
232,278,500
391,494
112,491
239,297,336
141,189,282
99,181,231
289,377
38,370
64,160,466
62,365
2,212,300
113,386,487
8,91,399
21,192,399
352,373
123,258
56,136,149
97,372,430
274,416
110,492
168,366
69,440
145,260
41,223
5,128
212,408,474
87,312,357
40,42,463
182,336,364
62,391
34,314,345
41,425,500
169,378,379
1,172
52,70,77
109,312
353,359
122,204,499
71,442
16,63,444
103,326,460
369,499
34,289
46,225,278
98,158
3,377
65,109
3,282
44,404
184,267
208,283,377
190,389
187,270
5,33
46,189,352
196,238
338,395,465
57,67,381
232,257,357
23,119
257,395
257,281
190,341,435
4,387,416
350,406
178,363
216,328
179,489
86,169,320
138,236,423
155,179,247
205,241,433
166,245,406
136,435
27,409
234,496
299,379
4,20
8,351
193,380
1,278,448
57,419
10,196
361,491
261,286
40,208,484
269,308,488
13,417
35,77,410
244,275,361
30,140
21,29
207,274
21,32
76,284
234,323
2,110
312,469
383,481
15,167,442
319,380
84,113
405,483
341,493
263,297,345
2,140,315
138,250,474
36,66,459
376,399
47,186,491
354,468
345,353,436
382,392
112,170
177,347
293,446
322,407
128,221,313
122,403
202,388,459
89,270,497
352,375
209,344
165,182
17,478
121,408
22,361
47,177,404
155,284,342
231,262
235,468
148,313
187,243,376
207,320,392
2,294
239,463
13,136,381
68,157,475
333,413
71,291,312
338,432
27,425
58,336
73,92,162
126,447
61,148,384
224,500
117,347
188,404,477
74,349
332,447
139,177,197
105,154
220,314,405
63,302,338
230,410
13,168,370
215,449,489
440,457
27,127,278
218,401
153,337,361
51,101
70,331,351
119,228
193,478
45,206
29,365
62,345
93,344,357
43,250
52,209
123,169,364
90,441
78,89,139
163,483
152,437
122,299,354
217,364
66,149
12,89,227
45,441
91,133
335,436,497
207,394
112,488
83,317
92,184
186,286
102,147,389
16,217
430,469
191,407
233,314
213,434
356,407,422
138,180
289,431,479
287,314
186,316
386,411
13,24
96,441
364,410
45,416
32,166,393
5,326,485
137,150,495
252,257
348,405
288,305
153,381
72,117
169,189
64,97
25,59,271
195,294
275,301,497
8,148
121,280,442
293,328,428
120,333,473
24,203
99,242,251
287,337,392
232,407,423
135,259
271,296
426,494
37,498
209,291
427,468,477
12,100,190
7,180
36,425
241,326
164,236
182,206,478
41,383
170,356,430
153,382
55,321
210,431
6,353
287,378
75,483
151,434,458
87,362
120,430
88,94,408
81,436
72,181,225
84,397,438
17,116,471
193,346
102,431
258,269,333
312,467,485
152,468
57,385
135,196
191,487
110,264
167,258,291
141,212
424,458,459
163,400
25,237
99,269,339
343,419
336,499
139,261
179,275,328
110,460,492
46,85
14,144
98,340
87,123,126
238,353,365
112,316
97,220
154,299,375
454,459
128,457
249,281
25,342
135,442
421,481
124,499
69,446
199,486
134,293
377,406
32,323,328
242,275,359
158,217
155,165,299
286,361
144,271
69,249
168,195
60,384
170,246
314,333,387
309,370
28,413
254,496
97,269,302
250,410
10,102
209,444
140,162
237,290
289,357,448
68,113
73,216
58,77
51,476
432,475
27,303
45,196,213
117,168,310
246,329
334,462
214,426
203,264
145,215
113,217
35,192
167,339
91,312,472
32,103,178
64,404
14,241
214,235
110,275
20,57
170,272
65,189,438
32,397
5,176
100,117
172,362
14,263
29,328
23,69
54,391,455
298,458
184,266
91,171,280
99,212,385
366,460
32,35,149
70,93,148
84,126
261,397
87,220
117,231
192,451
265,493
234,443
3,35
352,387
12,473
225,484
159,351
79,232
151,299
61,87,193
140,286
171,422
50,348
32,286,323
11,127,258
133,155,322
143,291
76,91
88,226,465
265,359
36,138
252,453
76,474
186,497
233,363,452
70,471
55,497
330,455
396,494
146,460
332,484
20,188,195
77,168
156,196
217,290
45,157
218,445
60,222
227,294
149,454
3,131
22,43
102,396,428
110,132
129,329
97,196
62,220,306
241,471
249,273
151,368
214,357
23,363,459
28,333
16,58,230
46,429
181,465
26,425
87,190
129,393
373,421
47,244,477
299,390
136,313
31,154
199,327
96,332,343
26,263,440
177,198,317
124,430
378,416
347,430
17,488
54,112,454
23,47,55
55,452
337,361,452
81,105
306,310
268,323,331
31,320
134,234,245
330,486
370,484
398,472
305,369
174,210,261
308,422
44,290,478
144,322,430
126,305,468
373,446
223,355
350,391,493
403,461
183,360,446
168,417
151,167,423
166,247
22,404
84,225
339,404
317,436
148,289
182,428
261,449
101,252
179,285,352
50,408
66,381
73,296
80,207,429
57,395
125,291
280,383,455
243,299
7,152
138,236,334
226,461
225,484
126,278
73,280
144,443
154,296
15,59
370,441
150,236
71,487
25,112,431
163,164
152,188,456
142,372
40,317
8,86,237
361,377
325,454
250,313
301,455
179,459
74,403,494
52,214
93,144,472
53,330
76,344,386
206,398,401
351,457
35,172
349,373
23,85,420
101,238
96,267
72,170,344
135,171,438
108,487
406,494
60,118
65,167,325
24,479
421,491
185,237,265
126,217
379,447
269,479
70,265
36,169
46,193
27,368
183,329
283,375
14,345
348,375,380
211,288
53,293
2,458
67,407
21,150
276,415,446
60,402,435
113,265
8,19,320
1,358
382,414
241,447
263,492
15,25
166,264,418
109,423
139,187,303
13,378
144,302
223,248,441
82,456
330,430,458
144,299
173,299
164,319
284,400
282,343
236,364,480
367,449
298,490
67,358,462
272,280
105,233,294
264,413
256,349
150,359
27,357,439
216,397
82,345
253,290
245,500
162,218
311,461
191,431
198,338
170,349,368
119,136
52,423
239,311
49,174,436
6,482
207,278
173,347
129,233
199,211,429
184,429
168,293,340
67,205
269,386,433
52,330,351
87,155
130,343
368,469
262,395
110,126
6,315
322,388
139,183,449
163,378
94,371
53,173
44,258,444
214,452
318,398,416
203,223,248
108,335
216,290,294
3,378
180,247
30,294
243,414
69,437
97,171
7,100
102,114,219
26,55,187
33,458,473
46,375
302,365
59,381
121,379
44,293
14,453
479,498
277,499
77,230,284
35,264
222,494
255,407
42,101,450
168,232
222,229
171,278
87,323
63,317
225,232,494
104,248,312
261,287
32,55
225,417
312,455
128,196
9,231
313,476
104,399
237,298
93,169
213,345,431
147,168,456
32,264,323
41,459
79,245,340
193,405
382,479
1,259
102,407
174,435
270,445
253,296
82,211,219
139,426
218,395
67,125
38,262
76,167,332
98,295
319,367
298,398
21,249,495
28,159
8,42,437
220,342,363
124,345
274,444
109,366,379
109,283
8,251,475
212,467
140,393,419
124,144,283
352,448
316,401
16,117,274
261,383
193,291
241,270
190,339
47,75
300,468
259,312
118,121,225
260,278
121,464
37,423
199,418
273,342,390
25,335
165,477
16,206
21,357
84,211
325,413
6,236,293
187,218
43,391
144,154,269
267,305
220,358
205,238,398
57,190
9,327
25,228
282,313,386
49,101,376
216,399
348,442
320,473
63,78
308,313
152,478
257,454
40,120
289,359
197,204
225,378
70,443,471
410,424
147,290
148,181,494
67,371,440
26,198
121,305
3,360
68,88
333,405
27,213
433,439
21,282
84,118,174
224,241,303
127,199
22,314
190,229,353
26,48
271,346
276,433,475
82,456
66,280,346
62,200,322
237,494
235,242
209,480
171,215
132,467
311,435
215,302
135,159,207
177,212,384
43,381
355,357,416
369,404
16,449
120,388,436
15,405
400,494
149,450
462,469
188,347
269,302,424
156,325,356
33,320
145,446
101,362
128,425
12,241
194,332
200,307
174,317
89,401
243,289
187,254
9,295
136,360,399
229,311
119,381
66,252
26,161
64,331
240,397
176,238
109,243
268,372,447
271,283,472
317,471
166,361
179,301,459
84,114,468
344,430
42,158
210,314
115,452
56,146
97,174,410
21,238,476
11,434
241,482
50,98,209
25,199,320
18,184,305
84,426
253,427
346,405,413
210,437
35,303,420
177,385
409,428,439
32,78
140,359
35,176,201
54,125
299,438
179,222,358
18,95,298
211,426
10,128
190,248,431
183,294
154,320,415
10,448
63,256,274
317,389
427,446
166,264
155,338
24,125
162,264
240,277,369
71,462
66,227,338
18,141,378
143,154,454
27,466
132,289
25,424
103,373
133,143,257
37,367
36,98
207,347
143,199
183,291
217,281
206,223
28,312
202,307,447
167,351
53,201
171,418
187,381
52,362,391
148,369
280,356,438
268,297
344,365
30,420
263,319,360
163,268
152,301
336,466
87,258
192,272
74,155,429
207,365
354,391,476
12,76
120,345,466
126,335
93,392
11,34
149,491
68,251
45,77,118
14,137,176
29,424,489
49,440,481
165,381
100,219,314
57,122,499
313,453
255,431,442
474,477
249,474
15,291
15,57
71,97
34,120
45,178,358
100,388,443
29,280
81,196,247
70,207
188,325,493
176,264,421
15,407
11,189
90,255,429
90,482
230,459
63,177,354
391,460
145,317,343
141,444
13,460
289,498
13,235,399
260,301,401
262,408
190,353
85,260,266
32,66,482
103,281,395
227,296
152,311
41,155
49,136,386
92,170
111,368
197,303,496
206,210
58,268
411,491
67,488
31,357
15,70,376
145,481
245,496
145,350
136,351
132,296
220,223
326,436,464
154,488
227,456,498
375,433,486
8,336
174,209
1,46,65
74,90,326
287,344
147,254
112,151,391
120,203
123,246
279,370
47,353
55,89
87,144,422
246,491
187,376
171,278
154,352
257,263
21,81,113
31,286,425
41,254,313
76,236
286,339
38,407
459,470
18,248
163,315
199,440
132,400
145,169,451
197,218
330,446
21,85
218,359
202,359
207,316,344
221,464
55,264
154,257,358
86,208
41,464
118,168
64,269,276
64,185,447
432,457
138,263,395
113,198
190,266
54,312
91,455
26,459
392,451
62,455
79,403
110,148,226
320,375
372,409
198,432
128,456
351,397
191,263,351
172,341,481
170,273
443,452
71,118
41,228
49,425
143,253,264
149,244
27,71
252,465
283,473,498
147,340
316,374
51,175
12,313
73,255
175,304,425
13,148,265
315,439
84,158,277
200,401,450
72,416
6,163
182,263
301,450
193,436
3,173
124,272
98,255
194,461
44,50,256
71,375
46,441
16,339
163,183,452
124,187,241
279,288,301
372,484
45,50
187,301,316
9,432,460
36,275,365
112,436
42,45,68
54,109
92,95,487
335,410
115,286,497
254,447
123,265,460
254,321
190,397,449
167,293
175,261
192,341,452
389,478
214,294,447
355,406
152,217
394,409
37,429,466
74,240,280
221,461
42,48,369
200,355
90,289
184,207
452,459
38,432
89,198,304
38,342,438
361,405
5,124
116,386
177,265,424
115,292
64,414
248,413,488
68,102,145
37,296
149,282
49,337
73,125,285
95,325
84,93
292,365
175,192,393
161,439
45,123,206
73,257
289,414,498
480,484
177,410
250,254,476
156,310
301,447
316,445
254,349
252,366
263,276
138,449
156,291
201,486,500
53,418
54,445
136,262,482
16,189,250
55,411
107,453
179,193
66,135,475
200,238,487
23,100,359
61,216,271
215,397
68,291
172,173,470
276,304
338,468
162,249
13,99
79,251
274,364,480
247,352,436
185,188
63,435
123,403
67,175,399
57,113
19,412,453
51,81,224
59,472
14,190,201
197,377
228,275
130,241
63,118
342,343
105,222
81,429,473
23,330,339
41,286
69,159
8,367,373
104,325,375
122,126,435
76,452
33,322
43,90
256,463
213,241
264,350
142,224
208,484
38,422
75,292
285,314,365
41,314
60,144
84,206,332
63,98,230
322,387
269,469,476
241,487
186,455,457
114,283
26,142,446
12,55
336,387
167,213
126,444,471
106,390
24,261
142,207
247,254
35,138,450
307,317
169,437
216,224
40,168,419
7,208,423
479,496
384,399
114,149
232,365
45,326
26,41,293
200,281,372
126,494
254,339
38,125,196
60,484
10,261
235,334
92,251,381
370,442
361,450
57,105
225,358,439
96,131,469
200,403
30,323
17,68
52,150
6,445
226,366,385
190,198,464
39,480
161,366
49,245
340,478
139,483
97,302
434,483
370,461
226,407
225,325,433
36,129,372
165,470
270,281
4,443
1,92,255
57,348
138,152
155,424
68,295
99,222,403
92,391
275,337,359
159,318
152,201
129,383,487
266,282,360
131,193,454
63,263
19,69,411
220,230,313
178,404,406
213,333,435
23,472
54,499
28,417
84,113
130,162,443
279,286
307,328
65,345
201,486
12,53
261,329,433
369,403
266,427
59,434
49,140
85,282
84,146,217
124,370
69,225
127,422,462
69,274,416
159,462
126,456
210,434
348,434
174,212,274
142,196,288
9,222
131,407
99,207,237
401,421
138,164
285,363
170,252
79,94,327
142,221
274,354
1,54
12,315
103,355
115,474
13,432
36,229
134,149
253,266
197,367
2,236,417
12,280,440
366,463
258,391,409
383,395
257,343
145,302,417
326,483
247,387,409
67,144
190,476
327,465
223,324,343
108,324,393
60,157,437
155,156,258
42,88,225
275,350,421
23,421
204,371
431,462
340,428
175,368
169,359,473
51,268,373
46,159
26,205
114,163,190
327,480
46,104,423
142,446
318,419,432
17,271,446
474,500
5,196
96,310,333
244,392
426,478
112,191
418,430
140,165,367
4,244
157,181,435
329,341
54,483
110,439
70,279,335
4,486
238,270
47,238
290,435
194,235,469
122,297,396
221,355
114,159,166
209,491
90,259,291
51,83,112
16,265
166,496
84,155
179,190
126,374,403
131,387,435
105,122
17,295
243,326
103,313
67,96
152,332,370
226,398
17,139
53,245,428
114,346
21,439
216,298
100,191
397,497
48,296
109,325
35,482
411,459
303,424
107,457
85,202
5,127
97,160
70,424
192,277
222,426
49,411
124,498
21,76,341
154,308
63,451
15,100
218,372
34,74,455
308,409
323,395
318,322
108,493
259,484
49,238,430
50,185,341
44,260
93,307,494
34,245,392
380,414
186,352
169,419
282,319,381
299,412
187,228
269,409,469
283,342
322,342,498
40,382,403
106,260
272,352
58,185,366
166,293
187,221,344
66,136,315
401,462
410,421
300,437
91,188,200
148,158
97,210
16,267
82,317
326,414
230,417
362,496
155,191
313,316,476
19,286,418
285,487
126,275
23,200,303
196,483
257,258,278
61,109,171
106,276,459
200,275
165,320
361,404
145,403
378,392
57,417,437
311,339
259,472
7,218,238
4,130,293
59,81,458
269,375
241,292
22,111,407
181,260,466
266,341
186,285
14,164,345
75,404
65,272,358
246,423,433
41,123
68,146,225
382,417
141,242
242,366
17,42,461
9,432
192,193
1,203
6,403
234,303
271,375,458
183,192
106,239,299
223,394
165,264,470
271,460
79,184
30,183,191
96,143,414
120,127
36,359,386
39,200
210,308
438,474
279,318,338
395,443
343,375
252,382
25,178
37,120
255,405,448
90,144
383,424,428
22,34,248
67,409
22,61
23,324
237,284
70,288
134,378
79,127
164,201,236
42,82
222,231
23,73
256,395
204,364
351,486
141,151,467
75,132,250
117,245
161,446
430,455
104,461
181,362,382
4,407
52,177,369
37,427
136,350
118,265
132,144
259,402
125,159,291
120,347
159,203
234,266
292,333,385
400,432
329,334,482
269,459,461
309,350
136,201,424
281,292,427
135,223
150,171
132,189,400
29,312,319
50,228
101,394,475
146,468
174,484
393,433
64,394
161,180
143,312
171,205
117,266
57,116,122
106,123,370
205,281
264,359,445
36,179
38,289
273,325,365
408,447
97,308
172,275,491
127,284,345
9,347
17,122
23,107,218
388,423
150,344,418
76,253,353
319,477
71,279
133,387
120,455
116,437
258,434
186,192
165,356
150,451
181,389
95,332
44,229
245,442
239,382
252,492
385,432
285,402
167,333
103,175,450
354,435
148,340,416
22,479
165,318
116,398,425
12,478
25,38,105
104,262
41,231
111,133
42,243,384
343,487
257,285
10,375
184,340,432
201,419
13,53,291
127,154
377,468
146,290
232,425
36,162,263
104,318,495
59,248
145,169
209,294
65,133
11,171
21,281
220,483
47,49
25,223
129,244,491
191,301
37,132,196
370,389,463
240,324,419
231,461
258,457
3,404,500
257,462
49,130,149
461,492
88,292
113,226
101,391
267,389
391,414
78,217
251,374
190,426
241,477
89,330
479,500
164,172
342,436
95,336
110,295
77,274
349,431
122,432
117,384
89,229,355
48,262
34,385
18,168
194,317
64,183
435,454
222,417
301,411
115,229
133,213
258,428
156,160,258
278,345
5,441,485
191,246,356
249,459
155,232,422
243,285
118,289
48,464
29,331
312,380,400
313,443
35,472
194,295,403
47,245,447
220,247,357
223,325
231,241
68,460
7,148
365,452
7,17,230
471,477
