70,201
400,459
291,466
324,414
74,173,199
28,312
51,255,481
122,155
83,332
347,394
7,123,433
288,484
186,463
320,328
148,196,356
36,379
360,403
95,358,475
36,227
83,325,352
185,393,421
80,318
59,166
192,462
124,150
360,459
18,488
267,402
409,464
13,344
359,410
112,170
389,457
5,368
200,500
168,350
141,191,295
224,498
186,265
261,433
68,370
213,230,243
417,449
380,405
216,306
320,328,335
42,320,339
223,279,337
103,352
254,329,480
185,282
37,55,232
97,237
62,249,469
130,272,308
237,451
66,229,271
1,412
142,224,416
71,333
3,50,384
42,492
223,452
40,120,466
132,145
19,32,61
209,442
107,332
192,438
129,191,338
107,344,396
288,364
61,370
210,301
111,195,473
252,381
118,129
327,360
144,426
322,325
237,427
106,284,462
74,256,412
160,482
97,341
102,365
97,348
184,250,452
57,489
259,400
296,396
35,43
245,497
267,352
389,464
147,208
1,377,489
126,201,271
14,29,103
144,194
148,301,452
1,410
316,469
415,450
64,381
30,347,467
80,318
49,465
105,323
40,395
187,235
75,303,331
224,250,269
38,144,310
238,395
279,425
71,458
435,464
70,91,281
80,314
86,424,494
110,479
28,239
86,456
202,282
121,196
41,48
11,87,420
156,324
41,59
1,474
167,479
204,366
397,398
69,261
301,377
149,290
84,295
122,242,283
2,402
411,467
189,244,262
31,453
134,419,439
148,257,474
204,210
302,336
360,411,436
162,279,388
6,217
80,352,412
19,116
161,167
36,250
466,468
86,462,476
348,435,441
95,354
166,359
287,458
187,270,395
141,321,398
426,444
269,405,439
46,329,494
133,266,434
190,255,371
16,260
149,197,362
55,206
170,400,485
119,197
25,199,375
106,458
109,228,427
241,306
15,488
187,234
387,403
151,201
205,423
20,36,221
181,368
101,111,304
42,437
161,412,465
6,299
107,400
291,297,458
457,483
289,410
15,267,476
61,426,436
83,352
65,135,150
165,262,435
132,423
135,418
87,490
106,165
381,429,451
393,479
173,291
145,176
165,291,299
10,472
18,82
309,330
180,386
65,477
212,225,452
26,263,469
70,323,388
95,159
34,98,356
79,107,285
294,327,391
44,303,336
151,211,378
42,215
132,142
15,360
248,311
153,412,428
15,492
290,369
221,311,460
221,314
148,383
207,344
8,157
50,226,248
43,225
28,150,451
66,236
101,110
67,233,464
120,333,368
84,104,488
101,159
144,173,493
89,368,483
63,407
334,370
338,400
186,413,450
145,346
363,493
7,17
172,225
181,205
54,181,394
139,272,433
32,101,216
128,468
57,225,281
27,444
416,450
2,68
56,338,348
146,182,312
259,299
222,368
182,309
72,188,204
392,421
86,181,335
250,468
83,285
1,326
124,152
114,259
164,167
175,432
39,424
196,232
459,492
350,461
286,297
49,131
207,450
112,436,494
111,202,256
123,126
85,110
40,52
83,250,259
182,220,361
97,244,414
75,299
47,187,277
98,349,388
317,392
35,174,402
151,257
56,361
66,414
180,395
121,380
428,484
100,264
243,458
135,235
423,428
309,329
452,472
89,372
382,419
300,498
407,440
2,46
72,236
268,457
49,153,305
123,224,440
210,272,307
256,331
27,80
22,130
18,259
310,351
4,328,435
65,453
188,365
46,122,254
3,409
202,353
44,420,471
15,188
225,320
1,12
265,363
61,85,325
252,345
469,473
131,136,300
285,361
149,453,470
243,493
42,264
237,275
336,391,480
166,402
79,419,473
282,334
63,417
106,230,298
263,273
137,193
152,387
246,280
302,352
244,352
172,194
103,362,438
127,235
107,122,176
61,135
11,161,351
151,449
22,208,429
374,383,487
122,400
336,381
35,74,365
12,256
3,435
195,304,484
163,455
97,238,389
115,161
62,352
330,446
366,476
229,406
255,490
77,347
267,475
98,233,236
51,435
37,371
62,148
145,372,376
103,242
145,162
349,482
283,383
107,252,301
78,424
60,486
198,222
312,372,475
18,169
138,461
47,63
169,418
108,210,431
22,260
249,409
400,470
155,405
218,226
115,268
59,380
58,94,158
307,335
262,343
198,458
102,201,224
196,414
40,42
172,306
67,305
11,20
118,155
86,339,385
199,364
294,404
180,247,480
8,312
88,467
285,470
185,287
22,183
216,480
61,473
72,263
13,311
123,197,221
159,447
78,84,441
133,157
27,355,389
11,185
22,284,483
149,209
129,322
164,360
268,407,453
129,138
57,449,476
112,113
59,173
412,428
47,343
53,231,418
5,46
17,180
120,134
69,268
9,155,352
112,258,288
59,344
20,396
24,76
172,422
93,373,376
11,249,491
278,375
123,376
225,386
48,453
152,377
31,267
71,154
41,317,474
134,270
417,495
80,239
48,178,429
67,155
139,326,388
2,58,249
299,355,363
183,301
2,192,462
74,407
20,228
189,372
222,354
61,68
300,382
8,487
27,313,338
62,222
128,267,414
28,284
173,289
108,372
156,200,379
60,303,344
74,141
294,307
9,57
4,179
238,471
285,467
47,59,438
19,194,409
144,293
54,83,268
74,108
242,356,364
114,481
39,232
38,215
71,224
366,378,411
185,225
44,221
63,147
346,428
23,78
125,254
71,175
68,331
35,493
410,426
97,98
354,356
108,276
211,486
49,145,269
10,323,477
171,480
48,331
163,451
108,243
196,209
7,119
89,277
110,240
321,327
97,155
57,158
312,387
418,423
191,248
84,143,407
377,389
141,180,298
128,303
113,150,194
311,362
287,402
18,92,337
193,206,392
109,339
63,195
316,335
199,357,387
109,313
60,204,313
221,396
374,448
261,274
290,313,418
76,116,410
90,174
81,225
69,134,138
2,304
191,406
45,301,318
61,282
153,348
370,417
211,278,291
285,290,361
82,418
345,453
144,158,346
63,385
143,368
154,294
269,287
102,472
64,225
70,156,449
99,380
376,496
108,287
108,304
221,447,477
432,459
189,418,489
79,212,438
264,486
157,355
206,389
77,262
1,29
64,164
289,297,396
217,388,450
46,365
171,210
187,343
94,257,301
4,74,280
74,207
166,267
206,384
167,180
106,421
75,466
79,356,418
268,474
347,448
250,470
118,177
16,317
213,431
32,233,461
123,279,468
390,494
155,441
139,433
371,409
18,36
124,223
235,341
235,326,435
43,70,256
232,490
161,179
245,304,465
100,266,417
97,214
330,333,425
263,316
197,345
269,288,365
79,197
330,469
203,303,424
46,52,110
338,436
171,294
191,261,445
62,114
214,384
207,215
14,335,392
42,84
79,244
163,319
67,69,318
57,351
30,311,347
18,345
173,429
74,75,423
100,354
68,493
276,432
160,481,486
8,173
27,127,149
82,290
46,126,340
161,328
94,268
48,253
180,418
45,318
72,326,399
40,62
36,359
43,123
351,365,390
153,179
41,366,402
152,400,456
461,490
55,475,495
178,180
77,170,217
38,103
89,274
87,278
179,192,257
42,168,234
143,246,404
2,186
26,193,317
186,357
70,272
370,414
125,149,348
96,108
17,153,174
339,347
124,178
65,308
229,252
48,91
247,383
311,384
136,193
101,144
241,337
234,312
247,308
74,331,466
249,475
374,427
26,131,476
189,355,383
246,411,475
219,228
111,199
172,303
31,343
175,353,397
264,311,448
253,342,398
108,390
19,137,281
99,118,407
51,425
18,282
127,480
124,315,494
80,178
118,370
321,337,397
313,448
90,116
210,475
354,355
212,236
112,479
202,250
55,480
274,283
211,224
171,300
252,361
222,255,286
127,298
224,412
40,75,292
197,338
27,330
355,469
48,225,331
118,244
203,309
91,116
63,96,280
200,212
283,348
34,209,470
163,474
44,81
75,256,278
33,89,143
10,225
133,281,305
48,49,93
305,471
49,74
215,369,421
38,467
41,49,331
60,143
66,500
353,421
183,345
44,439
161,240,407
9,362
131,315,425
208,463
127,290,465
375,419
176,368
260,410
86,191
1,492
133,425
182,401
189,296,314
203,219
78,474
215,260,316
9,400
111,153,402
191,274
64,330
48,225
199,448,475
3,14,218
25,190
22,154
79,485
15,21,99
34,301
345,437
130,309
226,492
138,325,336
274,414
22,411
177,261,314
195,364,479
393,417,426
238,281,373
241,246,436
76,137
186,275,344
42,321
106,143
36,177
177,223
346,429,484
186,426,482
369,415
49,365
188,363
112,492
273,315
132,193
101,410,480
281,359
155,204
36,169
23,31,108
77,244
82,178
278,385
137,291
15,32,184
13,26,316
51,106
227,330
106,275
152,309
58,450
64,384
49,224,428
232,256
404,442
115,352
153,269,471
146,489
148,283,464
269,422,490
5,253
83,155,162
126,312,391
161,437
285,407,500
63,124,466
242,312
77,195,253
130,264,471
32,125,313
223,377
287,392,405
194,390
220,259
10,162
8,99
20,317
51,378
73,291,482
433,452
149,337
69,84,265
161,204
56,298,352
86,410
8,27
165,290,299
104,142,252
89,188,426
30,42
261,278
26,397
89,167
296,334
278,379,428
176,300
97,440,464
150,412
1,239
177,427
53,337
46,80
171,332
63,215
235,383
198,486
35,426
81,213
54,479
107,283,314
312,422
359,471
29,297,349
117,119,353
11,58,249
469,475
124,172,346
247,469
409,473
249,251,367
47,147
254,417
141,484
278,493
202,371
103,139,455
82,221
61,405
315,417
60,89,275
43,87
346,482
375,388
265,421
223,334,361
124,258
90,278
281,304
193,302
104,491
162,453
89,94
38,204
12,398
41,74,288
42,136
93,350,494
120,485
119,148
38,410
12,389
111,173,490
356,436
269,308
69,73,214
25,419
12,352
261,384
143,200
11,74,132
91,132,158
303,386,420
93,192,491
172,486
315,495
75,375
182,331
150,493
254,326,444
205,277
171,240,498
71,216,383
215,363
266,437
441,445
17,337
298,478
43,93
192,435
142,194
68,216
138,149
4,86,498
211,466
315,385
93,472
210,419
117,319
450,486
42,463
103,220,362
69,361
110,164
71,366
289,405
197,363
209,212
47,66
267,333
309,460
219,384,482
79,278,323
121,320
236,344
67,96
11,164,234
302,483
126,409
228,461
30,258
274,283
265,351,489
285,310
140,278
65,243,422
4,291,426
6,104,230
15,30
93,247
217,286
227,273
122,141,342
270,423
139,231,474
94,239
288,423
136,215
116,194,458
373,387,426
63,241
170,299
192,245
53,107
13,493
15,391
263,442
374,387
162,452
151,161
93,174
44,461
150,349
133,160
30,154,436
71,408,482
109,170
7,313
78,242,430
99,318
137,279
202,244,347
74,166
93,262
241,441
201,269,436
443,447
440,468
49,75
158,228
34,84,468
325,352
32,228,324
127,362,413
106,183
219,377
191,362
300,404
370,457
17,379
75,201
45,139,184
104,235
304,324
39,206,275
75,247,458
239,364
200,247
17,91,466
202,217,429
121,142
242,439
291,485
185,194,282
105,407
199,387
149,221
140,198
75,161,281
15,217,440
18,103,223
131,175
8,322,363
38,222
82,149
113,128,226
342,387
70,420
387,484
7,109,119
83,242
483,484,500
210,284
7,491
32,132,202
223,447
56,73,274
287,332
36,360
129,364
171,372
156,324,473
1,367
245,289
66,197
77,335
136,462
18,31,468
209,283
262,286,343
25,426
99,231,352
38,326
243,409,412
74,153
32,257,340
455,478
19,174
4,435
152,231,356
143,315
258,463
355,456
139,370
90,145,479
143,208,272
44,178
111,255
133,463
98,235
97,301
180,247
64,84,186
71,131,136
2,88
312,440,445
93,384
179,354
261,485
92,236
190,252,406
133,189,224
12,260,368
143,426
88,190
44,410
194,282,390
42,391
148,152,370
198,320,469
116,192,293
31,197
358,462
14,179,430
341,377
389,446
165,471
27,330,494
443,496
377,417
306,435
464,478
187,371,426
116,130,359
347,449
86,248,496
73,482
182,203
80,279,415
70,380
39,275,482
52,443
198,254
92,193,376
183,279
77,152,487
21,161,316
19,375
231,363
378,444
242,261
73,146
201,465
184,272
4,96,483
155,170
35,409
174,427
207,408
47,294,494
42,484
229,455
159,194,456
139,143
10,442
132,205
43,189
331,450
145,217,305
199,479
55,77
84,306
271,468,478
33,376
254,265
2,228,324
265,387
87,434
31,69,341
251,262,340
218,226
289,403
236,326,398
141,215
90,184,199
305,465
60,368
170,290
83,457
7,342
276,444,462
200,338
122,193,238
80,426
265,490
52,455
20,75,471
201,376
151,256
16,46
98,267,465
191,236
80,157,239
316,459
195,420
204,217,428
75,373
210,289,309
98,384
365,500
191,211,334
135,263,414
92,366
180,347
117,445
21,93
136,202
108,178,409
138,215,479
157,414
186,283
8,123,152
171,242
50,248,494
230,284
34,117,348
24,287
137,439
261,341
117,272
16,38,236
33,101
82,306,477
45,54,59
46,160,449
8,433
212,259
49,185,388
69,243
200,281
114,150
313,485,499
328,431
66,364
359,409
185,496
252,328
93,102
47,60,187
72,238
99,152
214,354,390
118,282,409
29,39,63
31,294,313
68,185,203
190,359
113,259,410
165,315,381
282,287
333,481
48,269,449
61,391
59,134
295,441
217,332,456
178,473
358,406
381,470,494
70,87,172
37,295,313
262,483,496
26,160,315
180,405
137,202,303
48,465
118,307,497
199,494
220,295
171,242
110,246
55,380
8,232
163,317,360
143,266,343
171,283
209,363,453
313,456
7,18,250
133,500
95,159,479
216,327
299,336
57,454
196,352
205,258
266,318
176,207,324
167,241,481
15,448
447,470
271,438
153,219
20,211
16,460,486
246,321,342
43,60,244
112,399
15,124
78,226
132,263,404
313,435
256,349
89,402
289,409
108,338
12,488
168,443
448,476
241,255
173,382
276,317
165,298
211,321,428
279,489
252,332
189,375,486
446,459
240,288
133,240
81,378
55,227,419
172,376,388
177,304
2,240,307
207,408,425
299,333,420
97,129,221
88,151
100,134,329
48,213
251,266
214,259
108,281,289
178,360
83,485,489
249,393,397
173,318
412,461,471
132,361
302,474
41,327,412
264,466
212,391
127,212
23,348
76,225
43,350
13,95
122,260
16,51
55,64,72
91,373
79,401
284,415,489
70,111,173
242,301
174,224,416
5,33,388
339,458
389,478
145,172,422
15,126
37,357
68,472
386,442
113,272,303
224,460
449,464
212,290
20,335
48,149
20,297,402
246,408
225,402
36,433
98,110
52,80
128,492
103,265,400
362,438
216,320
13,71,368
85,410,499
34,103
54,102,114
107,283,500
17,60,101
98,138,464
64,128,251
119,452
184,312
88,187,234
86,262,431
139,285,312
320,335
284,442
196,431
7,353
134,483
362,464
80,92,276
59,449
103,420
315,335
82,352
100,262,430
202,293
40,402
80,430
23,446
287,297
55,182
454,494
29,124,416
82,404
109,320,430
142,417
34,102,458
82,152
151,233
152,155
21,53
320,344,403
259,443
299,341,453
339,426
298,351,457
65,338,440
302,309
422,450
43,497
70,158,216
48,53,230
270,330
240,431,469
221,224
412,462
344,358,404
84,369
105,485
124,470
415,449
293,407
93,424
212,231
4,378
60,448
38,444
127,388
101,233
121,139
117,182
300,381,424
94,135,285
1,274,285
107,215
281,390
84,141
41,484
316,357
294,354
63,230
28,354
8,375
66,69,352
59,111
427,455
13,425,467
35,269,420
134,398,476
21,487
246,423,473
253,404,443
49,420
409,458
251,422
310,481
110,155
86,126,498
145,194,428
153,281,304
12,433
49,76
76,473
236,494,495
360,371
84,361
74,84,397
126,368
13,364
182,466,499
134,436
42,130,357
135,413
72,199,333
47,276
126,311
24,278,473
455,474
41,150
125,164
317,459
367,442
70,293
10,470
243,385
9,256
25,226,248
173,194
105,257,338
159,402,405
140,173
215,221,374
95,288,444
204,399,483
217,388,458
8,177
148,355
231,474
133,458
106,252,361
4,130
219,322
100,320,418
63,151,218
61,278
16,387
108,123
259,425
57,243
211,226,246
96,289
121,194
101,124,327
222,292
318,442
70,482
476,482,494
48,58,145
2,196
250,301
68,183,277
295,322,377
271,345,488
379,386
67,487
458,467
279,376
350,391
229,500
29,410
160,230,288
91,323,427
387,452
58,373
59,75,172
288,311
42,251,288
123,250,271
87,447
13,53,196
119,377
205,284,431
8,322
192,323
58,164
120,383
54,242,268
138,196
468,481
38,179
159,211
63,82,336
378,384
58,132,233
123,262,462
313,334
44,491
376,475
407,444
105,348,361
20,247
323,402
191,279
244,313
170,209,250
320,384
6,471
95,222,244
114,423
236,254
271,469,479
347,368
410,423
111,185
106,322,406
120,265
150,168,357
90,303
235,292
424,475
228,287,388
232,266
17,219,445
224,349,422
208,451
251,408
242,378
43,116,349
350,421
346,383
82,89,459
160,432
75,297,390
16,215,341
310,456
184,396
218,264,428
465,466
166,363
13,96
47,126
267,499
77,80
370,492
113,247
127,307
14,385,494
28,37
12,21
19,81
128,237
334,453
24,403
312,425
158,435
58,116
45,334
182,433
361,473
21,302,483
267,303
367,421
120,387
177,456
28,266
375,410
145,224
84,191
161,253,305
370,441
30,271,289
85,364
291,396
105,363
163,344
235,250
180,450
141,214,415
85,103
67,299
99,447
172,202
247,284
183,280,361
327,417
25,88
168,333,384
339,372
79,152
13,73,322
32,408
4,259
19,257
87,407
43,450,458
7,103
392,476
139,268,370
247,297,365
54,103
90,258
109,314
130,222,226
251,368
124,205
480,490
104,157
134,336
405,482
253,277,403
294,318,401
275,353
182,309,402
13,206
61,202,386
324,340
337,369,478
251,255,420
142,291,304
228,397
129,384
85,395
225,277
40,280
262,431
93,120,261
103,425,493
10,183
160,315,439
319,462
19,465
6,267
372,421
111,233
41,75,233
222,284,357
159,300
262,398
23,71
312,332,337
38,43
200,293,303
105,141,149
247,432
148,188
98,264
46,312,426
7,313
255,316
83,109
149,216,373
210,322
71,294
39,269,339
198,234
117,245
332,406
39,163
13,354
214,383
210,224
18,117
271,489
38,380
32,69,195
446,455
56,314
275,437
91,274,396
95,109
159,281
24,359
430,439
142,235
212,265
113,216
82,428
174,347
101,375,449
28,32
317,392
309,330
36,45,118
201,367,443
55,192,400
122,394,400
336,435
25,65
160,198,387
148,310,367
57,130
159,187
216,375
201,256
367,464
414,433
159,293,422
289,477
200,373
189,377,441
56,337
90,382
94,445
54,67
113,161
81,116,137
165,301
2,332
18,30,428
56,57,283
342,354
183,262
177,394
64,67
193,463
112,168
223,279
79,118
103,453
148,295
196,359,423
404,416
202,338
41,427
354,482
31,68
26,206
431,449
69,261
60,378
244,425
37,154,366
60,205,358
106,474
58,74,484
173,282
332,483
397,419
379,474
160,316,368
63,213
37,68,345
80,213,321
164,254,357
253,356,431
194,265
127,437
211,292
172,331
50,330
8,176,247
12,293
112,385
73,477
200,402
220,330,436
21,411,482
137,194,349
372,390
88,348
108,339
174,278
416,422,458
97,184
214,271
161,379
278,321
171,250,457
88,417,475
84,184,235
51,154,210
245,324,465
140,428
57,463
284,306
171,275,430
347,419
83,306
50,68,131
158,375
64,179
388,423
154,393,448
316,334
140,356
153,415
254,351,384
32,190,296
166,228,324
47,444
127,167
52,434
5,199,277
73,487
110,333
26,369
137,366,487
30,172
28,189,290
303,407
13,253,467
80,155
85,191
291,448
163,366
114,245,405
25,169
336,458
245,289
463,479
244,428
142,443
5,358
155,495
197,406
219,332,356
392,436
5,133,464
221,462
192,390
218,317
112,173
99,170,341
219,265,477
368,392,468
271,395
269,409
258,343
334,468
148,352
130,333,359
286,494
32,35,471
93,178,490
1,109,394
12,272,400
70,324
72,222,227
36,418
86,490
7,69
45,370,433
47,272
397,500
136,143,492
182,283,394
35,213
108,127
7,318,355
156,304
127,298
73,84,454
206,347,360
157,440
253,338
106,187
254,391
52,322
31,141,272
27,250
90,409
18,244,283
452,453
19,287
283,314,500
2,52,486
116,439
181,303
74,121,336
79,351,361
151,304,429
122,149
281,434,459
65,150,184
307,322
363,471
235,480,497
19,346
47,125,460
338,456
416,460,471
378,496
155,296
137,194,225
201,249
14,424,445
37,446
33,112,492
264,398
171,432
284,393,469
129,475
275,342,411
87,374
365,427
5,120
159,322,403
284,341
98,160,244
23,436
174,321,472
378,446
32,477
111,122,228
289,422,427
213,299,439
186,302
206,475
88,125,187
320,437
344,397,442
223,299,484
128,132,267
456,481
36,260
46,243
81,111,429
323,379
244,361
312,318,394
94,139
445,451
103,307
83,290,394
58,319
142,379
35,114
44,142
332,407
189,457
13,437
394,474
216,493
25,291,401
57,356
202,346,427
21,459
393,425
239,407
108,383,483
7,333
322,489
217,331
492,496
10,389
274,451
290,318
213,365,429
93,346
208,326
85,413
197,394
236,487
233,390
226,484
220,290
45,337
220,418
185,228,323
81,354
152,260
371,395
86,423
290,448
58,172
69,129,343
48,201,427
85,434
237,284
449,465
400,445
196,364
44,48,75
223,348,452
148,203
10,303
50,104
87,293
28,93
182,220,396
273,426
226,435
367,421
313,405
259,338
217,225,365
57,314
33,96,344
81,491
215,369
129,214
284,432
108,423
215,379
168,179
150,178
22,255,392
194,359
14,28
3,199
477,497
102,137,386
119,261,364
86,210
56,477
34,219
53,245,384
103,189
41,271
309,399,481
42,71
60,66,287
236,303,407
52,101
111,500
400,464
50,354,483
38,50
170,423
159,359
28,73,209
354,371
3,387
1,455
222,254,463
4,263
469,483
46,360,385
104,438
251,434,454
216,350
149,301
67,123
18,54,306
322,361,468
57,365,464
95,227
121,315,444
245,349,420
56,272
344,397
28,163,351
60,227,333
296,438
269,297
163,171
4,50
373,391,439
77,301
116,132
129,174,333
285,351,362
53,245
239,352
115,444
180,297,465
170,455
183,198,267
66,290,473
59,457
199,241
244,286
50,149,189
124,173,327
117,410
57,283,452
106,489
165,332,418
242,325,366
241,331,387
196,232
384,445
79,401
186,289,473
378,382
81,212
51,424
75,135,200
299,302,443
68,429
147,399,411
287,331
379,491
326,329
48,150
18,219
44,458
325,451
94,232,412
357,476
15,52,128
288,389
122,373
144,183,220
104,300
394,500
40,207
445,487
298,495
111,195,491
19,192,472
343,378
314,356
127,158
192,267
419,491
355,397
38,498
92,315
330,360
17,293,409
198,465
2,343
153,441
78,298
80,148
65,385
332,452
122,184
35,196
108,388
292,469
137,153
322,468
59,67,230
118,442,457
157,403
119,436
20,48,465
250,283
395,431
36,352
250,396
443,474
210,264
75,231
281,489
373,449
367,440,453
359,388,416
57,179,376
4,315
358,385
5,63,171
115,164,354
215,361
77,494
168,238,320
20,323
166,269
192,213,420
201,243,336
10,357
92,154,384
100,340
130,173,291
228,420,480
293,410
152,247
186,300,482
395,486
108,194,304
2,93,458
43,492
222,292
118,258
92,262,340
282,472
211,313
2,278
153,195
164,179,237
101,106
337,363
207,210,384
48,365
231,407
233,247
31,49,398
194,472
207,316,324
151,224
23,495
47,426
19,148
355,399
349,466
171,262,286
315,358
145,497
252,298
80,152,418
45,257
222,248
7,31
343,352
24,29,465
169,383
104,261
277,296,319
96,475
35,456
94,307,415
103,296
61,93,172
87,300
15,22,366
25,30,114
181,399,483
7,161
17,442
398,410
211,287
72,123
95,430,446
278,381
304,373
386,472
148,389
172,379
65,162
82,437
65,337,452
3,51,89
137,158,473
181,484
100,238
277,338,382
223,231
341,418
373,472
292,316,403
208,430
112,236
153,379
78,186
79,261,265
15,326
151,461,473
48,308
256,410
198,292,495
97,298
65,491
79,139
176,251
379,491
294,384,419
349,420
413,451
106,181
62,262
298,301
35,305,427
299,415
25,193
221,357
27,66,152
159,314
152,499
6,456
2,202,451
2,158
299,413
76,275,364
241,276
223,415
62,326
123,354
42,404
356,453
29,303
410,439
10,187,452
447,485
74,422
12,68
238,339
146,355
46,434,486
166,449
188,222,435
238,275,335
361,364
121,202
92,249
102,119,350
126,181,446
210,423
154,464,498
121,178,324
365,461
46,342
32,323
48,132
123,474
46,260
256,380
17,58,180
18,196
107,187
395,406
55,171
428,438
162,235,242
187,251,404
46,440
159,167
245,303
184,191,250
473,484
264,328
341,499
9,118
233,491
424,475
71,134,390
162,493
1,149
241,247
264,495
192,297,305
181,232
252,300
193,387,476
377,484
172,303,490
39,472
65,128,466
24,111,195
212,442,485
446,461
95,446
346,391,410
66,465
176,292,437
53,354
333,494
388,449
16,33,113
86,368
292,472
19,233
132,484
156,243
399,465
1,8,447
181,443
50,288
162,169
138,226
125,483
78,256
76,130,310
111,375
381,422
96,100
54,230,312
407,413
210,435
81,287
49,117,179
121,191
121,202
321,365,498
20,441
387,463
329,460
361,470
49,61,308
61,298
149,421
178,402
68,484
308,365
119,457
11,334
195,296
50,88
94,485
44,471
376,405
63,203,325
17,287
340,447
51,253
189,221
78,165
11,35,293
106,438
347,470
60,64
249,250
31,464
114,124
47,67,167
266,315
6,350
95,255
124,232,372
10,432,435
362,363
250,266
10,123
81,373
278,328,380
195,480
4,301
405,488
295,369,468
33,237,411
19,238
198,459
36,348,389
159,319
159,363
127,332
138,318
207,405
61,245
189,244,478
76,144,346
172,287
143,199
337,457
22,388
161,238
251,317
73,182
84,369,396
96,160
28,337
377,457
219,312
172,303
220,317
400,407
42,219
432,459
88,92
6,383
310,380
243,439
202,391
28,214
16,39
93,137,198
102,108,200
343,476
88,162
44,179
324,435
56,257
177,279
1,288
13,108,389
9,27,341
15,205,222
210,258
158,313,349
217,350
445,459
247,327,490
344,382
248,495
270,402
98,477
1,2,272
183,247
303,453
76,308
112,125
19,81,461
113,427
58,346
193,272
474,492
281,451
75,101
51,496
32,125
53,104,491
54,270
350,429,471
41,278,472
26,226
183,263,305
321,460
77,254,381
209,352
255,424,481
188,347
207,454
95,96
160,290
229,285
6,373
167,434
12,319,457
238,437
330,492
138,265
151,490
22,167,381
332,348
432,434
120,189,486
57,104
405,422
2,319
283,318
91,447
135,212
98,253,429
266,277
326,442
238,354
19,372,439
439,466
4,135,322
170,197
436,476
71,446
25,30,395
36,67,98
74,429,439
350,428
33,143,486
60,146
63,364,476
121,232,440
31,311
229,261
320,418
312,435
75,260,362
68,103
333,357
24,350,359
30,312
105,116
186,242
3,266
111,114
58,108
82,115
379,490
165,338,419
35,245,323
44,70,405
312,478
130,167,190
10,268,468
397,436
57,67
280,316
132,351
20,293
20,49,108
303,405
151,480
336,409,416
379,499
172,246
209,493
105,274
47,164,302
120,264,328
32,323
141,259,307
197,348
135,162
58,81,303
304,489
154,368
205,333
216,228,410
301,408
109,332,389
3,203,292
54,343
157,189,477
213,327
122,135,389
257,322
26,408
229,322,377
30,178
66,231
5,436
176,222,237
107,232
312,413
183,259
209,257,485
269,417,493
68,144
27,370
86,354
174,484
5,11
378,399
257,404
184,197,258
43,108
43,87
12,394
71,72
71,368
177,265
173,339
223,356
94,238
298,345
43,62
31,313
44,420,465
53,468
46,414
14,89,262
261,487
78,242,348
435,470
56,139
115,257
338,346
303,449
315,343
255,469
56,71
203,226
65,332
263,423
113,316,382
162,356
26,353
64,263
147,258
441,468
5,384
260,479
20,88,362
251,277
168,488
312,446
41,178
58,427
82,252
298,315
48,61
192,429
59,305
1,467
60,77,190
373,452
32,201
176,326
139,282
37,62
132,267
24,485
210,251
77,371
68,278
52,253
215,369,374
333,357
360,407
36,122,146
120,133,206
225,473
23,370
12,129,418
51,258
118,122
93,292
130,175,398
203,486
18,236
125,275
163,328,348
7,497
104,406
386,431,432
122,152,244
60,179
202,380
77,275,286
185,247
51,92
59,111
356,433
106,268,370
35,303,390
256,370
103,272
101,324
41,91
145,450
245,412
82,457
267,379,458
166,480
42,96,385
242,351,353
54,183,239
89,347
277,326
382,466
43,332,474
88,170,243
237,251
56,107,322
45,257,279
15,88,188
196,261
344,432
72,426
13,97
22,423
135,470
234,473
145,202
33,186,315
186,194
173,342
157,210
125,260
26,111,137
293,390,397
56,306,440
191,290
41,211
245,309
245,262,468
48,132
133,450
438,478,488
78,221
205,258
337,396
146,476
385,421
69,283,369
88,240,432
349,491
126,474
245,350
39,412
31,54
317,331,439
84,243,251
114,324,465
268,353
70,493
