319,341,365
9,28
23,121
40,218
115,184
259,351,415
346,406
177,368
317,372,425
24,241
114,124
253,380
442,484
219,237,264
113,197
329,375,398
53,93
219,394,442
115,275
82,155
130,423
354,431,493
459,495
162,319,370
90,273
182,313,333
123,341,496
75,267,280
156,235
148,315
85,186
460,471
131,192
297,358
55,294,445
145,147,298
166,403,444
22,82
320,427
47,198
241,256
129,347,383
3,50,381
448,481
24,206,339
55,439
75,209,345
375,390
168,484
204,278,481
337,341
217,331,388
21,45
175,269,388
116,191,327
8,95
21,145,459
35,348
157,184
39,284
264,455
128,210
16,295
67,177,408
2,75,163
30,230
321,488
2,77
13,294
56,93
301,344
279,461
158,180
59,257
54,78,196
192,348
186,470
63,446
70,352,461
147,206
265,423
276,439
181,396
196,264,343
141,243
81,309
125,136
456,480
143,370
45,268,355
182,419,456
135,255
148,424
342,461
120,277,374
157,165
385,445
352,427
60,72,123
167,349
106,110
126,475
20,417
76,174
75,493
378,400
11,380
121,142,325
241,371
246,280
160,302
63,271
159,470
205,224
349,461
107,364
82,170
44,87
72,91,468
66,97
119,392,458
404,453
56,269,294
93,145,441
41,135
161,267,352
84,410
30,464
287,489
310,458
50,209,473
172,331
15,132,338
81,476
66,320
433,460
240,334,417
9,142
206,390
420,490
21,241
162,186,402
83,216,245
93,485
186,407
8,120,377
273,434,482
108,381
8,74,449
151,202,218
17,349
115,370
75,258
280,345
285,345
276,497
146,406
212,425
176,360
69,329
154,481
127,169
122,224,361
11,467
396,436
36,333,387
205,279
46,389
64,265
370,421
183,494
26,57,474
261,390
335,404,413
95,440
60,69
38,345
344,365
55,199,334
166,352
263,415
34,180,454
88,245
169,259,265
49,223
9,42,480
30,300
255,394,461
21,412
188,453,482
27,309,437
218,285
371,444
64,277
456,494
437,469
35,308
122,128,213
150,443,499
157,445
129,168
366,472
231,291,328
264,477
92,294,341
14,415,491
258,348
199,389
178,318,455
92,355,421
227,405
154,293,488
319,339,451
27,40
253,358
161,178,190
239,303
60,92,205
310,406
103,213,346
53,117,417
76,173,493
56,324,338
10,410
77,416
1,44
90,206
85,243,467
36,380,464
320,446
59,291
7,117
208,380,466
304,312
51,366,411
145,155,257
421,460
35,61,71
56,118
32,189,382
263,481
185,302,400
187,445
114,140
120,344
42,327,358
163,295
92,234
257,260
19,215
96,310
79,240
56,85,459
21,88,184
226,316
190,455
244,327
28,128,254
7,92,294
130,444
6,242,362
324,403,431
62,142
215,488
379,404
269,294,357
128,380
201,448
197,224,405
60,346
219,306,377
176,206,481
57,218,437
148,472
136,270
218,271,438
184,402
72,390,399
43,378
258,371
144,222
363,386,477
382,482
15,369
330,376
336,491
355,449,451
24,241
277,443
182,203,322
330,408
113,188
24,245,324
205,211
163,353
269,437
491,492
47,327
36,107
286,404
23,454
208,221
173,447
185,205,367
349,386
192,231,262
154,184,467
257,343
167,303
159,234,341
166,292
101,431
298,337
132,333
312,377,498
51,132
361,408
270,475
45,363
136,413,420
391,400
339,467
98,387,463
94,178,408
32,96,488
293,329,489
60,81,276
129,376
409,475
61,144
263,413,440
234,425
51,242,267
106,328
203,439
218,409
83,423
89,295,344
17,117,491
6,149,494
205,328
381,386
24,143
444,465
34,237,275
40,180
351,449
168,355
106,407,462
102,252
18,337
111,474
23,335,399
100,345
15,112
215,392
363,451
254,483
377,471
66,136,404
155,352
46,339
127,397
1,16,135
25,52
208,228
112,165,463
99,263,395
31,492
185,258
412,434
105,347
388,499
168,287
277,500
79,212,247
457,463,475
297,471
39,164,329
112,149,205
50,186
392,433
19,104,168
458,459
277,422
97,391
73,321
30,332,387
158,312
88,142,443
322,480
71,400,439
248,317
77,226,465
33,384
198,295
58,497
25,171
390,437
256,347
18,68
92,479
216,359
317,470
83,479
417,448
253,472
146,412
10,294,370
138,438
13,380,391
111,367
189,238,490
152,415
88,240
155,156,485
349,491
313,473,491
76,215,383
356,382,462
139,184,334
118,220
300,318,383
208,360,486
245,291
176,298
19,380,475
75,194,356
11,445
59,496
219,271
7,74
38,381
292,428
54,325,358
144,155,377
16,148
47,55
49,154,422
226,337
177,377
43,71,87
438,460
120,167,356
283,392
254,283,372
218,321
398,453
38,218,261
58,150,363
13,41
261,460
97,188,490
466,498
63,209,500
42,128
328,497
60,97
324,458
75,372
322,390
17,84,343
127,458
199,205,434
63,177,340
59,207
24,355
48,85,127
43,170
216,235
55,133
55,187
187,234
149,455
455,461
411,412,496
108,342
170,216
37,178
113,233,276
187,458
265,396,486
105,115
155,239
11,298
273,368
98,250
168,334
402,430
454,458
33,92,157
73,378
218,274
239,444
36,69
39,500
27,381
497,499
141,147,385
198,271,391
109,489
60,489
44,167,478
71,273
20,82
269,293,448
334,355
22,156,230
55,370,441
174,277
193,274
42,235,329
118,242
85,360
228,330
186,248
214,383
237,374
46,163,264
325,449
24,421
29,220
21,42,491
248,250
128,220,494
118,303,346
126,471
89,285
230,439
67,157,285
51,150
311,474
132,446
23,190,261
404,462,492
71,146,454
53,90
99,444
95,165
78,134,297
207,218
37,246
20,338,384
24,396
163,383
241,451
487,496
2,460
76,446
289,406
53,373
124,420
137,255
254,322
193,380
55,402
366,448
103,142,281
54,102,179
276,281
32,443,500
28,363,492
29,303
386,444
147,227
85,146
85,270,452
162,424
20,176,333
270,347
109,385
271,273
147,400
2,8,263
14,493
212,457
214,476
45,370
286,362
106,378,496
415,458
316,379
149,236,456
460,465
38,91,468
135,444
171,207
172,435
43,109
98,280
167,292
97,408,465
271,460
454,459
274,310
55,498
119,410,423
321,377
121,362
81,138,347
92,230
259,478
41,73,456
351,365
330,475
92,309
278,494
43,391
35,142,337
222,371
42,312,491
6,261
64,276,416
215,328
385,495
286,494
63,209,391
267,286
143,223,474
1,211
13,230
264,308
283,374
38,253
68,459
244,316
29,104
134,345
7,268
202,431,447
253,356
75,406
260,360
60,148
4,85,474
12,412
309,337
159,221,486
339,489
70,416
156,258
230,236
63,452
71,230
385,437
140,489
15,467
195,221,394
154,410
162,406
180,191
237,277
306,314
130,228
61,414
69,135
136,177
161,485
29,118
127,169,466
38,155,337
102,376
173,187,339
44,328
226,302
15,240,481
122,219
284,444
46,160,480
51,299
201,445
35,80,109
211,339
443,452
292,385
269,303
71,200
61,117
104,245
50,276,455
139,241
84,178
303,444
173,468
203,308
104,184
127,395
64,366,383
182,337
43,247,286
125,192,234
35,128
52,410
324,489
178,424
334,454
350,360
54,286
61,390
30,388
260,446
374,432
151,183
189,377
134,444
14,235
202,263
147,403
329,480
12,162,454
163,281
199,237,334
156,464
197,456
185,439
120,340
298,445
253,500
223,358,464
50,252
37,101
130,352
17,286,358
104,248,436
276,318
438,471
153,474
111,302
48,192
223,241,348
422,433
111,312
189,320,389
164,377
94,236
126,376,402
88,177
79,232,353
22,154
467,469
18,219
112,121
290,339,450
28,325
127,180
394,457
31,120,124
279,328
30,203
218,265
252,320,444
145,269,432
131,300
76,372,388
189,274
12,196
44,99
238,343
29,79,84
30,347
54,188,341
4,120
357,492
178,293
116,378
88,343
233,431
110,455
328,411
253,349
289,350,417
20,348
87,386
16,140
228,236
13,100,354
38,438
25,249,463
75,491
43,86
154,450
403,424
1,283
68,368
440,464
18,289
110,263
37,95
336,463
357,467
213,232
253,324
180,369
38,285
287,392
25,83,224
179,395
185,231
316,489
116,120
51,483
286,428
341,421
158,394
88,334
88,186
450,451,481
155,354,381
129,291,300
67,277
93,213
374,450
57,259
23,29,359
308,480
61,218
149,355
145,467
324,339
26,279
27,345,424
92,466,467
77,164
2,67,70
60,451
30,84,448
343,437
225,434
29,116,480
74,111,361
125,164
301,416
219,238
250,314
37,461
274,289
204,321
402,410
52,146
354,360
150,211
23,271
389,461
429,482
25,267
240,261,330
225,439
172,249
132,347
184,418
102,344
186,425
28,68
103,210
156,342,448
22,434
103,203,359
128,331
340,436
180,192
275,451
58,116
244,304,487
190,358
116,149,266
107,185
108,189,375
273,356
300,434
195,418
47,224,489
217,271,329
295,488
279,317
180,196,287
33,262
239,351
68,413
39,249
26,226
289,460
83,105
44,193,279
422,459
248,466
286,404
257,394,434
127,294
279,382,466
21,147,180
175,246,469
95,461
98,236
295,409
157,445
11,21,223
143,196
166,493
278,406
283,443
78,468
35,403
335,357
263,345,346
65,131
119,185,311
289,380,412
215,217
111,142
79,230
373,379
262,357,412
48,127,287
8,193,358
250,369
272,357
109,213,288
116,456
138,220
347,405
371,470
162,406
11,101
134,235,398
65,211,300
285,461
18,368
245,379
70,263,424
23,75
124,485
280,372,414
215,456
337,340,382
197,299
340,402
31,119
122,152
289,406
206,324
201,232,462
1,33
49,319
335,431
106,276
334,454,489
87,473
45,241
146,373
170,301
42,483
301,336
60,189
375,485
110,333
112,315
73,342,429
7,319
53,466
152,332
117,303
93,329,479
13,424
32,352
289,478
190,480
192,368
251,493
367,496
107,426
230,297,411
48,269
350,449
161,181
229,499
129,344
265,309
118,255
29,204
6,65,302
233,497
26,131
62,490
97,181
44,479
431,487
11,104,369
256,479
68,201,287
192,199
155,218
159,206
169,339,445
209,453
69,271,389
34,157
140,461
97,108,268
197,289,369
92,143
40,186,412
132,322,427
189,361
209,273,440
186,297,428
296,403
25,312,363
119,143,348
70,151,363
379,411
179,330,372
446,477
64,112,203
100,368,390
368,460
120,175,244
134,379
132,154
77,263
223,410,421
189,391,465
245,289
24,388
178,295
225,411
92,402
352,428
107,117,216
143,259,315
13,63
231,415
43,153
345,371
371,413
112,367
168,237
229,407
83,270
255,424
308,418
9,499
203,241
344,491
205,325
6,80
68,108,175
344,397
31,314,443
113,415
210,473
131,275
253,464
167,358
223,357
211,482
279,291
55,410,430
6,349
311,420,453
296,312,462
145,427,453
39,99
175,316
37,226,398
111,347
31,251
209,429
42,399
462,477
163,473
49,73
91,138
50,66
369,477
125,244,427
145,412
162,415,472
52,98
17,318,323
163,302
86,410
307,391
96,340,363
209,398
232,257
102,403,459
181,305
54,463
169,285,307
179,453
61,229,313
252,325
191,282
174,432
229,293
43,391
22,397
17,182,326
227,363
97,106,129
207,484
178,345,482
177,393
91,213,480
105,413
298,422,475
154,245
102,420
169,475
31,375
127,423
90,377
143,157,445
18,348
128,206
393,424
112,462
329,389,453
127,245
176,290
302,303,327
180,281,421
6,84
444,456
167,373
145,153
112,463
399,407,413
341,471
83,467
65,450
357,491
304,415
57,296,377
260,467
309,479
167,358,455
234,479
308,336
61,209,251
67,490
36,499
205,463,477
169,216,223
99,151
237,359
22,334,350
30,460
224,387
194,398
143,339
68,397
20,115,268
214,476
76,306
273,296
138,165
236,454
240,325,412
29,147,393
155,388
174,387
30,477
200,210,231
115,126,274
98,247,323
18,207
186,437
290,409,487
51,112
100,304
259,297
49,268,445
14,166
278,347
90,317
182,310
62,213,220
220,314
427,434,453
256,459
95,397
296,330,356
86,419
133,366
205,288,301
294,454
56,438
20,419
9,106,201
136,472
147,246,337
1,66
199,430
127,357
148,209,240
178,282,488
137,164
320,443,464
16,124,202
179,344
49,92,196
82,191
126,430
147,447,464
49,161
237,324
7,176,275
365,425,486
86,375,456
108,244
248,276
64,229
83,308
307,393
6,377
62,181
268,294
237,287
139,159,169
6,179,497
147,310
315,428
318,419
21,260,486
71,256,327
154,242
291,334
359,378
82,104,333
172,346
388,488
24,132,412
357,430,495
73,266
74,114,395
75,130,364
40,339,350
293,363
135,239
432,487
293,364
7,192
39,429
28,65
239,431
173,395
98,300,344
157,241
353,415
30,95
192,380,397
114,140,484
335,470
194,413
396,488
224,463
65,86,201
378,416
6,293,496
215,414
6,25,59
73,104,482
64,321,393
150,343
322,401
165,499
22,55,459
84,265
75,453
291,448
45,139,169
124,391
216,370
39,76
53,237,428
32,339
51,356
26,311,452
185,230
27,51,215
100,191
119,299
94,99,218
173,428
85,281
35,149,494
47,156
109,118,203
77,305
19,348,422
125,498
277,464
18,144
120,431
239,303
360,417
380,459
409,468
176,369
147,215
112,486
39,321
4,208
152,272,366
294,492
51,302,326
307,405
253,346
201,282
12,243
129,336,362
154,433
141,338
341,472
1,391,493
114,273,457
105,411
37,134,289
216,330
55,310
186,204
269,321
362,418
329,352
304,323
293,462
3,95
325,459
200,473
35,71
327,407,457
47,225
63,251
128,230
228,404
150,497
93,472
7,132,302
21,350
109,286,359
117,343
31,444
93,325
51,80,328
148,333
65,160
192,442
30,397
117,386
30,419
51,116
143,234,324
171,309
41,89
17,150,400
170,476
152,190,227
249,442,462
461,490
208,486
245,396
261,405
297,450
114,198,440
225,496
45,443
415,498
162,198
370,458
49,334
7,146
14,437
104,149
63,283
1,491
140,201,288
188,490
143,277
57,285
321,371
250,497
236,387
70,475
140,467
71,264
106,111
7,289
154,289
57,99,263
323,386
228,303,336
19,262,406
3,48
132,147,204
57,304
405,418
276,476
302,431,440
98,473
238,483
30,200,229
378,477
241,472
153,406
111,343,463
173,366,384
18,356
57,424,446
52,105,270
320,474
29,200
161,374
74,262,310
70,352
23,482
269,318,410
398,405
150,313
142,163
165,435
64,203,327
191,475
201,222
23,284,424
100,354
8,130,171
114,320,468
211,410
266,488
150,225,373
107,167,236
92,481
125,320
218,490
142,237,496
11,470
258,385
151,395
126,454
159,456
350,464
41,422,470
15,398
268,420
228,245
191,415,485
167,400
74,111
147,176,186
35,105
12,325,445
355,403
80,129
207,382,420
80,103
316,376
89,235
43,304,306
234,362
102,388
257,351
274,479
212,399
278,359
186,268,430
173,321
109,330
224,462
321,487
351,494
67,381
321,371
398,500
352,370
275,422
19,325
130,314
113,362
303,365
81,431
338,459
285,500
15,275
2,50,240
62,112,496
7,257
66,317
184,186
55,240
376,386
67,75
178,216,353
116,129
26,28,354
191,409
151,382,468
14,120
107,244,462
323,400
178,298
270,446
68,340
117,280,455
286,463
455,488
463,473
308,326
106,245
4,74,92
220,456
388,431
154,175
49,103
84,288
22,186,392
20,145,365
385,392
263,457
52,327
272,397,454
96,429
130,277
42,190,209
244,253
130,394
290,438
403,486
424,475
181,490
63,223
79,260
180,221
290,462
281,344
335,468
218,435
105,140
89,215
203,349,448
149,195,228
34,268,287
89,94,485
151,244,374
288,405,448
7,423
198,490
128,484
83,105,310
3,91
74,342
275,324
296,326,478
439,476
318,326
28,266
121,128
340,370
62,371
222,295
328,400
135,325
336,357
51,128
4,61
339,497
117,227
141,274,421
40,319
457,490,493
145,339
47,331,363
323,499
130,151
76,239
217,395
117,183
355,471
29,44
57,239,253
42,210
243,324,481
47,418
227,430
37,296,437
58,192,450
212,434
307,465
22,215
200,313,405
285,368
121,322
298,299
169,440
23,141,468
72,136,336
82,276,336
355,419
389,401
107,194
158,466
192,300
255,296
210,304
122,284
201,489
79,383
206,417
233,453
137,462
3,289
66,235,402
142,224,276
144,437
42,213,279
240,450
80,86
122,245
451,458
56,80,496
175,296
48,400
55,105
168,454
69,124,465
58,66
480,496
69,114
118,325
34,486
248,426
173,367
12,83
132,325,402
320,456
65,266,305
122,167,496
267,300,372
13,22
126,204
131,454
9,110
147,324,445
264,322
319,380,454
68,455
367,395
159,296
8,122
21,392
212,403
208,338,425
384,467
77,174,352
81,84
123,149
320,418
188,314
105,474
116,163,415
66,92
254,367
73,286,439
76,475
43,453
27,284,424
313,405
120,377,471
184,221
136,276
188,317
145,298
8,329
28,62
127,438
109,344
30,400
109,128
57,316
191,271,442
86,191,200
8,124
179,435,456
145,215,421
140,485
82,352
198,460
54,378
190,494
65,242
166,438
158,320,354
34,168
30,422
67,124
45,296
161,471,488
160,170,213
6,28,497
194,295,316
32,212
11,40,262
53,127
383,484
131,281
177,454,457
87,172
441,459,470
32,251
13,101
12,240
329,454,486
101,271
67,113,199
119,260
262,349
157,338,339
41,133,158
119,186,351
118,313
168,415,458
75,120
176,351,425
301,494
256,408
81,373
147,432
269,423,498
113,432
242,306
188,339
329,374
241,325
186,265
224,293
26,67,108
159,198
226,285
144,492,497
55,220
133,152,408
233,293
141,166
128,491
80,133
102,392
1,301,483
172,308,497
282,377
238,494
191,207,352
9,129
204,356,454
300,313
226,257,457
147,410
364,377
232,496
97,409
41,212
16,31,452
23,68
379,432
73,195,242
236,398
202,273,465
250,394
13,273
323,480
141,165,208
66,100,237
121,227,242
85,138,256
326,479
192,256,419
355,378,500
357,428
25,454
189,365
222,491
349,447
11,328
23,136
36,313,400
70,479
389,406
253,334
90,187,319
46,113
356,485
145,304
217,231,467
178,263
190,322
182,366,462
209,270
18,90
43,80,362
28,407,489
375,423
336,343
201,207,334
135,245,421
24,80,170
61,402
103,402,444
401,415,475
15,40,139
114,192,220
90,237
13,16
403,476,477
31,204,465
74,183
188,438
56,292
141,370
229,426,488
241,256
229,274
123,211
261,292
202,264,409
10,115
105,241
338,454,466
307,314
17,117
70,325
187,436
90,225,272
51,115,182
81,476
96,137
17,272
89,285
154,384
78,138
300,480,489
53,215,262
56,430
212,290
158,337,485
209,429
315,344
352,470
165,423
91,217,317
248,253
323,367
92,179
220,254
322,365
208,260
27,176,392
486,488
49,148
238,295
326,378
79,484
209,490
77,194
292,317
212,447
397,445
255,440
431,464
28,165
163,293
201,232,238
149,200
180,273
58,186
144,438,442
4,279,398
102,155
47,170
128,181,481
99,147
281,400
52,288,448
84,182
17,470,491
7,23
90,353,372
230,459
173,490
32,465
79,170,279
116,179
108,144
287,431,448
100,102
121,326
130,393
274,385
367,492
314,342
48,121,352
83,146
13,135
285,352,432
374,427
5,249
170,213,223
255,267,407
57,282,414
326,483
192,241,325
27,215
403,480
188,282,388
95,368
330,351
185,327
155,409,471
125,271
139,269
62,288,405
316,500
251,309
330,391
264,352
65,376
61,384
110,185
46,123,200
218,308
174,337
59,361
348,396
132,176,414
375,439
75,225
248,436
268,428
382,444
120,295
322,323
99,444
274,429
101,235
417,421
157,459
9,203
21,166
325,356
126,495
131,297
403,427
37,282,444
158,214
80,210,275
228,332
69,102,356
102,414
134,177
128,383
288,476
239,452
145,275,334
10,430,459
204,355,481
16,363,458
215,341
2,487
401,498
114,431
79,340
293,466
8,189
161,252,465
52,149
444,488
116,210,228
32,178,490
268,414
407,483
67,411
21,441
22,237
67,154
108,222,493
13,311
72,461
295,418,444
50,201
84,127
22,271
351,454
136,280
18,67
150,475
18,320
324,365
61,239
256,306
302,494
54,327,477
324,474
360,425
81,292
163,186
456,498
230,354,471
394,464
436,439
69,124,302
116,318,491
271,388
254,326
271,316
400,462
28,227,332
218,263
10,45,184
21,73,113
295,362
276,352
105,115
58,121
236,367
217,282,429
260,406,475
161,207
125,152
117,301
307,374
15,297,433
438,464
69,164
28,116,214
176,248,287
138,384
225,500
119,192,215
99,195,344
185,253
223,441,466
21,48
5,23
74,301,442
63,102
168,195,348
168,257,374
232,276
98,386
384,443
59,287,476
109,190
418,473
177,307
113,469
214,279
372,416
298,486
412,470
177,464
305,306
240,457
103,359,401
345,403
48,235
34,441,475
63,356
104,455
448,462
202,256,393
55,265,474
24,84,233
212,346
106,203
280,474
237,303,362
436,490
12,232
40,366
119,308
23,381
138,143,158
19,76,239
22,147
51,312
124,258
7,20,360
179,404
19,127,221
41,246
142,162
263,311
93,324,479
367,495
217,359
150,335
90,296
97,309
32,255,317
300,366
25,172
94,152,168
65,360
17,232,279
60,412
219,295
248,360,417
235,255
198,469
130,393
152,242,366
138,141,449
162,292,372
309,400
22,240
108,366
81,333
124,357
31,96,101
352,354,420
124,188,299
263,471
74,445
345,431
215,348,412
361,475
44,87,412
203,301
20,204,498
221,260
222,410
49,274
53,423
321,400
204,486
261,268,381
70,246,374
88,163
354,396
64,281
126,143
209,415
58,123
252,413
175,490
200,210,312
303,492,496
180,338,433
234,380
167,346
6,347
156,458
148,236
128,197
265,341
141,339
23,125
9,416
106,276
4,380
365,422
23,446,488
317,423
41,151,404
30,228,497
38,281
245,357
115,160
21,30,411
59,182,322
196,380
93,240,241
48,413
11,261
364,391
87,149
438,469
92,366
18,210
453,498
409,488
136,230
143,384
183,200
112,483
85,157
188,271
146,159
55,436
334,479
147,157,338
127,262
298,422,423
389,437
103,423,453
81,361
57,314
190,219
71,426
275,451
142,352,355
1,307
304,315
410,478
106,439
204,351
14,257
204,287,467
156,391,500
290,314,446
94,158
104,223,479
137,173
349,378
321,493
50,241,377
317,449
274,350
346,437
80,103,118
273,465
84,347,383
64,170
263,474
436,450
49,168,436
24,396
262,360
94,135
354,410
304,377,395
325,423
18,139,448
193,281
35,87,122
76,368
274,392
45,154,450
106,288
251,486
252,282
298,339,451
40,196
182,264,496
18,121,358
147,283
18,50,403
60,456
115,421
216,276,332
17,187,425
219,377
256,397
128,415
192,392,428
186,433
361,431
19,364
74,422,449
104,336,406
343,384
170,287,357
92,196
147,240
8,393
62,279
41,388
231,478
6,82,113
369,451
193,254,301
349,359
240,297,385
382,500
26,250,285
45,143
145,213
50,352
433,454
229,379
135,370
444,488
123,406
264,346
55,245
100,393
65,271
364,439
51,233
12,176,269
36,113,248
164,482
96,114,271
124,341
315,423,466
168,171
146,353
302,309
104,449
40,104
357,474
367,420
1,202,311
196,295,486
380,444
357,417
208,315
70,273,364
262,268
280,304,399
49,357,436
123,361
334,374
58,322,418
118,318
179,362
258,290,500
7,362,472
153,409
42,65
81,113
225,387
1,32
182,318
16,453
55,64
291,411
300,362
355,412,422
285,337,354
239,288
115,468
317,443
20,374
89,371,375
66,284
197,311,394
124,311,469
51,313
38,175,177
46,137,183
2,311
48,274,425
109,182
163,200
7,341
39,67,398
67,135,255
118,201,497
273,413
7,466
280,298
328,363,418
110,127,311
106,358
141,474
31,114,250
123,387
106,128,254
57,239,389
7,389
415,472
145,310,475
354,457
77,369
79,373
300,303
53,439
109,122
256,319
10,98,118
50,136
71,156,331
441,450,478
116,310
92,130
85,243
119,222,422
439,448
74,384
226,321,413
138,248
16,283
123,334
279,477
163,272
61,389,500
155,173,488
462,483
2,8,270
122,271,490
95,307
107,111,330
151,258
380,384,479
248,324
392,473
64,367,497
455,497
233,264
43,286
383,417
132,169
81,176
78,491
65,450
127,315,425
100,136,295
350,380,384
122,455
42,463
147,206,289
222,236
85,156,349
41,218,342
169,412
350,441
142,276,312
291,379
127,495
150,296
132,325,441
39,261,295
439,481
6,368
42,232,497
153,186
381,439
24,373
103,359
224,328,358
65,375
180,289
89,135,284
122,129,288
35,51,358
295,388
132,171
260,451
165,435
41,67
177,289
262,361
45,131
116,367
13,102
129,197
253,265,373
167,286
20,40
33,147
102,294
298,363
29,499
218,446
227,291
213,220
265,282,310
30,149,302
436,488
441,470
187,296,470
104,138,440
403,484
248,312
152,232
251,288
304,338
33,60,278
209,340,429
278,296,466
52,413,465
79,392
88,466
40,248
78,237
108,442
146,153,358
34,105,248
131,270,491
55,143,162
301,489
130,461,481
15,19
85,147,474
18,94
88,154
76,493
128,134
29,291
200,342
151,411
123,491
11,369
67,390,394
369,397
194,364
224,228,383
3,277,337
204,467
28,302,358
33,186,221
117,205
73,138,227
109,147
117,182
77,471
317,331
10,145
351,458
150,267
138,497
157,221,466
360,406
242,366
6,364
15,392
42,374,382
104,467
79,318,462
279,469
114,250
138,267,376
81,218
30,98
317,438
92,297,351
52,54,228
83,148,433
52,123,160
24,105,425
31,156
82,167,476
172,229
9,59
46,118,438
178,409,438
425,498
395,404
102,174
30,129,395
1,305,391
163,230
28,199
307,485
52,158
265,342
293,458
310,401
48,276
93,412
181,194,368
126,154,498
250,306,429
129,160
24,169,274
310,311
413,477
8,246
20,339
138,217
201,303
289,324,422
300,365
133,184,456
32,360
175,452
315,402
262,463
255,320
82,332,462
23,273
107,414,452
43,117
18,77
211,390
85,119,237
454,498
191,372
74,428
13,290,389
173,394
265,370
194,305,394
192,378
415,454
364,472
192,211
138,338
203,358
35,308
78,291
37,386
58,109,491
260,296
276,303
3,89,166
333,475
72,484
175,461
269,392,419
275,495
74,79
23,429
24,75
110,138
261,400
61,155,335
43,497
199,475
217,288
255,331
30,82,448
278,398
193,214
48,283
311,453
170,276,334
63,218,407
16,285
58,286
237,370
124,188,429
53,192,450
205,310
106,225
116,223,309
99,249
38,477
98,291,308
104,202
48,458
89,163
238,374
298,425
134,168,331
24,159
27,60
221,278
26,74,151
11,127
18,433
43,165
274,470
69,377
355,499
292,325
88,425,481
253,472
67,246
204,496
98,178
96,127,157
261,338
47,58,435
60,103,150
39,314
275,474
128,336
230,249
244,395
169,402
232,264,456
106,325,470
346,476
101,432
188,271,482
71,473
151,220,341
82,93
146,351
155,271
415,441,498
180,262,331
33,339,423
159,306
120,352,379
290,304
91,108
47,94
129,277
25,86
16,75,191
286,378
35,163,448
52,203,214
163,464
43,228
363,451
64,334,355
89,374
10,454
1,392
187,248
104,237
9,170
36,411
167,277,476
133,354,451
273,409
249,496
277,413
185,314
231,436
80,151
164,273,368
154,412,441
142,224,386
227,352
65,195,483
409,434
259,262,351
85,154
228,470
363,449
25,216,492
43,215,421
184,286,430
27,191
201,416
198,482
198,430
61,189
150,224
311,492
141,294
25,201,476
57,220
233,499
284,413
44,200
230,256,378
38,263
214,387,473
15,202
240,262
384,458,467
31,77,437
24,105
36,54,333
152,336
51,496
39,201,206
174,451
327,473
27,235
248,417
144,453
2,76
6,378
56,109
269,351,355
186,414
124,217,367
111,353
25,80
168,268
43,491
163,380
241,425
346,407
26,359
69,177,377
52,324,439
283,359,481
53,184
222,326,359
87,142
143,187,339
58,491
121,150,300
65,376
29,61,263
111,116,497
31,289
303,391
292,414
86,489
40,210,213
244,364
156,219,281
58,392
206,371,407
405,473,483
45,304,441
134,180,246
108,187,267
240,401
7,476
105,260
136,443,452
40,180,392
280,383
34,425,433
49,104
210,299
68,408,430
193,264
212,447
242,266,489
71,82,494
20,391,411
82,160,210
60,481
108,192
86,467,500
339,344
110,210,407
134,302
47,367
154,310,498
53,76,471
59,267
195,322
195,442
127,176,373
127,370
179,306
1,126,335
93,135
58,205,496
92,348
98,430
260,265,268
111,407
267,363
30,251
136,256,368
71,256
56,319,324
136,250,485
414,446
63,223
134,292
103,216
126,253
230,251
380,385
24,221
83,330
166,398
76,316
367,436
31,52
232,254
341,425
267,455
86,250,377
122,158,499
110,290,381
300,353
87,400,407
23,142
196,360
43,51,472
249,439
24,241
75,347,412
287,325
440,490
16,190,455
13,145
156,342,438
201,234
42,233
355,417
238,280
48,115
290,439
109,216,291
294,384
180,364
123,414
47,248
347,500
32,63,77
292,474
