398,476
127,176,298
48,358,490
32,152
281,419
84,224,402
333,398
85,230,413
308,339,494
108,249
387,495
168,426
343,363
351,487
9,379
60,156
163,437
13,114
18,304
77,134
59,85,110
36,391,406
298,395
253,400
330,340,476
43,454
114,363
15,114
44,366
297,326
48,347
138,202,306
99,276
121,330,405
89,128,208
323,343,345
75,175,420
6,441,477
82,382
60,369,488
75,487
191,354
42,316,435
251,313
39,285,291
328,369
48,89
67,249,285
245,262,365
130,475
270,396
96,464,471
356,368
190,493
100,214
60,365,370
172,334
244,273
6,298
62,385,456
290,411
219,281,352
23,417
79,366
47,407
362,474
279,457
210,296,497
168,280,450
14,213,359
162,431
451,500
462,500
67,71,73
168,466
245,309,453
375,418
4,287
96,405
178,389
66,105
190,388
198,291
140,491
3,256
139,159,264
44,70,297
96,379
83,481
42,342
204,238
266,396,472
16,481
223,255
47,128,248
53,348
191,403
129,311
81,398
98,368
173,492
311,444
290,419
41,431
70,72,474
230,357,418
269,371,493
218,258
127,418
38,379
89,129
12,230
141,334
209,490
229,255
157,471
6,199,467
14,429
311,387,389
422,465
69,243
151,237
138,294
100,218
144,369
154,408
132,341,440
29,452
40,130
354,421,447
172,247,389
163,221
256,460
27,255,343
247,280
197,299
175,270,357
207,368
91,259
68,103,337
98,332
8,116
59,471
322,399
265,282
305,397
99,106,254
145,398
64,344
89,195,369
37,57,78
24,35
20,408
135,302,443
165,186
248,307
164,312
357,375
166,308
52,118,405
43,65,497
295,308
292,481
66,183
219,311,363
377,445
421,476
143,299
287,383,452
329,416,463
37,488
187,296
173,423
12,302,328
120,442
223,347,495
163,374
88,401
411,492
42,76
332,342
108,375
38,392
282,488
251,389
189,196
45,72
232,460
167,285,376
2,385
129,335
134,378
123,318,361
373,456
37,156,355
398,439
18,25
78,181
24,364
124,300
273,437
129,208
54,75
249,287,294
51,386
331,450
247,265
149,195
295,304
99,228
164,205
26,129,388
97,242,459
341,353
16,36
135,164,255
146,208
22,292,401
219,499
92,96
327,371
60,250,313
132,391
104,212
53,440
37,75,335
240,413
227,261
289,337
58,414
366,398
82,132
202,460
246,395
219,319
93,166
272,347,449
168,216,232
147,237,377
35,98,291
368,393
30,432
62,89
368,378
56,205
128,253,371
127,212
145,382
80,105,230
391,398
66,286
29,111
23,269,433
36,483
116,438
149,481
229,334,418
170,498
70,149,186
106,163,412
242,435,463
210,281
86,253
41,169
90,140
96,449
109,493
12,345,415
154,204,327
255,407
91,228,312
114,153,359
88,342,438
60,212
138,397
165,314,322
350,381
132,191
263,315,388
107,132
213,305
143,206
87,121
139,145,262
67,321
6,106,139
380,397
101,452
34,42
151,187
398,421
78,219
100,220,437
193,240,404
206,256,480
292,336
169,256
52,147
173,454,483
69,442
32,169,295
73,349,411
2,353
3,308,354
89,148
291,310
52,367
68,134
130,447,495
120,268
13,75
292,355
89,437
75,363,401
46,251
25,488
174,348
222,415,455
375,390
188,192
72,109
295,316
251,486,487
19,77
205,262,388
318,436
97,163,181
70,458
66,289
156,290,407
208,402,474
22,279
20,269
27,77,473
177,340,373
124,474
43,153,200
58,186
12,200,408
46,244,377
310,319
51,303,460
161,247
147,431
8,185
279,312,476
184,247
183,346
141,150,165
90,161,446
38,77
13,144,442
20,437
323,374,399
48,411
160,286
195,271,318
219,352
174,399,484
209,296
222,402
183,341,425
27,274
176,285
55,433
26,79,84
145,289
71,103
49,190,263
77,238,495
5,144,401
212,482
173,459
194,464,493
147,347
149,314
92,265
211,272,476
244,410
232,406
75,339,396
10,235
305,425
82,361
112,405
249,291
171,472
6,169,383
168,392
166,243
297,388
229,237,473
214,230,234
144,202,292
18,213
282,453
352,372
33,183
238,281
83,127,263
33,264
128,482
336,356
111,287,451
60,81
173,267,411
140,456
152,328
276,349
124,263
155,197
83,316
51,168,468
2,32
372,376,423
159,164,500
196,213,372
199,274
84,224
204,289
106,182,202
260,360
106,486
275,387,499
34,75,277
259,449
315,401
406,499
354,402,496
274,431
88,100,165
87,327,426
325,327
200,389
208,276
222,264
139,293
209,426
15,100,321
244,448
85,172,226
57,157
33,91,316
278,475
66,427
92,186,300
79,130,347
216,409,432
277,278
178,221,332
203,249
6,126
96,474
109,195
277,361
310,386
17,396
71,420
75,268
275,346
231,417
38,109,295
134,301
109,422,423
262,385
65,349
31,358,476
252,412
11,398
351,408,431
100,328,411
92,367
380,460
230,342
67,202
74,293
9,119
81,291,298
298,392
45,414
83,88,411
258,473
133,188,229
51,338
165,432
112,434
194,366
3,496
72,434
69,441
64,154
40,438
266,268
59,104,312
406,464
357,366
246,331,389
12,92,101
77,350
22,41
14,133
153,198,245
284,467
155,207,373
158,212,485
16,209
323,449
6,213,277
125,223
240,329
35,46,371
167,375
48,70,117
371,421,481
284,313
69,243,392
322,328
77,194
126,207
347,366,402
169,325
138,206,212
293,470
149,343,418
48,98,319
117,463
133,327
5,160,465
52,461
163,407
295,398
2,26
235,450
231,420
202,386
105,186
241,461
217,391
119,186
171,227,470
120,149,157
23,323
210,265,497
192,355
15,235,413
70,211
74,213
20,426
217,458
82,404
7,252
307,339
169,282
252,343
33,102
268,298
129,279,479
251,329
166,278
236,294
192,315
172,189
135,310
291,298
72,138,368
94,327
208,291,465
130,388
70,102,240
188,368
199,370
8,222,371
55,410
45,491
234,385,421
351,371
259,500
23,40,362
364,493
154,339,357
162,219,305
206,381
139,316,417
277,462
58,123,497
48,174
309,399
142,248
373,417
362,381,386
288,338
231,354
336,473,487
88,420
120,181
31,104,318
43,352,497
256,493
359,488
35,316,432
253,385
11,358
73,142
303,441
38,64
78,181,302
21,63
56,482
268,272
90,390
175,483
73,238,286
58,88,371
174,185,420
169,174,331
147,238
193,202,443
50,84,241
86,393
38,263
459,482
72,378,484
114,275,440
376,439
411,426
226,315
269,349,400
100,256
400,500
57,339
48,71
55,113
236,465,488
235,308,331
430,441
250,319,367
73,336
103,268,352
223,305
228,326,500
151,182
75,198
146,152
214,261,360
240,443,467
58,192,202
54,324,352
197,259,399
305,475
51,252
203,313,443
199,432
103,339
129,408
233,274
100,114,265
161,284,294
116,209,339
15,96,184
42,69,356
18,42,487
127,320
163,234
331,376
124,150,286
302,486
129,458
97,180,274
163,227
59,68
35,357,456
42,409
9,475
406,410,427
68,289
145,379
121,126,487
183,292
9,231,267
24,382
285,436
321,486
265,300
64,95
225,255
49,76,471
137,162
336,356,382
13,219,307
364,409
96,103
191,329
207,386
174,371
81,412,468
4,463
158,268
25,184
350,351
145,192,296
12,26,403
54,425
318,420
104,479
84,143
271,355
169,404
367,386
65,97,98
248,279,364
202,345
268,378
132,226,253
2,372
182,374
75,175
67,74
16,383
170,178,345
445,458
275,477
240,244
152,398
424,441
19,58,222
137,407
118,151
100,427
380,416
178,187
9,300,322
99,285,291
12,377
317,486
224,310
16,153
236,268
135,232
343,432
242,403
358,458,496
130,456
44,56
270,462
481,492
86,140,372
33,151
350,487
19,185,246
276,400
65,473
188,271,422
113,226,298
40,150
107,251
137,193
69,232,446
150,225
42,272
64,440
162,405
217,439,486
241,259
71,231,270
185,202
13,100,192
79,126,402
100,110,120
134,459
242,372
218,459
258,339,383
408,456
91,363
383,469,477
66,371
176,200
182,303
258,281,497
130,151
215,263
450,493
218,324,498
307,437
94,127
231,363,465
61,138
305,422
165,396,469
84,300
151,257,279
83,342
127,402
20,210
286,376,411
17,180
33,344
306,342,386
73,209,396
87,395,419
48,448,473
9,21
111,262,462
428,460
27,111
16,48
334,380
56,369
77,100,465
302,355,463
137,438
24,40
89,176,326
105,304
35,114,360
103,185,246
96,381
25,456
340,392
222,262,264
87,173,214
130,488
22,91
236,250,413
55,207
132,396
220,238
93,205
20,303,447
221,252
82,410,498
226,459
41,122,306
28,81
111,306
145,184,316
159,241
17,480
313,382,393
1,25
75,112
62,205,496
7,52,334
136,157
426,497
41,72
360,390
21,187,258
115,134,142
5,275
269,417,421
22,166
210,341
35,116
458,462
41,445
81,135,191
275,330
329,419
204,244,281
396,430
37,80,386
244,311
437,455
55,487
244,460
17,43,132
240,499
146,194
346,398
334,444
13,21,481
73,494
88,95,119
184,192
62,499
221,313
384,499
133,402
8,87,321
38,417
464,492
223,419
118,297,398
62,188,263
17,411
154,220,484
115,259
82,201
180,251,440
384,410
401,410
184,256
18,101,185
243,310,428
178,309
152,392
116,318
313,361,424
157,303
5,387
189,333
242,397
65,456,479
31,351
374,441,452
25,450
139,346,462
60,379
126,318
193,225
16,107,157
259,338
252,380
171,399,455
104,165,286
222,488
147,254
29,224,244
149,233
82,147,479
96,189
194,480,497
225,361
149,432
48,184
191,311,375
131,140,463
170,322,406
34,47,213
220,264
83,224,318
269,456,471
324,345
40,336
27,451
75,120
82,169
30,292
123,481,495
226,498
121,234
364,418
204,440
60,92
127,212,493
257,298,392
91,340
120,198
383,470,474
232,412
286,461,471
232,400,496
170,210
36,328,488
2,11,346
123,324
6,225,291
118,435
44,117
1,267
28,470
180,397,416
329,407
27,63
155,158,215
176,278
412,471
113,166,484
112,326
54,301
128,382
272,327
117,231
119,246
84,228
379,491
25,130,318
224,455
127,322
32,89,477
164,234
225,283,389
235,308
14,54,108
7,63,97
44,79
203,252
110,211,401
9,228,236
110,276
177,199
210,401,440
117,372
5,378
3,233,321
201,288
313,432
18,86
366,384
360,391,481
179,254,478
121,267,457
104,138
136,375,424
56,259,417
129,487
409,461
175,390
234,350
106,156,199
343,456,471
158,326
108,305
91,423
334,407,438
19,207
250,349,396
72,256
156,199,324
365,472
108,451
13,231,301
92,198,399
323,365
22,447
314,395
193,270,499
34,217
195,266
81,136
52,313
281,454
156,217
46,85,314
135,380
65,91
272,378,444
332,361,428
171,266,300
135,181,280
269,417
176,404,432
105,382
175,335
82,392
232,394
61,373
258,453
325,374
15,476
260,347
363,437
119,427
14,279
298,438
80,93,243
118,465
192,341
75,339,440
46,77
278,483
204,430,466
22,491
215,412
77,440
6,254,338
147,332,432
111,446
349,425
26,481
322,465
199,283,463
425,499
229,423
19,68
195,441,451
18,59,422
156,240
34,416,441
40,471
314,440,472
400,466
14,33,269
351,445
68,231
261,410
8,96,385
36,396
9,107,401
37,197,432
175,336,348
89,148
168,191
183,229
244,396
31,449
278,441
273,315
291,397
299,417,422
26,192
288,321,413
152,192
7,255
18,293,463
242,361
308,310,345
42,318,362
395,417
41,126
294,373,411
133,359
90,163
281,300,406
242,285
11,295,381
260,274,490
116,408,423
1,425
6,191
212,271,299
380,466
267,348,371
52,178
35,267
44,143
81,274
86,301
312,326
290,384
98,393
78,321,375
140,240
390,396
9,103
224,489
377,400
172,459
10,333
51,81
105,437
246,410,414
73,88,499
49,145
83,429
351,406
82,325
103,105,107
1,249
295,362
121,134,242
124,434
78,220
216,420
37,358,444
198,348
238,263
37,143,479
170,413
148,452
127,248
330,473,496
275,357
61,212,330
28,470
166,217
80,141
62,330,489
20,257
196,285,375
321,418
332,375
131,311,384
383,495
214,420
77,371
214,460
19,300
130,379,493
63,167
289,316
40,111
152,285
137,322
384,463
231,352,407
91,170,371
118,496
239,341,440
162,255
35,67
30,370
47,294,402
52,413
68,87
97,236,394
102,257,271
327,464
23,146
403,446
328,339
230,407
190,340
215,362
5,333
36,346
139,147
294,490
62,126
379,474
8,64
289,395,408
101,182,415
11,263,279
9,265,499
364,457
2,278,360
289,500
374,459
179,310
135,283
76,264
61,435
361,384,415
192,309
6,255
114,484
201,216
240,352
74,342,460
68,272
173,244,442
50,70
5,456
136,324
125,176
74,407
106,216,286
57,181,196
27,451
169,471
30,368
296,352
98,205
338,378
15,238,390
83,254
91,270
316,459
386,423
196,412
176,460,467
243,463
168,230,250
134,377
162,221
136,288
264,448
6,60,94
35,319
87,88,296
93,311,431
279,346
313,411
123,185
60,452
25,115,121
231,420
235,294,415
8,17,314
88,217
334,456,460
109,476
24,291,486
328,494
129,285
9,28,100
204,355
57,219,412
332,452
54,187,391
46,319,338
266,369,476
368,489
64,299,303
51,74
10,69
481,491
4,6,254
3,361
454,473
236,291,330
57,198
9,36,484
123,195
3,78,180
239,460
123,265,276
468,496
72,305,306
205,392
275,383,455
136,240
264,283,426
80,233,363
130,170
30,41,196
215,306
149,411
247,320,478
350,423,462
172,382
273,468
261,426
193,283
126,471
87,453
273,425
94,104,184
148,191,261
146,259,490
224,227
69,163
349,411
232,407
78,494
73,371
115,146,480
85,223
12,201,236
245,437
60,364,432
103,314
320,484
86,291,432
100,292,484
110,214,270
32,392
126,132,152
79,405,436
82,181,325
229,279,356
14,379,449
107,268
54,328
308,331
16,201
67,116,301
19,441
254,432
130,313
122,151,356
187,491
213,368
70,202,346
144,419
278,380,486
144,165
156,421
117,319,349
41,340
433,456
192,245
38,340
60,467
211,239
227,414
180,464
348,401
55,331,460
22,391,477
106,252
326,402
335,358
280,475
147,252,287
25,174
1,444
138,299
214,239
113,353
7,85
122,220
107,426,498
239,313
292,307
57,199,389
224,340
268,498
310,331
129,276
376,392,424
123,282,425
128,281,483
21,185,427
64,261,281
16,100
180,303
5,275
146,475
346,462
265,327
207,276
347,405
369,379
38,306
28,332
18,158,212
212,439
375,452
55,245,296
41,241
324,453
173,192
5,79
203,204
108,168,331
28,101,227
313,444,446
240,370
230,240
200,343
118,265
319,418,446
56,139
429,487
82,99
324,364
242,252,438
208,211,480
253,270,455
119,433
472,484,491
328,399,469
331,486
165,455
186,214,393
268,429
165,313
248,391,487
477,486
183,400,491
111,406
19,154,352
174,245,309
51,444
395,434
178,334,438
218,291
162,250
27,131,482
30,332
186,454
422,467
128,245
433,487
64,286
223,354
26,178
157,382
145,408,465
262,316
126,444
277,415
58,77
328,457
117,415
45,271
88,198,437
416,451,468
234,382
70,476,496
31,167
55,427
95,110
51,292
191,199
196,428,467
196,460
21,176
219,247
314,341
336,385,435
23,68,76
261,315,377
34,108,235
92,126
74,223,319
105,239
206,423
324,442
72,159
399,480
38,112
3,394
118,211
286,414
367,468,482
134,296
285,467
15,155,340
247,302
33,495
303,324,475
140,394,486
73,470,489
113,118,473
85,437
259,491
229,282,289
174,183
81,341
198,400,473
450,468
376,421
125,394
149,178
79,188
98,159
181,276
113,195
120,411
174,263
232,444
182,365
27,288
46,338
140,260
107,480
98,327
226,285,406
447,477
24,438
225,313,460
150,155,259
70,211,350
158,251,420
59,362
59,279,282
94,159
65,346
390,420
132,305,353
21,154
173,364
379,479
110,499
46,174,185
30,177
211,289
32,435
203,363,484
138,199
198,239,265
125,500
169,372
82,380,403
77,156
467,486
453,483
1,254,415
67,171
73,154
237,366,388
68,268
108,223
103,289
13,493
78,217,303
16,267,425
59,231
221,230,278
87,321
278,432,442
12,455
78,438,468
195,271,330
6,416
152,234,402
100,265
5,459
173,495
234,335,417
198,277
71,239
215,417,489
307,352
58,420
85,331,428
92,327,363
41,44,379
36,286,344
20,78,390
86,434
3,161
170,498
327,387
211,388
163,488
66,273,419
142,192
322,331
68,244
277,372,424
169,221
223,429
365,389
231,289
145,258
53,120,363
49,354
21,189,462
15,68
226,265
42,137,193
139,420
82,227
123,192
286,320
45,127,234
472,492
8,114,310
121,269
25,437
49,205
411,465
319,361
86,314,357
34,57
256,350
249,370
103,189
221,382,386
159,420
135,403
140,201,323
301,492
116,314
353,471
145,275
25,164
105,107,192
172,266,348
200,338
306,398
295,395,457
9,23
245,348,414
30,126,240
337,370
318,459
160,360
38,212
179,224
319,478
284,319
148,354,421
357,488
43,64,200
46,239,296
46,133
343,355
125,451,467
181,333
113,334
371,467
119,291
262,434
114,198,487
84,385
340,447
34,191,202
228,249,347
58,73
207,442
133,354
351,372
15,406
126,390
46,67
85,461
14,300
6,251,321
39,124
55,186
178,242
216,488
37,52
45,194
364,392,486
179,463
294,439
238,401
63,263
138,369,479
157,207
59,464,496
126,417
40,385
117,369,490
314,322
166,268
200,496
51,370,412
154,179
266,377,395
152,234,417
103,292
197,230
196,299
29,426,477
38,206,264
215,304
55,348,396
49,407,443
58,123
35,343,356
166,304
96,457
14,77,429
102,316
360,383
91,330,436
72,124
78,137,219
165,170,218
2,33,187
124,242
2,11
216,305,372
198,209
79,228,379
183,373
45,208
78,306
109,155
179,376,466
133,138
279,417,485
16,315,328
275,347
30,350
351,356,385
12,161,182
211,229
156,242
174,277,287
11,340
174,317
38,52
87,187
129,169
45,81,403
147,439
96,161
372,453
52,149,225
277,404
12,463
44,458
64,157,171
317,408
148,390
186,228
144,276,327
117,481
132,339,391
198,204,420
47,390
293,405
195,431
165,182,290
274,334
456,477
181,322,372
308,478
73,220,340
120,397
194,290
130,257
63,486
287,463,467
380,389
143,316,422
125,135
260,303
193,393
27,427
95,247
39,217
11,228
347,351,446
115,373
109,375
29,106
158,365
78,321
166,441,467
407,446,470
328,469
13,371,413
119,159,474
61,442,470
163,196
16,352
457,487
279,451
57,232,392
318,490
54,278
284,306
175,425
291,303,432
124,348
12,48,144
155,206
141,317,441
29,101
265,321
161,233
19,317
49,53
65,471
145,158
308,311,432
204,481
228,368,391
104,439
33,102,229
82,196,345
13,257
294,479
82,176
45,177
298,321,343
1,221,404
291,430,478
251,374
94,240
111,205
356,390,417
169,445
203,384
104,489
94,468
155,217
115,158
285,367
38,155,225
322,390
399,437,453
153,171,349
239,309,359
18,129,177
39,476
49,230
3,33
222,292
113,150
34,302,313
364,376,463
92,327,411
194,306,346
22,93
30,284
60,370
78,380
88,331
56,303
67,440
9,71
57,201
327,432
210,485
26,101,401
19,281
59,188
291,413,451
9,110
152,165
232,389,482
296,378
65,184
146,208
324,467
244,406,414
415,419
90,236,345
108,230,319
342,438
7,24,156
104,212,262
89,109
251,367
6,78,277
166,171,467
453,459
209,226
333,336
158,327,500
336,395
301,443
279,312
5,204,481
206,433
261,364
74,97
93,163
10,255
341,400
57,318
55,281
30,225
303,311
120,307
76,188
97,294,389
325,329,392
24,236,240
25,65,295
384,443
97,202,278
23,473
2,12,209
115,234,485
11,238
161,216,311
138,213,473
72,246
439,458
37,135
211,433
360,399
187,210,314
27,295
207,442
323,377
69,365
330,350
95,191
30,37
65,241,257
246,360
121,177
284,367,393
119,200
219,282
138,155,211
5,157
266,400,411
287,374
188,458,474
39,243
145,443
21,234
163,446
108,231
78,367,452
311,452
250,360
12,469
70,323
21,60,251
67,278
45,87
54,103,454
170,344,371
26,220,465
241,299,351
106,347
308,313
193,315
171,460
194,310,403
27,169
33,299
77,341
265,371
32,434
277,287,372
63,89,330
16,173
129,263
144,400
23,52,344
52,213
199,418
21,390,396
325,441
120,131
50,59
24,303
13,400
7,224
77,372
56,279,417
119,484
44,279
253,431
175,248,396
116,185
379,397
214,238
121,164,480
2,454
115,330,381
67,440,490
180,381
350,407
147,274,451
51,284
102,302
1,217,370
13,62
217,247,259
187,337,442
216,248
29,86,294
5,174,359
50,350
151,493
110,210
27,438
125,334,345
74,227
148,376
170,281
81,355,446
116,259,275
17,36,170
65,271
87,234
227,422
113,216
37,303
433,489
152,336,496
328,477
22,105,440
341,367
210,414
244,345
243,340,496
67,245,411
70,464
19,261,296
146,185
199,394
131,134,147
72,152,421
102,420
41,113,215
5,64,266
13,55
438,470
97,158
92,167,353
27,308
95,284
35,210,220
130,171,325
59,409
24,81,106
15,57
433,435
394,424,475
54,472
29,386
132,300
75,276,371
208,490
95,250
119,395
340,350,356
252,313,421
294,305,391
153,270
84,397
280,362,491
30,285
21,387
231,244
221,240
170,286,327
57,403
32,110,267
89,456
283,470
370,425
120,396
68,100
91,99,360
104,369,493
324,326
174,438
105,198,401
51,61,487
254,412
48,96,239
129,462
285,446
135,308,321
300,399
40,133
324,391
26,336,448
175,432
76,194
241,476
132,437
53,272,292
59,387
199,482
151,158,293
56,116,130
239,397
24,28,217
135,389
62,94,188
312,459
381,473
72,418
121,124,421
143,485
160,214
349,453
4,304
92,220,391
251,446
258,458
17,143
113,429
192,226
88,215
24,230
337,365,407
249,354
289,370
307,353,472
235,343
276,300,453
59,269
170,218,491
92,198
439,495
154,210,378
235,260
288,426
41,473
230,367
110,248
253,268,481
86,232,233
7,125
83,96,257
40,208
126,276,383
263,389
312,486
196,451
70,212,500
90,193
254,413
349,400,497
123,266
368,461
146,358
324,491
90,280
121,415
434,472
20,338
118,474
189,409
12,264
116,331,333
207,222
342,375
6,160
115,316,354
43,296
271,337,492
205,312
219,240,372
356,470
130,422
24,384
184,436
101,321,343
105,459
161,332
7,81,313
204,320
21,199,350
105,455
15,112,479
168,431
185,255
287,313
121,211
181,225,243
186,296
191,478
142,378,495
147,179
59,162
381,402
215,330,369
92,300
145,234
70,306
137,145,208
140,162,467
125,485
254,276,393
161,245
36,232
147,431
37,120
4,203
92,173
162,189,283
162,295
250,332
114,244,258
81,196,386
11,379
181,384
47,491
18,229,281
21,157
65,74,316
220,353
18,133
147,304,428
184,195,206
300,337
144,287
34,369
256,396,400
436,458
370,403
79,473
46,182
226,265
171,499
165,400,401
166,202
156,364
225,325
307,359
294,335,374
173,262
196,449
39,101
48,178
15,134
207,359
322,430
423,461
247,424
16,123
169,380
131,454
317,400
163,196
342,374
297,422
44,59
79,441
182,266
160,176
60,328,413
212,323
68,434
156,282
162,213
239,390
138,385
56,94,155
215,361
211,234,385
49,113
212,497
122,312
161,167
146,202
207,441
295,499
191,252
243,439,441
284,320
184,291
333,372
113,435,476
261,276
234,259,402
195,371,406
278,345
187,245
165,219,279
31,91,127
86,276
92,328,426
138,148,381
32,393
49,476
227,304,343
243,484
117,129
89,200
86,162
25,366,423
114,144,358
4,63
253,356
125,498
132,284
42,212,224
124,206,234
443,455
381,486
14,224
309,386
233,467
300,344
231,391
100,114
165,447
257,270
48,239
26,316,479
351,427
103,108,332
231,443,447
21,363
49,227
58,91
374,382
240,372,463
7,78,125
62,417
238,341
114,199,287
402,484
251,388,413
101,110
273,395,498
405,441
341,456
247,384
168,216,250
69,172,324
122,234
203,397
38,380,421
248,455
40,351
48,71
134,357
75,253
147,225,370
338,358
377,387
98,119,349
33,221
203,315
125,191
189,311
101,461
92,145
85,415
47,114,313
8,219,346
157,209,406
2,118,405
206,269
86,235
30,475
227,332
194,312,433
125,233
459,470
167,443
80,169
256,447
216,397,451
24,380
168,219,262
136,350
86,147,475
207,401
157,265,440
119,322
335,373
434,468
178,217,415
80,242
246,322,396
162,389
154,257
56,449
128,483
248,469,498
22,106
303,480
333,413
288,390
21,105
82,313,450
401,437
215,400
33,485
118,373,433
377,420
144,245,484
131,400
114,204
264,487
211,361
305,325,386
27,218
38,366,449
312,381
32,340,485
311,317
233,364
150,487
137,304,334
40,91,118
179,357
55,95,357
104,491
225,452
207,280
408,438
287,305
50,381
24,355
225,333,372
90,133
208,417
223,440
32,237
56,237
398,454
100,420,442
188,418
267,352
235,277
129,206,480
56,143,472
67,296,320
129,487
293,326
82,232
84,264
234,309
471,472,499
96,112,269
112,421
15,473
19,282
109,454
191,233
12,453
197,233,415
304,444
36,414
2,262
44,269
67,207
85,482
6,78,453
256,347
27,376
169,250,355
287,407
29,196
150,449
157,214
19,485
84,366,474
28,74
199,486
35,153
135,367
262,306
304,372
210,290
108,227,418
27,57
34,290
300,489
212,251,299
334,373
11,198
249,319,376
71,338,425
283,433
243,411
42,402
425,499
56,92
159,449
61,373
3,40,43
97,225,331
135,471
58,361
4,376,443
129,340,490
23,289
340,434
126,462
210,498
320,357
175,493
160,401
105,116,491
217,393
91,174,186
125,438
415,475
308,495
196,325
373,381
11,457
199,313,329
117,368,481
37,384
7,87
59,421,474
201,245
236,362
200,481
227,441
67,266
17,103,265
151,293
134,173,390
256,373,405
22,431
491,499
48,477
154,244
99,255
108,458
127,147
142,282
261,494
162,416
39,135
6,131
264,476
106,213
26,215,318
111,142,143
74,111
215,352
129,145,490
370,372
117,297,347
38,398,457
211,232
90,235
40,158,500
114,400
5,144
350,487
334,350
22,376
277,290,376
7,278
25,221
254,364,431
57,482,486
170,289,426
27,447
104,435
376,461
189,378
175,349
118,207
101,432
309,480
104,306,438
250,298,452
7,196
76,91,130
128,258
135,324
100,495
37,97
137,219,397
176,386,468
18,126
211,369
91,398
44,113,145
8,255,278
171,360,414
88,244,248
55,196
35,174
262,346,429
15,480
150,473
106,166,219
406,499
182,368
113,158,369
167,466
107,425,487
260,432,438
310,367
221,263
229,350
137,291
233,357
43,168
134,301
281,488
35,46,107
58,440
438,489
80,365
137,202
55,185,210
208,434,448
6,162,478
104,139
13,77,104
227,374
367,417
32,65
143,490
266,369
128,359,377
77,377,495
12,294
56,59
172,332
351,385,497
123,276
242,475
333,473
389,415
2,136
225,491
264,405
471,479
20,192
134,495
338,349,462
419,426
247,392
54,320,465
87,132,192
329,418,420
6,366,470
142,322,488
142,163
231,493
135,203
222,234,349
92,192
57,401
192,294,406
67,105,391
34,101
24,168
10,24
422,459
271,441,453
113,378
66,192,338
12,30,260
55,210
153,165
260,377
269,295,326
359,406
421,489
31,109
22,116
310,489
121,323
15,91,474
226,341,344
283,451
245,381
83,146,206
173,204,314
131,361
148,436
71,348
43,95
81,227
102,339
380,439
61,62
294,319,342
253,286,399
19,154,442
160,289,426
396,420,437
149,260
95,392
300,423,471
110,398
18,112
106,108,438
168,406
20,317
350,473,493
14,323,369
14,91,402
43,286
151,190,279
201,290,463
7,34,486
44,91,194
80,235
225,261
226,258
49,76,445
1,149
423,458
219,320
99,101
226,409
102,145
182,275
221,418
464,471
162,496
133,225
271,366
236,469
340,385,500
156,391
357,406
175,200
185,282
266,395
277,336,391
96,379,408
210,365
87,114,282
35,98,168
283,375,380
87,282
8,43
127,151
345,395
235,381,388
142,153,475
15,49,381
303,450
185,309
81,278
28,222
85,310
377,378
44,492
47,214,377
16,134
352,437
130,330
445,480
111,375
3,332
68,230
247,250,331
85,284
4,233,446
238,438
351,379,417
308,429
267,324
426,495
339,356
222,255
96,381,480
219,254
24,147,170
82,204
87,143
246,267
126,139
90,445,455
335,490
264,295,474
260,445
121,241
1,162
101,254
174,303
16,411
105,176
61,214
223,380,392
155,299
161,340
280,467
158,249
356,412
179,444
188,366,388
28,386
20,481,486
142,244,440
203,444
140,255
171,335
9,272
197,335,464
123,299
184,356,368
4,30,367
14,18,122
102,492
2,277,486
236,458
98,222
38,330,462
158,191
94,185,392
81,201
113,145,297
237,352
21,258,419
216,345
240,364
81,180
317,472
279,449
192,202
181,273
9,314,484
336,370
132,151,490
104,111
448,472
30,321
11,41
261,443
159,299
51,285
49,79
92,165,175
69,277
45,111
411,487
330,495,499
143,177,485
215,369,447
80,364,467
273,344
96,295
273,360,459
249,446
35,433
334,481
267,483
192,420,465
74,302,452
83,443
38,50,447
70,353,449
6,287,302
119,376
1,100,224
