557,841
16,465,538
313,535,543
693,841,912
49,100,903
9,763,875
60,393,471
238,868
290,418,770
338,592,624
229,407
95,256,472
486,577,768
181,595,970
518,878
2,473,659
104,879,960
69,786,921
84,176,564
7,285,585
233,587,708
94,574,790
589,614,963
209,620,696
68,634
632,747,992
495,668,973
194,355,965
37,130,429
162,245,280
429,768,914
129,854,925
498,535,580
115,280,416
194,851,945
809,838,896
352,600
255,426
53,486,585
206,638,812
196,535,566
198,232,969
92,869
197,593
473,954
2,601,803
266,656,867
65,181,924
42,839
22,353
487,497,730
481,895,911
293,512,569
90,680,917
339,823
379,973
244,556,884
229,422,727
15,79,769
155,682
111,658,733
570,586,623
28,158,636
253,683
83,942
3,505
534,740,887
422,439,953
250,950
8,665,672
88,905,925
6,463,586
449,797,992
500,669,866
655,834
33,477,889
280,406,932
376,470,574
198,240
153,218,297
26,815
690,697
423,692,872
389,418,453
412,707
744,785
383,679,797
462,793,898
382,743
68,316,841
388,527,804
470,563,975
489,599,723
68,246,275
471,507,552
272,638,991
410,441,778
544,697,849
135,582,761
11,839
500,619,694
310,502
369,448,729
283,674,971
488,693,731
477,889
116,147
362,366,745
186,292,539
178,332,787
407,885
471,733,970
244,680,898
373,508,972
423,723,759
309,578,925
61,127,622
45,736,830
565,576,668
295,346,787
161,565,574
98,167,973
224,543,617
541,784
447,508,784
121,546,736
226,516,577
310,438,520
388,778,871
666,668,788
255,472
297,493
181,448,461
413,440,533
554,879,981
88,494,680
280,598,864
626,811,906
132,548,943
178,556,610
246,562,823
17,668,879
592,949
457,502
58,679,977
36,657,939
267,359,627
323,342,471
666,959
9,218
241,699,811
439,898,988
435,459,607
303,347
62,102
37,151,313
198,598,836
198,497,827
291,887
339,408
169,289,396
32,210,212
18,287
351,797
697,961
374,677,799
309,758,909
493,596
597,638
26,44,890
378,465,492
190,309,468
373,622,912
31,160,576
159,244,487
70,496,835
214,339,687
370,443,710
217,556,881
185,407,452
154,902,917
911,995
108,621
50,868,953
54,145
615,706
310,901,906
374,434,571
45,420,814
68,237,373
283,440
130,526,844
257,718,988
167,598,769
745,825
534,945
409,731,994
348,694,875
21,270,804
340,603,679
94,133,640
372,565
26,915
494,636,752
769,847
25,497,714
163,582,768
236,264,651
309,468,685
81,596,893
217,685,873
283,330,770
106,589,691
756,921
755,961
153,674,749
794,948
217,352,793
303,456,938
503,796
17,282,580
659,707,746
188,433,713
450,678,752
110,309,549
541,633,763
219,332,432
234,745,953
175,360,524
275,753
570,961
20,39,500
20,196,500
444,814,981
131,293,675
422,590,746
45,429,489
938,962
702,888
235,266,537
226,424,727
224,426,556
47,203,889
281,376,907
910,925
44,96,287
709,752,814
322,328,836
189,715,944
421,441,862
70,318,347
428,705,968
220,238,574
188,285,954
340,840
502,794,1000
311,884
229,554,948
66,319,873
309,499,962
161,789,939
64,838,875
127,134,942
171,546
243,756,934
271,611
15,516,623
182,284
53,357,678
370,455
225,953
354,515,999
264,662
646,653,798
163,253,842
245,430,742
70,158,799
168,752,906
380,730,914
1,151
375,433,445
370,768,860
27,103,170
81,417,915
134,206,955
419,937
130,399,491
266,540,815
64,505
28,58,650
319,550,859
246,301,447
455,712,736
430,458,616
381,604
122,745,898
483,783,892
784,796
779,951,996
256,356,649
552,568,965
137,262,355
165,371,528
62,696,827
179,632,713
591,846,896
29,156,563
374,700,920
188,283
343,449,660
342,430,972
250,432,604
214,399,703
300,472,505
67,592,868
189,693,716
639,678
114,270,741
172,204,843
392,614,855
2,660,875
20,796
69,436,611
239,489,936
362,734
135,529,970
113,148,423
505,726,743
686,838
117,409
216,431,488
18,32,58
146,420,709
38,289,340
423,924
227,441
216,635,1000
718,830,922
165,495,708
504,604,686
63,804,926
209,301,962
919,982
401,480,810
307,415,870
338,796,815
347,784,989
91,331,575
359,639,942
345,474
794,842,979
16,17,313
53,106,411
189,820
741,763
591,978
233,394,934
140,735
636,666
366,415,889
370,787
68,203,977
228,462
355,840
290,441,693
308,533,677
59,132
476,761,764
144,294,441
154,313,503
153,431,780
43,402,958
307,973
99,277
613,855
445,541,749
6,43
16,886,907
458,808
368,739
384,401,768
403,673,940
277,725
446,912
102,510,819
35,620,654
9,116,847
111,505,756
277,528,845
89,774,990
141,230,623
118,643
450,455,547
330,383
193,752,802
102,401,633
10,904,905
191,372,481
25,284,675
463,764
342,808,844
447,892
196,713,937
457,630,880
320,840
47,199,243
40,436
333,671,955
266,470,737
657,768,994
383,473
386,407,703
172,353,602
126,434
94,151
21,286,805
417,490,968
455,994
65,154,193
615,709,942
71,731
432,968
459,644,942
60,455,488
609,971,998
181,777
301,363,652
399,577,749
68,283,732
362,597,634
89,430
137,545
587,730
86,339,915
406,490,943
357,573,962
352,545,587
387,706,861
502,522,791
721,766,797
123,773,985
97,652,963
296,479,778
641,688,969
100,457
405,607,703
432,501,531
26,149
353,736
68,757,891
119,619,850
209,288,855
120,457,991
238,948,962
109,498,948
559,758
361,476,478
236,809,978
324,455,858
293,357,439
228,344,462
722,906,989
709,865
53,818
219,499,822
144,235,655
263,493,667
533,791,982
503,897,998
165,184
47,236,472
415,425,874
414,610
244,525
76,231,839
118,400,597
346,387,713
128,560,927
58,86,308
285,438
25,383,975
183,322,839
21,738,784
246,282,622
228,370
288,400,890
114,511,582
221,689,871
15,297,797
656,839,941
44,871
100,720
96,269,623
150,480,697
97,722
229,588,923
300,759
108,767,882
291,756,809
227,688,999
406,425,811
116,422,561
311,649,746
128,360,506
410,474
62,141,783
128,174
215,415
145,157,468
77,481,655
382,652,932
361,756,780
665,714,818
425,439,590
32,754,860
607,942,963
76,347,925
193,236,956
226,344,704
125,582,592
562,687,791
111,208
266,907,963
237,283,588
264,537,583
370,517
236,796,932
352,737,774
78,602,927
525,599,863
511,587,888
44,795,973
47,163,979
773,777,971
383,898,936
681,879,994
97,787,892
217,359
324,655,672
146,559,607
310,410,913
222,946
93,128,781
536,789,905
176,713
386,876,958
414,457
68,424,755
55,528,547
198,326,332
136,160,273
84,332,858
220,726,951
111,270
363,417,782
66,474,860
176,634,883
61,876,988
464,562,777
105,843
272,318,689
16,92,350
31,252,314
158,717,975
2,386,517
196,341,565
180,781,850
602,761,789
94,762,793
60,376,661
139,772,995
463,810,945
19,623,982
55,601,939
95,390
128,280,417
196,466
117,574
104,664,906
313,576,589
157,866,960
90,202,884
369,692
843,971
15,712,869
290,581,648
763,812
303,357,788
373,939,954
319,340,926
273,473
756,794
455,797,917
451,689,770
568,784
676,880,948
73,679
304,820,857
559,729
207,290,682
378,824,968
486,489,623
441,863
208,482,823
361,478,702
103,507,822
12,576,618
138,299,968
87,378,790
373,472
73,205
133,666
305,726,940
80,657,773
61,650
44,551,741
12,298,372
6,528,824
326,516,532
120,430,804
34,881,981
231,291,408
236,749
516,551,603
388,641
188,196,923
397,480
22,446,587
738,751,946
55,490,1000
86,563,858
68,753
361,609
124,816
434,444,612
15,416
111,738,870
446,804
754,924
54,290,726
63,448
58,63
28,306,405
247,954
146,571
506,557,825
497,716,956
149,387,966
891,912
300,464
92,641
185,837
140,229,429
571,681,683
181,581
660,851
651,720,992
479,572
394,529,922
26,437,684
371,715
68,135,732
634,785
53,315
339,933,981
58,414,703
86,293,929
932,947
229,476,708
200,525
613,954
121,333
865,963
454,504,531
254,437,930
363,611,675
607,872
818,835,946
690,710,760
435,583,833
63,601,694
476,739,858
163,665,924
652,705,731
66,370
8,617
50,216,387
11,584,691
318,411,455
486,546,663
510,710,799
669,713,838
646,874
457,924
397,728,794
379,419,532
37,516,531
513,566,682
350,827,955
652,844
422,484,839
282,726
681,870,972
193,355,463
99,262,704
231,314,785
446,568,846
257,341,354
16,627,666
271,332
408,985
168,412
186,498
231,526,966
105,374,804
442,659,769
674,839,942
61,749
155,177,912
89,775
43,477,753
183,772,820
71,196,339
5,443,840
472,750,939
261,535,923
271,382,448
442,497
665,974
53,176
61,81,840
225,439,583
547,739,938
117,118,692
75,302,763
499,853
66,982
261,551,738
439,916
90,377,711
373,477,581
508,679
257,665,919
82,345
743,977
297,507,611
473,716,903
96,142,628
483,649,843
130,741
193,708,979
325,440,918
397,831,851
24,368,478
124,626
80,119
253,433,473
109,337,600
248,703
299,304,514
10,725
275,527,638
166,344,797
265,430
179,412,592
275,371
301,734
82,411,601
426,466,936
148,232,593
554,731,857
541,869
148,956,992
768,876
312,832
446,882
178,378,790
540,586,734
338,410,726
429,629,776
208,417,984
278,979
127,283,733
124,220,439
46,243,981
868,880
569,820,909
300,884
25,58,250
40,220,822
72,876,961
107,165,320
878,935
98,240,596
128,228
270,323,658
424,608,722
376,841
55,56,396
398,774,854
264,296,999
143,597,977
96,658,810
213,682
111,265,400
378,559
208,519,949
81,496,928
161,216,849
398,691,904
680,758,848
113,294,919
163,636,881
91,544,547
42,950
284,545,803
33,173,365
212,573,754
148,452,735
720,762
351,408,923
264,656,867
77,325,790
288,583
160,583,942
76,500,716
441,912,972
2,72
32,158,201
82,762,953
385,493,854
16,677,913
117,305
385,808
150,645,663
285,826
158,298,563
450,788,820
342,382,802
63,884
62,401,993
131,284,397
473,613
409,674
150,377,768
287,575
288,668,814
705,949
448,776,799
216,375,672
219,465
673,970
287,333,869
55,133,426
112,373,771
675,813,952
217,466,820
198,423,776
63,458,674
108,525
20,576
230,513
307,532,766
407,711,730
374,696,939
214,705,970
170,795,889
338,366,393
68,469,812
225,540,627
119,740
29,655
270,646
291,616,785
333,493
264,282,342
348,453,851
268,575
35,482,954
236,365,646
291,927,968
341,353,982
53,629,932
95,275
14,812,950
183,288,676
13,462
109,883,996
277,728,776
663,946
404,799
651,802,915
27,117,882
67,548,811
780,804,999
23,262,618
225,636
162,206,558
781,880
187,191,478
80,472,846
93,418,638
13,93,984
200,413,952
72,435,743
66,250,797
172,519,707
133,461
59,124,543
73,144,866
162,215,655
281,909,943
109,341,587
6,311,347
12,19,498
634,957,968
126,914
238,372,913
509,532,877
342,381
27,162,228
174,812,887
225,806
356,581,770
360,957
385,684,799
44,138,893
462,597
602,761
365,392,985
138,264,951
163,676
303,496
894,960
486,721,851
399,787
185,389,993
390,947
322,889,913
428,658,689
23,132,717
86,475,881
171,787
510,684,735
786,795
12,300,826
87,145,347
6,501,986
205,506,986
162,356
9,449,863
928,954
67,638,758
36,543,975
199,330,786
10,259,543
414,472,730
572,618,960
351,965
258,735
82,195,881
55,402,936
822,823
104,709,791
15,328,552
405,729,743
165,190,887
138,740,749
108,126,499
230,326,924
54,136
730,993
203,361,382
190,334,665
74,175,802
563,670,929
274,657,941
27,361,402
144,341,865
506,529,949
140,504,918
598,811
377,457,776
726,997
521,769
840,899,935
205,310,887
629,907,934
384,476
110,136,602
643,998
360,392,634
217,579,683
489,968
518,762,811
676,716,734
795,883
318,679,888
49,591
228,915
156,500
100,480,498
688,726
19,617
156,371,741
232,248
164,230,799
342,367,393
141,606,807
625,688,899
108,726
279,711,719
84,626
32,437,741
267,641,650
362,417,496
505,771,782
337,519,679
606,632,909
741,806,879
544,587
305,440,527
169,228,729
90,530,728
507,777,992
405,726,977
174,785,858
136,247
170,330
289,638
390,613,812
749,778
135,804
204,432,568
96,835,914
94,705,715
265,726,770
255,587,767
95,222,622
435,491,502
14,74
253,649
53,379,892
212,595,704
296,647,721
236,918
524,828
325,507
3,365,396
36,245,891
111,670,983
151,428,519
474,728,989
119,143,852
459,525,901
358,594,660
3,119,290
422,709
214,291,813
58,262
315,783
163,811,822
124,241
374,618,855
670,692,839
178,278,643
29,50,632
245,910
444,675,916
332,696,830
60,199
317,348,745
382,462,695
668,764,989
516,661,687
88,174,248
432,736
398,405
482,762
347,458,903
103,665,937
22,245,656
132,578,602
144,275,824
840,906,975
74,360,724
485,542,792
111,441,964
323,399,505
260,455,872
429,480,738
554,694,901
98,278
101,869,992
107,701,728
560,689,970
436,964
745,861
145,580
46,704,766
14,220,850
83,91
192,469,836
448,768,888
122,347,943
193,670,671
510,671,854
159,577,606
458,582,724
144,773
599,794,950
270,486
390,544,960
425,699,767
83,198,249
480,937
6,786,959
377,472,552
667,891
10,109,145
130,150,924
397,517,700
288,393,536
391,530,548
208,897
47,393,506
413,736,819
117,355
111,333,684
168,368,604
227,728,787
133,646,789
65,358,803
335,611,714
102,510
290,742,858
603,862
339,594
534,552
326,608,856
458,637,670
634,733,740
249,253,903
572,604
95,330,655
24,215,410
13,46,105
538,556,590
488,757
777,862
257,552,792
406,579,699
344,471,842
83,142,203
392,874,917
100,219,247
77,132
243,283,823
432,634
476,658,750
125,296
75,221,724
152,533,980
81,255,421
601,973
150,493,919
156,434,615
15,36,151
499,627,699
131,534,763
155,364,444
250,543,678
117,356,622
269,585
17,583,894
361,789,800
81,150,226
135,418,966
348,919
134,138
674,750,751
222,314,321
416,992
204,513,703
81,184,542
329,485,758
536,636,725
59,103
40,674
269,324
418,478
459,734,800
51,163,260
121,900,938
140,772,998
806,909
204,974,975
171,383,902
524,838
89,110,713
326,353,601
175,476,533
360,434
468,734,798
76,229,779
326,587
154,277
465,775,793
485,504,735
74,526
366,748,984
356,369,965
325,358,584
468,574,699
457,539,904
835,887
182,849,894
65,185
112,392,393
244,467,761
399,486,973
84,955,977
277,911
592,781
387,696,939
17,865
14,610,804
333,443,541
201,734
196,664,981
21,382,890
661,698,759
607,762
298,600,644
64,409,858
187,512
389,869,877
282,676,855
65,859,879
268,300,751
610,660,950
662,767,811
78,916
576,825,963
181,369,700
238,266,426
200,574,578
206,773
163,682,685
366,739,889
160,163,777
666,793
224,313
38,63
14,659,781
179,200,278
147,408,595
48,189,227
287,318,738
38,215,319
195,745,866
198,238,480
318,447,503
596,848
78,283,328
521,619,909
35,510,818
232,450,589
389,988
114,812,949
74,231,702
321,822
92,691,961
8,129,814
250,651,945
318,373,998
493,993
185,577,918
520,838
57,615
554,757,845
352,801
13,162,834
239,594,617
479,883
593,840,982
312,573,794
18,510,975
98,272
313,423
3,560,658
319,340,621
67,567,719
86,587,818
367,773
200,385
42,949,985
146,624
371,636,722
135,533,926
73,607
642,736,946
432,501,840
50,217
277,483,517
924,975
239,575
109,412,583
131,373,403
444,693,850
627,858,940
215,270
476,882
149,321,593
55,440,506
238,627,643
423,667,786
56,166
604,787,995
543,563,713
23,392,502
289,532,919
92,574
105,361,897
516,645,939
474,858,860
53,164,684
413,572,625
247,284,820
82,349,450
416,721,937
200,662,925
134,490,781
131,602,854
512,754
90,154,654
83,106,669
106,249,832
562,738,813
353,427,628
65,208,669
281,835,889
8,341,700
446,521,891
453,914
222,860
220,342,673
196,643
276,607,894
109,666,811
43,377,477
184,280,833
95,447,524
175,453
188,753,870
59,229,556
137,937
46,529,655
336,687,795
189,643,644
55,188
364,676
111,916
172,360,775
127,609
332,859,917
128,466
71,380,458
368,828
145,578,590
278,614
92,423
244,453,579
192,532,651
607,616,872
376,381,982
196,517,840
179,210,635
435,727,956
722,741,836
498,563,578
213,237,312
499,716,879
432,897
324,640
439,696,955
11,386,973
17,19,270
663,793,901
300,314
692,746,988
205,494,636
227,401,498
117,795,957
390,466,725
453,818
491,565,617
370,779
39,385,563
629,654
227,335,663
219,621,680
464,838,871
362,927,933
5,333,604
331,703
267,867
434,612,687
689,941
91,303
249,404,790
28,850,915
695,760,877
73,745
258,286
564,638
41,793,881
3,675,806
319,758,795
77,133,544
288,848,1000
25,115,840
623,690,747
40,128,941
762,964
739,938
134,502
315,546,781
65,354
198,294,350
71,406,841
85,637
399,675,859
147,409
49,217,607
218,257,407
293,347
4,420
437,671,688
172,558,850
571,779,904
115,410,650
444,447
73,669
314,605
70,632,822
257,475,691
36,175,873
603,646
264,598
129,669,953
106,364
638,779
261,277
333,549
269,635,752
154,370,413
253,305,547
340,524
82,218
394,463,867
537,683,979
76,150,471
67,315,912
137,747,969
544,843,883
100,176,561
283,770,871
38,609,622
26,356
756,921,999
331,650,961
235,274,924
289,749,926
71,103,757
651,878,897
124,646,931
42,388,709
509,747,950
485,807
305,854
397,714
249,268
219,364,951
275,481,589
688,850
331,344,603
139,273,747
230,776,902
387,584
53,537
127,269,817
60,151,764
200,774
344,508,511
259,595,598
291,659,968
414,607,794
75,98,546
66,158,216
304,432,927
103,704,717
537,700,952
284,347,488
102,262,416
153,220,970
379,489,623
142,432,578
582,912,926
369,542,696
427,610
506,669
26,206,871
853,861
201,384
39,292,372
509,750,780
7,376,974
798,873
86,476,897
186,837,881
193,637,727
745,962
81,387
466,517,591
172,522,997
460,791
5,96,101
8,617,699
520,777,921
632,806,990
54,80,321
478,999
418,978
655,674,753
376,700,997
794,838
407,632,846
36,420,694
702,921
194,284,877
372,400,502
152,170,203
509,844,949
95,283
4,318,474
13,382,527
139,440
701,728,763
14,621,977
360,572,817
233,609,722
293,547,715
4,426,750
162,283,757
581,595,882
247,832
38,271
322,463,483
184,369,455
369,473,729
775,946
262,892,982
351,935,982
447,513
641,965,974
64,581
385,893
29,664,987
83,175,262
313,433,905
206,237,689
32,330,613
18,889
75,300,796
236,264,655
119,744,932
25,287,626
342,444,543
33,61,808
62,201
45,55,972
364,734
326,625,719
257,604,950
543,950
104,240
88,749,916
255,451,566
327,378,913
188,728,766
129,440
175,319
108,312,509
418,809
13,286,581
112,299,337
7,636,649
79,855
510,660,955
448,532,809
41,302,380
136,878,942
213,250,876
690,804
227,360,760
100,168,605
553,996
718,742,767
45,197,670
119,578
78,436,627
69,181
426,667,830
91,573
478,748
133,796,895
161,253,590
130,424,893
17,249,905
80,139,886
44,101,432
581,945
387,685
583,668
24,290,562
442,704,708
279,625,872
44,78,858
48,57,967
261,375,842
33,338,815
246,399
348,797,910
182,393,994
418,538,731
251,826
32,399,781
422,920
14,47,957
48,605,767
568,635,777
503,674,828
174,889,915
192,554,896
83,457,799
85,395,628
58,636,855
194,325,807
555,822
487,661,997
176,435
164,370,983
44,147,323
32,110,462
45,296,638
431,660
18,193
729,859
310,482
166,474,995
496,601
296,447,929
152,462
594,902
30,298,745
74,95,758
631,699
54,502,720
536,682,772
92,712
644,752
208,951
413,506
206,436
229,708,957
310,450,903
218,510,721
149,341,990
105,519,964
284,603
388,448,743
53,708
313,680,713
394,718
224,444,566
169,306
414,490,723
164,712
630,664,909
276,290
2,58,174
152,360,446
650,666,688
441,558,794
201,466
452,509,935
51,479
348,975
182,205
285,525,983
659,739,769
172,258,506
345,610
105,780,815
230,532,769
344,495
332,421
209,311,434
236,581,957
333,453,623
622,759
586,627
386,425,735
54,569,746
170,239,871
535,713
109,879,952
461,651
114,505
289,373,802
6,177,515
793,881,892
1,365,464
207,306,742
334,910
497,947,970
59,425,876
360,800,929
74,641,986
131,141,725
293,559,767
335,706
76,378,966
729,843
438,468
13,908
378,917
576,823,909
403,665,875
140,317,331
913,941
403,406,434
921,923
342,611,946
226,317
107,344,827
56,739,962
75,142
168,535,640
47,138,695
367,402,609
81,857
11,874
148,624,997
702,968
85,509
541,971
302,434
270,508,852
96,301,927
572,603,690
340,871,999
178,481,605
30,310
604,710,899
216,605
53,196,383
116,657,946
277,671,824
623,688,703
391,607
351,421,914
344,419
10,166,961
52,146,579
216,430,485
67,196,450
222,386
216,867
62,223,303
538,731,850
223,402,632
425,512,979
275,451,958
680,782,871
316,498
29,938
264,832
447,489,590
369,835,842
65,345,818
259,695
90,876
541,599,860
594,641,975
167,665,887
236,452
193,736,750
124,339,525
23,448,466
311,752,804
412,470,499
340,363,809
76,304,714
646,755,997
342,858,949
125,216,591
221,750,796
453,703,769
80,206,289
7,114,588
27,646,804
377,687
516,914
239,689,970
117,558,858
72,389,510
557,559
10,511,627
75,623,973
267,497,918
629,721,961
260,508,605
108,220,533
538,772
291,436,597
160,571,758
246,299,802
317,433,826
94,516
465,954
114,187,582
345,398
353,496,534
159,416
6,787,830
49,735
23,262,371
245,253,973
48,180,323
584,690
743,852,957
563,632
310,417,447
570,902,954
561,619
202,381
788,794,817
42,562
122,481,498
269,412
265,338,365
84,183,364
195,459,855
495,801,974
963,971
179,512,762
85,116
51,286,719
7,607,942
141,277,982
150,358
84,267
179,316,897
239,753,964
58,320,371
45,815
537,579,653
343,353,651
350,665,937
811,898
342,526,622
20,494,561
358,522,704
294,552,586
130,440,697
142,610,878
158,803
332,609,673
34,40
51,337,862
30,621
331,670,730
514,534,590
393,659,889
45,966
31,598
569,686,898
170,795,850
405,406,506
520,693
440,909,973
5,728
356,701,759
1,323
191,378,466
588,940
86,658
101,600,966
9,776,922
545,733,986
140,414,766
473,911
180,368
686,704
173,281,313
522,814,909
502,873,952
102,517,641
125,849
178,587
205,805,980
302,551
422,512
223,300,402
278,649
222,616,802
161,790,895
131,417,937
567,633,763
100,130,911
52,709,1000
214,296,999
184,208,662
601,862
104,408,621
170,217
15,234,851
224,309
426,470,498
442,616,940
530,824
286,458,526
36,147
217,229,853
294,572
481,738,799
384,783,860
157,613
260,469
454,704
131,442,719
228,326,519
471,946,947
77,737
224,526
306,412
399,527,705
19,886
68,482,705
58,551,607
115,508
859,960,993
102,969,974
354,390,732
3,258,410
102,642,766
194,326,572
74,240,552
417,574,945
303,632,917
869,934
20,118,969
126,186,234
342,399,582
273,305,589
329,424,993
152,347,706
539,580,898
129,132
87,176,539
16,539,751
332,625,803
541,875,880
667,696,945
118,785
323,505
103,714
200,261,983
681,703
104,219,411
242,771,991
629,711,853
140,661
169,487,888
58,463,479
756,921
702,799,852
348,380
255,306,544
9,142,965
46,339,751
343,718
113,541,776
322,664,949
645,787
334,483,870
59,350,630
182,483
394,747,783
829,960
58,838
253,727,872
360,382,735
383,872
98,764,961
22,377,993
55,450,592
661,687
156,349,559
693,702,897
308,911
500,589,592
496,594,902
27,643,988
441,693,915
114,462,882
12,817
70,861,877
119,675,991
652,782
119,449,938
389,856
553,659,679
80,505,808
107,584
306,576
194,242,421
394,456,785
175,420
590,716,879
126,987
84,296,449
267,274
190,468,878
83,881
133,411,765
31,932,936
106,138,708
133,713,842
250,663
491,699,793
760,776
57,305
41,459,990
596,649,868
190,266,459
178,618,758
452,856
92,645,732
585,811,980
265,784,850
4,278,457
96,379,738
10,352,354
735,830,831
105,283,482
367,402,900
58,66,99
349,612,895
143,248
214,538,885
352,636,761
425,546,796
115,933
786,998
206,648
170,358
623,934
49,498,548
905,936,960
52,376,444
142,495
25,851
674,979
169,409,739
5,442,839
137,156,582
540,750,758
415,575,777
405,689,847
159,192
478,506,812
12,909
233,769,862
240,328,333
502,732
54,614
313,481,806
269,338,593
47,221,812
255,608,684
20,680
203,366,984
154,368,889
384,874
99,380,497
335,773
645,735,776
497,684,719
69,361,529
45,388
113,570,736
809,836
825,868
8,681,997
240,251,958
49,106,426
344,601,989
325,656
239,870,985
28,899
364,466,881
369,454
572,833,852
120,785,936
41,700
596,893
73,136,400
89,200,217
72,348,856
168,632
617,791,842
404,571,798
224,948
182,237,816
404,592,814
194,584,995
218,265
552,555
356,804
4,168,537
274,652,695
450,789,863
82,565,849
46,670,872
67,473,826
268,300,743
214,890
345,617,971
147,342,645
597,755
396,860,991
41,210,673
415,462,968
733,782,852
333,603,876
464,467,919
236,458,472
234,578,906
275,321,406
72,727,763
146,967
106,552,741
167,397,934
558,622,870
149,954
319,357
466,948,956
648,835,919
161,328,807
393,409,529
108,260,410
102,620,633
34,116,921
29,546
50,761,857
130,333,869
354,931
262,281,555
157,544,886
569,698
113,166
185,348
84,89,224
90,596,670
77,364,375
165,671,976
273,982
418,727,865
658,784,978
697,892,969
203,609,675
212,901
139,279,620
403,570,755
28,378,801
559,629,657
155,257,921
98,444
508,539,890
34,615,644
144,218,745
259,597
67,130
26,496,923
578,653,911
303,580,983
124,155,746
45,516,603
240,581
261,263,444
2,818
231,472,558
51,353
28,735
6,23,210
180,321,871
65,250,448
177,495
409,501
296,978
301,558,750
351,846,874
77,350,697
76,589,938
86,472,743
320,362,712
458,666
252,690
19,292
325,474,701
664,816,879
252,621,785
496,692,962
540,543,943
62,177,835
39,230
490,498,574
563,715,913
422,548,554
126,292,376
693,786
335,845,988
839,845,965
86,117,446
461,521,987
173,201,520
187,477,773
111,321,655
758,857
161,674
255,624,895
87,725,868
524,575,732
498,743
443,531,719
42,56,321
456,907
344,407,486
357,820
290,764
376,693,981
181,828,887
36,238
33,470,942
21,274,883
432,520
18,284,807
578,936,966
90,344,383
314,774
112,441,841
351,827
71,180,526
469,742,957
347,562,830
191,438,518
146,664,911
48,124,518
388,738,813
123,272,658
69,524,968
18,890
7,627
131,413,935
211,917
23,452
33,508,912
83,298,592
157,292,425
573,692,759
252,767,948
285,784
389,568,958
137,445
392,806
2,11,167
162,771,812
481,557,611
693,809,843
394,681,684
95,751,858
300,624,728
188,664,863
338,710,774
136,590,987
382,437,530
371,674,866
752,848
205,985
162,373,677
373,646,743
46,135,282
412,420,607
514,523,937
60,581
282,400,970
501,718,720
336,614
104,354,885
44,823,941
281,975
258,554,836
2,65,670
360,405,550
478,693,812
153,267,530
199,630,744
559,771,805
27,658,869
33,239,576
174,328,910
243,318
774,782,905
454,497,839
578,579,598
422,438,788
795,882,897
609,628
452,748,795
296,313,653
386,763,765
131,270,284
316,440,497
90,753
551,577
291,347,352
293,349,502
120,801,980
483,516,975
222,461
34,473,576
397,681,692
453,517,730
138,323,462
43,439,580
367,538,611
1,560,812
38,259,319
280,402
472,804,971
243,732
103,539,996
477,666,854
669,859
39,459
2,737,867
261,450
372,566,962
87,406,612
452,701,875
331,586,665
306,646,754
371,824
700,746
47,658,977
105,140
167,463,714
284,720
84,885
82,241,940
530,637,856
153,245,290
196,630,903
119,668,920
21,634
482,536,867
702,837
252,338,997
548,925,1000
12,285,339
524,712,796
53,166,836
88,365,888
668,732,999
160,473,569
601,667,869
12,356,363
685,737
391,563,694
128,176
115,398
75,518,959
915,929
183,937
4,683,920
40,396
59,157
75,542,807
119,254
75,849
323,390,999
81,242
216,565
43,553,794
61,645,993
423,872
656,871
55,908,952
410,524,896
241,904,994
92,599,728
378,571,579
580,953
141,408
41,224,822
496,551,703
257,302,484
362,458,469
191,792
291,775,999
245,543
247,826,903
630,734,1000
460,762
136,499,682
232,738
252,545,655
16,347,619
22,429
94,305,664
127,855,994
51,403,660
372,752,965
220,529,847
138,739,802
197,637,735
586,748,755
528,916
332,735,803
270,442
483,545
252,389,993
527,757,921
461,524,915
278,832
164,474,845
149,196,682
126,629,697
64,208,285
113,432,917
92,137,995
9,728
384,454,572
352,643,904
477,550
129,459,492
308,729,921
84,234
170,265
341,358,359
388,784
244,563,906
177,717
578,644,748
325,427
585,760,872
4,811,865
172,477
149,186,378
217,626,901
40,44,59
441,529,883
340,596,946
177,672
401,541
30,179
197,228,809
229,320,333
70,516,819
305,309,556
294,328,916
227,604,636
54,173,563
475,690,845
266,491,518
153,888
273,453,746
195,264
97,381,623
33,527,747
523,773,896
448,866
449,833,945
89,589,600
18,704
415,659
559,834,976
300,441,679
353,781
575,871,951
137,250,904
15,113,760
146,422,636
118,180,897
415,851,877
140,207,254
229,699
504,766
39,127,467
576,725,809
83,717
841,946
266,813
243,677,962
434,733,929
77,342
469,520,891
618,647
13,657
599,867
223,259,870
328,381,976
196,285,678
418,675,908
390,614,649
617,694,922
103,187,802
56,355,452
160,298,794
300,310,891
82,330,778
316,480,765
265,689
295,899
342,909
401,701,708
288,696
14,636
294,479,747
731,946
262,452,922
212,711,720
123,230,782
56,148,586
554,820,983
1,978
370,940
300,912
101,801
328,586,988
165,344,642
504,523
620,975
138,400
58,351
353,523,585
20,547,559
571,870
343,530,884
78,507,570
62,569,739
673,823,930
7,126,241
259,461,823
173,790
184,696
443,740
703,786,909
315,573,946
247,598
408,692,898
452,508,882
9,320,509
690,769
450,684
273,579
137,476,875
605,885
335,995
110,711,765
200,249
321,360,841
196,357
702,841
216,321,699
115,796,980
13,395,589
17,382,723
72,934
643,829,832
281,354,411
59,341,698
383,625,799
52,618
429,730,772
347,669
184,723,728
286,558,591
167,358,934
352,436
380,869,914
433,549,621
19,240,353
355,633,850
33,169
573,802,942
258,794,881
489,663
551,924
104,857,865
111,850,977
367,644
390,477,865
56,345,811
230,237,241
280,392,622
36,378,559
668,681,842
80,283,795
537,628,746
752,885,901
48,100,682
554,873
43,217,956
93,689
141,687,714
642,738,998
509,691,754
190,365,628
115,152,650
197,380,869
103,760,886
170,314,999
254,419,625
260,739,968
636,646,843
168,179,747
555,871,875
175,181,949
14,841,970
205,455,849
45,369,413
548,592,605
87,544,624
23,662,895
504,541,670
93,356,430
15,333,764
138,604
227,687,719
53,779
94,160
152,740,941
258,784,933
132,202,537
256,471,506
296,502,507
397,678,943
830,995
663,690,961
378,707,920
505,834,843
22,218,495
228,652
45,358,876
35,454,763
733,927
100,660,662
72,190,772
365,729,883
239,875
159,641,875
287,315,637
244,312,544
144,342,604
42,183,471
272,646,941
597,638,847
37,703,940
183,910,922
349,605
335,867
135,220,437
522,632,842
247,880
26,567,906
120,706
29,106,596
24,308
184,727
120,602,867
373,447,467
437,493
212,332,593
507,787,875
4,694
70,262,801
67,781,913
609,844,980
100,674
108,323,538
471,815,907
46,370,681
218,440,974
163,569,805
60,330,367
96,502,967
150,805,905
688,939,944
120,679,742
515,690
171,271,800
224,946
22,250,333
135,524
254,732,791
30,628
340,415,882
154,329
324,498,981
519,739,740
591,638,890
629,703,801
731,744,748
105,695,991
471,582,926
405,689,801
194,502,650
105,366,933
557,590,881
220,619
293,445,938
251,821,997
41,781,923
138,215,521
390,399,429
588,664,863
182,422,749
73,156,313
96,401,692
206,558,666
537,725,907
249,302,650
409,576,871
118,275
5,485,730
178,772,853
117,223,340
704,711
438,738,760
465,957
91,791,994
164,443,487
866,942,969
136,519
132,678
438,465
569,630,752
136,305,457
6,142,885
83,269
390,624
79,272,766
171,825
406,415
442,676
379,454
122,422,853
827,893,962
177,479,759
277,511,515
15,345,721
86,648,778
334,583,640
289,364,375
556,820
574,853
297,489,869
599,601,974
831,993
272,430,610
214,240,562
532,587
111,291,472
584,955,965
59,207,970
76,547
732,921
153,852
105,605
376,745
854,997
170,864
490,500
296,380,667
476,481,750
707,750
243,931
235,587,774
395,480,783
55,909,996
181,186
242,328,876
203,751,952
344,610,650
439,970
199,436,968
220,804,815
39,815
1,415,447
30,164,266
436,750
793,816
288,304,721
52,502
447,470,672
64,215,921
171,210
183,462,999
737,774
657,732
159,667,869
660,812
119,296
33,295,924
27,497,784
379,694
15,440,498
34,526,809
386,652,814
71,77
4,683,987
270,362,529
102,137,722
273,358,944
256,274,461
485,565,853
87,116
232,637
122,815
304,364,569
95,941
390,540,953
76,564,758
344,489,769
460,669
65,85,432
225,456
172,321,562
441,581,750
228,573
680,725
229,450,994
146,425,683
594,651,692
645,860
32,337,552
749,757,968
234,427,872
99,437,516
271,929,970
129,155,559
362,368,912
504,622
352,546,837
864,868,947
26,245,290
314,503,897
787,799
181,926,991
142,697,759
618,644
26,170,753
38,330,946
407,516,831
457,934
141,954
163,378,672
556,630,678
461,478
34,91
503,658,795
320,574
289,290
514,620
154,584,876
431,924,995
178,280
285,303,832
264,439
112,519,786
383,424,874
63,308,704
432,523,825
533,550,650
279,476,587
588,643,987
130,710,719
157,386,727
261,553,816
408,644
271,368,815
5,66,107
425,473,880
756,796,929
268,575,891
226,431,485
201,987
108,172,858
221,291,971
111,135,477
221,342,405
541,688,899
73,112,807
69,134,842
178,522,681
383,427,910
68,844
33,35,669
146,190,939
777,846
73,540
120,220
65,798,957
85,333,455
59,128,327
262,541,656
75,623,751
200,203
331,599,787
705,859,889
453,728,928
167,600
321,477,980
41,715
254,427,599
421,645,825
666,911
864,883
3,272
338,436
258,980
264,515,608
199,396,648
387,576,734
128,388,889
525,791
409,707,771
537,855
618,772,953
116,133,224
56,138,382
378,628,673
208,272,675
456,470,901
30,468,668
32,376
28,59,474
231,632
210,525,691
246,591,912
92,639
351,587,714
609,695,771
340,778,852
391,480
31,853
101,902,916
289,464,850
217,705,786
1,362
569,939,959
207,700
395,413,810
69,221,526
97,218,799
115,218
236,795,823
12,281
503,747
365,448,608
201,373,386
787,853
291,669
367,688
72,407,934
295,496,601
646,832
483,830,902
189,699
517,702,715
300,789,800
331,413,973
743,777
85,307,684
365,446,482
208,991
672,678,997
335,594,759
58,89,656
330,673,702
87,653,781
40,103,681
573,714,961
56,145,234
70,688,706
127,607,953
112,673,756
5,163,615
506,742,852
420,791,822
10,157
786,847
205,278,574
15,748,949
29,247,468
436,883
351,917
209,814
4,317,359
22,728,769
325,547,887
61,102
60,400,672
6,25,940
62,349,399
266,422,996
115,123,908
342,359,662
327,942
13,108,241
417,448,784
244,311,435
167,965
418,891
448,458,591
453,656,803
440,711
222,527
209,552
599,765,856
76,174,428
220,344
216,225,636
273,500
630,678,939
269,481,500
722,740,792
264,611,795
52,423,824
160,826
184,198,302
366,601,609
382,578,626
127,136,923
305,918,996
217,492,895
69,609
311,540,826
316,471,859
10,481,951
99,663,708
17,682
332,483,974
214,748
109,376,459
826,849
49,54
331,994
144,837
226,328,366
154,556
295,350,385
464,652
200,339,826
235,255,770
354,811,868
241,553
284,551
221,365,991
10,183,613
241,820
682,909,956
108,323,659
99,504,691
806,821,868
488,620,796
203,738
306,365,407
172,610,718
606,667
181,313,468
127,914
65,801,948
347,433,470
101,555,592
98,182,382
376,614
25,555,596
457,568,998
150,383,545
380,551,799
306,329
239,823
168,234
696,862
500,521,628
271,319,410
19,251,557
433,899
582,834,837
583,625
701,945
183,427,816
553,758,847
210,475,776
73,150,699
181,551
14,949
657,748,921
20,273,981
227,545,567
351,746
323,505,809
619,683
16,316
40,724,823
457,525,676
283,510,714
162,327,343
560,658,749
105,223,472
98,333,642
360,456
188,406,586
110,285,500
238,997
214,884
173,536,578
319,562,887
323,616,770
201,292,808
356,786
548,710
393,487
150,413,421
125,239,812
262,452,947
116,168,439
412,470,987
252,709
146,527,693
292,418,909
369,407,553
236,521,778
43,290
241,466,583
35,738,849
205,271
139,921
67,202,878
58,489,975
142,514,633
476,742,926
45,701,735
158,779,988
69,180,410
45,230,684
431,596,825
108,696,810
111,147,283
445,583,846
112,951
180,396,705
43,473,585
246,278,814
554,587,882
319,407,774
460,578
17,554,964
137,276
428,917,978
245,291,436
669,817,901
110,616
12,540,547
130,645,965
89,132,857
439,879,959
26,264,829
99,558,618
36,76,640
42,355,918
407,416,474
209,322
133,561,612
538,889
78,233
31,835
208,378,427
361,566,732
41,360,996
184,194,423
535,620,794
127,730,821
48,89,920
276,939,979
114,834,864
450,800
151,437,691
392,400,611
127,269,540
319,813,850
102,841,854
230,487,626
146,876,915
613,953
13,508
502,857
731,794
693,954
566,953,956
254,374,593
295,446,543
471,475,979
144,535,817
448,739,815
270,469,809
658,687,724
25,501
272,321,677
393,664,704
238,445,481
92,198,661
645,714,922
71,326,617
114,342,503
489,568,824
90,465,903
162,339,828
89,715,821
206,717,831
119,503,659
249,344
548,814,837
33,353,834
300,408
371,934,976
681,870
207,914,976
664,857
249,714,984
251,602,619
535,676,954
189,304,435
67,556,881
141,825,867
163,206,886
37,825,935
203,516,951
69,403
36,214,918
70,386,1000
217,602,669
105,180,264
98,542,708
22,677,892
717,728,919
242,766,975
338,377,732
161,355
441,595,804
162,206,393
125,200,503
293,770
44,169,170
244,253
21,616,927
304,811,956
3,181,529
622,744
53,262
330,818
74,271,435
258,591,912
18,52
396,580,808
500,885
342,356
880,966
343,528
183,788,920
176,244,863
313,327,438
31,159,625
29,425,868
195,266,512
432,720,910
484,550,620
19,319,783
57,607
77,612,613
36,767,791
92,248,874
689,977,999
2,577
500,674,955
91,117,955
63,478
59,904
350,497,838
56,545,585
295,687,924
498,648,686
144,473,605
116,654,897
47,172,778
257,474,601
181,492,541
39,537,647
80,306,686
365,644
459,672,755
244,657
693,795,846
51,345,381
88,440
471,591,985
199,605,612
138,300,675
23,207,382
644,761,829
116,745,906
298,649,898
567,996
336,746,960
158,267
63,264,428
155,333,537
499,875
419,966,973
271,652,757
207,369,856
121,166,279
592,596
47,523,650
257,379,507
390,509
461,915,1000
5,56,197
697,720,765
153,430,951
844,851
417,608,903
148,605
303,494
102,121,384
660,914
168,700,816
145,284,801
111,368,634
467,619,866
334,828,989
168,341,772
268,538
62,517,706
152,187,850
208,588,823
94,454,807
43,374
218,266
146,668,789
418,436,841
461,758,904
569,589
397,432,511
272,998
443,490,707
222,544,693
14,541
158,525
187,296
474,516,623
442,749,813
107,250,914
351,622,988
59,263,818
272,526
372,553,604
414,703
230,861,961
266,493,923
22,24,543
26,707
219,333,342
305,436,935
18,213,856
39,282,598
62,78,973
120,462,482
747,957
604,631
635,866
292,364,492
102,109,147
560,719,737
85,385,551
142,235
67,430,573
170,784,815
411,547
94,229,752
84,451,752
3,266,284
302,600,608
10,600,876
295,488,704
227,488,692
61,315,355
294,443,551
74,707,972
138,695,896
515,532
18,876,899
166,781,965
549,806,903
404,587,788
331,606,711
335,650
273,393,538
3,673,729
12,401
115,652,832
318,409,505
190,678,979
432,712,869
426,457,467
310,595
13,672,795
19,305,617
519,714
382,744
632,924
126,378,794
92,670
703,930,982
343,825,958
318,469,871
106,612,885
305,359,516
53,637,899
293,321
165,493
587,921,965
615,686,737
318,917
138,707
176,944,992
112,461
251,549,676
103,478
856,942
277,494,884
358,690,701
100,746,788
619,666
385,395,451
30,548,624
283,368,392
216,579,683
39,381,533
66,631,910
137,883,903
300,428
70,601,687
178,349
302,455,625
7,737
847,902,997
10,324,909
320,563
20,22,656
532,848,929
127,136,925
1,299,726
284,369,851
114,447,615
202,417,449
423,614,770
358,887
359,427,645
500,788,816
257,764
250,267
159,718,776
549,987
214,675
320,509,720
92,240,284
321,408
587,680,898
42,389,483
878,904
308,503,646
100,928,978
696,824,950
142,831,876
215,349
691,754
73,835,881
417,481,912
45,210,414
200,361,725
76,84,104
105,245,780
217,548,873
202,313,709
476,875,959
231,463,617
207,597,878
266,588,650
506,652,653
303,863
152,360,693
37,474,590
462,609,656
382,395,411
110,138,556
17,57,179
297,514,955
500,790,960
10,229,662
269,641,697
398,720,788
658,900
441,638,646
76,102,829
297,419,437
406,589
207,660,944
391,499,630
679,722,783
46,382,784
198,636,832
397,722
77,189,960
39,721
483,867,974
404,659,974
188,715,931
23,141,707
609,731,850
277,718,764
3,900
96,140,827
18,523,869
65,145,728
513,733
271,317,868
465,612,855
59,292,563
157,376,983
139,339,770
420,571,983
586,608,893
217,470,479
226,798,848
5,262,530
310,748
390,681,979
198,845,861
612,734
272,275,775
55,434,685
750,941
678,729,932
225,312,822
276,853
348,423,670
507,552,763
193,604,719
80,143
312,341,647
393,724
271,393,796
234,514,938
230,723,874
139,396,438
80,221,299
421,730,839
175,442,748
211,727
24,180,661
105,170,477
261,439,539
399,932
64,190
18,513,825
8,327,761
63,77,793
30,312
469,508
24,94
270,977
347,357,460
104,160,420
214,252,813
412,826,878
433,571
213,937,950
669,764,967
422,643,885
389,483,534
475,848,970
577,586,827
527,553,953
503,866
247,371,987
220,506,677
129,490,587
697,736,995
29,697,704
201,242,876
611,687
459,791
247,433,438
48,963
8,161,648
319,697,926
202,761
430,655,675
110,149,247
166,463,552
107,424
214,415,529
276,512
290,635,805
505,554,724
17,938,952
21,222
448,492
502,724
6,66,723
559,952,987
22,374,922
264,447,697
46,910
312,650,696
405,908
187,220,392
97,703,711
304,996
589,835
48,494,559
21,147,477
98,325,590
119,719,877
241,766
595,646
111,292,458
252,477,756
84,563
25,58
62,410,669
314,321,367
17,640,746
221,545
659,974
337,435
219,741,947
562,957
60,174,505
340,692
25,401
267,538
489,837,928
2,776,945
609,897
394,864,990
377,696,698
495,567,671
109,997
388,469,802
333,858
398,447,675
265,477,970
695,995
448,608,856
243,439
160,499,512
138,471,926
355,684,944
321,446,841
680,716,923
9,710,860
264,338
589,823
129,241,278
609,714,1000
232,489,801
25,184,413
897,939,986
70,370,598
759,950
275,469,813
659,802
55,223,744
666,794
294,364
332,645,714
247,544,745
487,497,665
31,754,928
59,125,835
603,958
274,823,982
26,749,908
130,487
387,412,647
556,886
638,729,838
363,825,933
92,461,968
480,760,986
105,390
170,506,912
123,221,400
437,632,990
606,867,914
119,246,895
482,621,929
181,514,671
136,191
101,357,660
23,52,707
235,468,612
311,679,864
388,399,915
504,852,865
218,348,831
394,415,901
75,292,654
77,349,563
172,237,771
128,147,382
157,468,817
234,949
143,206,448
111,398,947
251,941,945
381,385,507
380,397,719
363,467,936
122,331,919
187,621,702
388,679,823
116,767,946
121,280
198,511,628
317,352
7,324,906
332,573,783
462,796,805
683,847,855
101,404,917
451,752,790
120,221,396
347,468,958
165,496,690
97,292,638
571,587,841
110,540,619
63,796,858
841,999
476,558,673
107,363,775
413,586,727
485,623,993
83,695,882
20,1000
256,282,912
219,378,781
96,320,787
487,542
154,287,931
743,871,875
480,892
257,421,432
561,593,882
17,491,662
13,237,648
600,928,937
475,969
716,832,848
152,472
5,61,769
357,887
271,417,804
323,748,753
300,591,705
106,200,613
370,878,927
307,510,974
207,411,815
116,407
210,221,530
47,683,848
156,379
223,944,971
395,839,975
189,191
538,674,843
766,880
109,461,786
130,351
467,573,893
238,574,592
237,319,889
228,441,597
566,591
330,822
8,886
360,758
270,447,782
564,647
74,784,889
128,291,679
51,839
678,948,953
390,518,794
207,617,789
155,324,904
152,863,917
770,839
738,877
299,312,325
171,223
36,167,605
485,852,978
82,911,990
278,352,525
160,520,926
373,461,602
88,169,437
328,332,772
85,369,720
394,555,603
237,621,971
55,336,769
339,864
40,476,634
82,144,716
266,406,420
82,336,906
246,382,458
741,844,857
384,855
264,632,798
154,243,799
650,684,845
59,118,651
233,295,419
247,689,702
136,374,669
92,193,924
80,280,388
171,741
79,285,798
595,750,844
103,362,488
394,437,728
77,653,772
108,897
500,556,600
759,789,911
383,542,973
44,775,991
518,923
497,501,532
401,862,982
235,349,863
307,437,482
421,484,755
620,812,911
112,283,742
63,622,941
157,391,858
112,258,430
419,504,812
161,587,617
799,839
742,929,967
359,821
123,142,458
485,902,950
13,806
292,578,679
14,396,941
419,577
389,680,972
618,627,758
385,416,736
216,350,730
615,863,994
108,172,363
487,666,720
70,76,489
277,981
47,891
162,345,762
71,448,947
749,863
360,390,398
251,590
165,407
339,924
590,685,997
235,444,854
234,761,894
118,636,789
78,765
122,180
190,346,761
151,690
250,421,620
202,866,942
24,951
205,408,609
672,907
463,570,608
121,626,639
152,521,581
176,422,898
104,571,758
110,745,925
7,680,966
62,777
180,353,375
221,864
212,542
318,340,408
9,377,443
200,450
497,555,836
227,594,768
160,535,979
262,807
185,356,592
171,566
60,405
15,354
64,67,185
152,197,762
109,732
419,502,534
246,770,870
767,905
428,464,610
76,719
447,864
333,523,671
14,621
327,772,853
138,447
249,533,739
220,597,859
80,585,620
41,237,786
371,399,626
107,635,970
426,673,821
478,596
282,675
207,735,810
197,426,542
768,826,926
10,94,821
105,323,441
274,314,890
448,595,676
527,657,912
783,934
247,772
190,276,554
182,253
105,934
263,675
839,988
84,591,915
154,650,982
295,901,955
28,688,856
249,276,977
173,244
452,541
414,910
354,444,894
459,539,793
21,245,264
121,227,706
138,808,864
436,929
329,614
38,64,497
13,657,946
328,594,787
69,533,674
260,462,795
411,544,900
188,881
472,839
638,908
376,423,794
144,626,699
151,698,719
198,276,934
41,126
168,832
41,82,938
190,467
339,361,908
260,551,614
401,454,955
171,697,980
349,393,704
319,740,890
123,975
43,135,915
92,482,815
465,715
189,278,583
145,267,674
145,911
51,487,917
488,549,926
160,346,613
102,460,755
54,85,375
192,660
58,818
471,651,833
96,240,479
298,937
264,503,581
197,587,858
584,770
76,344
376,607,683
76,161,996
1,13,194
307,334,532
422,885,965
114,496
328,632,661
98,99,830
668,747,812
110,325,700
510,683,847
388,470,789
396,498
240,696,940
210,373
231,272
175,575,949
2,33,497
367,716
817,847,856
149,336,722
651,876,955
283,980
333,681
352,933
37,358,413
818,840
290,543,669
597,689
124,818,950
117,213,761
38,428,984
92,928
142,523,741
52,251
54,422,1000
237,527,946
24,323,673
637,979
260,957,985
726,845,851
75,165,989
112,265,321
25,690
247,259,780
33,995
96,768,988
79,294,800
234,554,789
31,354,678
78,289,783
150,247,326
7,304
379,436,588
399,753,921
351,845,914
306,499,822
434,551
364,434,997
400,558,795
243,447,763
59,285,952
85,531,721
217,535,613
284,665
149,364,829
100,278,895
181,252
461,469,550
20,459
55,288,613
203,896
1,172,503
736,753,868
103,749
389,403,862
477,731,929
93,607,753
21,74,878
163,229,341
78,85,973
343,353
113,594
853,880,967
175,507,777
220,243,519
478,482,780
703,824,918
179,685,794
67,996
900,909
116,155
409,642,899
101,419
502,584,767
744,944
23,217
929,964
133,491
672,729,971
256,265
126,349,378
47,479,622
254,279,516
82,390,857
524,903,928
586,841
194,328
457,626,864
544,725,729
180,534
121,242,856
228,399,846
334,821,881
614,668,686
480,523,869
86,731
884,897
24,373,392
163,433,927
398,417,657
194,348,792
165,341,732
400,674,949
19,683
309,752
144,239,684
166,192,484
194,940
18,589
463,976
219,997
230,489,497
296,418,804
430,537,709
294,534
597,732,767
226,279,431
257,567,722
262,508,563
19,936,987
51,885,914
106,719
187,376
94,209,244
485,490,881
359,482,529
13,362,368
42,284,453
326,775
19,586
128,271
261,617
516,807,931
500,528,863
198,295,329
10,372,561
4,703
112,186,524
497,596,708
319,575,941
57,537,613
676,875,970
190,632,767
586,639,835
1,461,753
43,252,561
179,720
165,201,344
252,658,731
318,996
74,139,890
272,321,477
94,191,680
475,724
452,458
238,803,883
558,782,841
230,511
124,133,183
395,463,973
22,304,913
122,186,662
418,591,611
230,242,402
180,503
312,462,805
7,306,557
208,455,678
26,93
594,802
123,245,362
756,890,926
4,540,920
172,455,749
311,798,954
81,542
435,466,544
805,954
307,579,688
389,764,902
282,771,838
185,613
73,496,621
75,373,788
203,436,477
37,862
37,232,759
19,404
28,147,470
159,486,654
327,346,406
482,870
399,623
347,642,741
356,870,915
613,963
22,596,922
367,946
537,590
40,301,941
91,317,357
624,842,924
93,841,847
110,261,315
76,106,614
492,947
333,545,956
498,503,778
398,654,800
236,896
320,930
714,726,847
222,254,886
74,280,889
338,456,747
298,625
445,576
629,688
283,795
336,592,905
63,217,734
174,365,506
74,104,332
439,837,995
6,102,233
115,185,864
226,834
135,471,658
86,747
59,112,371
10,149,559
165,202,794
196,433
69,92
203,246,446
28,291,503
508,558,726
253,584,851
413,424,572
44,415,490
323,827,1000
12,216,537
396,847,852
57,311,553
30,90,818
243,398,595
492,765,978
211,466
32,479,967
440,604,656
90,831
209,531
771,933
649,938,997
164,430,515
46,573,948
511,755,810
659,784
84,178,800
541,738
30,249,806
724,778,945
378,565,794
364,934
44,594,829
26,111,622
53,483,747
509,693,807
130,950
614,686,857
185,308,429
148,558,984
629,678,986
162,785,804
152,423,795
351,662,821
18,807,974
42,443,514
100,466,737
101,918,980
491,887,955
385,845,935
706,748,973
559,662,896
388,658,850
282,727
23,397,760
292,548,865
466,646,730
67,492
576,682
324,867
167,520,734
837,997
462,821
276,499
418,815,858
497,703,977
305,960
195,829,849
153,980
111,299,949
129,161,662
94,391,500
202,938
674,933
155,157,454
131,490
178,374,745
115,388,409
11,218,442
422,713,983
293,349,923
556,579,793
188,354,605
543,671
198,472,785
480,628,845
353,521,668
293,664
174,470,495
687,710,876
266,790
302,665,774
287,443,789
277,479,639
934,986
534,655,719
525,577
321,446,858
756,930
312,565,685
386,507,712
249,593,770
819,916
383,939
120,314,724
93,350,812
194,384
333,343
214,272,436
844,977
354,548,632
18,75
102,344
313,558,951
204,369,667
83,255
441,852,947
32,316,958
140,871
165,179,355
145,181,584
175,428,650
79,816,907
127,896,959
79,940,985
259,812
107,429,573
605,894,996
144,498,579
555,613,843
346,798,817
96,501,599
490,587
430,589,819
399,652,804
352,536,644
78,553,884
481,798
143,418,675
147,291,852
78,968
291,667,945
880,962
115,337,658
64,617,831
636,826,983
33,689,970
495,717,856
283,415,673
8,816,913
14,296,621
6,672,830
391,433,655
89,359,404
512,590,719
64,142,872
374,543,848
66,250,449
62,385,981
50,364,473
631,704,736
265,771
165,774,882
177,701,922
16,716,826
1,859
394,601
179,364,445
404,610,660
116,709,791
725,958,972
719,874
718,825
236,702
577,603
236,575,785
242,419,783
194,401,976
305,387,879
65,344,766
445,933
121,295,572
396,742,808
18,58,639
10,545,755
260,852,887
161,948
6,322,919
648,739,850
462,646,946
821,956,997
559,588
123,237,984
457,549,762
191,666,788
308,476,750
160,244,422
87,492,789
87,124
73,746,948
715,892,986
85,440,709
252,729,775
249,331
110,613
95,264,382
229,341,772
429,688,833
226,717,827
564,759
449,577
1,597,980
560,749,889
125,771
72,697
64,417,575
16,578,699
478,488
7,662
178,248,272
220,591,929
21,206,912
51,581
639,755
88,853,894
113,345,916
222,376,750
109,614,692
268,296,308
421,572
44,86,675
504,766,787
546,653,963
35,83,568
431,501,970
330,518,686
325,335,923
504,623,654
252,763
499,863
127,460,789
684,767,787
11,511,928
348,684,747
629,761,928
433,829
530,545,606
99,766,988
200,382
172,181,339
262,379,612
11,90,734
396,846,896
68,71,902
266,776,913
327,350,898
115,283,339
392,796,822
120,472,887
728,889,938
333,486
141,883,989
6,785,993
312,315
716,812,832
62,166,384
203,415,478
164,396
56,229,705
267,856,922
407,670
543,752,938
47,114,702
489,783
25,747
539,563,600
51,131,401
369,515,638
247,800
96,208
121,612,922
6,656,910
544,793
491,732,970
584,773
131,604,976
546,660,958
344,578,938
286,521,778
364,889
450,662,755
577,633,736
288,703,814
90,326,671
57,819,960
67,676,956
458,667,724
3,215,469
114,597,808
167,766
784,976
117,524
609,852,957
52,583,901
101,584
58,329,355
291,653,792
68,971,977
540,600
580,770,997
121,331
29,374,881
291,477
446,505
601,921
318,659
253,313,905
29,120,334
392,506,740
117,675,756
249,762
425,747,972
120,249
78,151,194
55,543,649
284,759,930
474,484,551
290,742,771
124,535,556
486,709,849
154,432,924
673,908
258,623,627
609,612,857
81,113
193,819,885
240,440,641
674,777,916
43,186,758
186,236,599
118,485,798
202,276,901
321,471,775
239,757,978
58,807
157,440,816
671,706
603,803
15,71,287
302,369,916
28,141,295
93,742
193,442,999
141,299,489
408,478,887
175,895
229,438,666
72,201,671
260,718
214,253
612,855
65,101,869
14,562,999
112,256,782
35,835
88,439,626
162,256,282
759,869,874
208,562,677
203,318,418
437,452
811,848
917,930,976
352,472
70,213,902
210,451,768
29,89
341,360,957
84,578,726
133,816,983
216,536,791
464,547
176,234,551
343,866
320,531,875
169,527,679
220,302,498
100,734,910
477,505,944
42,140,542
813,825
118,689,753
229,239,633
340,363,985
135,362
83,467,936
126,145,278
89,136,983
319,925,945
19,376,444
220,417,866
355,851
310,726
9,277,818
185,599,760
269,538
492,648,915
126,352,390
283,464
193,876,906
563,630
838,879
182,186,311
34,439
70,163,235
800,809,975
222,778
164,736,918
197,295
48,126,317
156,164,562
541,878,924
441,506,582
99,213,618
69,314,887
50,895
217,678,709
529,841,892
320,534,755
213,577,950
532,698
423,616
426,427,709
159,294,351
443,684,766
201,233,727
691,810
20,87,350
287,666,765
202,853,865
275,282,472
220,337
662,680,981
179,848,947
511,661,860
126,382,788
416,712,747
410,663,894
303,397,621
90,585,642
126,182,613
258,733,739
440,668,966
157,183,537
597,804
227,572,766
454,918
82,374
371,545,872
325,342,974
643,911,983
3,739,740
386,581,748
164,287,982
29,384,421
35,267,922
505,870
91,203,662
575,708,969
594,651
291,362,941
444,465,822
150,267,993
230,957,996
530,572
30,378,938
52,238,548
100,614,707
367,580,661
225,377,558
311,401,997
217,758
466,468,484
63,172,286
214,931
486,972
308,588,885
212,677,858
45,429,928
82,285,954
212,381
291,979
728,729,942
370,474,703
626,782
135,806
531,735
509,732,989
289,597
298,579,751
206,392,866
71,111,339
301,729,838
20,967
116,134,216
483,706,728
567,614
266,558,932
458,729,841
583,774,806
35,166,633
279,437
892,932
236,258,265
56,501,638
163,571,741
80,139,705
182,571
133,444,681
247,549,615
347,444,967
419,879
149,620
195,706,956
101,178,229
371,808,900
689,973
92,541,730
130,608,759
50,349,788
497,654
516,528,546
649,715,938
201,497,692
245,283,462
57,527,987
239,679,847
40,58
68,330,757
263,336,566
201,262,840
232,325,872
65,236,930
33,675,809
394,479,729
689,725
529,533,946
597,674,949
116,614,788
376,788,849
63,282,951
376,688
3,430,667
378,555,768
412,649,863
473,806,871
628,644,986
447,770,952
151,380,562
131,294
78,803
274,357
248,436,897
415,802,985
587,799,818
250,470,734
388,634,744
852,939
259,318
537,685
123,152,813
51,263,827
161,270,822
320,397,783
43,480,759
115,117,649
248,761,867
601,792,973
204,786
323,330,478
449,567
261,791,939
167,705
16,535,809
639,807
609,622,773
348,377,489
291,410,560
187,839,993
115,887,896
865,981
214,321,946
563,781,996
127,251,276
125,562,659
271,843,896
322,350
115,472,728
2,501,824
35,610,964
642,845,918
296,321,780
359,854
361,417,991
117,243
475,493,696
423,697
255,710
425,745,967
405,461,804
70,396
18,395,604
436,617,816
567,745,834
295,821,985
156,190
230,594,945
197,379,534
258,260,705
341,648
4,247
8,527,927
440,615,923
306,436,646
617,865,979
216,605,725
161,363,872
260,337,398
97,393
497,665,945
62,339,869
757,780
326,629,755
252,674
656,759,807
134,672,866
654,803,992
522,816,934
385,467,818
77,435,789
68,400,436
223,373
171,172,826
28,768,825
651,982
128,533,677
100,191,571
240,547,651
299,957
118,658,897
520,562,693
306,410,547
93,874
249,269,499
79,618,903
124,369,495
286,675,927
463,754
188,746,966
83,516,926
155,798,898
470,549
116,376,762
303,592,798
72,703,747
406,709,849
82,751,971
517,610
970,980
206,632
42,204,721
437,759,958
795,809,926
67,178,456
331,765,818
360,430,646
116,920,948
66,880
17,548,812
252,582,748
500,696,847
265,620,841
58,333,698
61,973
258,598,770
84,109,188
273,353,955
111,616,715
222,855,864
63,246,274
432,799,891
4,269,516
46,199,494
208,371
611,726
353,552
350,421,557
86,138,771
467,587
281,899
118,369,638
436,671,894
481,619,996
857,906,979
359,367
293,496,701
263,436,560
333,628
80,912
287,461,925
212,547,933
492,839,901
548,645,990
428,659,740
61,568
317,373,509
95,436
751,781
317,435,662
235,286,822
88,100,979
276,569,854
247,278,614
246,604,986
311,712,960
221,243,582
173,435,780
621,890
156,304,880
75,818,950
131,327,492
444,785
785,796,893
421,446,834
54,134,451
325,516,989
295,581,978
41,824
276,857,859
190,425,666
341,553,649
21,47,342
174,271,405
315,485
189,777
582,642,866
125,381,574
671,993
128,609,614
326,875
606,971
407,440,585
79,724
322,684,855
422,612,767
151,825,861
376,506,662
199,603
69,117,153
597,659,998
328,977
524,634,834
695,826
66,353,727
612,832
125,268,946
234,481,640
297,604,922
289,897
15,415,721
222,774
821,902,930
449,488,901
395,833
19,56,357
435,540
812,828,915
330,509,961
908,951
463,514,586
14,152,581
24,63,103
169,773
138,757
650,741,833
126,904
81,384,692
381,950
236,543,581
19,420,468
36,347,450
94,613,653
116,829
36,387
578,909
54,94,346
147,405,970
546,848
562,726
425,571,589
6,106,527
38,783
88,217,304
949,957,968
368,815,896
277,496
127,678,963
34,236,445
382,740
488,526
534,955
420,482
354,594,674
75,267,769
613,683
594,761
297,452,487
488,622,896
85,369,542
471,968
192,278,335
45,654,768
771,986
339,488,733
192,845
203,271,526
496,783
115,408,650
314,743,964
302,613,821
182,186,587
121,535,912
268,550,897
48,123,710
239,348,461
380,429,860
293,709,898
153,590,917
114,138
407,955
272,542,906
662,767,900
305,571,898
479,779,831
952,961
173,293,745
76,122,936
137,542,667
247,917,984
68,520,999
165,760,803
100,111,590
184,307,625
310,363,920
276,357,806
121,329
37,325,380
444,615,963
23,81
755,877
459,549
207,432,601
775,831,836
207,410,993
456,651
29,548,963
296,408
809,969
312,374,565
409,470,577
570,661,840
7,440,479
126,200
216,378,666
79,725,866
388,634,657
405,784,838
264,508,527
155,313,967
381,696,712
488,582,784
55,282,506
247,583,966
292,521,884
178,478
81,213,235
398,927,970
647,881
166,429,961
835,861,966
305,709
280,581,823
471,597
374,491,658
319,415,582
165,193,955
28,371,384
259,435
143,444
268,457
111,408,859
203,367,558
87,422,591
528,844
254,619,626
190,590,923
300,359,793
117,327,839
75,603,787
343,387,925
532,769
142,671,869
156,612
502,514
644,649
99,210
655,809
254,350,807
415,658
794,903,966
863,872
273,556,832
216,222
244,685,903
311,807,931
469,489
200,769,865
402,707,897
1,568,1000
178,495,895
601,623,769
558,616,638
283,598
512,607,879
132,837,942
165,884
88,556,635
335,753,861
132,491
58,127,910
388,825,865
56,308,390
547,822,909
122,815
323,748,771
698,803,827
116,548
146,920
247,497
140,479,764
118,732
30,154
32,710,918
355,510,654
349,895
722,919,956
44,488,533
641,727,965
333,453
162,205,228
27,175,702
335,509,736
35,82,241
49,115,716
128,268,693
170,685,795
590,987
16,109,943
72,398,517
391,970,977
333,867
224,334,543
890,910,927
507,758,921
641,839,840
115,446,782
397,830,969
659,759
262,898
461,582,773
178,662,666
100,726
623,886
39,201,669
6,741
418,697
130,165,371
28,113,483
328,449,660
474,540,598
358,497
37,542,807
156,171,604
368,380,948
889,994
176,643
12,79,811
170,447
152,259,409
224,502,583
215,786,941
540,542,886
725,752,837
71,488,679
470,518,953
214,666
150,267,645
79,544
47,675,944
19,383,458
172,280,785
40,750
286,499,886
85,185,718
109,449
406,556
42,480,628
179,455,874
187,823
572,717,899
77,492,608
650,862,892
543,647,711
19,569,780
356,360
483,552
427,828
515,641,670
195,383,775
125,199
300,368,382
610,754,928
364,384,385
190,701,894
274,777
299,359,386
206,927
495,901,961
670,800,972
641,645
210,769,836
442,479,976
422,435,713
107,557,785
181,852,884
423,736
34,406
195,196,774
357,457,960
252,870
378,713,746
544,636,790
306,600,717
384,764,897
480,900
796,912
593,930
168,262,812
567,571,749
551,741,931
415,757
40,527
2,511,594
80,111,147
610,632,658
149,189,566
35,202,356
233,322
467,810,923
65,703,783
19,122,416
20,587
220,470
2,804
162,289,834
102,279,931
472,611
68,203
26,870
304,557,983
526,560,592
375,451,927
171,343,407
142,210,633
222,237,560
158,973
143,947,994
40,103,286
115,199,503
325,608,799
350,384,893
372,512
55,258
605,911
334,650,783
750,968
535,709,737
411,630,758
17,77,420
132,376,789
32,42
316,976
101,151,986
33,467,491
582,595
445,648
153,291,788
324,561,592
61,240
656,862,922
326,427,625
135,785,815
230,280,354
53,279,667
751,797
436,999
628,734,848
12,911
187,222,356
84,939,960
304,450,649
132,564,829
405,455,945
359,512,557
795,838,941
253,352,595
104,694,981
34,52,387
39,767,873
109,647,962
148,193,514
757,988,993
178,215,520
606,747,986
337,852
687,725
324,681,963
18,407,751
350,862,969
18,240,403
11,35,352
223,729,883
444,549
643,818
136,266,791
183,699,983
292,325,932
4,450,605
562,689
317,806
595,674,985
100,668,820
4,276,404
250,792,961
416,745,813
630,885
579,593,764
695,775,957
123,461
143,817
9,120,737
6,150,550
84,364,822
477,501,920
82,127,282
675,751,926
100,183
133,497,570
490,524,730
260,699,951
454,541,950
450,557,911
42,96,715
195,494,590
146,298,709
102,501,690
144,520
27,271,582
556,955
286,883
565,913,962
460,687,939
180,205,841
93,600,814
725,948
578,901,994
415,601
20,232,534
438,680,699
320,867
541,901
883,897,912
134,142,145
272,871,970
397,487,876
375,761
268,538,785
314,410
262,305
128,209,505
440,770
386,395,582
280,316,753
379,866
419,567,765
97,159,213
217,759
165,496,964
364,422,600
129,451,798
80,450,586
214,215
531,719
108,274,947
198,478
340,507
401,697,769
223,729
346,589,985
69,646,926
146,551,581
157,481,716
764,923
798,966,987
113,415,428
267,663,825
72,738
206,296,757
35,127
239,296,724
417,980
458,510
313,942
26,338,968
28,731,858
207,621,773
136,482,846
69,118
351,381,520
383,431,552
751,777
303,821
501,688,879
185,300
177,344,845
542,969
52,819,869
296,475
264,388
512,921
49,304,696
42,485,541
393,597
370,541,708
413,573,737
207,542
202,568,668
662,781
13,673
487,889
350,608,651
547,566,579
518,607,849
185,394
353,784
130,692
182,459,745
80,111,128
47,70
39,815,981
149,190,587
316,362
389,501,625
68,328,550
26,236,331
91,817,866
129,824
23,535
531,599,961
128,337,655
437,622,725
754,889
434,822,939
349,604,799
573,725,766
644,863
73,976
277,389,603
346,821,980
250,322,982
445,652,693
93,264,771
176,615,803
249,842
89,175
702,729
206,771
76,784
331,564,976
52,149,635
114,169,702
112,402
29,625,755
5,389,690
257,654,671
295,736
246,635,722
761,789,895
93,738
428,795,879
26,41
211,319
45,714
248,600
546,860
178,306,470
471,749,991
81,154,437
119,693,932
494,529
297,391
590,608
198,456
327,411,922
45,317,774
193,484,917
229,683,705
308,742,929
322,429,728
61,596,799
438,997
183,192,562
355,723,877
103,626
22,284,765
235,480
92,872
74,149,670
480,826
454,523,557
43,161,544
59,502
141,524,730
133,173
382,461,786
450,491,626
170,742
544,898,942
315,407
293,473,754
70,196,581
736,786
74,888
134,186
625,735,758
131,457
256,506,742
253,425,557
146,734,762
601,914
291,396,603
56,227,958
36,569,848
71,965
231,877
298,779,962
132,467,649
372,829,979
116,273
743,808,871
140,479,573
51,184,511
307,455,969
179,901
234,990,996
549,837,987
120,675,847
224,502,774
315,892
230,290,895
156,175,875
210,302,819
77,558,629
429,736,974
251,378,816
530,645,759
268,362
321,348,772
175,245,582
341,349,559
133,642,761
14,64,112
464,811
114,775,946
329,934
513,776,831
373,998
207,736,861
475,710,807
458,532,956
583,672
337,397,513
111,245,796
24,335,944
55,618,829
144,364,556
26,61,687
656,903
191,708
195,370
286,575,622
104,147,473
259,705,964
4,535,758
205,461
596,703
163,881,906
161,812
84,273,522
50,332,451
344,722,757
459,790,997
375,378,564
168,245
588,613,793
408,502,974
46,915
410,524,603
631,851
132,173,265
170,897,932
132,578,831
238,569,960
465,784,927
44,558
520,859,985
154,737
419,664,749
249,947
78,322,403
117,403
399,816,984
577,635
468,625
55,638,948
85,168,941
111,447,897
