49,263
218,564,632
64,649,749
340,737
192,673
152,594
304,816
248,388,882
149,247
143,717
76,417
768,944,945
167,556,809
544,974
101,179,642
236,344,487
214,605,701
145,465,584
114,624,947
295,382,918
249,295,542
125,988
125,546,975
171,222
2,75,779
414,640,934
169,997
236,758,914
288,443
74,823,852
359,457,744
547,759
363,793
317,565
356,773
404,836,920
500,544,873
493,747,983
367,631,886
139,267,561
233,257,868
233,651,679
432,740,916
173,361,583
227,678,953
465,846
653,771,803
254,476,989
464,667,749
318,563,664
120,197,203
291,769,832
411,875,943
294,586,798
5,322,746
39,83,155
66,79,703
473,969,994
4,727
309,729,738
338,445
877,959,988
94,415,475
161,451
453,765,821
261,517
285,580,989
476,747,998
20,604
364,842
96,718,805
64,164,383
274,784,923
46,603,792
9,262,994
312,587,717
160,376,414
164,666,972
232,429,813
175,932,976
223,258
480,828,879
397,431,949
202,453
43,514
373,389,750
240,664,766
715,777
293,370,645
541,673
251,393,421
328,711
234,744,894
105,122,736
230,516,977
175,651
83,764
138,390,779
120,872,991
67,851
101,248,528
344,360,668
153,408
45,412,859
179,407,887
487,562,852
2,289,420
240,998
47,60,517
148,476,796
286,304,914
48,309,637
117,476,617
415,561,625
318,625,934
216,235,439
33,125,213
376,471,498
134,155,546
418,599,793
160,765,884
44,151,318
671,726
735,749,833
40,364,838
295,421,611
109,274,885
734,874
366,433,923
1,653,803
403,777
210,425,492
490,664,764
47,464,598
226,351,652
64,160,461
44,419,845
63,439,445
258,589,599
8,662,794
206,761
150,377,465
200,528,819
248,509
109,998
730,846
91,215,756
257,321,522
77,134
382,431,569
87,511
192,193,866
189,770
787,826,950
412,436,621
593,657
15,195,717
452,534,683
252,683
109,114,701
4,451
432,514,978
421,755,897
394,466,692
831,901,957
252,382,473
385,963,974
207,863,963
585,927
211,673
307,798,926
84,788,861
230,370
411,543,562
178,873,940
352,475,866
116,894,924
520,914
490,570,806
11,828,963
15,222,576
552,864
77,103
59,386,686
558,840,855
376,705
536,762,837
330,805,850
699,782
808,839
516,682,729
146,623,814
74,81,90
158,206
30,519,564
151,408,488
630,828
76,100,765
387,492,959
87,108,910
26,222,383
263,865,993
649,824
139,167,968
116,855
54,669,810
524,798,961
91,222,965
30,33,241
433,817
524,805
337,427,499
251,468,749
24,700,760
79,542,708
139,200,710
352,595,968
309,976
201,280
378,567
72,454,822
16,807,955
42,771,849
327,467,813
500,517,598
294,666
216,332,569
551,883,946
82,248,680
279,467,554
239,282
39,839,879
342,405,833
18,359
689,804,906
627,635,876
242,270,591
475,546
382,1000
589,599
357,420,768
26,458,521
38,548,829
50,222,395
66,497,569
130,304,886
865,959,960
415,494
359,689
776,942
462,715
75,859
758,964,965
459,744
497,746,913
724,842,934
176,448,722
649,651,673
58,182,248
191,711,867
90,365,682
164,229,903
915,974
235,441,898
8,488
477,791,941
46,471,858
418,591,811
175,309,610
696,893,948
827,847
443,690
477,593,729
653,709,721
65,246
756,966
369,910,996
948,980
249,506,916
337,612
208,368,858
376,735,860
49,212,332
656,722
120,425
100,678
481,712
35,609,751
249,261,406
538,974
88,154,699
180,471,940
225,429,910
199,958,1000
304,847,851
266,355,998
494,705
289,628
154,571,791
304,406,855
149,465,615
651,922,966
37,444,528
766,999
137,856,984
61,321,694
163,266,292
307,315,963
137,788
469,662,767
241,256,479
156,345,688
176,223,993
81,679,912
529,865
155,424,752
133,391,488
456,473,947
349,971,979
607,621,862
279,799
216,805,943
136,146,812
391,773,911
101,589,874
309,829
416,438,970
36,349
47,550,708
310,681
71,800
301,883
794,840
172,879,987
226,399
666,784,826
485,585
320,807,841
414,702,890
63,801
712,965,992
776,906
360,734
142,200
351,788,965
125,808,983
36,134,272
354,945
110,694,931
317,900,909
116,283,668
169,464
19,115
164,295,610
572,595,810
19,583,682
321,510,604
67,701
625,769,867
136,684,751
309,629
207,448,851
644,661,994
86,337,873
181,255,402
191,685,904
52,218,661
36,149,486
348,445,505
80,503,880
401,794
628,751,984
318,465,677
253,816,872
235,614,905
542,959
567,934
58,836,860
211,470
80,451
188,275,485
83,440,724
274,307,356
353,608,685
266,920
181,193,595
117,132
166,581,725
700,879,958
121,181,263
338,382
661,995
453,616,717
54,144,625
229,490,651
37,275,289
371,444,598
711,787
510,707
258,754,874
34,178,961
178,237,545
640,786
6,556
307,869,928
706,718
193,235,442
813,877
88,966
898,919,956
25,70,91
143,522,576
228,453
75,430
284,430,908
184,722,753
262,911
6,156,648
541,826
513,826
270,322,938
502,859
84,143,530
80,122
430,645,800
656,679,746
126,391,688
491,594,711
465,567,799
58,659
35,92
109,265
406,750,879
74,918,967
217,521,726
539,541,736
116,754,989
15,816
478,798,799
562,621,744
724,974
86,117,754
709,842,935
97,398
11,397,632
492,531,936
325,951
232,337,890
302,463
871,962
25,43,264
234,860,994
899,901
469,745,994
6,338
180,339,893
42,537,555
79,345,950
773,793,796
155,898
88,137
160,497
202,521,837
135,559,756
328,955,959
426,731,803
28,796
98,274,348
165,255,284
129,517
295,459
453,498,744
476,698
488,653,817
240,367,756
272,480,496
17,89,763
293,362,946
435,807,896
287,857,876
385,853,949
146,434,659
85,333,964
224,326,940
238,777,839
65,70,812
572,662
371,522,770
446,882
69,184,586
375,645,652
5,198,472
967,988
31,506
249,566,693
609,793,987
124,915
12,93
114,593,667
328,470,681
12,264,330
124,735
93,725,968
256,362,795
42,596,923
181,732,971
386,489,837
211,684,739
34,45,538
199,462,630
219,413,963
447,485,631
46,250,340
238,262,972
165,615,973
158,953
622,928
216,593,715
329,570,952
49,433,559
166,208,638
134,163,401
26,711,720
716,765,849
259,703,909
366,704,906
440,888,949
603,758,949
350,932
796,935,988
523,655
102,425,684
112,523,742
152,859,994
592,886
250,344,967
195,888,948
574,782,851
9,83,472
800,803,914
10,192
489,819
67,930,978
214,701,719
165,319,990
261,339
546,615
499,845,882
3,160,625
153,636,825
95,581,862
237,547
318,389,995
898,947,963
422,568,873
260,367,880
140,616,812
30,489,933
65,451,536
51,116,813
526,658
58,117,629
208,332,403
801,897
448,725,913
148,906,935
448,526,789
267,709,933
49,100
840,882,989
229,332,671
115,324,502
42,208
621,962,989
42,171
60,291,649
631,818
723,751,877
113,654,905
66,681
303,510
500,647,926
490,536,707
525,720
677,682
354,359,390
222,265,876
299,436,562
14,646,760
92,204,465
3,293,732
205,305,704
419,767,776
438,620,697
665,882,931
829,911,950
112,437,559
435,585,753
451,477,638
274,530,945
262,712,937
294,320,708
196,874
102,494
55,972
263,917
504,572
344,427
239,833,937
409,561
8,147,335
49,136,539
874,920
790,900
90,862
247,346,888
324,411,989
545,848
5,125,858
372,550
129,979
177,307,541
345,654,724
821,875,927
111,216,746
482,947
190,438,941
566,737
20,977
183,200,381
167,340,607
95,171
32,66
697,732,984
358,750,921
667,933,973
248,650,962
440,719,941
426,587,872
40,238
528,638,687
45,123,829
212,389,608
295,541,625
131,962
801,918
130,260,284
92,279,799
397,601
134,230,297
549,713,949
312,357,501
115,293,902
925,931,975
312,901
750,889
194,612
446,481,946
402,522,802
33,136,530
117,535
67,364,820
58,98,350
505,749,858
335,374,428
262,375,654
150,413
196,365,857
16,726,755
578,657
54,288,555
81,562
112,204,461
391,667
38,235,865
471,626,654
9,464,635
120,174
70,182
567,833,947
738,966
474,623,680
549,585,725
123,876,957
473,728,751
215,408,645
121,942,960
261,674,709
440,550,972
162,906
243,418,839
598,712,911
594,605,737
123,510,931
204,408,547
537,900
48,619,715
128,978
33,824
203,292,845
39,306,465
364,926,991
435,830,925
711,844,895
27,855,932
791,846
160,704
489,714,819
597,603,909
550,720,868
253,941,967
117,287,900
576,636,764
293,436,843
81,175
381,424,805
171,664,770
446,952
461,781,907
158,343
302,435,659
420,670,971
504,687,869
260,282,432
578,602,798
169,268,838
305,748,823
491,582,615
64,703,723
91,414,744
20,181,704
27,198,946
693,793,970
593,882,911
33,589,847
2,871
489,784
319,440,713
93,158,546
513,590,818
370,851,988
211,236,489
297,476,926
143,265,411
119,869,932
101,878,946
141,587,896
592,664,915
180,464,524
262,785
331,334,670
109,702,855
140,742
71,149,650
172,261,846
732,890,932
22,334,365
155,298,500
152,387,635
657,725
266,437,482
601,623
182,261,766
24,297
96,951
612,887,906
403,765
461,751,931
429,529
262,477,519
519,585,636
17,61,280
116,588
577,941
319,519,749
119,476,864
243,575
32,153,661
41,267
634,801
208,250,293
314,678,766
117,205,920
635,661
136,540,965
72,729
11,206,515
195,666,763
134,139
248,468,772
279,705,894
237,465,691
258,393,578
400,629,932
22,306,870
45,144,542
113,212,808
37,319,611
91,923
323,538,845
19,753
68,304,374
35,340,884
79,271,728
294,614
706,887
626,900,944
79,153,154
88,442,809
112,185
148,645,767
27,587,607
267,549,954
473,561,626
366,616,838
333,667,798
693,978
229,614
192,461
84,265,747
182,323,612
566,955,990
51,899
215,387,866
11,127,627
145,554
143,484,604
392,412,629
729,922,924
78,210,360
720,761,969
209,659,910
160,724
40,713,926
175,473,652
63,277,633
321,548,558
376,543,576
99,129,277
206,369
625,987
307,445,996
399,868
258,420,687
214,557
79,397
484,593,676
36,521,734
226,519,821
35,598,652
204,425,903
187,372,943
61,764
35,198,729
339,742,926
832,943
594,781,863
118,570,845
218,608,763
694,719
271,963
332,504
41,657
337,379,819
232,336,889
190,488
56,917
103,658,679
90,312,778
41,482,863
364,507
647,753,833
10,554
196,939,962
137,357,706
118,635,643
59,336
247,798,832
476,696
2,15,59
101,689,952
389,643,930
285,365,845
48,88,568
724,841
101,581,589
706,768,920
221,475,506
383,598,763
740,997
590,740
129,471,1000
90,396,527
79,97,517
34,613
577,622,801
118,181,910
683,737,989
420,453,459
537,810,826
402,515,858
173,888,940
594,887,982
82,195,581
371,568,680
256,497,811
406,418,1000
99,321,501
107,499,555
11,125
208,313,866
114,538
43,436,918
195,367,514
145,348,973
140,519
174,669,993
535,607,890
29,481
32,398,644
564,819
628,829,941
135,230
793,828,940
177,327,522
497,847,851
158,481,656
578,635,883
159,519
523,735,942
729,871,902
617,988
154,396,496
87,405,462
325,964
746,786
149,662,959
164,453,834
157,752
37,173
885,905,924
98,621,680
429,756,862
105,531,751
284,920
218,674,805
131,224,330
124,969
193,684,707
272,645,779
604,620,917
23,405,853
536,578
1,160,739
756,924
379,730,923
90,98,982
257,583
486,654,769
753,765
523,811
126,198,270
85,492
218,576,600
368,516,950
275,733
400,435
89,704,969
241,261,422
130,263,461
383,637,667
129,627,685
695,789,941
86,728
662,838
173,256,567
528,935
113,551,671
10,881,989
295,584,677
153,333,919
433,531,936
59,627,754
24,608,642
265,511
9,472,969
62,324
133,236,813
560,652,863
43,561,716
232,236,727
218,339,353
521,650,739
124,354,385
473,738
19,115
528,571,849
783,811,992
163,622,767
507,751,797
218,246,753
152,273,716
52,189,319
252,405,441
196,357,420
467,813
490,505,530
22,34,595
50,138,429
581,591
756,946
591,611,644
625,646
136,155,550
33,96
59,392,923
417,632,770
190,582,930
37,414,649
96,170,942
45,112,723
441,482,704
60,79,238
320,760,816
642,875,945
119,230
296,418,968
278,341
746,796
510,829,890
43,691,936
58,922
68,308,797
250,523,736
507,527
655,701,817
418,546
169,183,788
596,636
305,343,954
71,240,872
313,428,697
309,471,712
62,460,934
134,843,914
97,713,728
700,810
458,663,883
254,433,439
108,583,902
73,228,229
747,754
439,725
797,872,930
230,901
145,744,777
65,317,896
258,707,912
44,172
248,357,966
1,542
509,982
38,311,317
101,134,654
47,593,943
207,768
366,750
55,814
318,432
459,531
510,702
122,744,793
281,317,528
49,751,971
686,811
3,147,402
54,152,884
206,914
680,757,871
426,995,1000
92,454,603
143,354,692
357,411,878
270,279,285
396,600
107,313
52,368,933
64,383
45,63,673
53,284,594
207,500,746
34,129,882
458,578,687
733,848
304,401,583
129,579,924
255,462,681
674,958
190,470
476,565,989
730,837
42,527,831
689,934,977
527,745,987
5,108,833
71,163,250
183,234,729
78,428,872
204,616
560,583,946
2,287,467
243,435,626
386,760,957
226,445,612
189,253,543
636,909
387,688
98,102
97,670,825
19,244
611,639,856
588,798,965
390,769
631,700,704
89,140,758
462,635,973
460,599
276,748,791
573,690
236,402
65,819
251,670
612,613,870
65,345
282,492
248,457,501
520,562
25,374
198,609,934
290,380
95,101,903
494,737
105,250,916
515,842,891
359,574,806
391,740
320,395,690
46,714,832
55,603,715
156,276,584
362,486,809
444,478
337,374,769
41,470,704
372,656,997
19,129
142,310,817
319,398,956
5,30
230,642,874
333,459,656
269,420
59,217,916
122,221,347
365,729,983
84,124,209
8,688,864
190,278,853
143,236,269
100,102,455
52,472,898
298,338,760
17,936,968
60,795
231,993
474,722,911
46,633,871
246,289,311
38,70,380
442,543,754
101,546,907
183,948
310,406,590
92,930
92,557
184,434,645
136,150,705
8,606,696
85,158,888
201,206,284
30,186,457
14,610,896
549,671,823
54,203,817
101,270,741
541,788
403,678
2,509
75,776
45,381,540
418,946
248,864
251,611,945
394,871
274,404,576
507,564,660
297,636,879
265,691,958
940,961
361,893
159,411,958
406,639,909
92,208,794
284,605,968
165,296,423
284,415
382,759
244,273,537
228,527,557
353,951,969
223,744,931
142,226,252
223,504,613
746,921
87,761,891
305,548,950
316,461
428,784
193,498,994
372,746,770
243,433,746
37,241,917
109,162,796
110,196,336
2,888
421,446,762
85,106,341
280,409,999
58,303,871
146,989
19,283,735
266,560
442,489,578
48,87,564
405,630
29,535,690
99,351,957
93,456,681
69,240,587
64,90,879
111,656,904
528,720,849
329,753,822
82,982
109,411
394,826
481,553,927
313,443,736
582,996
291,703
401,530,616
301,422,715
178,463,742
415,773,960
65,99
874,885,977
42,103
224,271,600
403,766,826
574,583,822
85,317
232,429
607,814,938
556,909
91,504,813
515,844
334,916
134,716
235,372
190,499,614
23,746,991
656,780
522,539,947
47,265,368
415,527,667
137,245,493
134,195
202,717
260,639
620,690,968
376,383,996
28,316,782
135,762,896
272,290,988
207,654
19,451,651
657,808
63,338,827
414,610,836
17,278
210,533,542
314,759
8,759,993
509,747,785
656,763
20,757
405,627,749
76,249,716
127,368,925
132,258,446
145,586,723
139,943
162,820,932
190,761,865
144,995
286,335,505
151,736,909
193,582,903
412,902,918
427,565,723
108,726,964
223,487,873
105,693,834
2,520,691
273,938
193,285,361
31,394,719
266,614,968
285,454
860,945
667,749,956
307,645,714
875,998
388,804,924
250,318,827
103,352,827
114,553
214,415,936
195,351,718
644,975
386,885,901
195,623,988
817,913,938
160,293,732
621,816
248,302,454
327,474,530
122,227,974
144,662
352,586,674
208,344
88,465,509
233,292,450
23,263,541
242,508
433,800,959
294,863
55,95,881
458,771,776
534,612,659
321,424,831
214,220,722
244,370
114,472,513
592,851,928
860,875
174,260,492
2,588,730
482,637,838
243,534
57,151,485
350,534,869
83,358,833
115,905
184,233,656
163,800
248,272,958
239,823,983
77,528
190,447,511
184,220,652
110,981
119,371,376
346,506,743
62,174,621
148,603,810
513,632,712
185,283,848
143,583,873
290,428,953
396,646,920
226,378
394,604,675
697,912
173,524,709
132,302,602
141,231,785
568,810
255,861
528,791,985
590,642,698
327,588,922
229,317,433
168,561,900
358,578,614
407,559,928
268,622,907
85,713,987
273,416,419
170,618,701
77,237,858
813,913
61,432,755
267,882
517,590,725
70,98,998
652,913,926
375,671
301,302,587
217,352,634
126,422,712
273,606
25,325,632
71,238,964
428,796
203,615,797
256,761,775
9,973
6,577,959
30,37,632
555,594,690
802,927,953
283,287,329
41,272,353
144,884,917
86,332,620
35,282,539
152,539,573
148,293,710
260,280,950
191,229,464
111,124,247
363,716,942
795,902,906
269,509
440,784
244,254,304
35,926,995
686,804,875
158,378,718
288,697,832
25,446,700
69,820
371,748
331,444,871
339,853,925
14,285,869
329,857,885
337,464
364,607
481,722,748
461,595,731
83,464,933
298,960,980
476,804
98,121
591,667,868
457,606,862
98,128
147,272,671
253,539
365,410
381,833,841
334,599,829
116,670,889
213,390,888
244,357,811
339,675
97,611,868
506,514,993
491,566,988
128,361,683
243,268,938
28,537,826
301,768
581,646,651
18,834,960
208,356,494
117,394
64,232,563
337,501,901
477,671,921
320,420,748
232,365
20,279,573
298,954
364,500,553
270,776
383,973
113,198
13,316
13,461,917
600,693,767
304,362,937
37,243,407
219,808
503,625,907
774,923,989
272,825
1,105,987
375,390,558
481,763
9,61,298
16,144,314
547,694
195,275
316,567
154,770,992
89,500,898
26,566,919
315,808,994
95,101,384
242,366,854
109,118,845
718,786,980
210,288,587
112,229,412
618,666
331,618,824
25,542,731
428,652
445,591,890
486,833
635,644,660
62,639,896
98,809,923
22,277,983
92,539,731
731,786
574,679,695
432,449,614
43,134,231
637,969
331,617
557,789
378,526,940
60,704,712
143,315,905
41,164,297
43,873,973
176,270,838
637,796,820
34,688,741
318,578
290,566,912
865,953
245,481,579
7,609,847
269,833,896
740,944,990
460,559,729
247,704,833
395,427,966
588,871
420,538,822
592,697,895
487,642
238,830
327,510,723
311,569,827
525,735,958
137,685,980
507,788
162,411,774
8,213,622
142,575,598
128,253,263
223,504,599
146,910
794,810
123,720
394,491,672
331,360,957
692,900,945
233,381,863
78,432,445
463,586
146,212,698
177,254
260,302,920
58,160
166,441,865
518,599,872
378,667,938
126,728,975
365,623,945
641,836,970
869,878,920
65,213,585
29,629
97,472,863
81,868
272,435,553
577,710,941
556,822,824
260,404,913
77,512,693
232,325
356,461,677
584,766
88,104,355
87,104,501
206,690,757
336,529,923
128,150,445
546,709,758
111,726,780
261,588,760
210,318,988
513,667,828
545,886,980
213,715,717
31,285,521
42,807,915
115,520
54,227,916
86,390,451
379,819
799,861
323,331,607
392,607,812
813,857,890
143,363,533
549,875,964
867,880
369,561,978
126,709,850
107,415,970
32,274,647
34,264,812
246,532,965
163,347,815
394,952
306,476
587,678
279,684,968
239,332,407
601,632,877
128,544,826
92,231
107,332,795
323,490,920
143,701,711
188,955
49,512,711
5,41,235
690,706
254,930,968
442,710
95,232,840
43,53,174
10,65,510
206,436,465
283,317,874
440,879
6,125,718
325,445
642,985
366,972
4,375,875
101,881,932
149,474,671
125,158,359
418,655,907
189,349,747
408,432,809
152,843
37,378,591
1,432,673
129,435,998
133,449,957
174,307
200,208,627
29,90,870
240,938
190,861,969
544,582,656
357,672,956
431,780,789
21,234,747
263,481,768
110,511,576
489,497,833
359,702,859
43,156,615
280,492,690
546,608
428,527,793
136,198,649
2,48,360
237,622,843
56,433
381,713
121,122,387
60,125,883
263,515,609
886,959
9,305,564
442,973,992
15,310,528
304,480,660
23,751
418,446,556
102,796,826
119,952
124,292
39,546,718
373,797,806
99,175,570
183,850,911
258,504,977
282,492,941
502,831
75,565,886
636,763,880
190,603,832
530,623
183,334
351,895,976
140,286,979
58,394,457
26,92,620
375,466,902
138,469,623
87,258,500
557,746
228,303
126,626,992
173,241,333
426,479,519
759,847,916
358,407,1000
414,599,896
742,905,937
108,923,985
74,348,406
551,722,852
286,425,620
425,650,801
200,670,763
14,581
197,326,822
586,624
345,422,708
501,542
804,866,935
97,346,742
387,710
162,501,833
497,719
123,669,993
112,459,686
507,728,815
154,196,960
28,968,971
623,876,910
693,714,880
88,438,819
623,800
151,388,470
647,672,870
167,528,588
184,232
213,438,776
509,855,957
267,440,839
234,300
207,591,788
229,947
116,839,979
558,642
272,877
142,477,480
386,621
569,956
238,984
306,833,839
469,748
876,900
44,126,851
13,54,387
639,920
186,242,782
493,921,924
24,606,924
124,173
528,629,986
126,153,614
72,390,989
238,358,927
758,811,842
242,342,752
810,990
261,519,969
229,261,342
103,192,737
79,482,846
720,749,874
43,415,765
30,32,297
98,251,675
18,414,870
620,879,996
168,808
491,530,730
574,605,764
97,462,793
47,114,440
668,836
115,143,357
526,766
86,409,949
285,287,617
25,204,609
65,483,708
437,853,901
51,414,570
420,762
13,134,681
131,452,938
488,570,764
445,650,843
40,64,133
577,794,990
59,732,858
629,663,802
491,650,663
27,687,785
181,403,740
110,627,743
267,560,576
10,421,589
175,453,721
267,533
122,792
314,878
332,406,958
124,267,1000
105,156,349
251,429,845
35,625,984
237,298,803
249,413,523
492,787,902
345,389,572
12,197,403
371,547,882
38,194,437
484,822,944
441,473
447,498,521
128,525
25,75,691
342,441,958
153,674,925
761,864,928
584,771
638,755,869
650,787,914
332,910,981
279,978
279,366,750
372,513,938
175,604,628
28,512,565
891,892
649,811,893
25,921
586,798,830
213,254,413
279,600,999
178,333
203,208,797
22,143,162
108,215,675
137,169,172
334,770,995
15,474
199,704
439,557,930
679,687
53,646
240,527,557
112,230,668
976,978
82,454,594
41,183
109,324,606
109,338,348
579,728,948
126,174,219
694,764,906
656,667
104,454
492,778,996
8,17,349
416,461
532,914,998
497,712
47,507
559,744,943
401,407
5,839
443,458,693
417,555
402,439,960
704,946,990
350,397,520
415,622
311,460,639
22,51,607
358,421,727
14,161,394
138,423,873
460,570,604
181,701,757
202,212,857
268,720,947
210,599,681
293,861
106,180,267
291,389,731
29,735,921
308,618,907
120,663
454,766
131,452,859
242,519
369,468,641
497,577,631
558,864,956
26,77,389
180,758,992
223,374,723
474,820
262,391,546
744,975
106,271,742
37,169,937
696,706
221,858,871
120,370,700
165,486,655
325,494,982
272,342
85,257
85,454,653
171,824
235,601,627
301,687,869
23,288,499
192,759,832
131,611,649
494,766,979
636,777,904
95,870
258,682
228,461
20,283,342
56,588
68,281
308,929
420,661
92,284,834
199,585,654
20,663,694
68,158,715
526,830,965
165,209,827
508,518
548,565,675
859,868,879
291,448,896
453,590
787,800,884
469,536
315,602,763
54,566,959
136,163,737
205,601,991
150,862
71,295,710
427,429,617
125,415,805
262,632,925
151,623,981
674,761
684,844
277,711
291,507,792
4,188
338,362
268,806,913
88,445
36,114,969
396,666,983
584,954
487,490,646
340,759,801
342,750,863
274,918
134,694,978
16,128,737
615,760,766
171,497
96,405,786
248,434
120,603,677
460,881,890
301,721
638,744
177,275,547
311,387
188,624,926
892,897
370,419,438
108,901,947
597,907,993
29,814
414,822
61,593,973
302,659
31,157,319
73,813
586,738,803
110,217
877,969
302,617,808
334,594,648
545,862
565,695,900
171,531,813
24,301,671
704,883,980
282,537,726
15,554,576
209,360,651
15,390,717
134,457
189,388
401,928
250,537,539
208,423,880
390,510,580
83,513
215,269,451
377,449,721
151,419
63,999
584,622,835
24,605
433,867
100,370
16,851,955
153,210,708
17,179,544
32,164,235
234,311
419,492,494
85,466
812,857
606,868,922
620,637,703
50,109,248
87,331,449
459,538,626
237,492,514
314,362,428
407,961,996
282,986
171,919,994
401,680,715
41,385,389
391,695,868
104,237,924
11,333,825
308,677,781
384,388,755
318,778
140,678,922
133,576,621
25,331
580,929
754,995
91,141,610
371,509,963
322,569
37,159,624
196,1000
449,865,970
386,985
553,946
383,407,745
208,501,692
430,722,804
171,212,841
292,431,504
170,704,808
178,608,761
403,724
198,560,943
63,503,584
107,475,831
71,361,605
69,505,892
754,878
728,770,961
221,555
215,835,932
122,407,447
293,458,688
28,523,908
281,591,915
227,288,979
451,881
196,380,680
11,159
715,972
475,544,683
20,878
319,440,598
233,961
149,152,930
115,395
192,955,998
43,181,260
309,665,754
210,317,437
41,818,846
203,847
533,929,978
171,369,977
390,508,668
468,583,587
378,831,969
51,411,589
85,196,939
464,547,774
163,509,534
82,333
434,576,952
14,377
63,510,839
70,545,670
391,401,536
201,217,417
131,180,761
482,612,697
4,246
117,520,840
375,378,659
360,729,808
608,721,830
609,769
157,185,977
177,717
82,179
28,522,898
300,379,896
351,553,942
262,288
287,975
176,685,912
166,309,668
107,771,900
694,828,839
135,379,504
320,356,834
135,271
370,518,946
152,385,622
177,428,714
5,345,407
192,636,770
420,467,606
159,397,956
87,157,230
398,551,742
290,524,616
104,527,808
176,628
111,280,749
249,638
371,558,876
219,550,737
41,239,341
497,649,774
137,846,913
161,490,692
566,952
395,769
36,89,235
171,391,980
428,566,801
214,436
426,428
92,572,936
161,672
97,159,299
185,337,738
200,864
48,146,775
96,278
117,874,889
604,830
145,514,699
180,207,991
162,379,814
21,113,218
393,660,696
381,601,627
394,624,633
648,720,937
336,520,627
9,304
511,588,966
170,171,294
293,521,817
668,718
521,676
64,132,232
271,560
292,513,591
74,730,835
391,587,588
349,584
272,777
286,714
78,572,759
278,573,800
17,147
118,689,887
101,680,906
217,304,655
530,834
85,367,677
259,327,599
20,927,979
686,745
192,374,521
12,44,259
407,924
251,269,912
237,288,765
642,920
152,401,563
701,750
157,650,796
134,527
498,589
129,586
23,214,960
361,838
107,338,787
186,358,964
361,960,990
46,465,987
417,553,656
521,720
18,380,670
515,568,945
273,803
386,474,756
270,322,657
426,856,922
297,686
615,619,880
137,178,326
391,497
7,544,700
77,194,418
207,453,955
285,531,704
29,210,687
110,336,897
62,343
255,726,990
289,686,812
108,534,932
205,339,674
447,452,974
36,520
136,625,726
154,378
503,849,979
406,428,478
111,124,802
233,273,391
46,226,900
455,505,984
161,460,616
388,735,771
62,70,554
67,594,955
234,329,706
116,229,571
751,803,995
627,798,992
91,633,901
102,994
278,354,474
42,650
19,65,161
15,202,958
375,667,963
546,627,827
465,669,700
796,818
29,248
84,392,562
72,686
189,245,472
504,816
129,366
319,858
454,586,726
462,818,863
130,276,314
644,870
164,265,578
197,788
64,65,750
80,781
315,376,452
160,418,628
759,809,920
392,651
308,432,714
138,320
663,691,971
102,362,967
118,641,920
96,265,686
100,690,827
148,526,685
632,854,956
297,526
155,245,422
407,614,933
765,867
216,325
323,871,945
611,643,727
259,623
143,393,812
516,633,976
189,235,353
428,711
260,653,768
135,378,587
287,400,873
414,785,998
602,632,964
202,695,848
313,383,593
446,451,762
86,357
49,369,373
416,503,949
118,348
459,763,813
675,906
10,558,687
446,466,588
439,491,771
107,285,303
261,330,841
537,880,979
169,267,578
301,874,896
285,667,812
139,264,707
490,743
357,953
47,61
115,468,707
103,136,664
264,680,910
110,234,309
40,178,405
299,344,509
848,876
484,529,795
55,675,687
528,935
879,899
246,896,912
208,694,847
3,113
135,695,897
120,387,566
446,568,670
298,406
616,653
165,235,265
25,622,955
690,967
147,317,913
538,545,639
282,316
206,744
416,702
581,651
360,707,755
350,682
229,571,644
855,862
998,999
69,466,876
264,324,594
732,984
164,186,717
225,793,987
176,654,868
173,184,198
395,857,906
349,865,941
273,728,814
28,919
72,611,625
285,365,837
127,298,611
381,746,934
83,463,598
81,164,512
73,224,267
74,174,565
130,454
295,314,438
176,321,361
217,240,408
131,315,632
698,713,918
384,862
86,520,931
133,468,785
169,532,825
43,377,822
201,237,801
191,863
334,404,696
308,673,872
473,671,798
71,615
326,611,972
198,777,794
420,627,934
264,951
340,361,907
144,790
57,62,984
285,704,951
26,314,742
475,693,710
228,307,847
284,425,936
4,88,359
29,513
226,744,920
173,519,537
22,177,586
325,607
474,562,864
41,806,828
127,317,391
222,753
168,443,481
93,709,713
125,674,964
10,848
90,870
220,966
575,598,841
339,361,837
39,218,825
344,688,846
541,760,765
330,614
801,872
35,879,985
317,498
111,660,818
220,637,789
791,863,888
339,431,777
10,432
586,863,893
342,741
748,821
377,523,856
206,503,572
199,234,585
148,291,930
216,798,877
21,253,452
355,365,457
19,631,877
81,483,502
390,510,896
121,413,663
412,553,796
545,610,812
205,581
182,196,642
295,704,881
29,460,606
756,987
8,356,562
335,769,797
367,436,481
152,296,399
100,572
581,948
471,644,838
6,307
390,640,755
137,238,630
2,852
97,293,911
714,809
46,760,769
38,365,596
303,559,713
64,933
367,488
52,677,698
420,907
472,761
553,618,974
93,229,806
92,785
13,560,685
540,790,941
142,549
538,583,822
140,788,969
67,655,740
264,691,959
246,764,786
176,272,419
219,654
334,435,979
409,413,521
152,676,716
759,942
53,165,531
155,450,667
150,861
174,914
233,477
203,447
125,236
221,290,528
773,792
698,720,944
531,739,970
142,826,929
158,463
520,633
337,502,896
12,532,574
476,531,993
149,705
190,240
825,963
123,157,521
25,588,617
497,927
366,636
157,467,759
455,856,995
408,985
426,616,938
123,706
229,612
444,717,723
152,506
158,629
120,491
42,409,700
598,769,945
255,919
52,80,714
149,740,917
585,934,937
84,210,293
16,909
426,596,598
385,780
52,661,956
286,531,684
55,274,819
44,193,335
143,371,565
361,374
10,99,813
356,907
406,480,553
13,997
156,596,953
265,412,502
120,121,851
56,516
70,355
91,277
742,746,992
467,650,655
822,944
171,183,480
9,811,927
110,341,900
93,126,963
303,944
848,860,875
55,484
114,262,507
193,466,733
34,670,871
49,370,433
327,747,944
127,142,268
662,816
568,580,901
382,881
393,756,957
347,780
517,596,749
62,86,515
394,750,939
140,494
228,458,523
47,195,241
189,430
395,638,813
251,839
141,312,881
538,910
746,780,789
266,359,412
67,786,904
369,438,655
318,556,697
764,845,988
102,110,298
163,742,994
240,438,560
473,987
604,730,835
146,390,528
116,357,892
269,399,641
165,984
271,644,654
38,388,695
239,282,932
57,275,803
463,548,582
71,133,256
184,828,904
451,584,790
349,574,783
378,748,805
410,562,802
22,214,561
122,542,740
371,459,848
17,375,711
379,620,737
658,662,918
89,766
117,429,457
393,740
441,457,912
206,782
140,330,339
71,190,773
215,559,824
180,464,614
10,315
136,622
216,220,342
259,289,612
559,873
225,284,662
399,450,992
112,414
441,477,562
157,357,412
248,878,998
517,666,758
150,620,792
55,425,960
216,241,636
86,476
74,549,552
403,561,716
102,258,880
88,135
411,589,816
802,810
454,489,836
307,710,908
176,745,846
435,470
60,405,833
229,350,461
230,565,705
549,941
318,555,573
62,925,953
246,310,685
161,274,845
660,886
407,772
146,855
296,773
7,177,797
105,903,941
43,430,533
512,741,987
585,635,691
365,692
102,203,369
66,374,997
296,644
272,958
200,911
186,608,974
159,207,541
57,92,240
453,502
169,439,543
395,504,692
349,623
418,630,761
130,498
38,207,989
53,439,807
473,777
95,279,839
323,491,868
482,783,788
68,902,974
38,507,859
65,311,360
59,299,717
334,895,917
135,887
175,862
191,752
57,349,420
93,319
255,307
473,525,569
365,768,966
194,516,844
643,708
66,270,341
10,635,940
39,537,793
406,665,693
72,420,668
209,299,392
792,851
163,408,506
275,455
167,408,428
697,731
372,471
212,358,391
503,838
24,280,792
161,285,508
202,598,811
110,357,610
248,709,846
57,512,677
370,773,907
91,175,838
627,923,928
135,529,659
693,752
243,422,591
1,8,68
249,594,765
325,804
489,549,998
188,369,843
168,559
89,552,991
296,933
89,507,889
634,961
227,697,880
478,609,772
276,493
73,983
323,649
10,572,620
4,274,896
493,596,937
625,884
282,649
43,139,573
16,211,793
142,596,616
62,935,985
134,249,572
576,888
363,398,802
54,172,654
44,475,492
33,932
449,487,896
120,458,663
361,799,909
419,460,647
236,468
230,504,902
60,272,278
479,943
178,370,657
594,757,916
66,292,405
586,681
178,193
269,710
773,908,916
295,702
38,285,875
13,279
152,402,960
9,982
81,110,874
236,325,473
224,681,964
586,685,780
10,702,910
526,567
280,489
713,726
249,936
10,34
424,833
489,557
206,208,936
364,372,728
447,458,827
661,704
21,481,998
760,771,909
224,654,835
330,564,842
337,628,998
147,428,984
69,435,784
561,766,999
228,624,758
269,350,604
289,613,855
7,895
3,174,471
207,500
45,104
107,654
262,473,685
297,300,515
62,186,979
297,499,856
186,267,546
244,420,967
290,450,954
264,711
417,732,746
405,422,525
195,601,898
399,525,654
204,345,432
7,356,990
204,562
566,907
57,221,776
545,727,879
214,362,425
265,347,680
253,719,889
533,555,796
207,558
4,55,734
40,898,940
7,961
547,595,769
52,450,671
439,469,494
342,909
260,672,917
17,918,941
80,420,577
498,859,945
74,555,839
78,401,664
392,670
215,384,813
126,619,739
3,134,165
394,902
58,166,887
436,657,917
847,907,968
481,550,644
299,395,640
153,749
741,748
415,723
71,87
319,469,594
421,840
188,759,810
336,637
366,537,841
154,435,462
344,813,939
220,564
177,724,809
285,520,623
497,904
101,938
388,468,583
611,848
440,551,761
25,698,711
280,541,609
428,619,925
57,133,389
342,532,581
347,998
70,196
83,943
368,756
410,869,962
185,253,952
300,397,521
486,670,725
250,280
209,451,717
38,136,809
4,161,394
161,499,784
314,572,902
74,372,753
276,533
326,431,991
404,814,862
246,856
61,227
109,459,870
53,54,669
163,260,286
10,538,859
101,750,901
189,498
57,452,461
123,292
376,755,955
86,283,543
557,797
5,319,426
362,906,955
245,486,992
35,742,849
339,724,994
187,381,720
494,993
169,500,511
848,974,985
98,516
565,847,882
338,767,849
227,276,843
135,202,376
166,722,872
168,835,931
88,289
272,880
177,418,615
410,589,836
3,510,569
269,299,637
310,948
58,727,785
468,617
139,465,799
14,87,548
397,531,859
474,836,936
520,910,982
92,469,968
772,801,815
59,91,349
80,826,867
110,194,499
181,551,799
615,636,900
655,984
8,374,605
536,957
645,970
225,433,653
320,415,677
282,555,653
220,300,664
466,923
473,786,868
532,842,863
33,164,198
108,502,845
555,714
476,601,647
84,126,245
115,281,303
530,946
316,622,806
19,814,944
677,939
61,405,666
203,388
349,855
85,204,451
238,674,943
18,44,624
74,613,729
829,981
107,740,790
290,315,442
580,785,837
562,717,874
145,167,291
121,747,787
170,262,635
245,632
203,209,915
29,294,730
170,178,735
106,149,422
98,108,559
454,628
35,216
125,431,497
687,903
499,643,795
53,130,254
389,817,886
448,591,749
550,621,780
194,498,870
42,115,194
139,345,579
349,521,568
196,944
12,48
735,784,854
9,182
649,820
239,870
220,552,748
160,218,891
526,671,996
242,591,696
560,923
86,175,660
210,705,856
464,696,964
733,815
45,340,533
285,392,570
76,751
403,418,946
68,645,655
247,516,883
633,757,776
214,506,699
625,668,933
59,143,744
272,571,608
488,514,765
123,498,671
595,682,743
332,350,611
664,884,891
154,262,590
390,443
696,720,784
3,23,609
226,517,969
626,868,883
172,497,720
361,416,824
222,476,892
73,735
82,301,538
470,647,735
20,306,895
132,682
551,635
404,607
94,157,360
103,315,988
347,420,619
79,168
123,387,934
211,696,929
826,857,920
7,653
672,913
315,327,440
111,940,958
406,463,524
142,375,937
697,739,910
110,339,929
400,430
86,449,618
81,829,952
114,691,996
285,401
111,378,435
294,704,811
36,578
280,577
238,763
163,351,651
272,937,973
67,141,955
61,178,927
232,355,501
744,881
34,498,840
95,209,312
40,183
118,222,687
49,349,760
4,404,543
124,636
146,444,623
880,933
566,996
243,608,958
24,377,996
67,284,603
453,459
161,437,529
373,556,793
107,907
539,619,909
48,835,846
354,774,976
234,735,957
535,646
78,167,278
317,559,813
409,544,600
364,745
71,471,809
175,281
281,565,626
538,844
346,413
85,857
349,432,978
39,351,933
305,591,833
236,860,922
412,419,429
414,653
527,644,752
297,925,940
190,865
395,411,824
340,631,740
60,692
37,226,805
205,407,854
500,789,973
261,823
82,275,887
38,444,889
61,199,842
297,647,818
336,474,665
839,981
67,801,988
385,843
242,497,893
286,687,718
494,680,807
193,304,688
104,628
103,341,763
125,626,710
121,335,731
65,192,346
324,587,875
371,538,651
384,394,873
549,752
94,704,940
589,900,915
190,241
105,409,950
239,335,591
116,876,920
19,350
159,524,992
242,293,958
574,651
783,991
310,940,958
504,528
145,686,752
107,185,348
360,768,982
34,82,981
251,699
64,146,920
685,877,921
412,433,867
99,247,641
55,774,862
173,835
596,654,704
527,618
503,999
169,681
104,790
404,459,501
12,44,834
230,311,651
135,645
194,520,576
590,718
339,413,447
330,725,937
81,382
62,643
3,929
365,459,680
108,775,944
265,946,982
51,429,628
251,982
375,712
119,583,630
298,913
25,697,967
229,391,398
127,219,472
93,341
576,932,982
520,744,887
103,313,943
165,773,960
406,590
205,727
127,479,973
217,492
270,798,821
116,376,617
142,489,553
363,817
560,656,913
282,338,970
68,191,407
189,703,963
384,730,814
140,701,829
263,402,458
392,957
128,136,880
279,492
306,829,874
872,942
8,425,455
83,391,863
189,517,868
102,216
96,253
509,629,902
272,656,850
780,939,962
228,235
333,569
159,372,405
111,351,493
549,572
423,916
739,855
154,339
174,556,650
211,377
42,335,641
128,625
87,301,618
517,694,743
564,933
279,895,960
397,613,672
745,811,990
448,635,833
220,534,966
45,449,754
613,728
356,733,794
202,499
154,271,763
616,674
108,140,820
560,709,926
75,541,907
229,660,975
218,332,769
576,935
203,210,993
592,995
50,872
273,286
86,410
345,506,955
167,418,568
228,432,673
299,490,882
189,290
617,807,840
256,464,552
109,173,364
192,430,745
237,445,792
537,790,809
506,600
188,352,710
953,956,980
458,886
14,665
7,398,494
493,806,992
9,188,480
31,645,678
346,833,926
29,179,231
175,467
143,618,812
103,731,959
533,867,880
159,463
684,848
243,448,626
66,236,759
6,520,541
335,488,533
520,794,830
235,724,879
176,616
463,480,940
608,750,802
20,906
269,733
402,602,886
179,227,691
8,149,694
245,891,926
125,764
178,246,960
39,332
240,622,833
371,562,795
13,28,979
128,203,318
514,792,885
37,356,939
359,412,775
669,843
639,829,835
841,892
668,804,939
102,607,811
90,482,505
883,997
690,815
602,753,905
191,361,461
17,694
212,608,745
198,470,575
488,506,974
783,881
116,449
470,550,591
95,599,932
127,654
13,49,556
488,523,582
72,607
181,725,899
791,808,863
95,133,945
423,964
129,421,867
175,244
47,66,994
67,297,506
190,415,831
325,374,666
452,895,942
253,624
421,444,702
323,524,642
411,446,795
346,722
374,738,904
175,901
102,190,208
596,962
276,801,817
238,426,791
11,32,40
121,476
133,835
249,626,898
591,827,931
449,476,566
899,900
160,244,478
182,680,885
243,724,763
623,960,973
117,172,506
487,856
158,694,961
254,534,830
158,457,824
162,468
122,277,424
223,487,599
58,281,820
877,883
104,302,950
274,680,682
293,355,608
141,444,717
792,817,855
372,598
138,553,631
22,848,867
335,505,699
827,867,955
199,828
255,540
374,653,779
3,683
142,199,845
138,285,944
349,389,866
34,621,687
111,851
544,914
15,86,873
169,798,883
632,833,996
890,903
177,597,800
425,680,855
432,487,700
29,34,852
146,309,371
141,312,734
100,506,643
472,519
127,209,330
174,283,793
480,741,841
379,467
41,410,841
696,751
295,491
486,888
395,470
90,221,841
280,772,986
21,626,971
106,748
264,350,542
415,571
751,995
307,386,863
72,287,641
190,740,803
241,321,881
382,777,960
585,787
106,306,526
128,361,478
218,391
504,804,870
623,684,709
269,745
145,831
311,457
186,532,957
102,316,508
1,3,100
959,971
118,269,281
89,760
393,699,815
134,929,930
377,731,809
141,521,602
16,541
169,671,746
300,900
184,841,953
32,41,818
586,910
550,792
349,490
460,474,873
484,946
160,352
64,254
31,384,633
229,239,790
117,490,618
540,793,907
111,969
635,662
186,921
111,608,806
269,504,934
386,412
459,561,961
32,644,964
442,715,954
102,350,786
206,347
150,615,751
523,732
306,574,963
691,893
591,725,992
173,387,426
532,714
445,702,843
208,575,982
11,656
182,336,459
233,745,868
588,633,639
33,640
39,49,975
334,629
587,707,775
278,421,559
376,929
140,222
750,826
686,911
470,682
171,953
119,123,876
362,566,690
3,561,900
91,665,935
448,725,868
60,84
14,840,898
205,450
353,418,586
461,900
397,672,898
51,558,565
37,973
48,87,236
663,834,915
507,888,992
143,717,830
332,462,786
515,661
224,519
692,738,952
477,761,821
305,762
567,703,933
130,431
92,108,633
312,646,836
142,212,593
337,529
75,208,803
65,513,936
217,367,584
113,374,832
583,719
597,793,936
25,249,694
257,265,985
724,922
213,620,772
433,452
7,847,996
323,437,989
528,738,890
84,274,554
217,548,691
240,488,701
166,388,871
203,638
282,310,780
374,534,870
81,484,835
89,858,956
331,337,640
352,720
338,884,886
250,299,463
82,196,799
785,926
194,209,961
317,945,946
190,653,950
88,325,727
117,179,962
436,894
77,839
18,508,812
153,901
251,924
440,608,973
95,228,370
98,487,989
26,179
149,408,417
844,882
256,870,943
523,553
179,708,875
575,604,698
569,705,768
180,564,593
442,879,908
33,679,776
637,758,850
127,131,218
90,231,311
394,483,985
950,978
74,166
85,106,191
116,591,967
595,769,778
350,900,932
20,167
132,215,324
6,426,704
57,367,523
377,692
27,910,923
78,693,971
36,335,541
66,331,893
86,505,593
565,848,863
433,468,627
48,752
586,675
357,588,708
124,420,489
26,765
64,154,189
424,877,997
364,603
829,861,993
299,848
76,181,716
366,821,954
64,565,737
284,430
54,796
464,591
90,980
166,283
24,296,713
123,161
367,921,937
362,605,950
490,545,562
65,633
254,521,941
53,258,899
51,957,966
343,680,762
78,314,772
330,627,830
732,774
21,37,290
384,881
351,727,731
909,988
195,580,832
85,388,748
125,608
61,752
173,254,414
10,88,897
71,85,152
424,647,774
397,933,965
267,268,940
66,399,616
185,414,870
134,228,849
20,580,915
204,793,870
382,850,971
385,767,776
563,633
808,811
46,375,505
309,432,814
258,545,876
124,169,268
248,622,911
34,141,820
41,841
38,744,755
541,594
250,252,511
468,931
242,614,769
28,90
298,881
663,755
531,867
662,984
400,546
3,120,216
284,403,560
220,703,750
239,435,497
358,417
433,492,995
239,830,839
96,533,961
284,307,967
107,714,816
47,52,224
199,275
198,985
269,499,870
149,491
63,250,447
23,136,225
384,414,935
123,386,743
70,316,496
667,829,849
166,347,799
299,641
678,701,880
287,824,853
222,451,755
139,701,947
660,661
664,831
92,936
464,537
487,724,882
39,585,637
288,501,915
48,258,501
65,274,535
224,753,888
223,359,957
513,710
144,782,807
292,494,945
625,773,778
374,414,713
794,906
330,667,767
106,710,784
80,413
333,864
706,802,915
441,502,661
96,196,857
118,231,629
86,166,277
590,674,1000
99,327,820
548,889
334,524
558,848
338,503,645
47,236,571
85,179
107,156,280
131,621,840
496,863
114,303,650
259,747
71,835
340,959
339,495,502
122,413,826
285,309,324
217,228,469
346,616,752
365,900
912,946
77,814,830
7,614,900
308,807
266,589,952
149,169,372
390,489,950
270,448
537,794,855
308,690,988
330,396
104,775,998
379,669
663,771
381,576,578
550,652,724
129,306,925
363,908,978
438,612,905
311,733,837
32,882
22,714,866
428,771
203,274
485,653,792
215,468,642
284,703,856
322,481,522
220,732
160,573,807
487,700,920
410,698,871
271,308
498,509,875
98,287,730
475,808
357,520,892
483,535,640
317,444
654,669,843
180,353,462
19,558
737,869,970
259,327,946
722,742,970
114,456,635
684,782,865
162,408,422
655,731,797
589,624
372,905,951
63,79,852
189,496
331,357,514
277,882
24,529
118,921,998
641,775,835
514,743
588,589,887
491,605,917
738,791,975
95,421,423
729,812,834
145,717
253,884
380,663
63,232,419
781,831,941
247,549,827
174,437,556
251,348
188,767
556,877,957
78,178,897
166,245,337
404,414,754
537,699,967
706,909,910
852,966
187,856
349,445,514
141,576,857
722,812,901
60,406,462
81,819
83,159,342
590,677,708
739,884
297,319,440
114,386,846
101,388,410
55,380,870
5,531
429,697,813
280,778,837
269,388,934
136,374,781
301,638,756
581,650,653
58,570,824
22,274,287
305,956,983
22,190,364
633,836
36,360,809
157,466,733
706,822,946
63,363,884
54,639
488,634
204,787,868
533,751,810
73,560
729,764
340,747
118,401,497
216,259,621
232,703,991
194,474
28,776,892
611,657
225,645,677
98,196,963
150,280,286
337,864,952
22,359,437
634,688
239,271,842
503,537,631
753,764,965
109,286
413,710,996
81,84,881
312,641,795
400,495
133,289,393
258,369,900
187,424,784
705,776,825
177,308
251,639,679
146,453,775
218,634,681
623,642,756
366,718
53,253,772
343,379,721
599,845,976
603,807
485,582
443,884
724,764,809
120,153,749
243,416,547
87,498,679
631,834,950
503,505,619
627,958
702,889,890
52,614,860
192,690,816
153,216
33,396,842
466,707,768
254,363,914
116,848,897
93,616,749
470,522,598
463,995
103,105,282
279,580,636
140,905
58,250,390
156,419,498
412,467,568
154,184
22,115,185
58,421,518
86,416
6,793,856
424,919,925
99,671,897
183,736
486,893
37,140,328
670,686
222,637
323,679,682
516,629,837
98,535
549,706
48,474
314,465,503
262,344,700
3,124,900
226,426,496
313,475
33,303,338
31,168,730
157,909
242,243,586
369,803,929
378,707
112,274
247,761,893
734,754,840
211,793
265,955
541,806,950
237,760,794
824,982
120,773,936
112,380,395
52,79,750
246,397,877
4,250
11,564
194,317
418,782
365,871
422,564,791
47,712,948
8,561,769
308,971
64,486,914
87,605,890
720,756,807
554,582
40,126,808
290,525,614
212,590,614
246,476,788
274,617,957
85,144,861
104,153,755
59,302,911
63,600
541,634,716
207,305,964
342,491,600
267,442,777
7,374,801
163,517,962
29,34,633
12,620,914
609,865,957
150,438,469
261,685,1000
395,621
21,564,846
187,274,989
584,741
443,631
297,482,948
321,423
279,633
640,867,906
144,767,914
36,417,461
53,506,790
321,701,755
657,788,909
98,417,619
55,679,779
219,247,745
181,318,776
309,785
320,553,918
352,517,631
22,266,754
212,742,808
207,525,704
348,556,922
74,494,882
76,350
45,355,394
67,307,465
464,570
652,846,890
535,738,937
539,558
274,339,364
94,596,935
108,293,565
62,331
332,440,844
718,947,958
388,923,952
392,511,1000
390,576,727
451,695
23,945
646,897
754,900,952
134,360,988
220,292,649
330,473,537
24,523,732
140,298,637
58,115,659
537,752
20,277,751
96,439
403,766,914
198,443
124,649,798
153,550,717
401,930
175,627,678
58,181,558
270,463
214,221
20,539,967
442,482,818
178,671,761
504,518,534
109,568,855
306,524,660
83,418
27,157,175
115,266,707
317,414
337,477,761
243,524,773
393,651
137,496,791
30,888
36,150,370
14,344,985
161,576,670
130,484
606,665,848
534,782,835
515,766,879
323,466,939
116,367,905
61,534
125,178,752
282,488,739
14,86,483
433,817,862
436,894,974
120,191,463
63,769
497,754
126,198,219
467,721
10,188,938
444,675,840
170,305,351
129,264,956
235,548,690
342,550,761
840,924
866,963
423,691,759
30,40,911
223,316
67,231,698
113,824
424,971
90,160,666
145,662,766
74,576,852
523,592,772
47,585
312,534,932
283,638,812
940,943
245,555,872
208,447,741
238,577
108,338,342
351,442,745
436,731,851
318,696,933
294,948
140,170,764
308,686,837
73,382,780
193,809,895
435,885
697,856
87,449,576
468,664,768
74,775,862
379,618,982
139,430,455
455,688,731
344,964,983
270,381,721
312,360,744
178,348,416
250,476,760
371,381,766
88,786,796
239,652,969
191,381,575
447,653
79,551,611
383,435,725
160,542
191,212,838
105,190,280
68,758,838
162,554
22,529,719
457,892
184,802,818
237,275,278
594,960
105,249,561
379,437,986
197,488,918
698,792
34,108,386
69,442
109,259,723
210,398,847
76,672,678
17,206,563
179,224,477
165,436
843,926
487,574,996
506,832
121,151,573
362,488
425,954
24,557
626,734,771
520,838
112,429
15,34
315,938
215,357,981
47,97,456
299,570,939
19,93,593
303,416,663
734,738,768
304,551,858
38,246,827
236,487
2,91,161
167,308
461,523,688
50,336,804
617,784,788
163,323
221,242
464,850
128,374,439
48,324,371
147,781,843
479,967
152,389,416
276,531,935
189,265,799
198,442,805
368,472,749
730,804,935
493,524,784
484,864
369,745,956
61,758
437,962,981
273,403,914
473,623
199,205,632
54,537,670
413,700
419,642
238,435,519
168,545,813
112,534,610
139,868
222,882
8,457,838
133,135,837
240,450
431,470,652
293,797,867
306,546
350,704,706
723,933
693,796
511,545,730
53,705,994
30,169,791
773,952
368,440,839
460,556
824,920,944
281,617,756
330,786,958
377,408,485
50,586,814
446,869,897
287,453,946
814,864
446,588,981
340,807,843
630,646,715
493,718
28,878
471,741,906
572,950
582,778
582,712
602,703,961
187,777
471,590
359,587,924
159,320,750
653,706
364,585,985
512,555,619
75,425,796
205,846
245,312,323
252,267,272
378,722
274,350,812
86,588
75,221
52,188
23,92,555
212,302,957
531,975
74,618,679
521,802,861
143,621
145,216,543
158,448
102,461,597
8,217,443
224,784,926
212,526
541,550
455,609,629
287,395,966
20,367
213,752
256,750,975
220,330,693
186,262,567
709,951
320,376,675
81,311,766
400,530,931
381,674,754
137,481,715
55,692,894
17,439,472
428,810,903
109,323,822
417,443,481
4,258,680
22,795
542,546,830
178,654
10,524,671
135,733,981
465,652,822
243,368,926
29,707,730
300,509
24,145,971
464,598,783
179,213,435
636,980
100,832
612,852
173,252,532
158,524,671
22,482,632
512,643,653
160,626,757
204,215,366
544,716,767
591,733,755
697,966
213,221,799
457,717,962
196,587,621
480,811,876
468,726
209,356
19,334,686
55,143,881
109,299,785
363,377
61,83,601
189,808,954
256,734,881
64,405
255,630
147,650,716
148,190,800
108,747,958
459,762
126,245,473
63,163,458
139,320,514
253,858,948
626,858
13,621,912
385,793
312,612
302,525,836
173,405,972
50,60,459
576,640
538,588,915
121,210,908
610,803,955
550,726
91,648
171,739
284,618,727
82,327,510
772,974
291,553,856
357,754,946
644,725,805
244,403
103,452,731
658,870
31,86,123
729,822,876
83,566,593
231,232,707
64,601,758
159,710
683,712
41,578,884
294,884,903
359,840,945
586,994
278,673
197,257,855
257,499
201,249,849
238,827,845
339,418
114,128,865
224,642,701
247,932
23,672,974
92,537,984
338,497,583
399,749,925
174,335,899
259,467,899
653,697,719
479,567,949
691,780
568,592,959
335,417,619
9,904
190,554,722
188,279
172,480,973
276,826
35,236,383
283,536,874
332,645
158,497,735
120,408,438
74,248,460
80,799,847
127,477,551
192,214,648
108,185
306,386
435,611
508,510,855
22,132,501
113,341,550
272,863
171,798,853
141,239,402
105,211,443
503,672
3,78,436
237,689
15,266,427
298,989
97,306,949
527,996
267,827,930
170,644,770
382,472,944
802,983,991
94,674,770
311,347,543
541,915
373,897
290,374
220,222,417
648,764
660,764,954
199,477,644
183,435,752
149,432,719
88,302,692
433,684,903
109,736,746
252,530,841
39,306,524
190,677
205,578,671
88,405,765
208,254
74,425,624
248,730
134,247,373
374,619
242,292,745
208,430,593
584,851
229,590,893
47,322,481
330,517,830
59,475,779
287,734,768
231,599
226,770,786
401,755
366,685,712
353,585,952
382,805,994
316,540,677
909,949
73,364,967
788,880,931
38,446,857
203,330,804
294,900,998
619,908
260,940
314,577,726
333,480,624
301,483,857
66,1000
186,508,840
362,416,816
93,178,863
173,230,831
544,773,941
590,636,661
378,497,958
330,341
38,70,454
212,448
51,610,723
139,152,491
194,429
100,668,925
4,29,74
409,663,978
524,735,948
202,652
135,421,855
294,579,601
546,635,877
145,249,900
525,879
179,274,429
439,560,951
132,376,646
437,562,580
532,579
588,610,658
14,446,680
240,531,547
359,730
230,890
940,988
152,256,812
650,918,922
46,195,447
3,760,892
442,463
176,786,983
786,804
234,511
108,476,869
499,529
124,619
162,277,556
474,549,704
217,243,562
205,497,637
529,727
41,370,473
418,553
264,542,595
53,228,631
508,813
441,905,912
206,494,955
100,620,719
28,103,959
65,185,819
759,826,866
199,226,228
66,489,750
249,582
179,222,498
265,920
31,180,698
448,551,750
267,440
460,501,944
36,134,853
263,418,904
13,760,776
424,486,879
63,577
61,103
408,584
298,480,951
33,325,943
142,716,761
459,604
105,542,769
180,777
212,696,911
311,919
153,328,547
220,567
401,705,978
560,565,573
45,461,543
232,310,909
35,534,666
262,965,975
338,367
536,686,903
321,358,495
9,418,969
109,301,698
204,340,942
252,791,949
95,145,315
342,779
265,309,646
85,555,691
3,355,624
347,437,599
48,319,699
432,547,987
249,349,767
752,764
23,227
131,242,256
120,311,544
622,634,843
536,570,894
48,390,670
339,614,818
98,717,873
194,324,952
256,621
431,482,894
107,636,813
330,376
530,681,985
191,287,910
452,882
739,961,976
164,736
664,753
199,374,717
754,835
209,421,997
495,845,977
22,812
729,756,987
70,217,772
75,881
202,468,607
42,335,369
131,703
25,284
856,871,916
262,677
180,786,954
575,801,992
34,424,515
42,541,622
338,599,980
525,787,888
345,370,537
389,699,903
56,771,847
467,827,934
197,684,788
109,733,1000
356,880
727,952
238,603,645
148,216
480,657,938
366,972
415,582,807
330,969
73,378,553
76,105,676
7,573,760
117,760
400,570,775
28,139,967
41,335
108,157,202
241,254,632
389,402,843
111,180,472
242,593,811
30,366,396
275,363,600
249,677,974
349,594,662
176,458,544
406,450,937
114,368,750
39,470,671
306,689,734
30,41,937
8,296,766
90,133
134,751,964
509,803,847
363,886
84,545,706
303,583
416,936
50,350,729
403,447,964
271,658,821
139,273,930
184,833
12,868
302,314
78,604
33,35,829
273,985
163,492,856
394,522,831
148,718
15,386
594,884
156,540,573
107,438,700
399,719,941
49,290,462
498,746,771
251,871
322,333,556
417,669
46,204,866
686,861
599,946
280,469,832
265,520,543
659,730,848
629,920
293,413,834
571,868
150,181,367
290,616,947
80,718,903
395,795,934
282,409
368,681,963
545,591,814
765,794,953
395,755,873
689,692
53,482
485,573
98,568,878
205,524
219,282,491
79,339
512,757,769
797,867
102,664,810
188,491,846
240,250,603
542,727,961
346,958,984
101,102,318
285,608,916
65,706,900
146,301
76,472,771
286,433,719
696,715,921
219,300
260,387
165,832,925
297,486
439,730,827
140,310
473,930
113,422,818
534,690,737
300,437,788
108,411
193,439,959
397,791,947
382,704,728
590,864
596,647,829
468,628,642
178,498,890
191,333,862
172,593,947
52,703,788
134,693
21,430,872
394,888,950
15,421,643
774,962,974
154,532,575
9,415,638
660,852
266,658,882
384,518,760
40,521,666
348,951
229,395
60,171
336,538
237,288,719
60,320,707
145,447,960
56,739
32,500
385,539,732
664,796,962
757,854,983
453,520,665
76,530,599
303,901
8,260,539
223,884
220,823,883
492,539,737
28,213,340
168,623,738
122,307,757
342,570,588
88,824,885
144,819,971
680,756,957
168,459,543
43,318,428
18,82,882
154,217
332,507
536,791
130,252,820
212,351,842
9,235,328
650,793
298,907
182,232
205,860
459,482,990
124,877
149,533,990
85,318,555
134,928,999
487,845
255,449,846
477,629
101,480,815
362,445,542
217,505,917
301,646,775
396,481,965
121,676,737
86,859
648,782,851
152,943,945
350,583,946
551,749
540,584,754
215,692
205,711,827
514,867
385,577,790
22,589,776
152,540
288,877
713,735,798
718,892,911
102,286,929
407,644,793
394,442
656,784,994
126,424,564
542,757,827
81,906,912
38,736
43,622,700
698,865
7,105,128
419,711,732
29,804,812
31,208
144,673,987
189,712
303,474,871
18,71,263
460,822,912
291,714,817
39,487,960
547,582,732
87,388,566
324,841,991
392,508,957
3,504,809
166,510,902
78,385
370,488,936
158,648,677
306,525,696
180,853,992
410,684,711
17,173,426
173,224,718
43,244,959
31,288,877
577,817
1,521
100,683,691
482,519,808
696,716,939
166,602
428,737
434,874
146,151
137,715,763
350,511,876
256,399,456
152,264,771
111,846,858
80,171
276,345,409
57,264,740
40,323,660
412,772,914
14,264,691
752,991
374,740,987
105,165,936
197,249,767
227,419,801
899,938,960
141,350,417
44,138,647
468,542,635
496,647,689
53,284,573
230,412
453,574
113,368
438,693
22,300,490
21,69,391
155,296,539
480,713,763
134,295,455
318,634,936
434,584,930
96,296,839
783,921
166,354,621
378,679,947
432,584,760
721,962
439,648
153,270,294
176,761
225,433,930
123,820,977
340,473
16,515,647
300,564
124,201,441
134,499
190,447,591
41,429,882
870,957
37,153,675
12,193,737
80,563,684
278,915
162,327,981
124,958,972
475,700,979
199,655,937
78,385,926
365,646,859
278,673,677
245,993
760,844,871
641,664
134,356,411
53,444,925
44,750,795
184,297,624
408,556,739
345,684,955
55,110,343
75,96,101
973,995
158,290,448
127,372,887
87,468,535
58,350,756
229,953
189,879
85,307,774
137,394,998
164,326
331,453,665
314,620,683
557,986
221,442,698
90,859
691,724,761
196,281,300
109,390
110,431,692
179,282,482
84,131,365
332,647
25,597,711
208,751,875
372,616,825
87,840,900
6,585
791,877,919
63,374,419
53,150,861
750,956,992
578,594
336,460,587
103,256,495
267,407,472
694,983
464,708
232,238,269
717,859
221,385,622
215,779
382,510,845
767,879
818,828,904
335,725
206,795
91,328
43,279,719
323,379,421
576,604,920
425,674
667,927,949
479,838,923
479,649
202,777
256,470,997
247,366,704
5,937,983
57,167,385
340,404,892
262,625,969
38,294,591
725,781,924
72,311
68,579,644
700,834,914
99,708,775
585,893,964
264,576,968
34,506
277,495
53,54,122
5,500,838
73,123,256
326,406
99,520,890
203,282,800
280,439,790
272,280,853
171,742,839
11,391,636
152,788
174,789
84,769,940
28,788
453,767,989
66,336
631,693,959
168,775
246,351,667
414,857,889
846,955,969
136,234,914
1,498,501
406,798
194,259,511
453,570
190,622,710
26,123,239
253,957,976
349,377
735,750
174,422
857,874,881
46,149,206
554,910
315,381,782
45,395,560
59,595,717
358,931
549,635,842
390,906
350,452,881
18,275,828
490,666,680
319,761,972
904,920
565,683,735
173,205,952
22,449
98,855
578,958
3,225,542
332,493,962
16,514,765
4,679,946
63,277,368
35,782
25,304,461
109,232,875
228,797,817
152,179,340
325,326,351
171,489,657
18,573
59,185,870
74,395,601
14,339,992
823,923
71,213,292
147,663,915
380,528,747
153,489,712
303,617,755
390,562,857
266,638,734
140,310,991
90,182,804
571,748,898
535,746,857
66,137,328
814,862
190,797,986
93,126,127
700,794
49,710,711
681,791,1000
141,370,855
200,858,927
117,814
350,530
356,458,996
122,409,436
403,779
290,749,763
805,850,980
15,147,385
422,779
542,653,737
165,697
62,508,520
72,483,511
261,868,948
14,931
108,602,618
437,608,817
529,800,880
184,322,398
160,221,556
87,795
110,817,942
43,836,855
485,490,493
113,220,418
5,305,637
108,157,856
311,528,923
27,371,411
507,742,745
267,719
233,878,908
389,505,556
13,246
237,340,379
95,346,864
301,309,434
228,570
445,502,511
110,119,902
575,749,969
472,709,994
407,438,914
380,619,819
311,673,910
276,765,978
363,567,850
148,705,984
27,743,870
240,369
21,351,518
266,596
344,393
391,459,476
240,458,856
794,959
166,891,900
105,408
141,544,812
24,244,501
220,381,477
428,511
142,500,532
362,782,843
508,520,822
357,639,931
280,475,547
148,458,527
176,614,630
146,406,872
167,374
269,325,904
443,539
69,94,770
365,444,638
732,773
46,192,988
40,269,354
35,655,771
27,607
304,820,985
156,367
612,835,939
53,247
1,197
86,538,785
769,799,886
252,431,481
208,794,979
42,288,537
231,484,824
784,806,863
170,715,980
41,571
165,416,655
159,657
573,781,884
257,476,898
415,871
186,786,969
312,467,902
192,452,908
201,208
441,602,798
694,971
37,690,985
582,627
216,892
232,646,730
447,687,716
228,967,974
368,798
653,716
270,652,685
327,932
8,861
100,625,782
318,523,769
144,556,595
201,894
579,719
393,405,591
183,296,577
73,398,854
464,806,894
317,735
412,613
124,636,758
602,704,833
201,760
701,772
899,981
409,543,976
29,74,86
352,442,523
84,119,476
58,384,504
27,403,944
138,324,723
525,780,806
6,478,622
303,414,952
425,966
682,804
92,389,401
56,547
307,990
265,411
391,448,862
241,443
132,386,479
183,342,671
269,558,924
477,657
58,343,388
125,983
283,285,672
130,929,968
20,903
78,90,905
620,787
683,720
273,778,851
197,523,843
181,228,669
590,770,780
81,301,325
101,395,576
131,418,868
190,401,584
39,342,850
1,54,121
489,615,981
117,323
244,903
353,383,481
525,875
260,792
102,880,928
738,966
605,766
356,374,759
346,627,718
237,312
59,331,574
74,698
61,436,793
57,58,516
265,449
588,689
14,32,53
174,631
451,948
63,597,990
36,295,767
278,325,902
196,311
116,765
330,585,883
346,819
290,383,758
102,144,787
203,355,384
218,333,596
94,200,802
452,549,939
419,809,908
294,925,997
385,705,897
450,803,911
392,484,897
423,609,884
3,952
735,826
33,411,733
149,228,918
50,662,815
178,424,507
222,320,500
110,343,864
55,901
72,427,873
551,666,713
123,367,748
251,509,525
120,441,534
168,692
199,262,497
570,702,885
363,544
14,19,490
513,893,948
25,147,691
134,676,737
504,510,733
897,962,985
181,494,582
236,638,642
420,976
130,393,620
17,851,943
41,65,563
173,349,784
238,956,1000
419,595,933
59,723
84,325,955
243,478,512
174,936,955
47,933
488,726
395,769,917
296,375,405
499,604
237,505,866
806,899,947
287,505,816
464,562
176,263,646
96,308,627
544,584,790
393,501,882
835,972
762,976,989
680,854
153,212,596
688,739,792
753,764,780
352,417,688
65,568
466,705,829
33,938,995
73,786,805
173,330,570
362,719,759
116,375,953
799,827
70,496,539
278,594,971
207,951
12,408,444
19,355,643
103,353,861
136,915
265,607,899
213,875
207,306,758
403,639,753
117,175,976
16,715,811
23,183,901
629,729
285,668
275,719,979
201,447,461
156,430
228,849
422,768
246,418,546
504,576
89,657
15,522
316,541,895
39,637,846
693,903,970
455,907,928
410,870
379,887
32,635,994
194,610,682
203,556,990
139,677,880
313,424,744
247,810
8,437,966
55,70,606
59,449,504
52,268,977
405,652,722
325,575,720
167,563,618
11,384,784
85,156
356,433,676
99,289,562
360,453,822
531,737,816
525,705,864
129,632,696
129,974
286,801,843
670,754,998
319,366,512
270,608,656
114,992
475,615,854
568,633,640
300,450,919
827,843
128,379,734
464,731,815
332,418,913
352,478,700
42,291,604
539,790,968
117,641,950
268,481
484,641
319,366,842
463,554,781
82,581,689
602,926,938
55,837,984
72,408
257,705
31,483,610
53,389,811
4,668,744
361,879
262,598,853
507,715,1000
2,11,745
1,655,918
628,902
731,908
241,718,926
379,562
287,837
42,362,782
446,554,998
361,959
819,820
132,182,534
526,636
332,761
258,506,766
151,295,773
283,564,594
71,307,996
246,444,986
304,346,590
111,517,780
172,359,458
9,190,633
401,869,991
469,792,884
354,612,981
3,374,772
473,479,927
164,173,636
534,781
386,986
138,394,791
209,388,459
376,880
216,366,854
300,354,371
479,585,808
170,217,367
23,134,895
97,397,846
194,737
9,481
63,190
180,703
17,35,75
48,522,984
228,343,394
9,435,913
304,555
461,582,792
193,224,628
613,732,822
81,309,743
22,468,855
128,304,566
474,483,530
282,402,887
172,602
41,391
88,384,852
5,674
387,696,829
495,639
223,730
298,456,868
556,801,928
244,284,391
7,166,400
449,852,887
67,121,338
222,334,558
731,960
370,702
30,522,830
172,271,517
118,201,668
154,270,1000
231,568,773
18,234,910
129,522,611
11,333,723
6,25,512
138,508,774
428,560,775
124,375,458
37,128
141,311,775
482,494,550
88,177,764
40,250,351
199,813,932
240,255,547
132,316
37,700
194,311,726
137,238,927
89,647,784
99,409,541
161,682,779
358,486,532
242,418
339,750,921
5,40,60
82,729,824
426,480,486
81,161,902
294,378,567
190,377,582
174,354
487,855,925
732,860,957
343,386
28,279
387,717,772
775,859,989
282,793,836
440,549
494,561
171,199,230
332,553,784
391,498,827
209,243,337
402,663
54,373,686
337,423,617
119,762,982
23,66,871
302,556,702
507,744,780
189,700,892
935,946
332,696,780
327,612
175,932,985
248,598
73,232,548
139,625,790
131,392
38,331,587
38,509,934
92,783
154,925
567,644,702
112,179
474,509,804
116,839
287,404,841
235,245,715
170,227
453,618,812
442,475
321,347,935
243,753,992
44,720,753
181,308
687,836,860
164,424,868
38,942
16,540,996
220,497,659
96,381,477
363,801,959
164,647
241,462,925
625,754,937
24,491
376,768
644,709
141,281,638
501,534,943
198,850,933
166,168
8,401,660
499,578,703
191,596,656
40,233,828
207,353,973
184,640,815
163,225,365
7,206,740
201,506
