15,30
12,89
27,38
70,90
54,60
36,50
4,74
17,59
38,77
2,81
7,23,94
51,99
2,18
15,42
21,50
59,83
22,23
75,79
32,44,85
41,75,83
60,70
45,47,98
22,67
14,26,61
8,54
5,67
2,46,89
16,46
7,18
4,52
29,31,50
9,74
11,41
37,51
6,44,56
18,46,88
19,82
52,75
50,61,79
39,59
31,65,70
65,96
14,72
15,32
46,56
43,83
46,58,61
20,39,78
13,20
49,50
24,51
47,61,93
54,62
15,71
82,93
6,30,75
72,77
53,91
67,97
56,58
22,73,75
41,44,99
39,76
46,72
9,33
20,86
14,72
49,90,95
22,51
37,96
23,74
72,74
44,95
53,75,81
31,75
33,51,78
1,48,84
64,69,95
17,27,82
57,58,75
54,72,86
53,80
8,60
44,54
25,31
66,90
64,68
17,56
4,68
27,60
73,85
45,65
7,56,71
20,54
24,81
3,91
14,29,74
51,59
15,27
16,48
25,97
92,93
31,55
56,60,99
38,92
2,38,41
10,59
48,60
22,99
16,95
15,94
9,43
7,40
9,84
29,82
29,32,85
36,47
6,26
63,94
65,79
20,86
52,74,84
11,94
24,47,68
1,9,90
14,15,39
31,49,66
16,33,36
6,46,88
43,64
39,68
16,29
10,34,92
3,4
25,95
87,93
38,54
23,30
78,84
1,31,49
1,70
13,19,76
47,58
10,63,85
2,91
27,49
37,81
28,89,94
48,60
57,71,100
40,45
15,32,88
78,94
26,36,60
12,77,100
7,36
57,84
19,47,81
67,79
21,53,90
62,68,99
22,50
61,76
29,30,75
35,69
70,97
2,76
12,32
33,88
2,22
4,61
15,23
12,17,22
6,72,74
60,79
44,72
3,68,96
6,75
22,62
3,23
10,77
60,65
68,69
61,93
25,93
24,97
75,81
90,97
69,76
34,85
68,95
13,47
15,81
1,12,74
1,15,55
16,36,87
48,51,92
13,29
31,56
5,6,66
1,25,97
84,96
37,49
76,83,94
46,81
55,92
71,74
39,98
42,60
16,31
11,48,50
30,50
47,55
1,66
16,81,91
58,82
44,57,71
80,94
21,90
10,60,82
72,95
59,91
41,54,99
48,60,93
3,43,72
29,88
55,90
8,92,93
14,15,52
90,95
63,89
43,90
8,13,66
20,81
43,84
14,20
39,81
40,58
28,99
1,51
35,39,59
12,18,63
19,77
17,96
9,68
32,42
46,73,86
2,86
50,55
14,26,44
11,69
48,84
26,62
16,80
19,76
35,98
69,92
58,84
9,87
3,17,96
46,72,84
54,75,99
38,44
26,84
8,74
27,49,80
4,13
43,70
38,88
46,51
32,94
8,49,97
3,85
21,63,78
48,85
6,11
39,52
28,59
20,38
29,74
31,82
51,69,88
19,30
15,30,75
55,96
6,82,87
30,48
31,50
52,92
5,31,70
4,42
37,59
32,52,62
42,73
18,57
21,57,67
66,79
1,70
49,89
29,56,61
51,59,63
63,83
21,55
35,78
11,61
18,45,78
1,8,13
5,7
4,82
18,60,92
48,53
66,97
29,56
72,75
31,69
11,24,81
9,13,100
59,61
58,97
14,30
44,63,73
75,89
81,96
35,63
58,77,91
70,92,95
8,97
32,54
35,85
3,61,66
24,88
45,70,99
31,80
18,80
73,88
10,17
70,79
25,82
8,78
56,98
51,77
48,97
12,17
53,93
3,55,76
2,61
26,66,68
23,65
25,64,73
77,91
13,31,80
80,87
3,5
22,32
4,62
25,60
46,75
34,40
11,15
50,58,59
9,82
70,93
50,53
30,39
59,61
20,46
33,41
10,34,81
20,49,92
68,71
4,8
27,33,51
29,42
6,54,74
44,100
19,20
58,62
13,55,70
23,72
19,45
11,75
8,15,67
48,82
46,52
58,67
11,73
76,81
17,27
49,95
42,72
44,64
21,31
55,70,90
48,50,53
30,48,76
7,20,59
73,79
8,90
16,18
74,75
16,40
26,51,75
26,43
29,76
16,21,46
79,100
14,54
6,23
7,59,87
7,97
24,87
30,97
46,67,84
32,61
14,38,83
13,28
80,84,92
14,42,54
15,44
9,34
18,28
20,90
24,100
3,69,83
29,32,61
51,82
19,47,67
23,29,62
18,69,88
12,42
28,79
30,56,58
71,78
27,38
53,63,78
22,27
49,66
35,40
18,25
35,36,57
14,65
2,22,28
82,97
25,93
7,9
31,37
79,85
13,49
23,41,75
48,55,90
45,51,98
58,68
34,51
10,24
25,53
3,34,60
63,83
34,82
79,84
3,71
1,62,71
18,36
64,69
11,74
14,23
26,90,99
24,54
2,15
58,71
18,87
15,65,73
10,50
5,98
29,62
45,83,91
75,78
38,100
17,24
59,67
41,51,98
8,92
41,53,61
63,86
14,18,27
21,93
16,59,87
24,59
45,81,96
5,56
4,54
6,16,95
39,68,78
25,95
14,29,32
12,41
40,99
16,59,68
2,56,58
13,66,95
31,53
30,86
2,30
59,63,96
37,50
37,70
29,30,33
21,43,93
8,16
4,26,85
4,75
65,75,80
10,82
26,54
45,59,67
44,70
30,73,88
38,54
45,80
32,61,75
6,55
35,57
11,87
7,17,24
29,58
14,21
17,39,59
22,42,99
4,26,74
42,97
29,86
40,94,100
30,70
30,63
20,44
43,55,96
49,82
47,82
20,61,73
1,53
61,85
17,72
24,81
50,59
29,86
2,34,77
31,82
31,55
59,78
3,51,94
43,46,47
29,41,59
4,43
52,85
71,74
7,37
42,52
18,34,59
7,57
26,97
68,76
23,58,91
12,17
29,46,74
28,91
30,66
52,61
33,57
31,40
17,63
9,43,97
3,7
75,76,85
37,40,100
22,35,39
29,38,52
