21,69
26,68,71
3,80
27,60
16,79,100
51,59
5,77,89
38,63
84,88
48,95
44,69
37,55,89
52,54
20,29
10,12
12,29,88
47,53,74
77,81
45,70,97
8,89
19,54
2,61
60,63
59,91
1,27,69
22,61,70
50,98
33,40,71
3,88
52,84
19,75
20,53
44,69
44,95
4,22
17,31
20,48,88
11,75
6,19
57,88
11,72
81,98
18,40,88
68,84
18,97
24,38
37,51,72
53,75
11,21
30,49
79,87
34,39
20,36,77
4,24
17,29
42,58
87,88
35,40
53,62
10,56
5,19,40
2,28
18,43
8,19,54
44,77
11,15
45,76
39,100
38,46
24,57,82
28,35,53
11,74
85,92
61,78
30,34,84
82,91
34,36,91
29,33
31,78
51,60
81,92
54,57,67
49,74,100
4,5
45,99
42,58,65
14,38,93
22,25
37,65
79,87
43,49,89
58,60,93
8,35,65
53,71,89
13,95
95,96
65,90,96
19,75
10,79,100
52,61
82,88
29,39,48
33,64
37,51
16,49,52
68,89
73,79,91
35,99
44,47,83
12,44
17,53,63
38,99
14,69,86
12,96
5,18
41,88
34,72
58,69
20,28
15,88
78,82
55,57,88
31,32
61,62,90
40,63
63,93
65,72
38,47,58
36,57
11,48
6,11
48,58
3,14,44
49,77
14,64
20,62
47,57
37,39,43
53,64
8,82
7,23
12,17,67
72,98
62,72,74
51,96
26,63
31,53
20,100
52,55,87
29,60,88
27,37
23,35,85
32,97
32,81
11,25
10,16,45
37,82,84
37,99
67,91,100
44,71
40,65
17,70,91
12,94
13,46
31,96
40,70
87,88,94
34,67,100
3,35,64
16,39
27,28,68
11,35
62,94
54,78
33,73
21,95
84,91
33,52
37,76,96
20,88
24,46
2,18
16,43,94
50,67
51,56,97
11,19,93
56,84
2,47,54
36,52
3,80
33,41,69
49,52
1,78
13,40,47
24,86
29,42,77
34,60,63
23,41
14,27,46
54,57
55,92
18,60
52,87
48,66
7,86
39,55,94
7,10,59
13,38,63
35,66
71,98
11,78
40,92
40,63
20,61
6,65
64,75,100
50,97
32,53
17,29,73
5,23
38,40
49,83
14,84
53,56,75
28,89
11,65
19,48,82
8,81,84
36,60
29,43
6,49,59
60,74
19,70
57,63
19,97
9,92
18,61
47,96
5,62,85
27,66
12,17,91
5,90
2,32
49,50
46,80,86
31,47,81
64,73
12,77
40,60,95
25,56,89
23,43,73
2,77
15,70
13,63
17,39,62
49,88
3,4
27,70
10,89
1,47
53,74
6,71,95
6,37,56
6,70,85
37,72
10,14,44
35,45
48,82
50,84
21,63
13,26,47
28,41,98
57,58,69
29,100
40,63
14,33
19,30
61,70
41,69
4,43,49
42,71
68,71
39,68
47,90,97
9,42,75
32,84
26,47
64,81
57,68
48,59
6,15,25
47,91
2,92
31,99
48,49
54,70
17,57,82
2,90
49,92
1,59
54,83
11,25,58
41,97
52,73
46,86
12,15
36,75
38,95
20,40
21,46,71
45,76
4,48,79
20,49,59
31,45,66
39,49,88
11,37,65
47,100
39,79
56,58
36,39
70,83
57,58
10,98
21,82
5,24
43,55,59
48,53
12,62
30,54,57
79,82
24,86
67,88
68,100
29,34,50
3,14,63
18,92
53,56,96
55,98,100
10,70
12,54
9,37,85
62,64,82
2,61,62
13,27
82,92
68,87
61,98
46,51
6,68
4,63,94
36,67
2,9
11,25
4,46,69
19,87
72,83
44,68,99
15,44,46
31,35
6,11
16,31
20,100
15,83
10,50
26,30,96
2,6
15,75
1,24
13,26
26,36
70,97
68,80
46,92
23,32,65
15,28
63,76
4,7
38,49
24,89
1,86
40,91
4,16,58
16,25,49
11,51,90
22,34
36,59
54,59
38,56
38,40
18,96,97
92,99
11,63
10,87,94
8,16
62,70
31,91,98
38,42
81,82
10,50
21,47
12,82
43,52,100
57,98
4,60
17,75
54,95
41,74,100
35,70,88
2,6
65,70,90
50,98
9,25
26,38
12,43,82
28,66
31,41,85
66,72
17,59,72
25,35,72
32,47,83
60,90
7,88
23,37,70
69,74
30,57
19,89
78,96
14,69
81,96
23,24,79
27,85
16,31
81,97
2,28
66,75
40,69,71
28,83
49,55
24,27,40
63,79
22,34,44
29,79,94
21,47
13,26
51,61,98
7,50
39,80
23,96
44,87,98
12,34
60,74
50,63
2,22
18,97
22,45,89
22,25,53
34,43
41,55
3,26
42,53,78
46,86,93
10,29
71,81
11,66,82
36,87
19,32,65
37,58,96
14,33
30,36,100
11,97
1,3,80
20,95
78,100
32,88
54,98
60,85
27,33,86
51,97
18,78
8,87,88
16,91
17,54
24,76
14,33,63
54,62
21,44
36,69
40,95
23,97
36,52,100
27,67
65,66,80
17,30,84
26,46,68
6,15
18,46,81
13,37,53
7,76
38,40,80
53,85
33,86
1,14
9,42,92
21,95
42,96
40,50
54,95
3,9
6,67
3,65
19,24
2,18,56
40,44
45,73
46,60
35,62
16,79,88
46,63
9,11,23
59,65,96
65,69,84
12,48
5,37,53
44,63
31,32
8,84
19,76
59,77
11,41,70
3,70
37,72
19,30,77
31,45
44,93
43,89
48,71
23,28,32
51,79
60,87
19,88
20,87
60,69
27,31
18,21,87
39,40,62
4,73
2,79
3,63
24,74
21,80
30,70
62,98
11,99
47,68,69
69,84
13,44
22,44,49
2,6
24,95
20,48
6,31
10,43,94
46,86
23,46
84,93
19,52,76
51,68
5,28
21,80,83
26,38,93
36,43,83
69,75
42,67
81,99
78,99
