54,76
7,10
18,33
34,46
39,57
25,73
10,17,27
10,27,35
2,64,77
85,92
73,75
52,61
18,26
2,100
68,81,86
2,24,69
35,67
3,15
45,47,81
15,75
54,91
63,66
3,93
52,69
76,91
24,57
7,59,72
58,77
10,22,51
24,93
40,73
18,73,91
13,18
56,96
41,86,94
5,99
43,82
18,91
2,51,68
24,65,77
22,90
70,85
6,97
70,96
39,55,88
90,99
47,83
5,17
39,89,91
4,16,83
20,25
28,55
6,62,80
36,53,93
30,56
27,85,100
52,89
39,43,45
55,72
67,77
1,52
44,61,83
15,16
8,75
22,35,70
20,37
26,30
37,46
39,79
88,89
28,91
51,66
26,30
81,94
80,82
5,40
58,59,63
6,35,37
84,98
5,17,20
19,29,67
42,71
10,62,73
50,53,84
2,69,77
30,88
11,19
8,72
57,60
28,46
48,73
1,72
82,90,99
30,85
4,14,32
43,78
18,48
80,83
69,75
19,26
46,57
1,90
11,22
18,71
22,84
37,44
18,78
6,12,97
25,65
38,40,48
2,69,74
69,88
40,59
12,78,92
2,81
9,31
22,51
46,47,83
10,95
15,16
12,36
82,95
68,83
17,65
5,21,25
2,49
59,72
25,27,49
32,83
16,44
44,84
8,72,89
40,76
48,53
8,29,96
34,82
30,90
26,50
67,93,97
56,76
15,47,67
6,18
14,27,43
15,31
16,67,94
4,52
39,55,69
63,75
64,66
23,59,69
79,99
46,89
18,79
43,92
5,60
36,80,97
10,26
58,64
6,29
31,57
28,64
69,87
47,71,82
19,34,75
31,97
48,76,91
24,51
9,17
6,74
10,59,81
8,75
17,20
23,49,72
31,50,61
66,92
5,29
81,89
71,99
42,72
43,68
45,74
1,67
8,69
28,30
59,98
15,32
80,92
2,13
58,79,82
23,30,75
6,53,61
9,54,99
73,91
1,56,72
58,100
75,91
26,59
23,55
56,79
14,86
65,69,75
40,70
2,51
21,98
40,44
48,70
11,65,88
18,56
38,52,91
17,75
1,91
23,63
22,26
10,72
22,44,58
8,34,39
7,87
34,94
6,73
60,73
19,44
71,82
3,48,78
17,51
18,54
63,92
78,84
39,83
2,34,88
49,88
26,42,55
27,39
24,26,42
13,56
54,91
2,12,19
7,64
1,20,70
23,63,77
53,68
63,83
25,38
18,29
6,35,80
26,39
15,43,45
4,97
2,4
18,44
1,67,92
25,94
8,58,100
66,98
26,57
2,6,20
41,71
10,39,75
67,90
18,41,82
10,64,68
54,74,96
78,94
13,60,61
11,15
2,10
96,99
1,2,51
2,65
91,94
48,59,66
12,40
9,13,98
25,39
2,22,30
48,92
27,54,60
93,100
15,61,62
41,79
56,82,95
23,42
53,57,86
16,47,73
26,34
6,9,40
45,62
30,82
50,64,96
74,85,92
26,66
55,94
52,90
30,55
32,92
20,95
56,90
4,29,43
30,39,53
36,53,97
45,46
10,24
73,89
42,72
16,98
16,59
27,43,89
9,21,46
10,18
20,48
71,88
12,46,87
21,48
65,95
22,59,77
21,70,98
25,46,57
7,79
26,27,31
16,83,85
13,33,66
9,72
71,80
75,88
23,59
39,50
49,70
42,62
54,91
17,21
37,50,94
31,67,78
38,71
38,71
44,78,85
43,68,81
5,73
53,99
28,33
32,84
24,64,70
9,68
83,86
39,49
6,68
8,88
43,48
46,83
36,93
76,84
11,67,92
5,79,96
21,51
64,88
1,73,79
55,88
23,51,58
5,35
2,87
35,62
46,48
29,74
2,11
25,44
22,50,100
48,59,63
49,59
12,35
10,36
15,45,98
8,11,63
29,50
69,72,77
25,60,90
28,57,96
13,38,91
20,54,57
1,21
26,59
1,56
29,95
68,92
52,71
42,55
68,80
78,80
8,61
6,67
6,37,47
43,88
66,87
17,54,60
6,50
65,91
33,40
1,16
41,100
2,20,67
31,55
30,100
63,92
49,65
46,48
40,69
24,53
64,84,90
12,28
83,94
11,100
63,65
12,46,50
37,86,96
34,93
50,91
24,87
1,96,98
71,89,96
63,100
33,95
38,43,79
54,86
33,62
50,79,98
95,98
40,84,98
22,82
13,33,76
40,52,70
11,89
79,87
26,65,77
44,58
24,49
8,24,100
7,63
40,91
85,93
27,52
83,94
13,57
45,71
6,36
32,76
29,82,93
52,64
25,89
55,83
17,18
66,91
24,83
11,90
27,64
9,18,95
26,85,86
50,82
1,17,94
7,22
6,36
63,100
14,44
82,84
14,16,32
8,39,55
44,49
70,73
68,81,85
5,14,16
54,71,82
8,23,49
19,25
22,42,63
21,48
45,83
65,88
15,37
80,96
6,29
1,78
31,45
57,90
2,66,100
27,60
55,88
4,43,68
49,58
7,99
61,65,95
26,72,100
15,94,98
3,31,93
17,88
52,98
46,57,58
38,99
17,69
40,80,95
87,100
76,84
22,72
23,26
16,43
19,37
36,56
29,44
25,89
35,53
46,89
30,66
7,58
9,73
28,52
22,96
20,66
46,57,82
85,93
5,87
42,63,88
4,43,50
19,45,74
32,51,84
14,74
12,56,57
19,37
15,68
82,90
27,61,71
5,31
35,73
75,94
7,24,55
5,13,40
6,35
43,58
7,87
41,73,97
28,40
41,48,56
25,100
34,74
15,22,76
6,16,32
44,60,94
77,95
49,75
17,33
18,28
50,78,81
17,56
22,39
21,60
3,98
16,44,61
5,56,90
12,47
2,42,55
18,64
56,87,89
3,91
11,87,100
39,55,66
2,75
43,50,81
20,54
1,91
35,99
51,66,80
43,53,61
15,47
70,81,97
63,64
14,83
22,64,77
19,66,73
3,12,80
17,57,76
4,16,78
