15,85,91
5,51
1,70
7,83
57,60
96,100
13,91
13,85
51,86
40,43,70
20,26
2,25
5,14,93
6,9,64
26,29,98
39,71
62,82,90
59,92
51,67
43,100
3,24,37
24,44,69
16,41,84
9,39,57
17,74
1,71
5,31
40,43
33,64,92
66,99
3,14
8,57,89
23,83
57,73
57,82,83
1,32,71
40,53,55
1,99
21,51,99
20,41
1,45,87
92,96
64,75
4,100
55,96
82,89
6,54,74
33,73
11,58,62
33,97
26,74
87,91
31,67
23,99
28,61,71
13,33,42
44,83
44,72
17,19,89
75,100
13,70
33,51
12,85
47,55
13,25,90
44,82
7,48
2,65
21,58,71
29,64
41,46
23,73
28,44,77
56,77
50,91
51,71
38,46,78
73,99
53,77
89,90,95
25,92
63,78
30,48,55
20,75
29,76
17,27,52
38,93
24,58
57,83,99
75,80
12,88
20,74
21,80
44,89
5,60
26,94
11,34
10,50
61,93
1,51
38,74
27,40
48,55
16,88
45,48
18,66,87
66,69
3,23,73
3,35,77
4,56
3,48
49,57,65
34,71
13,15
14,31,51
49,67
61,63
75,80
62,63,95
18,37,90
16,23
8,18,62
62,82,99
47,74,100
22,88
11,13,14
25,26
73,82
25,62
13,65
2,42
24,82
10,85
71,72,81
5,33
46,69
59,76
7,29
41,53
23,48,57
25,26
21,27,48
53,94
32,51,56
12,65
1,13
5,55
19,43,54
60,83
25,94
12,61,67
48,57,60
58,67
5,93
34,39,85
44,69
3,12
19,41
8,32,41
2,15
9,27
14,85
80,81
19,78
45,83
18,63,75
18,70,92
19,29,42
6,64
13,85
45,68,92
37,87
19,22
32,76
3,44
41,49
67,77,99
60,66
9,90
46,55
28,50,57
48,77
35,46,91
11,67,94
3,25
5,85
14,57
86,94
84,90
41,74
48,55
45,55
12,45,53
48,60
26,46
43,48,82
62,77,90
10,28
89,95
2,55
36,76
66,95
44,97
75,86
11,51
5,70
3,8,28
9,19,72
20,47,84
45,77,89
13,35
19,45,68
85,96
46,94
16,57
53,64,74
15,78
60,80,95
27,49
69,96
21,85
35,72
6,25
47,94
79,95
47,79
22,85
78,81
40,52
12,14
52,70
54,71
31,61
4,28
34,51
5,42
48,77
11,21,93
19,59,74
17,37
35,82,83
14,65,79
53,81
51,58
20,30,70
6,13
14,31,33
6,88
5,25,34
54,89
14,51
46,64,67
68,74
7,37,82
42,56,93
40,68
6,47
18,43
52,79
17,56
12,39
33,87
25,56
40,45,88
80,88
23,48,63
66,87
55,88
17,26,55
11,32
4,80
13,14
24,44,87
72,91
35,37
15,35
36,46,47
57,98
5,33
12,32,58
2,4,16
34,58,65
18,62
41,49,86
28,69
1,10
24,63
3,79
2,59
37,79,80
18,24,28
14,42,97
44,89
14,100
6,72,78
26,38
43,100
46,53,75
23,44
62,77
49,72
14,51,56
29,100
9,81
43,100
57,85
45,84,97
54,92
63,94
4,14,100
80,91
7,24,99
44,90
39,71
4,5
38,40,43
3,7
3,69
60,83
47,71,77
6,9,64
29,49
47,81
10,50,68
18,76
7,60
31,61
36,97
51,65
27,46
12,51,56
12,39
59,84
84,88
10,46
39,71
1,61
53,68,100
81,91
14,21,93
66,83,99
39,93
86,100
2,60
54,63
3,37
39,56,67
22,55,67
60,90
56,67
51,67
51,56
35,87
52,72
70,92
83,89
51,56
39,88
38,75
36,61
21,93
17,77,80
75,96
83,96
19,37,70
14,15,33
20,57
16,78
37,88
6,18,59
39,71
16,17,78
61,67
13,15
9,10
2,66
26,29,98
24,37
63,82
75,81
32,60
9,38
20,75,87
20,24,48
38,49
51,76
8,33
61,90
52,100
51,82
23,89
14,25
4,33
21,91
10,72
32,83
8,73,99
4,11,71
37,69,95
41,46,100
57,95
23,63
17,55,86
2,56
55,85
45,83,87
6,86
24,62
50,89
87,95
42,71
35,42
3,51
6,78
24,48
36,58
44,99
7,72
75,81
40,53
7,24,48
14,91,93
88,95
38,64
5,42
8,61
74,94
40,48
22,50
6,23
35,60,62
90,95
27,55
11,32,56
14,38,41
45,70,85
63,94
3,28,35
44,89
15,33,98
29,38,53
25,65,83
23,43,67
26,72,81
55,97,100
66,69,77
32,40
21,29,54
28,63,87
32,38
52,57,94
86,100
6,50
2,76
40,57
25,82
9,94
21,51
17,40,69
23,31,68
15,77
13,88
11,95
62,97
17,59
5,65,91
20,38,97
33,56,67
70,92
68,81
14,29,44
48,62,77
48,89
45,92
22,86
22,35,68
12,58
14,56
2,68,93
64,69
83,89
19,51
49,54
18,46
76,87
56,82
29,40
5,12,34
81,92
9,34,51
16,21,66
19,30,88
14,59
5,72
17,38
13,61
34,86,92
13,47
8,38,46
37,82
11,51
35,87
8,48
25,46,58
23,66
62,87
61,73
39,69
77,83,87
18,53
44,71,96
72,84
39,42,51
22,24,32
50,87
28,50,90
57,73,90
27,53,78
8,77,89
69,89
28,72
80,91
57,69
47,64
23,41
81,97
31,95
6,46
33,58,67
2,67
50,63,69
51,58
35,44,69
22,63
38,52
15,39,67
34,39,56
1,31
37,73
35,87
44,62,69
70,97
4,15
15,31,71
3,85,92
70,76,88
2,65
26,29
57,64
2,76
1,68,78
32,66,80
17,53,80
21,67
4,32,93
28,62,82
54,58
9,97
29,77
23,94
15,50
32,55,79
7,36
24,37
41,85
24,25
9,48
48,89
20,47
4,13,56
24,28
40,88
3,89
60,69
10,46
