23,39
62,75,88
52,89,100
46,97
25,55
13,77
55,85,89
9,16
25,32
14,30,68
60,62
1,28
74,94,99
43,96
57,71
8,78
31,73
7,27
64,67
37,88
13,64
5,39,71
51,75
52,62,87
28,73
38,80
25,27
36,96
48,82
54,86
47,62
9,81
5,64
16,81
14,62,80
32,96
19,71,72
32,83,95
35,51
3,4
26,80
30,97
42,61,80
8,10
16,88
33,56
19,72,95
58,92,96
29,35,67
45,75
3,30
44,58,79
37,48
10,13,91
91,100
49,54
14,100
7,69
7,88
3,20
85,87
17,38
1,8,29
75,78
38,79
4,32,93
4,43,51
23,56,78
17,69,82
61,90
8,39
47,52
40,90
79,93
44,50
49,95
1,72,86
82,89
56,73,100
8,32
22,96
32,96
12,72
21,82
26,38,72
36,80
10,80,87
26,80
57,81
19,89
40,97
33,51
22,92
29,51,95
15,63
43,51
3,60
14,44
80,82,84
2,68,99
36,58,82
61,73
16,67
47,69,97
6,29,40
1,11,55
37,86,92
4,27
26,47
55,57
70,86
3,5,38
33,44,67
1,39,40
8,34,84
39,56
15,64,100
42,44
32,42
3,44,68
15,32,58
33,42,65
17,18
4,33,62
2,89
8,30,80
32,37,70
19,72,95
3,29,63
35,54
7,93
14,18
70,72
4,6
37,74
30,69,82
67,91
53,97
11,24
9,75,92
27,82
10,68
34,39,77
6,19,73
5,18,88
9,39
5,84
58,84
1,25
44,74
1,29,66
9,85
60,75,97
45,54
9,25,31
16,78,90
5,20,89
69,81
36,76
11,78
12,15
54,70,88
35,48,77
23,56
66,86
6,44
24,95
12,43,83
10,20
80,91
28,78
27,60
3,44
12,74
26,91
71,88
10,97
59,86
49,72,86
41,57
2,63
35,57
57,72
28,47,88
27,92,96
6,39,56
25,29,61
3,36
32,49
35,85,91
19,40,100
50,71
23,73
4,79
48,92
14,37,96
25,78
55,100
55,64
69,85
14,91
20,62,89
13,52,85
7,38
80,85
10,60
12,59,63
49,97,100
49,83
17,76
14,45,52
47,85
6,61
49,94
1,16
70,92
43,58
14,52,98
52,67
42,51
24,27,54
62,89
1,28,65
8,10
69,77,80
6,51
39,61,66
10,72
56,65
27,96
41,51
27,50
23,71,96
31,90
41,59
22,84
34,93,99
9,53
20,67
23,72
44,64
31,65,90
48,71
15,44,94
21,46
36,73
11,20
11,66
21,65,68
63,71
51,58
52,69
54,67,69
26,84
21,88
44,50
2,15,51
30,98
19,21
25,40,100
66,74
10,30,60
42,48
21,45
6,40,55
18,23
2,51
30,45
13,30,85
23,95
33,63
55,66
59,63
39,73
12,72
14,26,88
32,95
39,55
9,12,95
29,47
4,24,63
22,44,99
44,92
30,89,93
54,86
16,23,90
55,66
32,95
6,41,56
55,57,78
79,80
14,77
30,56
35,80,84
8,98
19,70
50,51,72
2,93
38,92
57,83
41,54,67
78,98
19,71
41,74,86
68,94
2,48,95
21,25
11,35
8,65,90
8,15
16,40,57
14,28
25,29
17,97
12,42,68
15,63,80
8,61,100
34,54
9,29,65
14,18
14,53,88
41,43
57,60
93,96
16,99
2,48
59,63,94
10,61,94
33,91
92,94
37,95
67,84
4,59
27,69
40,61
30,45
44,49,51
1,17
7,67,98
49,68
17,85
4,59
27,58
7,31,87
9,12
64,85
23,41
31,90
28,66
77,84,85
8,28,39
6,76,100
45,86
76,80
28,33,36
6,23
6,26
8,90
59,87
62,67
50,67,87
34,50,51
20,74,75
13,34,53
3,47
80,90
90,96
42,60
29,31
8,72
62,99
28,41
39,76
49,63,72
21,74
52,80,85
27,37
1,95
1,6
1,100
14,36
85,91
70,95
19,63,92
8,51
8,77
72,76
35,82
8,98
37,49
14,39
62,97
51,61
15,24
6,59
25,29,31
16,55
19,49,74
23,39
34,42
9,21,39
45,96
24,63
35,45
36,50,54
14,45
3,84
8,61,65
2,43
25,98
5,80
42,43
35,100
72,96
41,56
31,42
81,100
67,98
17,38
1,66,73
5,57
9,36
48,99
21,40
20,47
27,37,86
36,39
36,100
96,98
21,40,65
9,12
5,29
56,62,90
12,70
4,99
19,27,64
16,78
3,13
74,86
29,35
6,73
39,41
3,52
7,87
33,95
73,76
44,59
43,95
56,79
36,52
20,60
46,56
52,67
23,81
39,80
26,68
42,44,64
22,59
4,61
31,67
52,59
4,46
18,69,97
1,41
55,61,78
27,83,92
41,100
32,58
67,97
13,46
31,61,66
4,12,48
21,33
55,81
12,68
11,60,97
7,85,91
55,74,99
13,84
50,71
21,25,29
31,71,80
24,43,58
51,74,92
50,86
14,62,75
9,73
18,59
27,83,99
26,60
42,52
27,42
70,95
30,84
23,89
18,39,78
25,33,41
63,78
10,13,92
6,100
12,16,100
56,90
63,94
11,41,97
14,18
2,85
42,83
51,95
64,72
19,58,59
18,49,56
4,54
85,96
37,72
74,77
10,86
16,73
17,62
34,51
46,70
46,80
33,80
6,16
23,39,50
9,29,84
37,54
7,23
7,68
3,88
12,54
6,72
4,35
80,84
26,54,86
11,97
36,39,74
1,21
6,56
11,77
19,30
18,60
57,96
44,70
6,31
41,90
79,96
14,25
1,47
13,52
26,47,69
72,99
15,35
58,75
24,42,71
9,91
47,97
54,88
34,58,63
28,56,78
67,69
19,79
43,58
11,71
21,23
55,57,61
12,40
24,78
41,63,85
5,21,39
76,78
51,79
6,22
63,81,93
20,21,80
35,98
