3,133,152
22,105,176
120,151
97,156,168
96,144,158
3,113,157
91,93
29,43,145
63,194
4,34
14,33,99
53,194,197
78,152,168
96,175
122,136
54,91,93
11,40,61
4,89,174
76,153
80,94,143
113,195
23,30,127
67,148,181
105,162,197
3,41,188
62,68,135
95,164
16,108,165
2,125,189
23,105,176
146,165
13,40,139
29,76,87
14,45,177
148,189,198
3,137,145
40,58,131
66,112
82,134
59,196
21,63,195
17,31,122
70,106
4,98,159
41,60,121
32,139,157
72,131,171
26,41,105
164,171,194
63,141
41,71,188
8,86,176
51,55,147
47,70,78
46,75
64,168
31,76,163
122,177
71,102,169
135,166
130,134,188
6,141
72,85
98,132,189
11,125,153
6,132,153
11,58,126
44,77,85
85,99,109
84,181,190
14,89
41,81,84
46,98,99
25,113
28,48,183
76,194
29,60,107
20,71,133
61,119,149
40,61,146
63,73
73,83
10,141
66,133,143
9,118
60,77,123
35,121
7,48,193
48,118,183
86,116,162
9,16,151
119,125,169
17,72,106
109,174,180
35,43,68
30,70,170
128,136,158
84,169,187
111,121
166,167
119,123,137
63,74,130
15,46,143
28,95,146
81,83,197
138,182,194
137,159
30,116
70,103,123
69,144
20,82,102
2,43
10,96,149
8,144,181
138,171
39,55,120
61,123,159
31,59
134,172,176
3,36,185
16,144,151
3,198
7,43,104
12,44,108
9,175,196
17,39,183
39,146
2,90,164
114,144,175
102,130,133
26,193,196
23,116,181
30,113,114
57,197,198
47,157,166
23,70
110,133
87,156,164
61,72,177
167,200
14,45,74
66,193
61,117,126
102,111,187
58,77,199
2,63
12,126,142
114,183,184
19,94,179
9,51,123
108,193,199
26,83,100
127,140,170
51,60,78
80,85
48,124,138
22,102,152
12,121,122
88,135,152
92,105,172
6,113,143
45,166
58,80,102
52,171,194
39,144,165
143,147,185
20,78
16,140,186
2,4,186
52,77,130
61,161
3,97,106
56,183
49,137,188
48,54,179
2,70,168
8,66,100
34,180
88,168
16,100,165
167,170,197
16,148,186
87,133,191
70,137,197
91,135,136
20,21,141
72,101,165
84,105,145
5,133,134
95,157,176
104,175,182
29,62,110
8,163
102,182,198
54,175
27,129,140
77,138,198
57,135,197
122,156,195
93,95,193
40,96,166
129,140,162
73,83,194
6,124,154
41,100,132
15,154,189
23,60,152
18,111,168
63,74
5,136,197
77,176
64,121
67,167,192
78,184
54,94,149
52,106,156
127,168,191
8,76
109,136
69,138,191
1,8,19
117,172
25,101,195
16,58,141
183,197
30,106,132
36,51,89
16,151,170
79,184
8,40
9,75
65,72,146
91,200
153,189,200
83,184,190
141,189
24,65,129
87,96,150
47,135
86,129
75,130
41,80
41,117,141
25,48
22,88
132,190
98,140
41,97,134
54,65,95
50,84,168
40,70
43,138,140
82,102
19,23,75
20,27
132,200
41,60
39,48
46,161,176
55,100,152
54,91,122
92,145,197
67,79,113
41,133
21,104,185
69,96,186
33,48,68
30,118,161
104,109,114
15,46,124
68,139,172
55,73,187
65,72,93
104,148,195
58,83,188
167,177
52,157,197
24,49,78
55,120
3,123,186
75,186
104,155,159
99,170,191
66,138,148
59,74
40,101,179
78,88,97
103,156
20,78,169
86,155,167
8,72,76
37,54,116
35,61
20,145,197
6,67,188
43,162,170
21,109,130
26,60,63
13,108
30,156,168
119,183
96,107,148
31,74
57,120,160
36,155,180
3,55,161
64,68,179
21,170
60,63,81
75,132,167
43,46,189
91,134
4,58,89
23,108,159
57,78,137
13,64,196
87,118,165
106,146
14,25
82,188
29,118
9,81
5,78,161
114,141,200
34,56,126
44,64,176
113,124,155
14,30,89
29,33,37
29,171,190
112,153
20,106,137
4,85
16,50,138
38,71,145
93,199
55,156
92,138,198
61,157,181
68,87
32,87,139
38,64,146
66,104,185
119,141,189
40,49,169
32,107,178
50,70,179
21,174,192
39,157
62,65,193
32,118
117,127,149
70,86
118,171
64,84,113
19,67,115
158,172
77,125
18,65,93
2,158
52,92,137
37,62,108
46,114,162
69,81,122
18,19,54
11,87
44,65
95,183
20,88
132,173
32,42,188
78,176,190
29,32,76
4,37
22,45,190
78,132
71,106,160
13,31,179
72,114,165
52,71,76
9,20,96
67,196
73,156,192
106,148,200
82,97
114,115
65,159
73,106,169
37,139,189
112,126,185
72,146,157
106,161,169
11,17,184
20,118,136
109,157
118,121,126
5,134,165
5,92,110
37,40,146
53,100,173
10,27,44
19,37,64
85,157
26,146
29,72,157
20,78,187
93,100,176
51,103
10,157,195
57,79,173
63,81,171
89,114,173
89,148
26,41,171
13,44,48
24,126,197
86,151
21,153,186
55,137,156
8,124,199
28,80,87
79,125,189
16,47
124,180
45,160,180
80,115,176
2,26,81
69,162,175
27,46,110
89,113
22,102
2,92,138
36,52
71,177
60,94,114
56,59,111
46,149,167
60,142
76,92,116
3,134,168
148,195
26,111,198
30,81,118
16,98,191
23,129,141
51,174,199
6,137,198
7,151,175
13,25,80
123,173
1,55
57,133,183
25,103,107
81,117
87,179
90,146,172
43,67,99
57,192
27,127,144
4,64,108
13,53,153
28,68,80
141,159
47,57,102
26,33,182
21,66,175
69,147,192
17,39,121
94,162
38,90
1,12,131
6,60
2,3,54
8,93,200
99,150
72,87,121
60,193
21,137
53,92
17,23,173
5,160,194
112,132
7,31,64
42,153
4,65,80
36,116,155
34,104,191
43,144,187
23,64
2,45,82
16,22
74,97,110
39,101,157
81,84
42,175,200
74,88
82,101,135
51,55,92
54,117
49,184
16,67,143
28,141,162
113,138,143
35,188
8,26,140
10,130
119,156,188
32,121,131
63,111,198
156,168,190
10,153
4,31,179
89,155
16,119,149
15,86,140
142,187
1,53
41,83,102
73,190
124,128,199
114,159,170
56,79,198
101,136
174,179
12,34,35
84,166
112,146
30,57
50,100,103
9,143,147
14,20,22
11,132,146
23,94,159
117,175
63,110,164
37,112,169
24,87,99
38,92,134
5,78,129
113,130
13,47,85
113,138,151
32,48,64
24,129,170
39,60,166
2,60
12,38,56
7,96,149
50,74,161
10,15
150,172,192
29,34,157
172,179,182
148,158
36,93,151
103,135,197
9,15,123
16,149
12,90
122,157
19,28,177
51,137,171
114,144,178
34,118,165
32,143,186
55,84,134
63,92,100
8,28,58
124,144,175
82,159,173
78,173,186
29,121,142
27,75,117
133,174,200
12,37
32,39
20,81,134
53,163,173
85,106,174
82,97,160
88,100
10,154,167
98,103,115
37,140,172
64,92,125
20,82,190
132,138,149
183,189
7,133,173
11,131,193
55,84,188
123,127,167
83,171,175
137,175,193
96,146
135,137
141,173
49,103,145
97,186
75,96,167
28,90,163
6,148
19,119
94,198
3,81,137
44,89,116
47,168
22,145,152
3,51,135
7,98,99
3,103,169
90,116,175
81,139
15,44,185
78,171,194
1,139,157
47,74,160
109,178
32,77,183
19,142
10,88,110
56,172,176
93,176
106,121,127
23,116
22,49,198
16,113,187
108,117
23,64,184
103,164,197
156,168
28,87,157
25,36
76,107,117
13,31,165
13,37,199
125,173,192
54,145,180
119,187,189
105,161
97,103,184
6,42,148
50,155
70,190
66,75
106,147,152
68,87,89
13,65,122
33,150,192
12,39,108
16,126,137
60,73,83
152,161
26,34,58
2,20,26
10,153,186
67,94,130
28,161
22,73
55,84,98
23,30,67
44,162,174
6,14
152,168,188
18,85,179
59,104
5,82,105
6,16
13,92
12,40,112
75,102,181
52,60,70
56,115
17,61,123
84,97,145
57,97
47,165,192
78,88,106
81,167,190
24,109,115
5,71,83
121,128
80,100
81,115
100,161,166
47,49,133
83,120,198
76,83,125
46,75,115
23,104,109
81,184,190
105,163
31,130,194
37,90
105,156
44,128
136,138,186
84,135,160
80,131,142
84,123
12,59,146
85,90,177
24,99,183
62,117,177
26,49,78
36,186
78,137
111,157
117,144
64,144,169
101,168
34,80,122
70,151
84,122,197
108,151,159
36,146,156
20,113
10,127
40,169
26,36,47
130,145,146
63,95
8,118,179
31,77,85
44,56
13,18
20,105,145
20,51,110
58,61,80
118,177
25,176
104,154,159
32,68,144
56,107,142
51,70,193
48,142
12,51
64,118
5,55,135
34,189
3,173
1,62
39,118,183
96,126
116,124,132
13,31
69,139,182
24,57
73,158
146,149,176
26,120,169
18,54,118
119,148,173
139,182,193
28,133
45,51,102
76,85,97
125,162,186
84,110,188
14,140
7,21,147
13,128,181
29,32,39
14,109,188
31,117,183
29,101,165
14,168
61,64
86,159,175
41,179
48,126,155
43,123,159
61,64,124
4,81
52,57,144
53,134,164
44,81
17,154
89,148,180
9,14,66
51,194
50,100,129
39,54
76,126
133,168
3,135,160
79,88,131
2,45,88
53,145,197
8,105
42,96,141
28,46,137
58,95,176
106,157
13,18,58
10,33,174
97,145
6,7,75
146,198
61,107,126
5,71
64,87
11,32,61
19,37,139
47,61,107
21,148
15,89,116
2,32,124
50,148
121,138,140
25,125
90,142,199
88,100,105
83,102
22,150,154
121,183
135,140,167
37,85,179
33,96,114
22,103
111,158
32,72,198
103,127,175
96,157,176
17,95
133,187
54,136
7,79,155
17,129,199
104,178
9,80
14,69
55,67,80
64,82,154
20,168
7,138,196
3,71,185
68,117,183
151,195
112,153,200
27,69,149
48,81,165
96,109,115
59,106,149
64,175
39,107,163
18,62
83,156,164
43,62,91
65,135,165
25,52,162
118,172,176
40,77,179
148,170,189
9,72
56,90,107
164,165,177
67,99,136
28,122,157
121,151,177
17,109,134
99,173
57,178
52,96,148
81,161
63,152,194
138,161,173
160,171
3,50,137
5,57,71
17,68,146
136,149
20,74,161
51,152
50,73,152
19,38,48
52,156,187
136,139
30,127,189
31,76,176
29,95
76,77,106
89,124,150
45,146
27,104,140
50,82,199
55,81,187
48,65,90
46,174,185
62,83
11,121,157
20,106,166
28,85,146
44,111,179
93,165
7,30,104
167,189
116,129,150
53,189
36,75,89
48,75,197
81,140
27,53,162
77,91,133
16,178
21,75,116
199,200
133,156
20,74,160
119,198
108,118,166
52,195
70,110,133
30,129,175
15,21,150
56,72,122
144,154,196
29,61,107
58,93,122
140,151
34,40,54
15,118,186
29,70,92
70,89,132
79,116,192
109,140
11,57,147
75,173,185
51,52,88
135,145,164
55,83
87,151,154
85,138
4,136
45,55,60
37,137
60,63,188
116,143,186
39,89
47,63,92
41,49,109
6,143
50,71,97
62,80,108
33,155,185
127,139
179,190
119,168,184
20,70,161
36,54
37,72
95,111,165
28,39,112
143,173,192
79,141,148
52,164,169
117,164
7,132,148
53,84
46,96,195
61,173
50,134,197
43,67,175
23,60,197
47,73,97
49,190,198
21,99,123
15,67
10,23,42
62,107,108
23,130
9,27,52
8,19
132,141,189
90,172
54,142
2,122,138
29,146,158
18,199
22,133,134
39,142,158
38,51
75,148,162
53,152,166
13,69
18,61
79,132,191
4,136,154
15,112,175
3,7,118
52,100,194
7,89,123
36,181
74,110,156
31,68,131
16,20,67
148,188
35,143,187
33,138,158
17,34,131
33,143,175
51,64,170
161,188,198
90,136
83,97,103
148,162
56,104
111,157,158
88,153,160
23,39,64
73,124,136
51,102,194
139,140
102,146,194
64,69,98
84,166
45,103,169
30,185
68,110,121
31,71,133
24,127,138
116,158,186
28,34,58
77,91,142
26,135,160
74,120,133
66,101,133
127,162,189
55,188
39,85,176
114,186
70,153,191
56,107,142
70,133,169
80,121,140
16,169,200
27,189
24,125,138
5,74,83
165,173
36,168
53,73,91
8,76,131
30,129
33,36,144
59,121,182
12,111
120,137,164
47,126,133
110,170,175
49,103,197
12,101,122
23,45,182
148,153,186
98,129,189
3,45,55
21,116,159
72,156,191
130,143
28,35,164
84,148,162
83,146
10,76,129
41,95,197
74,84,168
46,100
92,137
106,108,154
37,39,125
74,188
109,130,153
6,14,30
54,76,85
11,64,95
71,101,183
13,172,187
56,177
51,72,169
17,158,193
62,115
46,66,170
75,151,155
42,62
57,88,92
17,130
75,122,148
172,181
79,142
68,102
20,86,162
18,37,193
75,147
52,120
26,92
118,126,179
38,68,136
44,46,189
3,97,110
173,174
5,93,119
102,140,178
66,128
99,136,176
76,77,183
64,84,93
78,120,166
27,124,195
51,120,183
49,62,136
1,11,13
124,175,185
59,131,157
27,79,174
63,74,160
105,135
29,127
41,87,89
119,157,192
26,84,187
42,140
51,63,135
64,85,126
7,83
74,133,200
42,124
13,18,108
56,126,128
35,44,96
28,35,48
32,146,163
30,67,75
52,164,197
20,107,126
82,135,160
33,141
81,92,188
109,120
16,67,130
51,161
149,150,162
150,162
16,112,149
96,127,181
45,189
18,31,95
30,143
61,67,193
48,65,131
6,96,155
