42,129,132
116,153
1,43,156
58,126,128
20,56
102,152
21,76,126
3,30,188
11,84,99
60,70,73
54,87
54,72,116
80,91,167
102,141,185
78,85,121
139,150
57,132,147
1,43,56
141,184
68,108
40,90,107
16,98,106
76,77
89,92,193
65,71,84
57,124
14,22
4,19,91
9,98,200
17,34,103
72,87,116
39,64,73
73,98
92,105,152
7,22
102,113,186
50,66,70
37,177,187
9,72,194
42,59,67
29,36,121
87,92,171
44,127,130
130,144,149
60,101
138,139,155
54,115,194
45,53
58,106,181
142,199
75,80,111
49,159,167
83,171,194
151,174
10,81
124,188,191
19,30,133
32,167,171
26,127
48,105
35,142,171
83,104
118,120,175
159,166,169
67,134,200
82,144
160,163,178
33,143
123,130,199
3,75
32,40,126
6,105,180
118,138,187
21,179,191
112,117
47,56,142
69,135,162
25,132,141
16,102
102,125,192
139,160,178
53,188
60,155,193
35,40,116
17,159
2,13,95
106,191
119,133,196
138,168
5,65,117
149,181
35,155,187
60,104,142
81,105
14,155,163
29,82,119
51,198
107,158
71,86,120
87,111,199
39,49
44,47,166
112,194,199
2,64
93,149
7,53
60,72
45,57,132
63,131
104,180,181
1,30,36
45,85
16,107,190
31,100,164
72,106,170
154,159
40,47
52,73,122
4,119,155
69,140,196
49,69,97
58,104,120
89,158,176
72,87,174
45,189
111,123
169,172
27,36,127
5,20,121
27,84
37,38,45
60,87
49,175,193
10,100,115
105,106,115
1,67,174
43,79
74,76,93
89,174
102,147
98,105,194
35,87,105
73,167,180
86,129
61,105,142
28,38,111
56,66,109
41,97,175
5,95,183
188,198
93,103,136
64,123,139
61,73,188
98,105,167
18,54,72
121,184
61,73,80
84,111,112
48,100,189
32,46,128
32,188
28,154
6,149,151
31,67,150
39,78
67,178,190
23,49,166
110,128,198
68,83,98
92,116,181
52,115,171
153,154,187
9,106,120
83,150
179,183
68,98
19,132,161
5,117,168
40,75,146
116,179
30,75,190
3,29
12,76
24,167,181
3,91,151
32,91,92
74,161,166
1,71,150
40,101,152
1,103,195
22,137
51,106,122
6,150,191
4,8,49
73,119,133
63,64,113
94,109,136
104,126
117,175,196
8,87,122
35,39,129
162,169
122,150,197
38,166
20,163,184
33,102,111
12,111,191
131,144,174
3,73
19,86,154
15,57,176
10,150
45,63
1,8,159
157,167
104,112,182
80,183
10,56
12,42,154
5,48,133
73,94,200
132,156,169
64,103,186
44,128,144
135,178
98,115,152
135,170,181
8,77
46,84,188
35,92,150
86,90,191
41,121,138
54,174
106,171,180
58,183
45,46,132
31,69,114
109,117,190
9,123,190
92,100,152
3,120
20,31,161
51,70,200
27,105,128
116,152,179
63,145,177
10,54,115
94,98,200
31,117,135
26,47
23,67,163
4,107
55,185
114,152
18,101
6,129,159
1,194
70,167,183
51,116,157
24,76,183
6,70
58,83,101
158,165,192
55,61,67
59,158
48,115,135
47,117,166
58,72,83
80,87
91,92
135,138,143
28,76,200
58,106,167
17,45,154
78,119,166
42,88
96,155,162
2,6
51,87,115
71,150,184
63,134
61,171,180
63,129,185
39,121
70,87,105
26,43
72,116,172
4,148,162
113,140
37,44,102
127,159
129,141,148
28,103,123
83,115,116
38,75,155
15,59,113
94,116,142
81,92,101
26,154
103,125,132
49,168,199
69,89
154,192
28,74,182
172,182
52,63
7,109,141
130,140,151
88,125
36,146,172
28,34,45
59,126,177
27,117
108,130,154
58,195
18,179,181
194,200
97,155,175
6,63
3,11
35,108,152
28,102,139
80,164
8,69,162
35,84
66,134,166
10,167,179
74,134
61,177
14,26,195
27,80,81
32,70,91
1,39,96
8,31,114
48,71,110
102,189,195
109,145,155
186,197
29,44,118
72,94
88,147,188
87,147,163
25,132,161
80,135,170
7,77,162
54,133,178
37,103,159
4,7,66
38,93,114
11,22,82
21,133
71,82,162
63,144,174
6,43,46
96,122,141
120,128,179
12,111
69,143,169
9,70,194
83,148
179,194
21,51,106
60,91,157
15,20,40
81,120
85,133,184
27,70,163
159,175
60,121,147
61,72
2,28,113
13,31,199
35,48,67
36,37,56
171,180
40,56,84
110,176
42,125,144
89,141,177
3,110,184
152,167,181
43,121
18,87,115
57,131,188
170,184
39,69,175
28,52
29,167,179
19,37,50
121,127,129
49,108
40,91,142
78,156
19,102,154
142,180
26,121,163
61,80,91
143,182
25,38,62
36,118,155
7,8
36,56
19,82,83
50,81
105,169,189
55,86,153
6,19,198
21,22,112
29,74,136
42,110
84,88,176
150,166,184
48,59,91
24,105,179
13,79,109
21,146,196
27,62,148
4,5,41
9,18,126
82,96,148
54,157,200
59,141,179
59,88,192
90,126
33,134,198
63,84,172
82,116,140
47,159,181
6,93,124
25,62,123
40,128
120,122,167
4,109,135
3,14,133
6,148,193
19,108
38,86
1,127
109,134,174
28,62,174
84,97,112
7,156
42,94,115
96,97,99
124,182,199
45,60,124
112,113,142
31,132,162
85,150
49,82,178
118,135
103,193
105,152
41,67,178
1,3,71
5,150,163
42,193
21,106
81,102,199
59,153,195
37,72,118
63,141,193
11,109
48,83,162
42,70,161
74,112,146
97,133
92,105,179
5,137
61,126,167
89,179,186
29,109,121
49,96,139
159,182
14,22
26,51,53
16,123
146,176,178
9,87
30,46,90
3,166,188
31,109,169
108,109,136
27,82,162
80,187,196
41,152,194
29,83,161
67,113
80,123,181
7,13,125
93,159
168,182
5,14,199
26,125
26,65,175
20,178
59,181,192
79,175,199
24,63,139
76,92,105
28,161,185
13,160,169
141,182,189
13,85,199
70,73,92
66,75,80
73,166,181
73,102
40,163
113,141,161
119,121,127
21,68,83
95,190
131,168
31,56,143
84,159
59,104,200
12,72,75
12,176,177
121,136,161
52,126,181
41,55
19,102,172
112,147,176
83,94,115
50,62,112
32,107,145
4,31,133
23,78,169
9,91
99,116,198
40,154
131,191
108,136
1,116,193
168,180
42,193
72,142
14,47,137
84,111,186
74,105,186
43,64
49,118,150
153,188
74,89
2,148,159
59,188
36,66,162
146,174
86,149
122,126
127,155
6,103,187
2,65,70
50,102,132
54,73,115
27,47,199
146,149
5,16,145
15,43,195
2,10,73
64,161,177
60,194
44,170
112,168,191
77,148,160
116,122,167
42,99
144,165,199
108,124,179
35,91,100
17,147,191
93,189,191
2,63
45,125
104,170
128,170,171
21,89,168
86,91
40,93,97
17,32,37
32,46,101
52,87,183
74,125,188
67,98,164
29,90,159
51,120,180
67,155,195
46,164
22,55,149
88,103,131
37,38
62,66,67
66,67,176
5,67,78
101,155,186
25,124,198
146,163
32,72,170
130,132,154
113,168
101,110,114
146,173
122,152
30,51,57
135,162
23,156,166
6,147
1,3,31
9,68,87
40,72,128
87,200
86,191
60,77,143
63,134,168
54,72,120
114,140
27,41,127
12,189,193
85,140,148
51,64,89
45,84
174,185
70,77,134
3,82,150
48,172,190
135,155,156
134,178,198
28,91
129,136,151
119,161
10,157
100,141
51,73
51,66,112
81,128,180
120,152,167
24,76
105,164,169
34,131,188
16,139
32,181,194
40,185
53,134,154
15,88,93
3,77,100
16,43,143
81,94,179
91,101,183
100,120,180
59,77,193
38,62,129
108,177,189
24,82,187
2,50,69
124,134,173
7,114
20,79,133
98,131,150
72,75,167
117,191
61,98,101
104,133,169
59,164,177
94,128,157
2,48
21,32,115
103,104
46,84,176
115,126
9,126
23,41,109
16,41,195
18,70,194
4,36,66
46,170,180
111,149,189
33,78,155
87,92,167
86,93,112
34,118
17,56
56,109,179
8,77,184
50,129,198
71,92,183
20,162,199
21,80,136
4,41,107
34,112,164
64,175,190
73,101,157
83,169
157,182
29,79,184
42,84,172
73,155,197
58,60,180
12,108,158
103,151,192
71,136,152
36,44,127
24,115,194
5,8
60,91,105
18,115,187
72,175
94,98,171
54,70,94
58,68,100
185,187,189
89,103
44,65,164
68,79,100
2,93,186
1,76,180
120,126,181
35,76,104
95,159
50,141
103,174,176
12,37,184
49,62,173
48,69,86
18,49,156
18,170,194
9,73
95,155,193
45,88,144
8,114,121
40,101,106
38,158,182
43,73
57,192
32,100,200
154,172
126,131,173
98,100,179
3,4,138
55,123,124
2,4,104
5,128,155
10,87,98
74,129,165
1,88,177
23,107,186
99,109,110
121,182
78,114
88,166
68,130,162
52,120,152
125,164,165
33,59,164
70,85,147
92,119,185
71,138,197
30,81,111
40,76,179
29,94,132
135,184
54,58,76
5,66,199
70,141
64,119
59,178
72,100,171
144,168
2,123,142
165,176
73,179
79,139
54,146
39,71,139
95,162
30,166
38,89,154
98,101,104
49,53,133
31,184,197
32,76,170
52,61,100
165,190,193
53,84,144
3,109
85,103
52,66,168
35,55,195
94,171,179
41,127,143
58,87,92
23,33,145
83,117
167,170
72,149,182
158,176,177
33,45
81,104,116
58,70,128
1,20,85
30,36,122
31,89,169
22,51,125
51,106,180
16,96,148
19,76,117
54,181
60,61,167
3,71
86,141,173
70,165
65,75,135
104,132,172
26,47,65
21,70,73
15,34
25,109,114
125,142,167
17,108,188
46,105,171
81,99,133
44,124,160
7,8,94
92,168
4,145,199
53,103,158
55,64
6,55,57
88,93,130
21,126,128
19,53,176
24,87
116,156,160
110,185,197
40,115,120
26,100,196
41,67,190
33,97,139
75,78,109
16,145,162
59,177,182
11,16,65
38,123
35,122,152
168,173,192
35,138,159
146,153,174
29,162,166
38,56,186
52,57
12,141,168
151,174
146,154
58,105,170
74,113,198
63,131,176
42,127,137
25,89,93
11,164,194
34,147
162,195
51,53,87
51,106,200
4,95,175
95,119
10,94,98
162,169,178
107,145
39,78,168
81,152,171
97,146,183
74,107,188
179,180
25,120,198
16,99,145
75,77
49,113,150
15,146,192
158,177,193
1,124
50,152
13,99,155
24,59
16,127,148
88,138,183
109,138,140
121,124,165
58,126,134
14,156
40,104,180
16,48,138
161,165,185
9,60,83
70,76,106
61,179
77,90,133
84,170
113,151,176
78,166
112,123
24,93,185
30,125,134
14,97,150
3,118
21,157
75,85,166
1,90,102
18,89,190
159,173
71,175
103,151
18,157
54,105,194
36,69,78
6,130
73,76
180,181
7,91,152
15,124
23,121
7,37,76
105,106,183
33,134,172
94,180,183
156,160
78,139,140
17,121
18,171,183
30,36,162
50,103,112
59,89,102
41,92,116
61,94,101
9,100,106
21,194
46,83
13,60,73
69,109,145
23,29,173
12,57,112
22,96,140
69,133,155
43,75,107
134,169,194
13,46,96
105,142,183
48,196
110,131
34,38,45
56,87,179
104,125,195
34,146,151
114,155,184
28,74,186
78,96
18,51,104
111,157
78,99,133
41,178,197
15,130
98,125,193
15,164
75,135
176,192
37,46,123
11,92,130
188,200
31,89,173
11,44,169
139,145
10,17
13,39,41
38,198
51,70,101
7,119,145
61,72,194
128,140
130,161
87,159,180
57,165,182
19,130,186
80,87,116
51,72,126
138,143,149
25,28,102
113,144,186
183,189
71,87,146
15,80
113,131
60,101,171
3,121
1,156,199
14,93
99,143,171
4,67
18,28,103
50,108,130
129,131,180
7,78,81
170,178
61,115,162
52,130,133
27,135,166
26,139,162
65,75,145
34,92
4,96,155
25,162,193
50,59,144
9,68,105
53,108,123
3,153,155
18,98,196
3,56,178
68,126,157
33,149,177
37,75,76
116,170,171
26,48
99,107,124
59,79,122
13,112
16,27,145
31,93
21,80
4,26
8,71,139
77,162,196
17,75,88
104,116
14,82,107
72,120,122
62,128,159
61,91,126
137,163,181
12,141
2,93,176
162,167,180
136,141,159
18,122,152
110,156,197
102,161
133,156,195
42,102,149
129,165
80,161
6,19,115
31,107,150
132,141
21,68,159
44,48,162
9,80,120
126,185
98,140,165
62,189,198
90,130,191
32,189
25,102
10,167,181
4,5,67
55,67
75,138,193
103,127
4,43,66
64,162,194
108,144,175
19,147,187
115,157
65,73,98
81,87,157
4,137,199
81,87,157
74,130,136
24,40,185
58,68,128
38,96,176
119,123,198
174,176,188
42,151,172
62,147
57,124,164
56,140,178
64,104
102,158,187
104,144
50,54,64
126,155,181
144,187
66,109,155
51,104,120
3,22,190
34,74,146
76,106,120
108,161,172
20,75
32,115,170
89,113,150
1,47,56
42,59,141
105,126,180
62,63,179
37,84,154
46,78,89
15,90,165
91,150
112,182,185
64,182
50,108
53,55
89,125,147
34,158,200
27,67,194
40,113,171
31,135,160
69,107,118
12,81
24,70,80
29,190
85,198
53,187,193
65,135,137
7,27
32,51,92
33,153,191
72,122,200
159,179,199
7,32
17,114
32,189
19,93,151
21,23,40
6,92,110
77,137
39,85,148
160,173,193
43,92,125
56,71,140
10,68
71,106
93,191
39,132
24,140,157
88,106,191
24,72,128
106,128,179
123,165,186
75,185,194
3,89,105
