10,76,121
32,39,145
77,143,147
71,86,135
18,98
6,83,125
81,94
14,25,119
62,137,143
3,8,94
49,75,124
46,52,59
73,114
45,63,89
15,56,137
10,56
3,84,137
7,34,150
78,87,125
116,148
15,101,107
34,126
58,104,141
41,45,143
24,37,146
14,24,117
85,86,119
113,116,139
93,140,145
19,34,57
12,20,96
82,142
28,130,140
57,70,129
49,79,109
1,18,23
75,99,140
27,60
20,49,71
26,87,129
19,38,75
3,61
19,63,126
51,89,142
55,120,135
61,77,145
30,106,146
77,128,143
46,93,123
59,70,104
3,36,103
10,56,137
20,43,96
20,30,75
19,115,138
24,76
11,47,111
69,103,139
14,119
12,92
9,128,145
57,115,117
1,80,143
23,95
4,56,103
9,14,133
20,38,114
27,119
9,40
9,63,134
40,106,138
67,86,136
11,85,118
4,85,105
19,33,115
69,105,130
1,5,50
23,59,74
60,114,138
25,54,136
16,43,82
38,61,109
34,42,62
79,82
32,79,92
60,69
21,51,92
60,100
41,98,101
2,94,137
13,47
32,145
7,42
75,119
39,136
87,100,131
45,68,130
37,79,147
94,118
1,87,131
71,89,111
10,69,85
24,89,120
19,94,101
89,115,149
6,92,102
67,76
10,31,83
29,57,104
46,127
94,132,136
62,67,83
126,140
15,113,125
53,129
7,73,100
40,59,73
73,110,114
16,55,109
1,19
138,141
132,146
71,82,123
37,67,150
69,72,80
63,110,133
55,58,96
21,101,107
135,142,145
53,80,94
19,78,104
74,115
81,83,134
45,77
40,51
91,132,148
39,127,130
38,64,129
13,116
3,14,52
5,53,81
12,141,142
94,110
28,101,106
30,90,112
17,45,54
8,54,66
48,88
9,125,130
1,29,58
55,112,123
23,107
1,9,107
12,37,135
46,86,114
60,115
106,129,148
30,51,55
38,50,131
87,125
36,84,116
54,117,127
24,90
113,116
11,27,105
11,56,119
82,110
4,82
20,130
4,66,72
67,81
44,103
18,35
53,66,84
124,131,149
87,119
72,111
24,85
24,58
35,62,91
54,94
102,128,136
17,81
33,64,73
60,150
42,43
68,107
78,110,131
26,33,46
15,22
36,97,103
27,36,83
19,85,92
38,59,100
25,35,116
3,23,138
10,99,144
88,120,140
34,87
32,92,112
9,104
39,60
66,76,103
5,44,63
25,147
44,58,59
3,17,141
77,78,109
25,72,144
5,50,122
50,57,150
15,69,103
71,107
38,82,89
2,16
43,75
65,116
2,62,84
6,67
35,84,148
82,92,93
71,84
55,82,130
23,122,150
17,36,66
41,82,91
47,114
99,123,128
78,114
25,108
33,46,134
7,9
19,60,125
10,35,67
29,52,80
26,119,141
10,113,116
19,97,102
59,123
68,110
36,72,88
12,128,135
45,51,143
37,90,99
3,88,137
65,121,148
12,88,110
68,98,145
62,111,119
120,136,147
54,56,135
9,124
26,141
31,136
82,119,122
5,123,150
22,31,121
30,49
70,104,111
86,107,123
55,75,106
34,80,106
6,136
23,57,64
6,47
43,122,146
54,83,110
15,56,121
64,73,127
107,147
39,105,116
35,83,136
14,78,110
86,88,132
26,54,109
54,116
8,89,123
87,115
53,108
108,111
11,14,106
4,7,94
17,119
49,87
18,72,99
26,122,126
65,132
27,65,72
41,140,145
27,83,94
11,42,120
11,64,80
90,93,111
77,109
34,109,117
68,113,141
26,103
12,30
29,44,74
20,93,106
6,35,103
9,76
32,121,143
23,38,73
25,27,102
47,136
8,67,116
29,107,117
19,115
33,59,95
10,22,105
16,96,128
47,66,77
72,88,132
9,16,37
7,21,119
7,19,114
86,89
35,144
60,73,115
41,60,79
103,139
57,122
4,43,128
58,115,150
71,82,135
62,66,80
23,32,132
18,133,150
51,82,138
24,61
2,46
108,125,129
79,86,147
9,16
16,70,95
30,123,142
24,77,150
39,53
25,48,80
108,135
43,96,123
1,50,133
14,29,64
57,132,147
67,72
11,127
64,133,141
27,72
24,49,120
4,83
26,70,100
55,76,79
68,88
3,15,103
33,64,83
39,85,102
3,147
66,118
39,121
29,69
52,64,129
36,53,67
27,54,116
65,66,139
60,73,133
19,29
31,32,132
64,73,95
36,148
6,21,99
110,125
91,113,148
19,38,122
1,50,87
19,48,67
52,101,114
21,55,96
43,53,124
86,112,145
31,137,145
19,40
14,150
8,35,91
41,135,145
1,8,58
44,149,150
89,95
82,94
36,97,137
28,51
36,103,118
1,42,64
4,53,102
19,46,122
12,68,75
41,56,88
40,126,131
10,17,27
13,118
87,122,150
70,78,139
73,97
86,115,118
37,41,96
20,86,99
105,107,135
29,35,107
40,44,64
26,68
3,62,108
24,112,116
8,15
46,75,88
109,140
74,78,79
20,82,145
22,76
135,137
90,122,139
72,94,113
110,128,147
28,41,140
27,62,132
1,29,33
36,79,115
1,9,46
39,66,138
46,87,100
82,112,142
31,85,121
7,82
50,70,72
91,121,132
34,41,138
40,50,150
91,93
106,109,146
85,114,128
67,147
22,54,116
30,110
69,95,125
42,69,74
77,99,145
5,140
98,109,145
124,140
121,129,134
140,147
65,88,102
32,82,138
107,142
109,120
54,71,122
56,88
93,119
75,88
86,143,145
44,95,124
23,33,117
29,124,125
44,73,150
4,30,59
19,79,135
16,33,143
23,42,59
19,124
29,97,121
62,140
37,41,141
24,130,138
69,122
17,111,136
49,77,143
41,130
14,114
57,83,140
44,140,141
30,68
9,42,64
9,106
25,74,126
18,114,138
20,97
93,102,137
93,96,128
50,92,105
70,85,112
70,125,149
5,62
15,134
45,61,93
35,62,149
32,107,143
61,69,108
29,110,115
1,21,63
21,59,103
21,126
1,38,57
112,131
71,138,145
10,148
60,100,122
16,56,102
23,110,149
46,59
22,66,97
63,95,122
21,134
69,115,139
4,8,50
40,74,145
9,76,85
77,147
7,71,125
122,127,129
7,8,10
24,25
17,148
42,124,149
8,30
88,119
13,36,97
70,132,148
110,129,137
27,85
67,86
63,100,149
43,92
19,44,122
20,90,130
18,57,127
79,109,130
25,35,81
72,74
32,127,128
50,109,114
1,64,150
2,33,70
7,50
109,128,145
41,79
9,59,95
30,37,143
23,117,129
114,117,129
77,123
2,76,102
14,52,149
24,40
34,66,84
46,115
13,81,93
77,90,146
114,115,129
65,67,127
12,102,117
16,42,111
3,27,111
27,111,132
35,38,106
33,44,50
50,57,78
66,67
21,79,92
2,97,102
79,91
23,34,64
55,95,149
55,137
29,82,122
6,96,105
28,41,89
68,92,106
86,114
4,8,105
6,48
14,113
30,101,132
62,91,121
50,58,104
96,101,107
72,149
24,96,142
56,91
2,47
16,68,71
6,53
39,76,80
1,63,74
20,49,82
40,58,149
53,84
17,53,108
37,49,109
21,72,74
12,98
25,105,139
10,108
36,109
23,106,125
47,48,111
74,122,130
26,44,50
43,56,129
120,127
12,76,147
75,90,146
96,135,145
72,84
10,43,66
15,116
3,53,128
37,71,142
72,103,116
21,49,130
6,126,142
28,110
74,94,103
17,65,121
5,34,133
4,51,52
34,117,126
67,103,119
44,47
27,81,116
11,85
68,104
97,108
113,132
10,56,108
109,120,138
110,114,115
3,17,54
72,85,126
100,143
41,60,75
66,139
4,47,62
99,109,120
22,91,111
42,46,104
6,86
77,135
34,52,127
23,50
37,98,120
18,26,73
26,64,73
86,109,145
11,66,94
20,51,71
12,49,145
11,126
27,93
22,27
61,82,112
55,120,128
25,97,121
122,147
41,92,120
17,30
38,50,124
52,92
21,43,147
13,97,145
40,100,129
12,68
20,30,82
18,34,133
22,53,121
11,62,144
51,135,146
67,144
34,40,117
51,82
2,81,94
57,114,124
92,101,147
76,132
24,32,145
65,72
54,67,113
36,97,148
78,125,149
61,93,106
3,54,81
65,66
67,105,137
74,93,128
44,70,114
21,91
27,50,74
140,147
80,94,133
31,53,102
28,95
28,71,143
69,88,116
22,39,54
27,130
13,42
55,121,139
9,134
61,71,86
106,112,146
85,88,121
50,129,141
8,17,139
67,69,97
40,117,133
9,46
5,7,70
25,26,38
80,87
83,148
62,91
52,149
72,112
82,107,109
10,77,99
17,59,93
21,72,101
14,40,148
5,114,146
37,110,141
79,130
18,50,110
16,144
34,95,141
12,147
5,60,64
20,58,118
1,14,150
28,102,144
35,61,68
3,54,139
27,83,103
92,130,143
3,10,121
124,130
26,73,133
18,114
23,63
33,117
3,8,25
68,140
77,82,138
5,137
67,76,139
51,120,146
24,77,142
5,18,57
28,32,138
9,40,52
26,77,138
114,150
47,98,145
30,67
16,92
14,115,141
4,48,121
79,142
52,114
79,140
29,60
55,61,130
72,83,97
17,57,78
115,126,150
22,36,121
133,134
38,100
74,100
6,48
7,131,133
24,45,143
60,150
6,109
8,13,49
32,72
18,128
3,139
20,75,96
16,86,108
45,51,61
42,125,134
52,54
16,73
28,72
19,104,117
16,25,108
6,31,94
35,39,120
3,27
21,99,123
8,17,39
41,98
77,89,90
14,19
17,100,105
37,41,140
31,42,51
70,113
38,114,125
16,143
14,71,77
117,134
40,70
29,102,135
2,35
20,32,55
37,51,114
3,91,104
22,143,148
19,78
89,107,120
96,124,126
57,73,133
19,34,42
15,112,122
27,72,85
20,99
4,35,69
115,135
56,118
4,48,116
71,109,149
19,110,131
12,96,147
73,87,133
5,52,95
19,29
8,111
22,111,143
16,79
5,40,124
2,97,139
91,105,142
21,39,72
84,97,113
46,125
30,123
72,127
31,93,141
29,37,64
23,115
32,55,139
71,92,99
19,70,125
64,69
78,105,106
10,97,105
50,141
8,54,121
67,138
94,136
61,112,135
56,119,139
5,139,140
3,91,116
36,62,141
70,128,148
8,22,108
27,105,129
