30,49
17,99,147
23,75,123
64,106,132
86,90
30,35
44,74,117
2,105,125
11,71
19,41,118
11,98,142
51,69,118
54,118,120
15,147,148
89,98
127,129
25,43,112
12,21,105
21,63
5,20,28
56,83
37,132,145
11,94,107
98,106,107
1,50,130
45,76
55,56,70
75,119,130
48,79
89,98,143
26,82,98
74,130,141
40,60
59,98,126
19,28,50
61,67,101
45,81,136
4,72,137
131,145
48,50,69
48,92,105
46,55,141
89,98,129
13,47,64
105,147
57,66,75
40,51,52
36,75,142
22,34,120
24,141
14,86
3,5,85
37,70,124
30,59
70,136,147
25,61,135
82,96,149
63,82,89
87,110,142
44,107,139
86,90,122
7,106,110
63,112
140,142
59,89
8,68,91
4,88,126
30,56,110
110,139
33,72,148
2,22
9,57
18,130,141
3,68,113
7,22,87
56,121,125
1,72,125
32,94,127
1,77,146
17,103
44,106,119
5,112,144
1,12,61
55,89,100
47,48,85
70,82,102
96,120
102,136,148
6,66,92
26,29,97
133,135
91,113,148
29,125
24,134,147
20,49,51
6,51,137
62,71,109
2,55
9,41,86
8,31,109
8,112
23,36
1,6,119
129,146
78,84,137
75,143
8,42
8,23,86
4,58,112
66,88,146
99,117,127
38,49,122
33,96,108
101,134
89,106,127
101,128,136
10,73
35,63,141
26,69,113
40,48,137
45,111,115
40,131
106,139,141
47,142
34,35,99
37,72,102
101,103,147
7,92,143
88,94,127
2,90
15,23,121
34,63,146
21,79,96
110,127,140
47,109,133
11,47,107
88,89,146
37,102,114
20,35
25,67,134
2,97
42,138
86,114
13,76
4,97,119
1,146
64,130,143
34,110,129
22,74,143
4,53
56,82,94
90,100,144
41,46,50
44,118
36,86,102
54,103,134
56,64,78
75,83
87,146
112,115,123
21,57,150
56,106,129
8,28,90
76,105,135
23,41
81,125,134
3,145
34,82,106
72,125,147
36,68
59,139,140
39,60,118
43,105
63,82,98
20,32
54,87,129
4,124,134
85,105
28,33,77
95,119
97,106,111
21,77,93
82,107,110
28,56,117
6,36,52
88,110,126
78,88,94
20,115
50,55,68
37,126,149
52,67
116,144
19,39,113
104,113
39,47
5,82,106
98,105,114
66,94
27,110,129
14,19,28
94,141
24,80,101
51,60,86
44,146
13,140,142
143,146
95,125,136
3,36
2,12
26,81,114
21,76,104
60,123
12,70,133
26,63
50,101,124
130,139,140
56,100
46,133
17,24,148
20,60,61
26,64,83
1,43,95
12,37,102
58,72,99
77,142,146
101,123,125
139,147
33,54,103
54,71
42,84,131
66,110,122
9,68,93
60,101,127
10,76,133
41,100,134
23,49,91
10,12,65
29,70,86
8,17,62
16,100
70,133,134
62,107,125
97,98
67,123
48,50,113
12,43,111
13,44,82
48,62,93
11,45,123
7,26,54
44,51,68
25,74
69,122
15,107
37,99
28,38,85
41,108,137
127,132
45,91,110
46,54
5,20,51
15,37,150
27,36,50
27,28,42
132,140
30,42,63
82,132
28,53,79
42,71,113
1,2,101
107,127,130
4,54,111
13,83,107
35,62,131
128,138
43,70,136
21,39
22,126,135
14,20,30
91,96,97
37,81
32,83,126
58,117
8,50,86
126,141
25,111,134
59,75,87
107,137
14,28,36
37,105,125
10,150
27,42
15,61,62
38,61
79,127,142
31,41,86
6,14,145
16,84,87
20,22,56
58,133,135
8,23,48
100,102,121
70,97,111
9,68,97
16,87
16,110,147
20,46,111
2,10,43
7,13,119
80,81,124
47,129,146
45,106,134
38,41,144
68,94
20,68,145
38,41,104
62,87,105
35,120,136
6,49,53
9,36,53
29,120
110,119,130
4,99,114
10,17,111
5,111,145
14,81
28,65
1,111
82,100,131
14,38,108
63,73,84
10,128
32,70,86
72,73,75
93,137,149
34,45,93
84,85,107
24,99,122
64,113
58,80,138
103,112
49,144
98,127
43,67,138
1,2,72
5,91
44,140,146
16,79
61,77,149
44,115,146
28,54,88
36,71,145
8,82
36,62,122
31,52,121
39,52,79
73,100
88,98,140
4,103
57,120,130
67,134,139
37,99,105
61,81,116
119,136
16,21
19,38,40
12,92
110,132,134
7,83
22,35,68
2,125,141
33,37,136
81,94,102
16,21,29
75,140,142
114,141,146
49,100
40,62
60,92,136
5,10,94
48,90
100,113
12,16,150
19,94
27,61,136
17,138
44,136,144
77,136,150
18,48,104
74,87,98
14,93,118
10,120,127
71,113,137
15,81,150
64,66,87
50,56,60
55,124,136
55,77
30,122
53,71,91
2,105,111
18,59,78
80,147
99,126
33,61,121
39,90
45,78,150
9,54,56
6,109,113
91,102,121
44,119,141
31,42
8,49,104
52,79,109
82,89,107
30,35,52
24,80,109
4,33,112
25,76,135
7,87
75,87,148
30,116
98,143
50,68
1,87,145
126,135
31,145
54,106
11,35,103
40,51,118
56,79,139
32,48
58,105,125
85,131
39,41
2,111,119
35,122
43,67,133
110,131
40,84
117,119
95,116
6,49,122
2,49,53
31,48,68
47,66,107
21,35,150
79,84
1,12,123
30,144
2,138
53,109
40,44,45
5,109,137
105,125
40,58,147
56,67,121
26,100,123
95,115,138
104,121,135
75,88,107
68,135
3,52,91
14,21,143
24,37,134
83,96,132
7,120,132
16,67,126
65,68
30,70,73
13,24,28
22,32,96
44,83,143
39,55,131
50,73,123
22,67,120
34,117,140
70,125,148
35,123
17,41,112
40,50,62
19,20
46,50,51
50,112,132
11,82
76,117,140
14,53,145
110,122
26,66,132
62,68,86
85,126
76,83,86
110,130
119,127
23,39,43
102,122
24,128,135
4,110
2,4,33
59,63,83
32,64,120
66,150
40,137
45,58,107
36,69,104
44,66,117
101,116
27,45,111
5,131,145
81,121,124
39,48,67
34,63
108,113
53,58,100
4,77,125
36,129,143
114,125,128
100,134,148
21,68
60,69,85
89,120
11,129
75,106
34,66
38,50,84
78,120,140
117,127,130
18,74
79,123,127
19,68,131
12,104
22,141,143
30,139
30,69,90
6,42,49
2,58,75
21,45,121
78,88,139
87,94,143
92,117,140
44,58,145
20,38,60
51,109,137
18,62,140
2,38,52
55,68,104
6,86
17,77,112
73,98,113
54,56,125
88,143
59,89,96
78,100,127
36,93,113
89,120,129
1,36
13,22,106
77,78
35,63,132
87,94
7,119
25,46,99
16,45,148
11,63,143
10,37,65
32,132,140
52,84,137
25,59,116
83,87,130
40,49,51
25,88
13,42
42,82,134
16,73,147
80,116,149
105,137
18,26,34
60,94,104
87,93
97,147
20,70
48,111,132
74,75,129
31,49,109
43,79,137
51,53
27,49,121
55,116,148
56,57,140
8,50,90
50,85,144
53,102,114
37,54,111
18,107,143
4,10
57,87,98
14,86,140
54,132
7,89,132
47,64,88
56,63,92
118,122,137
67,77
33,49,123
51,59,75
5,49,122
1,57,135
110,119,141
29,74,96
72,120
28,69
49,108,109
9,28,138
37,47,130
36,52,65
13,37,117
13,132,143
7,66
71,116,145
28,42,71
15,102,111
29,94,106
23,90,113
32,55
43,144
22,92,146
86,104
95,98,130
89,92,140
2,4,10
27,35,147
6,55,71
4,120
57,70,85
63,74,140
47,123,127
91,122
18,50,93
25,82,87
6,138,149
73,95,133
51,98,121
44,117,127
55,93,100
20,36,93
52,64,110
69,89,139
54,104,148
23,61,84
32,74,140
22,70,99
112,138
7,47,75
12,65,150
53,106
48,89
44,133
66,92,139
71,100
2,93,106
93,109
66,139
76,115
40,109
43,70,116
71,121
22,124
20,42,90
92,94,96
37,40,100
43,147,150
22,74,130
39,46,75
124,142,145
40,63,108
1,99
64,78
39,50,126
26,42,146
7,89,139
45,111,121
56,83,87
17,25,109
62,87
130,146
54,112,137
3,109,113
17,33,148
78,96,110
56,64,120
1,15,64
23,27,92
23,67,127
17,38,94
34,106,140
17,95,124
14,57,88
40,136
56,57,130
2,53
64,106,130
53,124
65,72,114
78,99,129
27,54,65
18,64,66
6,19
19,82,86
94,106,125
8,50,131
32,98,139
61,75,100
33,93,120
5,6,71
69,126
4,123,150
31,50,90
31,38
5,41,43
41,49,60
13,119,126
14,40,132
18,82
87,117,120
83,139,148
29,106,117
19,75,147
31,51,143
25,73,104
73,76,101
21,123,133
3,36,113
16,21,61
29,92
26,117,127
100,108,144
27,103,119
79,85,108
27,133,135
29,42,139
39,43
6,71,100
84,108
79,86
56,98,130
40,52,145
38,62,109
32,96,103
3,19,42
8,123,146
19,79
121,146
39,40,66
34,106,146
2,95,136
80,105
7,11,89
133,136,138
97,123
29,59,126
78,127,139
73,110,137
56,80,141
139,141
19,90,149
12,75,109
72,73
37,85,113
8,79,144
90,109,113
3,38,71
38,57,121
15,122
18,45
21,111,124
66,104,138
99,115,116
91,93,124
44,95,101
11,117
32,96,140
17,58,115
3,93,118
7,57,82
63,74,106
59,140
58,68,100
63,127
53,85,109
76,134
51,52
18,70,139
23,94,101
17,97,124
2,89
18,129
73,80,135
1,68,77
14,67,143
120,130
70,136
49,85
11,129
47,98,143
37,70,77
5,60
55,57
140,141
5,68,114
11,93
17,91
6,28,57
98,106,143
20,69,104
88,140,142
128,133
73,116,121
13,90
13,139,142
33,45,133
30,50,51
35,48,49
31,69,87
57,89,96
7,92,106
16,146
34,62
10,45,55
67,70,124
22,115,130
82,110
37,146
20,55
70,112,125
45,73,99
100,127,145
10,35,72
98,126,142
54,149
83,98
20,23,28
42,65,134
78,94,146
23,79,85
102,128,147
39,40,122
48,52
11,34,96
83,118
76,97,112
46,138,149
6,60
73,94,145
6,93
72,114
132,144
28,34,93
9,69,97
141,150
23,67,130
16,45,135
104,108
7,13
17,43,45
29,149
34,63,94
10,111,123
