1,2
1,99
1,208
1,220
1,319
1,414
1,472
2,75
2,138
2,156
2,192
2,317
2,374
2,482
2,498
3,47
3,48
3,101
3,110
3,124
3,217
3,367
3,379
3,418
3,494
4,128
4,155
4,209
4,411
4,440
4,450
5,13
5,18
5,22
5,98
5,285
5,363
6,182
6,255
7,129
7,166
7,180
7,277
7,336
7,389
8,91
8,160
8,161
8,214
8,219
8,231
8,325
8,372
8,429
8,465
8,477
9,66
9,153
9,221
9,257
9,314
9,343
9,392
9,418
9,453
10,92
10,114
10,187
10,250
10,426
11,248
11,359
11,409
11,410
11,449
12,63
12,72
12,127
12,258
12,446
13,98
13,279
13,284
13,469
13,485
13,490
14,51
14,100
14,146
14,149
14,174
14,284
14,357
14,371
14,495
15,228
15,301
15,330
15,344
15,402
15,426
15,428
16,18
16,172
16,254
16,306
16,320
16,380
16,387
16,410
16,437
17,31
17,159
17,211
17,243
17,299
17,349
17,439
18,64
18,154
18,155
18,200
18,240
18,247
18,280
18,282
18,494
19,90
19,107
19,227
19,279
19,307
19,331
20,44
20,51
20,79
20,117
20,316
20,352
20,370
20,389
20,395
20,446
21,50
21,94
21,98
21,160
21,253
21,305
21,351
21,384
21,435
22,46
22,74
22,84
22,268
22,279
22,434
22,487
23,25
23,76
23,121
23,151
23,205
23,212
23,213
23,254
23,432
23,493
24,80
24,83
24,354
24,407
24,489
24,500
25,154
25,197
25,256
25,337
25,344
25,412
25,468
26,79
26,102
26,127
26,143
26,185
26,199
26,202
26,215
26,344
26,362
26,483
27,83
27,114
27,152
27,211
27,315
27,319
27,320
27,325
27,327
27,427
28,123
28,143
28,202
28,234
28,247
28,367
29,34
29,56
29,475
29,486
30,87
30,106
30,113
30,158
30,300
30,418
30,442
30,466
31,64
31,108
31,200
31,205
31,208
31,300
31,342
32,107
32,147
32,207
32,388
32,460
33,160
33,309
33,321
33,344
33,346
33,436
33,490
34,100
34,131
34,159
34,173
34,341
34,449
34,465
34,478
34,495
35,57
35,128
35,141
35,142
35,163
35,173
35,256
35,350
35,414
36,93
36,175
36,199
36,286
36,352
36,369
37,52
37,72
37,96
37,163
37,168
37,264
37,388
38,236
38,290
38,335
38,340
38,375
38,412
38,424
38,426
38,455
38,463
38,470
38,472
38,473
38,500
39,52
39,182
39,304
39,325
40,86
40,104
40,112
40,460
41,54
41,114
41,123
41,127
41,156
41,228
41,310
41,349
41,416
42,65
42,97
42,139
42,245
42,339
42,383
42,386
43,131
43,281
43,315
43,368
43,409
43,451
44,74
44,96
44,142
44,150
44,185
44,203
44,290
44,338
44,366
44,377
45,90
45,160
45,183
45,320
45,426
45,482
45,496
46,162
46,203
46,253
46,254
46,373
46,424
46,457
46,463
47,59
47,78
48,107
48,258
48,398
49,188
49,203
49,215
49,228
49,271
49,457
50,78
50,90
50,160
50,192
50,212
50,295
50,298
50,330
50,345
50,368
50,484
50,487
51,75
51,238
51,248
51,254
51,327
51,336
51,453
51,468
52,83
52,222
52,251
52,274
52,329
52,392
52,431
52,481
53,89
53,171
53,220
53,275
53,294
53,301
53,378
53,386
53,390
53,443
54,304
54,366
54,372
55,126
55,299
55,308
55,393
55,424
55,440
55,448
56,57
56,112
56,138
56,208
56,234
56,280
56,397
56,437
56,464
56,500
57,147
57,391
57,420
58,71
58,125
58,174
58,231
58,243
58,246
58,264
58,295
58,300
58,316
58,320
58,361
58,389
59,71
59,114
59,182
59,230
59,311
59,407
59,446
60,206
60,264
60,345
60,384
60,414
61,84
61,119
61,185
61,256
61,356
61,383
61,448
62,155
62,216
62,293
62,314
62,357
62,445
63,144
63,229
63,253
63,338
63,394
63,437
63,459
64,193
64,260
64,283
64,284
64,345
64,359
64,363
64,415
65,225
65,344
65,352
65,485
66,107
66,139
66,206
66,253
66,379
66,428
66,485
67,105
67,330
67,379
67,408
67,410
67,440
67,461
67,480
68,71
68,159
68,188
68,231
68,234
68,293
68,317
68,346
68,497
69,80
69,101
69,106
69,169
69,206
69,240
69,246
69,320
69,347
69,384
70,78
70,95
70,325
70,422
70,476
71,246
71,331
71,357
71,370
71,408
72,73
72,134
72,151
72,241
72,328
72,332
72,423
72,489
73,112
73,129
73,133
73,298
73,347
73,364
73,467
74,210
74,229
74,297
74,314
74,388
74,437
74,448
74,489
75,200
75,293
75,348
75,433
75,495
76,96
76,184
76,267
76,322
77,91
77,114
77,157
77,171
77,182
77,202
77,217
77,227
77,241
77,271
77,386
77,497
78,147
78,257
78,325
78,479
79,118
79,121
79,134
79,166
79,494
80,131
80,134
80,372
80,431
81,194
81,262
81,332
82,99
82,351
82,454
82,472
83,155
83,186
83,398
83,439
83,500
84,281
84,289
84,394
84,459
84,490
85,155
85,167
85,216
85,265
85,375
85,417
85,444
85,458
86,119
86,155
86,282
86,288
86,374
87,111
87,259
87,306
87,333
87,422
87,493
87,499
88,112
88,119
88,140
88,177
88,226
88,256
88,414
89,144
89,160
89,212
89,235
89,236
89,249
89,294
89,322
89,392
90,119
90,294
90,299
90,416
91,171
91,196
91,324
91,429
91,471
92,123
92,144
92,174
92,195
92,290
92,396
92,438
93,95
93,100
93,154
93,174
93,187
93,206
93,228
93,315
93,409
93,447
94,185
94,313
94,325
94,405
94,408
94,454
94,455
94,484
95,128
95,157
95,195
95,337
95,358
95,420
96,160
96,335
96,402
96,482
97,175
97,218
97,356
97,373
97,412
97,485
97,500
98,129
98,137
98,445
99,171
99,179
99,193
99,271
99,276
99,295
99,300
99,303
99,370
99,443
100,115
100,261
100,301
100,451
101,109
101,385
101,457
102,152
102,177
102,181
102,365
102,415
102,444
102,453
103,309
103,361
103,401
103,405
103,470
103,479
104,423
105,140
105,247
105,337
105,349
105,391
105,420
106,161
106,167
106,181
106,216
106,301
106,353
106,369
106,392
106,421
106,465
106,491
107,123
107,126
107,132
107,143
107,202
107,268
107,399
107,401
108,140
108,280
108,324
108,386
108,400
108,417
108,498
109,269
109,276
109,299
109,410
109,440
110,130
110,160
110,197
110,252
110,260
110,300
110,390
110,427
111,314
111,328
111,333
111,376
111,403
111,412
111,432
111,462
112,181
112,277
112,288
112,307
112,412
112,441
113,193
113,235
113,311
113,334
113,394
113,429
114,176
114,309
114,317
114,338
114,395
115,239
115,276
115,305
115,312
115,419
116,229
116,320
116,349
116,385
116,438
117,127
117,149
117,169
117,184
117,197
117,213
117,279
117,341
117,399
117,405
118,128
118,141
118,194
118,269
118,309
118,336
118,341
118,388
118,427
118,454
119,123
119,141
119,151
119,175
119,210
119,274
119,307
119,316
119,417
119,489
119,491
120,154
120,169
120,173
120,395
121,315
121,371
121,439
122,139
122,144
122,286
122,396
122,442
122,452
122,464
122,488
123,143
123,293
123,358
123,374
124,193
124,222
124,245
124,290
124,415
125,181
125,371
125,410
126,136
126,160
126,192
126,215
126,234
126,351
126,380
126,427
126,438
126,465
127,178
127,234
127,289
127,321
127,392
127,435
127,492
128,304
128,337
128,431
128,493
129,148
129,150
129,191
129,194
129,267
129,361
129,373
129,423
129,461
130,202
130,234
130,296
130,298
130,417
130,428
130,447
130,466
131,213
131,285
132,152
132,207
132,219
132,383
132,384
133,153
133,270
133,295
133,301
133,496
134,448
135,290
135,367
135,380
135,399
135,415
136,239
136,369
136,382
136,424
136,450
136,468
137,173
137,293
137,366
137,435
137,489
138,184
138,189
138,229
138,363
138,436
139,167
139,295
139,322
139,476
140,146
140,165
140,225
140,333
140,348
140,367
140,391
140,497
141,194
141,221
141,257
141,361
141,462
142,160
142,173
142,307
142,325
142,342
142,368
142,380
142,397
142,434
143,181
143,225
143,277
143,331
143,416
143,417
143,484
143,485
144,178
144,218
144,309
144,374
144,382
144,413
145,181
145,257
145,388
145,498
146,276
146,444
146,481
147,163
147,242
147,297
147,308
147,312
147,383
147,430
148,169
148,209
148,269
148,295
148,316
148,424
149,153
149,207
149,231
149,280
149,358
149,418
149,465
149,480
150,192
150,289
150,340
150,349
150,376
150,463
151,224
151,444
151,467
152,212
152,330
152,409
152,413
153,188
153,194
153,198
153,204
153,217
153,282
153,323
153,391
153,394
153,469
153,478
153,488
154,185
154,303
154,305
154,360
154,404
154,475
155,247
155,256
155,265
155,302
155,367
155,415
155,444
155,459
156,271
156,326
156,339
156,391
156,395
157,200
157,224
157,245
157,270
157,496
158,192
158,293
158,371
158,470
158,498
159,259
159,261
159,286
159,341
159,390
160,179
160,217
160,242
160,382
161,180
161,193
161,203
161,261
161,318
161,425
161,438
161,471
161,492
162,334
162,372
162,434
162,439
163,252
163,266
163,276
163,300
163,491
164,172
164,337
164,370
164,473
165,177
165,215
165,220
165,287
165,347
165,398
165,438
166,188
166,229
166,270
166,365
166,401
167,179
167,217
167,269
167,275
167,287
167,296
167,346
167,449
168,178
168,181
168,188
168,276
168,298
168,326
168,387
168,388
169,207
169,301
169,314
169,415
169,433
169,476
169,485
169,488
170,194
170,231
170,242
170,339
170,354
170,417
170,461
170,462
171,174
171,267
171,314
171,358
171,368
171,381
171,387
171,441
171,465
172,174
172,333
172,370
173,219
173,279
173,296
173,312
173,366
174,191
174,224
174,301
174,342
174,431
175,184
175,229
175,254
175,278
175,301
175,477
176,333
176,369
176,396
177,263
177,270
177,373
177,446
177,452
177,462
178,235
178,321
178,435
179,217
179,235
179,259
179,268
179,379
179,432
180,194
180,286
181,186
181,251
181,278
181,314
181,377
181,417
181,437
182,238
182,246
182,292
182,315
182,411
182,478
182,486
183,264
183,366
183,396
183,454
183,496
184,244
184,308
184,333
184,342
184,436
185,266
185,402
185,410
186,232
186,233
186,297
186,347
186,458
187,210
187,317
187,411
187,453
188,227
188,247
188,257
188,371
188,434
189,300
189,332
189,389
189,398
189,496
190,408
190,435
190,443
190,488
191,216
191,257
191,265
191,283
191,446
191,495
191,496
192,235
192,308
192,386
192,399
192,465
192,484
192,490
193,260
193,413
193,472
193,493
194,237
194,310
194,313
194,350
194,448
194,449
194,475
194,479
195,462
196,251
196,268
196,271
196,304
196,379
197,331
197,356
197,418
197,426
197,476
198,205
198,234
198,287
198,355
198,387
198,388
198,398
198,446
198,480
198,488
199,200
199,212
199,321
199,425
199,434
200,230
200,449
201,220
201,266
201,276
201,375
201,383
201,392
202,227
203,227
203,251
203,263
203,277
203,278
203,280
203,394
203,474
204,334
204,429
205,238
205,325
205,371
205,391
206,248
206,258
206,302
206,323
206,382
206,397
207,400
207,480
208,228
208,231
208,233
208,266
208,431
208,432
208,451
209,210
209,280
209,333
209,489
209,495
210,289
210,380
210,445
210,461
211,246
211,271
211,342
211,376
211,475
212,390
212,433
212,474
213,243
213,391
213,419
213,432
213,454
213,458
214,219
214,287
214,289
214,372
214,399
215,230
215,263
215,269
215,276
215,302
215,368
216,273
216,367
216,403
217,289
217,314
217,322
217,345
217,372
217,386
217,412
218,255
218,364
218,413
218,446
219,353
219,399
219,425
219,480
220,243
220,293
220,492
221,254
221,259
221,260
221,349
221,394
221,464
222,279
222,315
222,411
222,451
222,478
222,480
223,295
223,354
223,429
223,447
223,488
224,284
224,486
224,491
225,271
225,284
225,303
225,334
225,335
225,338
225,379
225,417
225,484
226,303
226,417
226,472
226,476
226,488
227,229
227,273
227,303
227,385
227,484
228,241
228,262
228,329
228,401
228,477
229,295
229,358
229,419
229,467
229,489
230,361
230,379
231,308
231,376
231,384
231,401
231,462
232,295
232,312
233,371
233,474
233,478
234,394
234,414
234,467
234,482
235,292
235,294
235,392
235,482
236,245
236,323
236,375
236,455
236,467
236,475
236,482
237,288
237,374
237,429
238,319
238,427
239,257
239,411
239,478
240,279
240,452
240,483
241,314
241,380
242,273
242,351
243,246
243,400
243,438
243,495
244,287
244,435
244,476
244,484
245,294
245,310
245,373
245,492
246,257
246,404
247,308
247,343
247,449
247,462
248,260
248,261
248,431
248,491
249,273
249,286
249,394
249,432
249,453
250,322
250,421
250,446
250,452
250,463
251,273
251,289
251,319
251,366
251,422
251,423
252,354
252,399
252,463
253,289
253,318
254,310
254,311
254,434
254,499
255,283
255,300
255,309
255,340
255,389
255,407
255,495
257,344
257,454
258,289
258,374
258,457
259,397
259,405
260,407
260,431
261,273
261,294
261,471
262,268
262,390
262,466
262,499
263,434
263,444
263,456
264,309
264,431
264,463
264,475
265,360
265,416
265,448
265,458
265,499
266,333
266,380
266,422
266,473
267,299
267,383
267,445
268,355
268,366
268,398
268,416
268,427
268,489
269,305
269,381
269,407
269,435
269,443
269,461
269,497
270,294
270,339
270,356
270,385
270,422
270,465
270,482
270,483
271,349
271,373
271,396
271,483
271,491
272,298
272,334
272,338
272,351
272,370
272,464
272,487
274,296
274,324
274,419
275,325
275,402
276,324
276,416
276,482
276,500
277,292
277,375
277,376
277,440
278,282
278,313
278,339
278,387
279,403
279,458
279,481
279,496
280,283
280,380
281,299
281,416
281,470
282,305
282,347
282,391
282,405
283,342
283,497
284,293
284,344
284,361
284,371
285,319
285,366
285,389
285,475
285,477
286,328
286,362
286,429
287,301
287,431
288,313
288,376
288,383
288,400
288,422
288,458
289,321
289,378
289,405
289,429
290,471
291,304
291,433
291,468
292,309
292,341
292,360
292,364
292,389
292,434
293,323
293,370
293,432
293,435
294,340
294,358
294,373
294,418
295,314
295,327
295,343
295,399
295,420
295,455
296,318
296,483
297,304
297,313
297,339
297,343
298,395
298,415
298,448
298,452
298,460
299,308
299,351
299,385
300,409
300,453
300,484
301,314
301,421
302,315
302,341
302,402
302,406
302,475
303,312
303,323
303,330
303,350
304,455
306,311
306,338
306,348
306,440
306,453
306,496
307,355
307,388
307,406
307,451
307,463
308,412
308,486
309,311
309,314
309,329
309,352
310,382
310,431
310,441
311,401
312,422
312,471
313,354
313,405
313,434
313,468
314,356
314,362
314,377
314,479
315,349
316,322
316,392
316,430
316,452
316,482
316,486
317,379
317,423
317,449
317,462
318,328
318,412
319,320
319,347
319,399
319,407
320,407
321,342
321,416
321,421
321,432
321,494
322,371
322,459
323,420
323,450
323,455
324,366
324,377
324,441
324,477
324,479
324,481
324,499
325,446
327,448
328,422
328,481
330,353
330,486
331,360
331,425
331,488
331,497
331,499
332,361
332,371
332,391
332,407
332,430
333,439
334,353
334,362
335,377
335,380
335,403
335,413
335,420
335,445
335,481
336,369
336,377
336,383
337,353
337,364
338,414
339,352
339,380
341,414
341,450
342,354
342,484
343,407
343,430
343,460
344,416
344,443
344,488
345,451
345,456
346,351
346,379
346,444
346,465
347,397
347,411
347,424
347,470
347,473
347,481
347,495
348,483
349,370
349,493
350,380
350,397
350,419
350,457
354,397
355,372
355,394
355,409
355,432
356,440
357,452
358,408
358,477
359,374
359,405
359,466
360,403
360,405
360,410
361,411
361,462
361,496
362,381
362,475
363,431
364,400
364,422
364,464
364,495
365,381
366,373
366,386
366,387
366,445
366,489
367,410
367,490
368,407
368,410
369,392
370,411
370,413
370,494
371,398
372,385
372,447
372,471
372,476
373,469
374,433
375,393
375,394
375,456
376,397
376,408
376,412
376,445
376,479
377,378
378,395
379,396
379,435
385,416
385,438
386,484
387,451
387,464
389,431
390,413
391,465
393,397
393,431
393,463
394,458
395,396
395,415
395,430
396,397
396,445
396,483
397,415
397,441
397,461
397,491
398,458
398,476
398,491
401,413
401,496
402,443
402,449
402,486
403,429
405,441
407,451
407,476
408,411
409,480
409,500
410,459
410,472
413,427
413,478
414,478
414,491
414,500
415,421
415,444
415,477
415,496
417,439
417,444
417,461
418,468
419,461
420,448
420,460
422,452
422,461
425,429
426,455
428,487
429,441
430,465
431,432
431,481
433,457
434,440
434,474
436,440
437,480
438,467
440,458
442,473
442,499
443,480
444,458
445,451
445,467
445,487
446,466
448,484
449,495
450,486
451,481
454,462
455,458
455,479
456,482
457,470
457,482
458,486
459,500
461,470
462,498
463,486
464,483
465,478
472,477
473,480
475,488
476,492
476,498
482,489
484,489
484,492
1,51,372
1,64,87
1,237,361
1,246,264
1,271,363
1,319,450
1,446,475
2,4,339
2,33,292
2,67,97
2,88,363
2,201,349
2,205,374
2,292,483
2,348,359
3,30,327
3,87,93
3,94,402
3,126,402
3,199,369
4,10,14
4,33,413
4,67,247
4,168,380
4,172,208
4,342,436
4,348,498
5,35,61
5,38,148
5,95,153
5,104,452
5,147,296
5,181,304
5,254,437
5,274,481
5,309,483
5,350,397
5,439,483
6,30,355
6,39,177
6,77,465
6,213,239
6,235,271
6,447,485
7,37,56
7,52,490
7,91,118
7,144,354
7,283,434
8,9,287
8,12,378
8,89,99
8,171,471
8,185,198
8,258,402
9,27,171
9,143,198
9,297,487
10,49,157
10,108,177
10,148,290
10,235,356
10,293,438
11,82,174
11,124,402
11,204,268
11,262,295
11,374,490
11,393,439
12,14,271
12,110,253
12,169,485
12,226,301
12,397,468
13,83,122
13,95,417
13,194,356
13,236,433
13,240,455
13,308,387
14,51,118
14,79,182
14,166,176
14,281,480
14,414,495
15,284,313
16,62,151
16,324,335
16,328,404
16,350,472
17,60,432
17,71,131
17,108,200
17,130,379
17,131,486
17,161,208
17,246,370
17,246,383
18,39,415
18,44,428
18,81,435
18,99,227
19,139,199
19,175,365
19,259,281
19,352,412
20,81,315
20,108,466
20,177,238
20,189,420
20,220,315
20,254,415
20,281,450
21,42,474
21,48,362
21,112,247
21,120,126
21,186,276
22,87,397
22,135,458
22,186,260
22,333,373
22,335,486
22,437,482
23,164,337
23,201,343
23,231,271
24,31,183
24,42,389
24,359,431
25,49,101
25,69,449
25,133,416
25,203,250
25,294,390
25,355,384
25,362,425
25,388,500
25,426,453
26,117,125
26,153,402
26,234,242
27,69,370
27,93,189
27,170,413
27,317,407
28,45,62
28,136,327
28,207,447
28,300,351
29,205,466
29,295,474
30,79,233
30,106,160
30,268,288
30,472,488
31,109,215
31,191,343
32,97,350
32,173,325
32,232,326
33,182,271
33,228,416
33,255,374
33,416,426
34,62,328
34,123,348
34,139,182
34,196,241
35,39,325
35,48,456
35,77,219
35,86,276
35,148,259
35,160,321
35,168,256
35,226,271
35,259,464
35,366,458
36,95,145
36,101,214
36,161,297
36,352,472
37,98,467
37,256,304
37,267,274
37,288,394
37,290,441
37,296,479
38,78,122
38,155,279
38,216,318
39,63,449
39,91,123
39,147,192
39,148,350
39,229,349
39,241,433
39,241,445
40,87,441
40,297,439
41,123,310
41,295,368
41,458,489
42,46,423
42,112,164
42,198,270
42,212,258
42,223,410
42,258,425
43,319,414
44,70,426
44,104,474
44,107,204
44,115,201
44,178,384
44,209,298
44,333,412
45,70,303
45,100,404
45,130,333
45,161,355
45,225,238
46,207,253
47,68,401
47,114,283
47,228,495
49,59,183
49,109,204
49,146,163
49,243,466
49,379,410
50,89,162
50,91,454
50,107,484
50,120,217
50,126,167
50,145,191
50,185,303
50,378,435
50,381,392
51,58,281
51,156,395
51,166,437
51,246,398
51,283,359
51,317,348
51,326,411
52,95,321
52,144,408
52,209,310
52,210,350
52,222,372
52,298,360
52,323,353
52,356,494
52,493,494
53,63,141
53,152,399
53,162,471
53,207,265
53,287,381
54,94,253
54,99,399
54,113,405
54,117,230
54,149,261
54,154,270
54,294,301
55,57,201
55,146,147
55,201,256
55,282,326
55,369,379
56,86,366
56,100,327
56,141,266
56,149,498
56,233,279
56,256,500
57,155,277
57,233,266
58,62,390
58,255,363
58,333,400
59,64,157
59,69,158
59,105,347
59,144,210
60,98,488
60,144,228
60,159,475
60,193,269
60,291,300
61,74,130
61,88,345
61,120,262
61,310,340
62,85,364
62,340,499
63,106,389
63,173,308
63,296,477
64,71,172
64,315,317
64,395,476
64,451,469
65,136,175
65,169,264
65,369,402
66,69,289
66,95,132
66,127,149
66,161,342
66,196,198
66,223,396
66,344,418
67,77,402
67,160,404
67,164,347
67,202,472
67,249,443
67,363,370
68,103,224
68,347,449
68,359,374
69,158,337
69,183,495
69,185,211
69,338,486
69,364,406
70,106,227
70,171,184
70,179,217
70,212,262
70,253,358
71,88,396
71,368,438
72,129,380
72,277,380
72,310,376
73,155,464
73,175,444
73,291,473
73,344,350
73,397,499
74,150,340
74,200,366
74,220,495
74,278,444
74,301,342
75,95,355
75,138,356
76,191,492
76,285,310
76,324,461
77,200,319
77,344,491
78,112,130
78,116,388
78,209,298
78,276,328
78,307,310
80,150,276
80,191,496
80,294,410
80,302,306
80,321,471
80,458,483
81,271,281
81,310,348
81,405,414
82,128,302
82,131,272
82,132,227
82,178,416
82,199,442
82,268,488
83,151,335
83,256,376
83,335,459
84,180,444
84,291,474
85,298,310
86,108,307
86,256,420
86,298,482
86,300,389
86,343,379
86,397,455
86,415,463
87,112,216
87,151,482
87,180,467
87,254,463
87,265,335
88,95,325
88,108,393
89,100,451
89,106,487
89,107,128
89,242,269
89,386,392
90,207,294
90,241,360
90,268,425
91,162,227
91,192,485
91,345,420
92,357,459
93,115,336
93,143,431
93,228,429
93,233,288
93,261,300
93,358,417
94,164,200
94,165,419
94,197,292
94,321,410
95,301,423
96,141,391
96,163,467
96,194,451
96,203,221
96,233,445
97,264,326
97,281,474
97,286,390
97,286,400
97,288,312
97,296,444
98,115,445
98,172,434
98,221,253
98,295,323
98,384,445
99,162,428
100,139,178
100,190,192
100,225,268
100,345,487
101,132,179
101,443,447
102,147,365
103,189,363
103,191,286
103,195,205
103,294,305
104,180,310
104,183,449
104,212,287
104,291,375
104,304,373
104,314,451
105,225,350
105,403,463
105,411,495
106,234,275
107,110,423
107,243,302
107,369,423
107,405,417
108,220,450
108,238,275
108,271,339
109,159,281
109,200,359
109,472,499
110,115,487
110,127,360
110,273,442
110,476,480
111,234,487
111,264,438
111,420,482
112,175,325
112,241,452
113,213,280
113,300,408
114,123,432
114,166,368
114,176,454
114,362,462
115,151,455
115,304,324
115,344,466
116,133,406
116,263,304
116,383,458
117,124,199
117,199,273
117,249,488
117,360,384
118,170,218
118,182,466
118,211,386
118,238,319
118,319,398
118,337,370
118,416,429
119,154,246
119,304,486
119,312,482
119,322,420
119,403,441
120,140,159
120,270,495
120,294,408
120,305,330
120,399,428
121,191,213
121,265,464
121,393,487
122,129,246
122,314,447
123,247,393
124,137,251
124,196,275
124,197,223
124,211,294
124,235,492
124,289,443
125,145,379
125,167,384
125,177,403
125,204,218
125,292,380
126,144,271
127,184,299
127,282,480
127,305,313
127,386,404
128,142,493
129,175,366
129,267,421
130,151,356
130,213,416
130,216,251
130,241,288
130,424,444
131,264,329
131,462,498
132,145,338
132,288,420
132,357,388
133,145,202
133,307,360
133,471,492
134,172,189
134,189,391
134,229,412
135,154,398
135,185,202
135,186,205
135,221,276
136,204,379
136,301,487
136,347,349
136,355,399
137,276,425
137,345,485
137,447,465
138,208,437
138,348,496
139,162,207
139,297,425
139,321,399
139,392,417
140,176,237
140,222,255
140,293,426
140,306,436
141,285,481
142,310,377
143,227,476
143,236,479
143,379,468
143,450,493
143,451,471
144,206,389
144,222,315
144,228,339
144,309,329
146,216,288
146,325,461
147,291,433
147,376,474
148,175,356
148,210,434
148,323,460
148,385,499
148,424,463
149,219,321
150,186,256
150,196,471
150,201,209
150,229,298
150,286,316
151,199,222
151,295,460
151,436,499
151,477,486
152,225,234
152,226,423
152,279,411
154,192,351
154,194,245
154,269,321
154,303,362
155,267,387
155,336,433
155,370,476
155,376,482
156,189,438
156,247,449
157,158,319
157,161,174
158,311,341
160,260,336
161,219,273
161,220,407
161,300,399
161,444,498
162,352,476
162,395,430
163,201,394
163,209,310
163,343,476
163,363,438
163,409,498
163,458,467
164,239,440
164,239,466
165,167,210
165,189,343
165,200,343
165,309,361
165,363,368
165,368,370
166,225,264
167,275,346
167,352,402
167,352,491
168,388,460
169,187,454
169,251,290
170,195,260
170,231,255
170,268,423
170,360,495
170,396,430
170,411,470
171,182,464
171,219,435
171,289,358
172,377,415
173,336,481
173,354,378
173,360,428
174,247,266
174,280,336
174,300,397
175,259,285
175,377,482
175,474,494
176,181,353
176,368,486
176,398,478
177,230,283
177,299,395
178,225,297
178,276,486
178,428,468
179,192,404
179,258,423
180,184,364
180,229,276
182,195,414
182,319,495
182,343,345
182,351,438
182,414,496
183,200,421
183,206,281
183,230,401
183,248,496
183,445,460
184,306,355
186,274,500
186,376,394
186,457,474
187,267,468
188,311,349
189,211,299
189,238,407
189,339,446
190,360,471
190,402,416
190,441,479
191,281,348
191,337,413
193,199,402
193,258,435
194,434,467
195,221,391
195,253,288
195,329,348
195,348,368
195,450,469
197,285,487
197,296,473
198,244,292
198,346,492
199,433,485
200,205,470
200,293,299
200,306,491
200,357,411
201,208,368
201,241,254
201,254,278
201,441,494
202,204,447
202,409,454
202,466,479
204,219,488
204,249,257
205,413,440
207,327,418
207,330,453
207,435,464
208,248,319
209,244,264
210,336,388
211,320,483
213,264,438
214,217,372
215,281,497
215,302,412
216,366,457
216,404,471
217,354,473
218,293,469
219,244,471
219,252,435
219,367,447
220,271,469
220,302,343
220,349,396
220,365,422
221,400,437
221,419,473
222,299,462
223,269,386
223,321,423
224,407,450
225,353,428
225,356,443
226,227,351
226,294,355
227,327,443
227,352,362
228,337,497
228,339,407
229,236,422
230,249,330
230,445,486
231,283,463
231,412,429
232,236,286
232,266,343
233,320,394
233,380,390
234,324,337
234,351,442
235,323,471
236,303,352
236,340,474
236,457,491
237,370,490
237,401,491
238,469,474
239,312,478
241,309,310
241,377,452
241,419,424
242,331,370
242,362,369
242,399,492
242,435,472
243,260,464
243,347,438
244,378,453
245,284,312
246,359,391
246,414,475
247,291,430
247,300,491
248,284,370
248,342,393
248,374,490
249,269,343
249,459,465
250,441,443
252,258,415
252,282,351
252,358,422
252,402,492
253,286,407
253,304,364
254,272,279
255,348,483
255,407,411
256,278,291
256,304,479
257,382,421
259,474,481
261,331,476
262,305,453
263,361,417
263,444,455
265,266,310
265,312,365
265,414,452
266,364,458
267,319,429
267,335,456
268,351,423
269,305,331
270,334,379
272,461,467
275,288,386
275,352,369
277,297,463
277,474,488
278,448,455
279,283,335
279,286,374
279,464,489
280,310,493
280,355,481
280,377,403
281,393,480
283,299,439
284,329,499
288,310,424
288,450,459
290,444,489
291,318,444
292,376,473
292,382,489
293,359,469
293,411,470
295,325,364
295,349,420
296,318,424
298,451,494
300,381,480
301,359,411
301,362,444
301,399,459
301,408,416
303,400,451
305,337,442
306,332,371
310,311,316
310,455,460
313,402,476
314,338,358
315,328,381
315,359,393
316,352,366
319,329,411
319,339,440
321,442,491
322,353,488
323,356,481
323,464,477
324,415,455
324,456,457
325,364,444
329,449,483
333,364,414
333,406,473
334,465,485
335,473,500
337,395,412
337,462,498
339,361,389
339,374,439
340,422,426
343,413,456
343,414,478
344,418,484
345,350,431
351,353,399
351,453,476
354,380,491
357,365,395
357,432,433
360,365,382
360,387,388
361,372,441
361,450,462
366,427,470
373,400,452
377,455,494
387,429,499
389,405,462
389,447,498
391,396,421
393,420,491
403,452,475
403,482,491
407,416,429
411,478,486
423,453,480
