1,66
1,111
1,202
1,215
1,282
1,289
1,327
2,64
2,98
2,219
2,278
2,316
2,359
2,386
2,418
2,434
2,440
3,48
3,98
3,145
3,176
3,260
3,316
3,379
3,427
3,462
4,49
4,114
4,235
4,244
4,248
4,473
5,35
5,51
5,218
5,379
5,396
5,403
5,448
5,482
5,489
6,62
6,199
6,229
6,304
7,18
7,33
7,62
7,81
7,114
7,225
7,246
7,249
7,322
7,471
8,61
8,128
8,236
8,257
8,268
8,271
8,298
8,307
8,400
9,115
9,160
9,182
9,294
9,330
9,397
9,470
9,483
9,485
9,499
10,16
10,104
10,148
10,239
10,257
10,414
10,424
11,174
11,194
11,300
11,329
11,459
11,476
12,95
12,203
12,366
12,369
13,42
13,62
13,66
13,159
13,333
13,368
13,449
14,36
14,104
14,321
14,324
14,383
15,74
15,217
15,305
15,360
15,395
15,438
16,118
16,121
16,282
16,459
17,93
17,115
17,126
17,138
17,232
17,249
17,365
17,369
17,371
17,386
17,411
17,429
17,448
17,461
17,483
18,90
18,203
18,221
18,268
18,278
18,398
19,85
19,125
19,190
19,244
19,292
19,487
20,86
20,133
20,230
20,308
20,434
20,435
21,63
21,70
21,83
21,211
21,276
21,305
21,364
21,374
21,411
22,30
22,72
22,73
22,234
22,385
22,419
23,45
23,62
23,309
23,385
23,452
24,26
24,124
24,126
24,184
24,283
24,429
24,464
24,494
25,220
25,229
25,283
25,355
25,374
25,385
25,432
25,455
25,485
26,101
26,110
26,115
26,171
26,265
26,327
26,343
26,364
26,402
26,488
27,184
27,227
27,246
27,318
27,321
27,386
27,461
27,480
28,56
28,343
28,367
28,452
28,494
29,117
29,148
29,160
29,184
29,244
29,336
29,460
30,62
30,72
30,211
30,239
30,387
30,435
30,449
31,38
31,175
31,208
31,325
31,357
31,383
31,466
32,54
32,143
32,266
32,315
32,383
32,409
33,205
33,227
33,440
33,446
34,179
34,197
34,256
34,296
34,319
34,366
34,445
34,468
35,178
35,186
35,406
35,419
35,425
35,427
35,429
35,462
36,47
36,56
36,58
36,70
36,134
36,222
36,316
36,327
36,351
36,354
36,393
36,483
37,38
37,105
37,120
37,244
37,262
37,302
37,324
37,477
38,77
38,132
38,148
38,180
38,356
38,371
38,402
38,458
38,468
39,43
39,49
39,81
39,249
39,283
39,385
39,434
39,439
40,97
40,124
40,184
40,214
40,327
40,404
41,171
41,284
41,409
42,50
42,88
42,224
42,305
42,345
42,348
42,373
42,381
42,420
42,488
43,90
43,300
43,397
44,51
44,65
44,68
44,118
44,120
44,169
44,256
44,304
44,419
44,425
44,484
45,98
45,152
45,219
45,462
46,71
46,134
46,190
46,284
46,297
46,321
46,395
46,426
46,457
46,488
47,79
47,168
47,184
47,320
47,347
47,351
47,366
47,452
48,148
48,243
48,246
48,335
48,452
49,114
49,267
49,296
49,320
49,398
49,435
50,70
50,77
50,123
50,184
50,230
50,381
50,396
50,473
51,158
51,162
51,236
51,270
51,303
51,334
51,339
51,471
51,497
52,109
52,153
52,200
52,222
52,273
52,290
52,319
52,320
52,362
52,369
52,374
52,485
52,496
53,126
53,152
53,161
53,284
53,351
53,381
53,411
54,280
54,329
54,374
54,392
54,477
54,479
55,84
55,350
55,459
55,469
55,483
55,493
56,93
56,142
56,161
56,182
56,198
56,492
57,311
57,395
57,480
57,497
58,272
58,342
58,372
58,411
58,431
59,60
59,115
59,131
59,228
59,246
59,278
59,362
59,431
59,438
60,140
60,141
60,340
60,373
60,467
60,493
61,78
61,148
61,236
61,319
61,352
61,421
61,491
62,195
62,229
62,293
62,307
62,317
62,326
62,359
62,365
62,423
62,434
62,469
62,486
63,249
63,331
63,393
63,472
63,481
64,124
64,161
64,168
64,234
64,270
64,301
64,302
64,348
64,440
65,85
65,115
65,290
65,319
65,468
65,490
66,96
66,206
66,207
66,475
67,285
68,149
68,252
68,438
68,495
69,101
69,265
69,319
69,343
69,415
69,451
70,109
70,111
70,251
70,277
70,364
70,367
70,485
71,98
71,143
71,251
72,123
72,140
72,230
72,274
72,308
72,340
72,387
72,400
72,446
72,471
73,354
73,400
73,440
74,235
74,280
74,323
74,339
74,491
75,238
75,265
75,288
75,303
75,458
76,165
76,271
76,282
76,321
76,373
76,411
77,216
77,228
77,261
77,332
77,342
77,381
77,428
78,375
78,440
78,442
78,444
78,494
79,92
79,127
79,264
79,280
79,296
79,410
80,83
80,120
80,148
80,176
80,276
80,293
80,331
80,339
80,342
81,130
81,283
81,375
81,424
82,96
82,220
82,271
82,278
82,391
82,460
82,470
83,96
83,233
83,365
83,401
84,101
84,175
84,177
84,482
84,496
85,133
85,349
85,405
85,479
86,214
86,245
86,259
86,348
86,380
86,484
87,121
87,173
87,212
87,219
87,298
87,364
87,399
87,401
87,452
88,126
88,159
88,174
88,218
88,222
88,298
88,309
88,444
88,473
89,107
89,116
89,170
89,177
89,185
89,208
89,276
89,324
89,400
89,406
89,411
89,457
89,461
89,486
90,150
90,187
90,209
90,437
91,110
91,157
91,199
91,206
91,229
91,294
91,313
91,383
91,406
91,469
92,119
92,148
92,151
92,280
92,304
92,329
92,370
92,444
93,97
93,373
93,398
94,114
94,172
94,180
94,196
94,208
94,279
94,342
94,343
94,348
94,354
94,371
94,430
94,482
95,119
95,134
95,157
95,177
95,182
95,187
95,212
95,226
95,242
95,264
95,346
95,356
95,383
95,385
95,417
96,113
96,157
96,255
96,286
96,307
96,345
96,354
96,363
97,165
97,214
97,246
97,367
97,368
97,448
98,179
98,241
98,249
98,334
98,360
98,385
98,417
98,429
98,491
99,222
99,233
99,275
99,306
99,376
99,412
99,456
99,465
99,499
100,120
100,145
100,184
100,205
100,337
100,339
100,391
100,407
100,465
101,126
101,183
101,217
101,319
102,132
102,134
102,230
102,291
102,308
102,320
102,370
102,436
102,453
103,185
103,258
103,320
103,328
104,123
104,156
104,159
104,163
104,218
104,343
104,378
104,388
104,418
104,451
105,106
105,119
105,136
105,172
105,250
105,275
105,362
105,483
105,488
106,125
106,129
106,152
106,256
106,270
106,355
106,369
106,374
106,384
106,451
107,146
107,196
108,125
108,127
108,182
108,336
108,452
109,215
109,255
109,287
109,289
109,297
109,456
110,234
110,463
110,476
111,156
111,184
111,208
111,239
111,249
111,318
111,330
111,372
111,374
111,475
112,179
112,222
112,321
112,452
112,481
112,494
113,136
113,145
113,152
113,184
113,266
113,323
113,324
113,422
113,424
114,200
114,349
114,379
115,248
116,134
116,143
116,322
116,340
116,344
116,362
116,375
116,378
116,399
116,418
117,128
117,163
117,167
117,223
117,234
117,341
117,371
117,374
117,388
117,410
118,291
118,310
118,316
118,344
118,380
118,481
119,187
119,196
119,202
119,286
119,383
119,406
119,449
119,469
120,242
120,279
120,405
120,449
121,134
121,173
121,201
121,261
121,416
122,156
122,191
122,299
122,321
122,399
122,416
123,252
123,263
123,275
123,328
123,331
123,421
124,125
124,154
124,200
124,269
124,358
124,483
125,178
125,232
125,287
125,302
125,321
125,327
125,341
125,396
125,429
125,443
125,460
126,166
126,232
126,290
126,299
126,309
126,346
126,456
127,138
127,256
127,305
127,307
127,323
127,457
127,494
128,182
128,411
128,450
128,457
129,413
130,135
130,254
130,467
130,484
131,154
131,283
131,301
131,443
131,449
131,490
132,219
132,249
132,310
132,450
133,204
133,225
133,247
133,296
133,315
134,143
134,381
134,399
134,451
134,467
135,144
135,153
135,178
135,184
135,195
135,201
135,269
135,275
135,296
135,355
136,172
136,282
136,288
136,357
136,365
136,375
136,403
136,494
137,216
137,238
137,284
137,355
137,423
138,282
138,358
139,229
139,252
139,277
139,396
139,458
139,465
140,302
140,359
140,378
140,386
141,156
141,188
141,304
141,307
141,319
141,492
142,148
142,187
142,256
142,285
142,349
142,478
143,228
143,230
143,238
143,326
143,348
143,388
144,195
144,212
144,252
144,342
144,364
144,439
145,172
145,280
145,375
145,444
146,151
146,220
146,319
146,426
146,433
146,464
147,192
147,280
147,291
147,292
147,322
148,165
148,192
148,194
148,209
148,353
148,452
149,183
149,201
149,276
149,298
149,442
150,154
150,158
150,394
150,485
151,154
151,181
151,206
151,224
151,291
151,354
151,380
151,482
152,222
152,308
152,460
153,225
153,301
153,323
154,176
154,217
154,354
154,355
155,216
156,261
156,262
156,313
156,380
157,279
157,286
157,327
157,364
157,408
157,441
158,269
158,304
158,338
158,481
159,181
159,322
159,361
159,420
159,478
160,205
160,235
160,266
160,286
161,275
161,357
161,382
161,389
161,439
161,476
162,206
162,239
162,381
162,458
163,216
163,384
163,435
163,469
164,252
164,383
164,403
165,237
165,311
165,400
166,275
166,316
166,477
167,261
167,269
167,306
167,319
167,333
167,348
167,444
167,445
168,185
168,191
168,219
168,259
168,398
168,428
168,461
168,471
169,495
170,189
170,226
170,307
170,339
170,476
171,275
171,365
171,367
171,426
171,443
172,187
172,348
172,397
172,490
172,500
173,376
174,175
174,266
174,288
174,341
174,356
175,238
175,303
175,379
176,239
176,279
176,399
177,192
177,353
177,375
178,314
178,399
179,198
179,238
179,269
179,287
180,316
180,341
181,204
181,329
181,486
182,291
182,301
182,334
182,354
182,368
182,370
182,452
182,458
183,196
183,276
183,333
183,430
183,496
184,292
184,408
184,417
184,487
185,289
185,315
185,407
185,455
185,491
185,495
187,244
187,420
187,429
188,243
188,249
188,312
188,320
188,448
189,258
189,322
189,364
189,394
190,209
190,252
190,274
190,354
190,366
190,399
190,401
190,452
191,193
191,228
191,313
191,446
192,206
192,370
193,276
193,371
193,433
193,438
193,497
194,262
194,308
194,312
194,375
195,196
195,293
195,303
195,449
195,467
195,492
196,212
196,215
196,239
196,258
196,485
197,270
197,273
197,391
197,455
197,479
197,487
198,199
198,219
198,260
198,283
198,315
198,397
198,413
198,427
198,471
198,496
199,361
199,457
200,208
200,265
200,311
200,379
200,390
200,419
201,298
201,405
202,361
203,280
203,299
203,317
203,372
203,421
203,434
204,256
204,387
204,461
204,469
204,470
205,210
205,279
205,318
205,348
205,391
205,405
205,406
205,409
205,473
206,270
206,334
206,383
206,384
206,403
206,477
207,255
207,420
208,219
208,289
208,310
208,336
208,480
208,493
208,494
209,318
209,481
210,231
210,274
210,345
210,364
211,314
211,327
211,344
211,359
211,361
211,440
212,226
212,434
213,331
214,245
214,273
214,274
214,288
214,345
214,351
215,250
215,297
215,299
215,424
217,273
217,290
217,311
217,460
217,493
218,249
218,464
218,478
219,230
219,278
219,328
220,278
220,329
220,337
220,478
221,276
221,337
221,340
221,387
221,388
221,440
221,499
222,327
222,386
223,238
223,359
223,362
223,500
224,310
224,421
224,462
225,253
225,299
225,312
225,336
225,353
225,402
225,481
226,235
226,241
226,347
226,408
226,447
226,464
227,244
227,373
227,488
228,238
228,265
228,298
228,389
228,413
228,425
228,439
228,458
228,490
228,499
229,407
229,449
230,251
230,311
230,329
230,331
230,490
231,250
231,272
231,276
231,378
231,499
232,251
232,277
232,285
232,324
232,349
232,411
232,437
232,438
232,441
233,285
233,292
233,295
233,309
233,345
234,317
234,352
234,376
234,377
234,435
234,449
235,269
235,290
235,296
235,482
235,494
235,495
236,253
236,329
236,390
236,391
236,436
236,456
237,258
237,446
237,454
237,466
238,260
238,269
238,278
238,286
238,289
238,311
238,326
238,400
238,414
238,447
239,248
239,355
239,413
239,422
239,445
239,447
239,467
239,500
240,255
240,274
240,313
240,372
241,254
241,291
241,316
241,356
241,371
241,491
242,273
242,353
242,371
242,417
242,464
243,372
243,379
243,424
244,250
244,269
244,310
244,481
245,273
245,438
245,453
246,353
246,390
246,474
247,324
247,377
247,477
248,249
248,368
248,386
248,406
248,417
248,472
249,401
249,429
249,457
250,365
250,428
250,439
251,315
251,388
251,434
251,455
252,379
252,472
253,258
253,286
253,326
253,356
253,377
253,438
254,269
254,299
254,452
255,293
256,354
256,440
256,479
257,265
257,296
257,427
257,432
259,272
259,298
259,356
259,377
259,378
259,440
259,498
260,306
260,336
261,295
261,383
261,398
261,399
261,418
261,445
261,485
262,366
262,368
262,462
263,410
264,491
265,322
265,354
265,379
265,428
265,455
266,487
267,316
267,377
267,458
268,329
268,349
268,455
268,470
268,480
268,493
269,278
269,470
269,477
269,500
270,381
270,423
271,338
272,321
272,402
272,412
273,403
273,426
273,436
273,457
273,472
274,275
274,277
274,322
274,341
274,426
274,441
275,351
275,397
276,292
276,366
276,377
276,414
277,299
277,367
277,372
277,413
277,451
277,492
278,291
278,413
278,446
278,461
279,456
280,343
280,389
280,433
281,290
281,370
281,454
282,296
282,321
282,409
282,411
283,328
283,337
283,397
283,434
285,307
285,335
285,351
285,373
286,366
286,498
287,352
287,417
287,427
287,428
288,324
288,343
288,391
289,320
289,339
289,433
289,437
289,443
289,496
289,499
291,335
291,337
291,366
291,480
291,494
292,324
292,325
292,327
292,351
292,365
292,376
292,406
292,416
292,429
293,331
293,378
293,460
294,358
294,456
294,479
295,442
295,465
296,380
296,425
297,344
298,326
298,363
298,404
299,325
299,429
299,463
300,326
300,375
300,382
300,390
300,419
300,496
301,352
301,411
302,363
302,404
302,434
302,442
303,330
303,396
304,367
304,368
304,411
304,450
305,345
306,313
306,346
306,359
306,447
307,425
307,460
307,484
310,379
310,385
310,444
311,342
311,413
311,430
311,433
311,450
311,468
311,472
312,332
312,416
312,480
312,496
313,324
313,354
313,415
313,435
313,467
314,377
314,442
315,362
315,456
316,376
316,484
316,499
317,378
317,428
318,323
318,360
318,456
318,477
319,326
319,454
319,486
320,417
322,443
323,375
323,401
323,496
324,364
324,426
325,342
325,424
325,485
326,432
327,356
327,365
327,403
327,478
328,361
328,380
328,392
328,440
329,330
329,389
330,443
330,498
330,500
331,433
332,375
332,379
332,433
332,474
332,493
332,495
332,497
333,421
333,469
334,408
334,485
335,402
335,404
335,485
336,343
336,407
336,438
336,486
337,402
337,491
337,494
338,395
338,413
338,436
338,483
339,346
339,375
339,379
339,391
339,392
340,362
340,459
341,346
341,382
341,402
341,482
342,389
342,402
342,444
342,495
343,371
343,377
343,437
344,383
344,394
344,459
346,377
346,419
346,431
346,439
346,463
347,448
350,354
350,441
351,406
351,448
351,481
351,499
352,366
352,372
352,400
352,452
353,411
353,491
354,357
355,483
355,500
356,380
356,496
357,364
359,435
359,438
359,445
360,376
360,395
360,425
360,433
360,463
361,454
362,465
363,407
363,439
363,447
364,372
364,457
364,488
365,411
365,469
365,470
365,492
365,497
365,498
366,424
366,452
367,416
368,438
369,409
369,439
369,463
370,377
370,452
370,455
370,480
375,455
376,397
376,458
377,396
377,464
377,491
378,461
379,413
380,469
382,488
383,447
383,490
384,401
385,481
386,388
386,403
386,409
388,389
388,423
389,422
390,475
391,404
391,438
392,497
393,397
393,447
394,427
395,417
397,440
397,449
397,479
397,490
399,446
399,451
399,481
400,482
400,483
400,494
401,402
401,428
401,460
401,461
402,467
403,438
403,468
403,474
403,480
403,491
403,496
404,500
405,438
405,477
405,486
405,499
406,476
406,489
407,430
408,442
408,495
409,437
410,453
411,425
411,487
412,420
413,427
413,461
413,486
414,427
414,432
414,440
414,451
414,475
415,426
415,429
415,447
415,454
415,482
417,462
419,453
419,479
419,480
420,431
420,494
421,475
421,484
421,489
422,441
423,446
425,428
428,476
432,435
432,443
432,468
432,487
433,456
433,464
434,459
436,439
436,445
437,450
437,454
437,469
438,480
438,490
439,448
439,474
442,477
442,485
443,491
444,452
444,470
445,490
446,447
447,467
450,469
452,467
452,491
452,496
453,459
454,460
454,472
455,486
458,491
463,467
465,494
468,497
487,498
491,500
496,497
1,45,448
1,98,296
1,112,164
1,112,465
1,113,249
1,149,152
1,214,361
1,229,294
1,240,299
2,9,435
2,16,355
2,86,492
2,381,432
3,69,301
3,79,474
3,410,479
3,424,430
4,109,138
4,191,408
4,351,425
5,49,153
5,201,271
5,268,356
5,319,480
5,371,402
5,458,462
6,14,292
6,17,320
6,35,53
6,70,295
6,74,383
6,98,125
6,305,429
6,344,345
7,86,257
7,163,411
7,257,394
8,20,150
8,59,270
8,117,239
8,120,124
8,130,467
8,143,224
8,188,334
8,216,262
8,216,398
9,124,238
9,190,427
9,278,386
10,113,461
10,259,269
10,302,433
11,48,392
11,50,446
11,124,183
11,183,301
11,241,387
11,281,302
11,288,336
11,288,444
11,317,496
11,409,457
12,68,123
12,127,148
12,180,338
13,47,165
13,49,123
13,55,233
13,146,226
13,213,476
13,218,255
13,260,316
13,321,454
14,83,377
14,115,202
14,244,322
14,295,334
14,318,373
15,50,244
15,69,418
15,105,275
15,193,231
15,202,476
16,23,280
16,144,355
16,314,451
17,97,161
17,134,481
17,203,439
17,322,425
18,187,443
18,278,426
18,283,387
19,134,323
19,138,417
19,307,401
19,335,372
20,86,221
20,130,171
21,184,297
21,282,292
21,287,318
21,305,318
21,332,443
21,347,416
21,347,454
22,116,439
23,420,465
24,76,358
24,181,366
24,197,276
24,211,305
24,275,478
24,382,447
25,35,93
25,279,362
26,63,244
26,64,494
26,82,364
26,106,287
26,118,259
26,165,285
26,349,431
27,76,108
27,88,416
27,199,215
27,324,417
27,428,429
28,35,422
28,40,114
28,188,344
28,227,320
29,130,318
29,162,226
30,162,278
30,211,298
31,48,147
31,108,438
31,108,497
31,204,464
31,220,480
31,220,496
31,245,448
31,319,382
31,349,391
32,68,245
32,177,375
32,207,332
33,78,254
33,91,296
33,103,487
33,129,251
33,176,385
33,303,328
33,346,376
33,362,381
34,101,197
34,245,267
35,112,164
35,186,447
35,308,475
36,218,255
37,65,397
37,68,182
37,109,381
37,212,489
37,219,399
38,65,245
38,207,419
38,285,338
39,117,239
39,171,385
39,191,314
39,398,487
40,258,364
41,99,299
41,249,327
41,464,473
42,77,481
43,93,299
43,95,306
43,123,397
43,223,293
43,326,383
44,197,441
44,256,482
45,49,365
45,50,142
45,63,202
45,63,249
45,82,246
45,115,338
45,151,475
45,211,456
45,388,490
46,90,181
46,107,365
46,119,491
46,134,229
46,161,406
46,208,242
46,228,380
47,53,411
47,70,318
47,125,318
47,158,190
47,234,418
47,250,284
47,258,462
47,308,417
47,373,406
47,373,472
48,147,370
48,252,468
48,334,453
48,399,416
49,110,327
49,214,488
49,286,436
49,287,360
49,327,448
49,345,472
49,410,453
50,89,223
50,111,164
50,152,309
50,307,437
50,338,425
51,112,450
51,139,245
51,342,470
51,363,500
52,104,421
52,155,208
52,366,433
52,370,389
53,74,319
53,274,351
53,275,492
54,131,214
54,335,410
54,495,497
55,73,402
55,157,187
55,173,179
55,195,264
55,256,261
55,286,400
56,83,415
56,248,324
56,365,485
57,115,485
57,175,352
57,302,419
57,320,431
57,356,357
57,391,493
58,240,406
58,313,345
59,77,445
59,91,257
59,187,445
59,228,229
59,434,487
60,201,385
61,84,145
61,236,392
61,334,495
62,116,500
62,164,174
62,238,407
63,98,287
63,129,256
63,156,402
63,304,338
63,327,374
63,417,451
64,71,204
64,178,279
65,193,329
65,290,360
66,139,482
66,315,497
67,78,479
67,123,158
67,294,303
67,323,404
68,163,499
68,205,481
68,219,490
68,273,395
68,437,456
69,101,204
69,117,375
69,136,361
69,149,323
69,204,310
69,208,408
70,88,420
70,263,307
70,271,318
70,403,416
71,171,292
71,291,433
71,295,416
72,102,493
72,118,500
73,90,167
73,120,235
73,178,432
74,155,470
75,151,339
75,229,387
75,253,342
76,93,161
76,258,322
76,338,494
76,351,457
77,90,261
77,221,491
77,314,378
78,227,391
78,266,354
78,416,496
79,102,390
80,203,421
80,343,479
80,453,470
81,103,185
81,191,216
82,110,411
82,157,483
82,209,294
82,218,425
82,233,299
82,299,422
82,338,460
83,97,105
83,202,210
83,299,456
83,368,448
83,401,465
84,136,286
84,182,310
85,148,310
85,223,230
85,253,386
85,396,458
86,130,172
86,166,360
86,198,471
86,230,289
87,103,354
87,131,500
87,186,211
87,308,418
88,99,460
88,110,417
88,138,393
88,184,417
88,243,450
89,111,325
89,214,327
89,216,243
89,271,488
89,305,439
90,135,384
90,260,490
90,296,499
91,121,484
91,196,333
91,221,463
91,427,449
92,220,242
93,105,411
93,110,224
93,215,409
93,298,429
93,363,483
94,108,254
94,235,319
94,339,455
94,437,455
95,156,381
95,216,317
95,229,289
96,127,285
96,277,280
96,298,452
97,143,479
97,162,266
97,307,343
97,307,425
98,99,478
98,338,429
98,340,456
99,210,448
99,361,401
100,203,225
100,221,311
100,339,379
100,341,442
100,449,488
101,149,436
101,182,464
101,185,203
101,268,348
102,180,265
102,193,443
102,300,390
102,352,396
102,464,489
103,117,234
103,125,283
103,131,278
103,173,314
103,176,383
103,230,432
103,314,397
104,118,363
104,168,363
104,283,330
104,318,399
104,326,435
105,152,406
105,175,336
105,210,476
105,222,338
105,230,352
106,178,447
106,216,350
106,302,500
106,317,418
106,369,467
107,113,318
107,212,318
107,239,446
107,283,467
107,301,416
107,345,362
108,203,438
109,297,415
110,138,255
110,240,325
110,355,400
111,282,431
112,120,287
112,272,437
112,286,342
113,136,299
113,144,480
113,200,345
113,240,492
113,406,422
115,127,362
115,214,305
116,287,360
116,298,363
117,276,277
118,375,483
118,424,442
118,447,483
118,456,457
119,326,412
119,363,398
121,140,397
121,173,279
121,292,355
121,363,387
121,376,412
122,133,221
122,231,381
122,313,443
122,317,394
122,333,359
122,416,427
123,164,190
123,224,422
123,240,490
123,250,284
124,162,179
124,176,400
124,234,369
125,165,450
125,185,250
125,301,423
126,199,209
126,210,213
126,223,276
126,237,311
126,367,456
126,373,441
127,287,492
128,150,178
128,212,427
129,195,260
129,198,467
129,277,295
129,470,492
130,134,418
130,163,239
130,328,377
131,144,443
131,387,467
132,206,276
132,206,464
132,280,300
132,368,492
132,390,436
132,424,464
133,155,312
133,279,381
133,374,474
135,167,321
135,176,500
135,195,289
136,153,165
137,201,273
137,238,311
138,193,333
138,214,362
139,207,497
139,208,220
139,226,341
139,379,452
139,436,470
140,298,386
140,356,376
140,388,483
141,253,275
141,373,455
142,153,498
142,180,386
142,233,244
142,255,479
142,277,395
142,409,441
143,163,286
143,191,483
144,196,383
145,197,433
145,202,401
145,220,479
145,335,392
146,198,221
146,217,340
147,149,408
147,193,217
147,217,315
147,240,450
147,247,336
148,160,200
148,353,405
148,371,390
149,178,387
149,271,295
151,197,248
151,197,370
151,334,445
151,335,392
151,342,351
151,371,464
151,396,403
151,396,429
151,400,427
152,233,255
153,166,190
153,300,341
153,377,424
153,453,465
154,355,471
154,356,401
154,375,412
154,398,447
155,206,225
155,217,334
155,218,385
156,211,221
156,369,440
157,178,229
158,189,401
158,344,364
159,248,442
159,324,453
159,337,340
161,308,372
162,229,412
163,356,457
163,384,407
163,420,429
165,185,321
165,270,491
165,372,489
166,287,431
166,458,466
167,369,423
168,179,392
168,186,428
168,201,439
168,262,380
168,376,500
169,273,458
170,199,338
170,227,363
170,261,422
170,302,319
170,350,495
170,356,365
171,179,442
171,190,249
171,313,422
173,176,412
173,224,418
173,381,500
173,385,443
174,266,405
174,318,418
175,221,391
175,225,444
175,276,430
176,263,342
177,247,269
178,209,354
179,185,445
179,235,332
179,314,350
180,242,245
180,268,341
180,287,306
180,408,500
181,273,354
182,250,390
182,402,486
183,289,424
184,209,243
184,250,426
184,258,369
184,299,378
184,361,488
185,343,491
186,204,225
187,191,423
187,278,330
187,407,418
189,244,481
190,294,446
190,313,365
191,198,407
191,328,441
192,204,429
193,200,430
193,203,371
193,256,377
193,301,329
193,402,419
194,206,394
194,225,341
194,300,496
194,366,391
194,449,451
195,230,416
195,398,487
197,302,343
197,423,463
198,348,417
199,211,258
199,223,336
199,241,488
200,267,354
201,238,384
201,252,339
203,252,464
203,338,362
205,224,488
205,276,295
207,245,291
207,266,267
207,267,464
207,340,361
208,228,315
209,441,448
210,212,396
212,293,443
212,378,399
213,215,454
213,410,448
213,476,494
214,241,251
214,242,261
215,249,494
215,299,481
215,321,371
215,478,481
216,260,434
217,243,455
217,302,390
218,232,429
218,240,365
218,263,361
219,325,406
219,480,488
220,382,442
221,248,398
221,261,417
221,382,486
222,258,275
222,282,368
222,354,460
223,227,404
223,229,262
223,283,299
223,346,397
224,246,417
224,258,456
225,232,328
225,245,498
225,342,496
226,443,495
227,285,372
228,294,445
228,376,434
228,407,428
229,351,397
230,244,249
230,264,467
231,278,386
232,274,465
232,349,450
232,389,403
233,237,251
233,299,492
233,305,448
233,347,409
233,373,429
234,264,430
234,397,414
236,256,341
236,266,354
236,472,488
237,305,364
237,411,465
238,259,463
239,455,485
240,258,416
241,396,491
241,436,477
242,356,404
243,344,399
244,260,438
244,308,351
245,333,382
245,357,480
245,446,450
246,267,413
246,283,410
246,314,416
246,358,406
246,372,437
247,301,436
248,266,277
248,321,404
250,274,365
253,331,404
255,297,440
255,332,432
255,367,411
256,273,392
256,402,431
256,436,479
257,378,483
258,259,313
262,296,336
263,272,405
263,338,349
263,359,409
264,348,483
265,276,341
266,302,489
266,389,499
267,468,480
268,345,414
268,352,356
268,405,444
269,270,326
269,293,394
270,296,380
272,340,434
272,359,389
274,388,436
274,454,485
275,277,325
275,338,481
276,334,336
276,444,455
277,304,406
277,393,494
277,411,456
278,306,380
281,396,477
283,308,440
283,311,350
283,427,487
286,398,463
289,378,397
292,327,417
292,361,364
294,314,460
294,350,414
298,354,463
300,339,455
300,493,497
301,477,479
303,304,338
303,353,479
303,403,495
305,365,378
305,487,489
307,429,478
315,356,427
316,412,491
320,351,426
321,460,476
324,336,485
324,339,489
324,344,393
325,365,450
327,330,425
328,340,418
332,377,468
334,405,458
337,343,410
339,351,413
339,392,399
342,379,482
343,371,374
343,464,482
344,364,425
346,459,498
347,358,487
348,435,484
351,426,460
353,421,425
353,442,477
355,418,490
355,432,498
357,390,402
358,390,488
358,422,478
359,393,411
361,370,490
363,384,483
364,371,426
364,371,428
367,393,417
381,449,463
393,411,427
394,412,461
396,417,471
398,410,500
400,420,446
400,457,485
404,433,477
408,421,438
418,451,461
424,486,493
452,478,484
