1,23
1,76
1,113
1,175
1,177
1,325
1,330
1,498
2,46
2,52
2,133
2,190
2,218
2,235
2,289
2,389
2,467
2,474
2,496
3,12
3,425
3,467
4,39
4,99
4,133
4,280
4,465
5,33
5,75
5,77
5,107
5,111
5,250
5,312
5,334
5,382
6,92
6,101
6,102
6,117
6,159
6,226
6,377
6,409
7,141
7,181
7,325
7,385
7,394
7,398
7,411
7,433
7,451
8,71
8,108
8,147
8,156
8,175
8,272
8,278
8,352
8,420
8,425
8,442
9,53
9,146
9,220
9,343
9,398
9,399
9,470
9,481
10,24
10,85
10,207
10,239
10,316
10,388
10,409
10,412
10,459
10,479
11,35
11,76
11,152
11,248
11,381
12,22
12,79
12,91
12,130
12,201
12,254
12,294
12,345
12,360
12,473
13,93
13,286
13,349
13,382
13,388
13,436
13,470
14,112
14,120
14,142
14,159
14,185
14,201
14,329
14,345
14,375
14,395
14,428
14,436
15,32
15,78
15,209
15,237
15,238
15,257
15,405
15,407
16,97
16,234
16,278
17,58
17,113
17,138
17,139
17,238
17,243
17,292
17,318
17,325
18,148
18,202
18,322
19,40
19,117
19,203
19,390
19,403
19,479
19,493
20,30
20,89
20,119
20,227
20,332
20,367
20,415
21,74
21,125
21,188
21,278
21,300
21,329
21,375
21,424
21,460
21,488
22,61
22,128
22,158
22,184
22,267
22,285
22,305
22,335
22,344
22,375
22,407
22,414
23,56
23,142
23,162
23,214
23,242
23,285
23,348
23,368
23,387
24,97
24,110
24,160
24,205
24,355
24,401
25,356
25,377
25,445
25,490
26,168
26,265
26,344
26,413
26,418
26,442
26,456
27,144
27,169
27,190
27,227
27,315
27,468
27,473
28,158
28,228
28,304
28,325
29,78
29,103
29,417
30,75
30,155
30,227
30,246
30,325
30,345
30,372
30,424
30,444
30,492
31,82
31,252
31,257
31,428
31,453
31,466
32,49
32,78
32,80
32,221
32,284
32,326
32,340
33,38
33,168
33,256
33,295
33,339
33,378
33,442
33,462
33,465
34,36
34,66
34,196
34,244
34,491
35,162
35,223
35,256
35,314
35,442
35,454
36,96
36,177
36,273
36,311
36,344
36,435
37,109
37,180
37,188
37,222
37,227
38,204
38,296
38,410
38,423
38,454
38,484
39,216
39,225
39,233
39,254
39,274
39,343
39,441
39,467
39,487
40,103
40,207
40,222
40,329
40,342
40,404
40,429
41,71
41,120
41,124
41,254
41,292
41,362
41,426
42,45
42,50
42,69
42,127
42,140
42,328
42,372
42,416
42,421
42,471
43,57
43,65
43,155
43,165
43,178
43,195
43,283
43,336
43,364
43,439
44,172
44,270
44,272
44,338
44,433
44,457
45,197
45,269
45,297
45,359
45,434
45,457
45,461
46,54
46,166
46,289
46,417
47,303
47,314
47,367
47,407
48,127
48,173
48,300
48,306
48,341
48,358
48,430
48,436
49,90
49,101
49,284
49,376
49,405
49,434
49,462
50,51
50,95
50,250
50,409
50,454
50,461
51,142
51,224
51,398
52,151
52,202
52,230
52,288
52,330
52,359
52,400
52,411
53,135
53,187
53,316
54,62
54,111
54,200
54,270
54,288
54,322
54,335
54,376
54,432
54,495
54,496
55,130
55,167
55,234
55,254
55,462
55,488
56,63
56,77
56,91
56,119
56,160
56,209
56,372
56,401
56,408
56,438
57,100
57,131
57,169
57,218
57,263
57,351
57,379
58,68
58,94
58,194
58,199
58,223
58,417
59,90
59,188
59,296
59,305
59,322
59,466
60,82
60,252
60,347
61,78
61,89
61,90
61,228
61,257
62,189
62,242
62,251
62,302
62,307
62,403
62,418
62,423
63,99
63,152
63,293
63,315
63,337
64,110
64,182
64,193
64,230
64,313
64,314
64,394
64,436
64,470
65,107
65,153
65,262
65,304
65,346
65,354
66,75
66,148
66,155
66,268
66,435
67,105
67,178
68,94
68,279
68,294
68,313
68,363
68,381
68,424
69,174
69,182
69,381
70,102
70,123
70,353
70,383
70,397
70,470
70,479
71,84
71,97
71,141
71,178
71,198
71,267
71,287
71,334
72,150
72,179
72,181
72,185
72,189
72,196
72,209
72,229
72,291
72,361
72,423
72,438
72,446
73,98
73,103
73,126
73,155
73,196
73,242
73,270
73,341
73,349
73,448
73,484
74,187
74,219
74,282
74,289
74,324
74,395
75,156
75,192
75,198
75,280
75,315
75,342
75,347
75,365
75,378
75,435
76,83
76,141
76,199
76,220
76,413
76,455
76,459
77,135
77,213
77,239
77,322
77,363
77,410
77,495
78,131
78,142
78,205
78,317
78,362
78,367
78,385
78,405
78,414
78,460
78,489
78,495
79,96
79,177
79,278
79,282
79,283
79,311
79,325
79,413
79,461
80,217
80,396
80,409
80,446
80,484
81,97
81,102
81,148
81,198
81,275
81,287
81,434
82,152
82,200
82,241
82,272
82,455
83,135
83,136
83,218
83,252
83,311
83,413
84,92
84,252
84,348
84,495
85,101
85,279
85,288
85,309
85,315
85,487
86,110
86,118
86,313
86,353
86,391
86,413
86,421
87,153
87,187
87,202
87,294
88,109
88,263
88,329
88,367
88,402
88,422
89,123
89,129
89,143
89,175
89,226
89,330
89,451
90,218
90,347
90,392
90,396
90,487
91,211
91,274
91,337
91,458
92,128
92,170
92,189
92,288
93,192
93,197
93,204
93,258
93,318
93,334
93,346
93,366
93,448
94,196
94,310
94,335
94,378
95,141
95,239
95,254
95,261
95,272
95,298
95,357
96,146
96,152
96,170
96,370
96,458
97,230
97,249
97,276
97,303
97,472
98,117
98,149
98,198
98,330
98,334
98,371
98,478
99,270
99,304
99,341
99,350
99,380
100,274
100,285
100,468
101,108
101,193
101,196
101,242
101,267
101,285
101,315
101,326
101,333
101,355
101,378
101,411
101,424
102,126
102,181
102,256
102,257
102,294
103,134
103,162
103,282
103,383
104,152
104,260
104,265
104,316
104,475
104,485
105,159
105,235
105,306
105,320
105,331
105,357
105,384
105,403
106,349
106,370
106,484
107,153
107,158
107,265
107,300
107,416
107,455
108,141
108,177
108,206
108,207
108,226
108,455
109,135
109,151
109,323
109,423
109,455
109,500
110,212
110,283
110,310
110,334
110,445
110,452
110,478
110,497
111,173
111,348
111,381
111,409
111,449
112,187
112,255
112,273
112,307
112,349
112,362
112,375
112,453
112,483
113,114
113,276
113,288
113,351
113,357
113,372
113,417
113,440
113,483
114,132
114,229
114,293
114,331
114,401
115,225
115,265
115,276
115,379
116,211
116,475
117,195
117,228
117,245
117,431
117,484
118,207
118,477
119,122
119,287
119,443
120,167
120,241
120,302
120,410
120,476
121,122
121,273
121,297
121,380
121,388
121,448
122,269
122,280
122,304
122,310
122,392
122,458
122,463
123,144
123,198
123,207
123,307
123,327
123,331
123,491
124,378
124,380
124,405
125,158
125,226
125,232
125,297
125,314
125,330
125,373
125,448
125,469
126,148
126,347
126,364
126,413
126,438
126,469
127,131
127,151
127,183
127,190
127,261
127,270
127,345
127,414
127,421
127,490
127,498
128,192
128,230
128,257
128,430
128,438
128,474
129,144
129,273
129,291
129,335
129,448
129,468
130,135
130,182
130,235
130,304
130,305
130,321
130,428
130,451
130,458
131,145
131,191
131,270
131,387
131,439
132,192
132,246
132,290
132,328
132,336
132,346
132,364
133,197
133,203
133,240
133,252
133,292
133,332
133,422
133,448
134,142
134,200
134,308
134,330
134,461
134,469
135,164
135,271
135,386
135,466
135,500
136,140
136,206
136,257
136,439
137,354
137,356
137,358
137,473
138,251
138,270
138,394
139,267
139,310
139,318
139,331
139,348
139,367
139,390
139,445
140,230
140,348
140,487
141,165
141,241
141,348
141,377
141,412
141,418
141,424
141,462
142,207
142,226
142,298
142,441
143,166
143,170
143,207
143,307
143,311
143,337
143,350
143,411
143,473
144,302
144,310
144,368
144,395
144,486
145,242
145,318
145,349
145,410
145,445
145,475
145,476
146,222
146,242
146,382
146,421
147,183
147,210
147,219
147,236
147,288
147,336
148,210
148,227
148,304
148,335
148,340
148,390
148,396
149,214
149,241
149,262
149,420
150,156
150,197
150,223
150,338
150,344
150,395
150,405
150,450
150,468
151,209
151,222
151,235
151,252
151,271
151,383
151,404
151,446
151,478
151,479
152,160
152,308
152,310
152,313
152,466
153,165
153,176
153,414
153,425
154,204
154,245
155,251
155,359
155,377
155,422
155,454
155,494
156,165
156,169
156,182
156,193
156,204
156,256
156,273
156,304
156,412
156,435
156,440
157,269
157,323
157,405
157,445
157,457
158,177
158,445
158,475
159,167
159,301
159,344
159,348
159,361
159,385
159,423
159,427
159,461
160,185
160,224
160,248
160,272
160,360
160,460
161,222
161,300
161,415
162,245
162,252
162,351
162,411
162,499
163,213
163,233
163,240
163,254
163,336
163,369
163,400
163,495
164,373
164,389
164,421
164,422
165,170
165,191
165,196
165,204
165,252
165,281
165,300
165,313
165,438
165,459
166,178
166,193
166,242
166,353
167,352
167,410
167,462
168,250
168,353
168,378
168,473
168,481
168,498
168,500
169,229
169,245
169,276
169,335
169,364
170,171
170,223
170,263
170,296
170,315
170,348
170,385
170,403
170,475
170,487
171,266
171,342
171,476
171,477
172,267
172,273
173,185
173,212
173,417
174,306
174,367
174,373
174,473
175,207
175,282
175,295
175,334
175,408
175,486
176,336
176,385
176,409
176,476
177,431
177,473
178,187
178,270
178,276
178,288
178,303
178,353
178,367
178,468
179,316
179,406
179,434
180,216
180,418
180,500
181,182
181,187
181,202
181,218
181,226
181,239
181,323
181,324
181,352
181,353
182,253
183,197
183,408
183,426
183,434
184,187
184,219
184,315
184,406
184,469
185,202
185,231
185,266
185,293
185,341
185,419
185,459
185,467
185,471
186,204
186,337
186,491
187,310
187,361
187,412
187,455
188,320
188,345
189,210
189,237
189,249
190,239
190,271
190,304
190,313
190,328
191,243
191,299
191,340
191,346
191,353
191,416
191,422
192,220
192,226
192,288
192,322
192,338
192,415
192,483
192,487
193,210
193,231
193,236
193,253
193,278
193,285
193,286
193,338
193,435
193,481
193,482
194,251
194,337
194,348
194,370
194,396
194,400
195,237
195,293
195,352
195,397
196,240
196,319
196,396
196,439
197,254
197,260
197,400
197,491
198,313
198,361
198,457
199,219
199,244
199,245
199,274
199,305
199,345
199,425
199,459
200,201
200,286
200,473
201,231
201,323
201,417
201,444
202,321
202,390
202,453
202,468
203,354
203,404
203,438
203,444
203,460
203,463
204,216
204,481
204,482
204,500
205,343
206,214
206,246
206,285
206,358
206,413
207,294
207,305
207,328
207,444
207,458
208,267
208,278
208,301
208,311
208,325
208,412
209,289
209,302
209,307
209,345
209,427
209,483
210,248
210,302
210,411
210,439
210,461
211,406
211,472
211,483
212,231
212,255
212,308
212,376
212,462
212,485
213,303
213,376
213,469
214,220
214,289
214,325
214,365
214,384
214,390
214,450
214,475
215,268
215,404
215,484
216,218
216,299
216,495
217,329
217,450
218,283
219,235
219,289
219,316
219,366
219,368
219,386
219,411
219,499
220,289
220,297
220,326
220,378
220,489
221,232
221,301
222,453
223,230
223,249
223,279
223,281
223,346
223,402
224,337
224,417
224,474
224,485
224,491
225,227
225,306
225,388
225,449
226,295
226,307
227,326
227,493
228,323
228,358
228,390
228,429
228,435
228,483
229,238
229,318
229,372
229,420
230,265
230,401
230,433
230,460
230,496
231,232
231,285
231,333
231,334
231,379
231,400
231,431
231,449
232,233
232,250
232,298
232,320
232,428
232,441
232,479
233,312
233,356
233,369
233,386
233,440
234,436
234,490
234,492
235,257
235,314
235,356
235,423
236,293
236,302
237,442
238,247
238,277
238,410
239,401
239,412
239,493
240,248
240,256
240,319
240,348
240,384
240,398
241,262
241,289
241,403
241,410
241,460
242,265
242,339
242,397
242,400
242,467
243,264
243,391
244,266
244,332
244,350
244,351
244,355
244,368
244,493
245,246
245,249
245,264
245,352
246,273
246,291
246,323
246,490
247,260
247,314
247,441
248,351
248,373
248,475
249,350
249,360
249,363
250,277
250,341
250,372
250,497
251,426
252,289
254,320
254,343
254,355
254,447
254,464
255,258
255,267
255,404
255,416
255,456
255,464
255,472
255,477
256,357
256,379
256,391
256,433
256,435
256,448
257,371
257,395
257,436
258,406
259,269
259,276
259,310
259,322
259,340
259,350
259,405
259,426
259,482
260,287
260,357
260,404
260,421
261,292
261,378
261,400
261,418
261,429
262,273
262,274
262,335
263,282
263,361
263,425
264,276
264,281
264,335
264,337
264,361
264,478
264,485
265,310
265,371
265,381
265,430
265,435
265,495
266,285
266,354
266,435
266,458
267,320
267,334
267,384
267,387
268,273
268,312
268,372
268,447
269,322
269,341
269,471
270,357
270,365
270,453
271,288
271,289
271,304
271,313
271,393
272,375
273,361
273,385
273,420
273,424
273,425
274,288
274,315
274,329
274,399
275,342
275,350
275,380
275,463
276,290
276,341
277,374
277,382
277,472
278,361
279,298
279,309
279,332
280,287
281,320
281,334
281,367
281,370
281,377
281,405
282,294
282,365
282,385
282,436
282,458
283,365
284,296
284,330
284,348
284,384
284,422
285,311
285,393
285,424
286,297
286,311
286,428
287,307
287,368
287,402
287,405
287,458
288,315
288,353
288,379
288,420
288,444
288,454
289,416
289,456
289,483
290,455
291,324
291,385
292,351
292,369
292,407
293,362
293,384
293,407
293,424
294,345
294,358
294,363
294,377
294,387
294,411
294,419
295,327
295,352
295,385
295,417
296,315
296,352
296,374
296,450
296,471
297,312
297,482
297,485
298,436
298,462
298,495
299,333
299,389
300,415
300,434
300,497
301,379
301,422
302,403
302,417
302,423
302,485
302,493
303,358
303,436
303,456
303,492
304,319
304,355
305,338
305,345
305,468
306,320
306,347
306,389
306,409
306,496
307,353
307,371
307,378
308,398
308,465
308,489
309,468
310,312
310,410
311,403
312,374
312,407
312,483
312,491
312,496
313,377
313,496
315,338
315,487
316,385
316,390
316,410
316,422
316,480
317,335
317,395
317,468
318,390
318,413
318,442
319,372
320,363
320,437
321,368
321,421
322,487
322,494
323,409
324,371
324,453
324,468
324,470
325,340
325,352
325,406
325,425
325,473
325,487
325,489
326,361
326,448
327,406
327,437
327,439
327,482
328,366
328,399
328,490
329,387
329,444
329,451
329,460
330,449
330,490
332,366
332,367
332,468
333,378
333,412
333,413
333,466
334,381
334,445
335,377
336,352
336,403
336,420
336,427
337,380
337,405
337,445
338,352
338,435
340,417
340,462
341,383
341,496
342,400
343,371
343,422
343,450
343,456
343,463
344,391
344,448
345,386
345,458
346,379
346,418
347,374
348,375
348,394
348,432
348,434
348,470
349,350
349,402
349,441
350,394
350,434
350,439
351,360
351,478
353,371
353,381
353,469
353,490
354,399
354,427
354,449
356,381
356,390
356,416
356,418
356,481
359,369
359,383
359,390
360,396
360,426
360,443
361,387
361,412
361,489
362,387
362,424
362,455
363,415
363,434
363,488
364,375
364,406
364,414
365,366
365,439
366,412
366,414
366,425
367,375
368,415
368,422
368,437
370,422
370,455
370,487
371,415
371,456
372,398
372,428
372,436
372,492
373,392
373,477
374,420
374,480
375,385
375,405
375,430
375,461
376,417
377,473
377,477
377,488
378,467
378,485
379,428
379,442
380,389
380,481
380,495
381,467
383,400
383,415
383,448
383,458
384,404
384,484
384,491
385,436
385,437
386,410
386,415
386,456
386,498
387,402
387,440
388,400
388,426
388,434
388,441
389,461
390,403
390,438
391,403
392,423
392,429
393,400
393,420
393,426
393,433
393,461
393,479
394,401
394,470
394,493
395,493
396,403
396,436
396,446
396,488
396,496
397,444
398,439
398,441
398,456
399,467
399,486
399,495
400,471
401,402
401,480
402,464
403,468
404,410
404,419
404,438
404,485
406,409
406,435
407,445
407,488
407,498
408,426
408,499
409,453
409,496
409,499
410,411
410,429
410,461
411,413
411,431
411,451
411,455
412,487
413,499
414,461
414,467
415,419
415,481
415,497
416,494
417,476
417,481
418,461
418,491
418,495
419,497
420,479
421,458
424,476
425,459
425,463
429,474
430,463
433,468
435,489
436,443
437,491
438,480
441,490
442,463
442,471
444,465
445,474
445,475
447,459
447,462
448,452
448,472
448,484
448,497
450,463
453,470
453,492
454,490
456,496
456,500
457,476
457,489
459,465
464,481
464,498
473,493
475,476
477,479
477,490
483,489
483,492
491,492
1,190,348
1,396,463
2,175,228
2,182,459
2,196,274
2,258,364
2,311,317
3,23,449
3,76,195
3,147,471
4,9,471
4,10,188
4,88,250
4,120,315
4,127,401
4,298,462
5,65,347
5,158,308
5,178,407
5,331,453
5,397,439
6,8,214
6,14,425
6,22,61
6,75,437
6,112,326
6,135,355
6,153,214
6,179,313
6,187,315
6,361,420
6,362,364
6,388,484
7,119,347
7,145,385
7,169,199
7,231,435
7,354,395
8,12,34
8,88,117
8,111,311
8,149,399
8,184,187
8,222,364
8,251,258
8,262,493
8,324,346
9,39,288
9,109,240
9,224,293
9,445,478
10,123,169
10,151,494
11,13,213
11,41,158
11,66,426
11,102,398
12,89,176
12,100,355
12,129,333
12,165,257
12,193,280
12,250,258
13,58,424
13,61,325
13,63,224
14,34,437
14,97,322
14,155,414
14,323,403
14,392,423
15,76,227
15,85,387
16,62,303
16,160,472
16,166,456
16,211,478
16,222,316
16,300,310
16,328,480
16,342,426
16,398,454
16,417,496
17,44,407
17,54,242
17,56,248
17,94,224
17,146,463
17,357,471
18,117,279
18,120,141
18,126,399
18,175,217
18,362,403
19,20,118
19,75,302
19,116,400
19,119,430
19,130,358
19,135,476
19,156,328
19,243,344
19,286,294
20,28,182
20,43,96
20,72,327
20,82,185
20,106,357
20,170,427
20,309,451
20,380,402
21,60,118
21,61,270
21,163,216
21,297,306
21,342,402
22,109,479
22,110,359
22,149,206
22,245,327
23,148,193
23,208,244
23,242,360
24,66,258
24,115,475
24,131,233
24,143,317
24,213,486
24,253,411
25,30,492
25,38,50
25,111,411
25,168,235
25,223,383
25,240,428
25,275,488
25,345,424
25,487,497
26,190,389
26,372,407
27,136,403
27,170,246
27,315,328
27,439,493
28,61,155
28,66,309
28,148,358
28,156,385
28,195,226
28,199,305
28,201,279
28,320,494
29,55,211
29,83,210
29,87,329
29,137,364
29,172,285
29,203,246
30,87,130
30,108,493
30,126,305
30,309,424
30,387,417
30,420,444
31,93,200
31,124,146
31,133,383
31,173,481
31,190,266
31,274,469
31,456,480
32,319,486
32,334,346
32,387,448
33,84,109
33,271,356
33,400,464
34,52,173
34,62,135
34,65,486
34,74,451
34,176,226
34,239,461
35,99,140
35,438,497
36,70,116
36,83,187
36,129,273
36,148,451
36,166,329
36,280,449
36,289,307
37,39,268
37,52,69
37,148,472
37,197,204
37,379,422
38,39,369
38,48,400
38,55,421
38,78,490
38,139,321
38,203,499
38,261,293
38,333,416
39,55,193
39,88,473
39,154,215
39,154,469
39,167,446
39,174,232
40,70,346
40,103,416
40,235,380
40,340,488
41,59,108
41,205,398
42,216,469
42,242,357
43,74,156
43,229,473
43,289,305
43,388,459
43,393,476
44,94,249
44,160,322
44,172,199
44,272,308
45,95,168
45,104,373
45,148,249
45,197,419
45,250,346
45,352,375
46,87,340
46,103,420
46,367,469
47,115,344
47,142,286
48,60,176
48,154,477
49,57,262
49,161,477
49,238,256
49,284,464
50,87,465
50,225,298
50,298,464
51,54,58
51,177,390
52,55,404
52,70,221
52,191,277
52,247,330
53,127,442
53,135,415
53,182,400
53,215,344
53,215,346
53,227,404
53,314,404
54,67,376
54,255,300
54,287,310
54,293,369
54,370,371
55,114,187
55,133,384
55,343,488
55,348,406
56,63,122
56,63,160
56,152,382
56,179,198
56,270,460
57,76,132
57,147,365
57,152,245
57,170,334
57,207,435
57,302,395
57,333,468
58,122,398
58,152,211
58,274,369
59,104,290
59,147,269
59,235,419
59,297,461
60,88,406
60,137,458
60,349,476
60,369,448
61,132,321
61,181,305
61,199,390
61,234,336
61,439,455
62,140,205
62,149,371
62,214,270
63,142,181
63,146,398
64,98,146
64,160,300
64,275,388
65,98,206
65,137,455
65,144,209
65,208,468
65,239,449
65,433,440
66,138,465
66,143,176
66,177,273
66,219,234
66,366,414
67,111,308
67,318,445
68,122,349
68,131,461
69,230,400
69,357,379
69,433,448
70,104,271
70,147,475
70,410,448
70,455,497
71,99,445
71,357,374
72,89,435
72,246,257
72,300,347
72,301,492
72,321,332
73,80,448
73,154,340
73,232,409
73,316,330
74,129,220
74,175,394
74,180,189
74,242,316
74,255,315
75,79,126
75,261,464
75,362,364
76,96,332
76,132,219
76,172,486
76,229,414
76,333,381
76,358,439
77,288,423
77,292,431
78,100,199
78,132,133
78,155,315
78,177,330
78,189,253
78,231,362
78,263,451
78,433,495
79,101,210
79,210,493
79,246,393
79,256,290
80,161,490
80,284,374
80,336,386
80,356,373
80,432,438
81,139,432
81,179,496
81,212,391
81,213,286
81,391,436
82,160,258
82,203,352
82,281,362
83,85,195
83,136,362
83,326,340
83,402,449
84,134,151
84,189,447
84,257,308
85,149,439
85,165,182
85,189,424
85,195,273
85,209,294
85,228,368
85,228,420
85,229,337
85,325,365
85,333,375
85,396,492
86,194,262
86,252,336
86,382,478
87,108,245
87,112,227
87,196,227
87,257,399
87,305,399
88,168,418
88,225,303
88,287,428
89,147,229
89,148,390
89,263,345
89,326,349
90,93,161
90,103,357
90,133,167
90,135,222
90,147,211
90,225,389
91,156,327
91,395,468
92,118,203
92,181,185
92,195,210
92,219,329
92,254,466
92,288,406
93,393,433
94,242,290
95,293,433
95,400,498
96,100,323
96,131,148
96,144,304
96,212,424
96,324,431
96,366,420
97,124,282
97,239,481
98,110,116
98,156,260
99,102,369
99,205,380
99,208,447
99,228,461
100,355,414
100,439,450
101,161,407
101,177,182
101,200,387
101,242,275
102,195,333
102,234,279
103,118,133
103,135,404
103,241,481
104,108,134
104,230,425
104,268,363
105,178,200
106,125,260
106,190,404
106,232,446
106,317,438
106,340,357
107,180,415
107,429,490
108,203,218
108,206,424
110,139,224
110,200,224
111,119,286
111,134,185
111,146,259
111,270,372
112,189,352
112,190,432
112,214,468
112,299,339
112,311,315
112,315,394
113,169,208
113,192,436
114,247,329
114,251,371
115,120,388
115,145,452
115,153,231
115,214,455
115,255,499
115,348,439
116,228,254
116,349,491
117,266,411
117,307,467
117,358,414
118,208,402
119,205,478
119,249,381
120,345,446
121,144,291
121,270,339
121,355,379
121,377,378
121,444,499
122,124,474
122,162,275
122,165,335
122,199,239
122,337,452
123,189,338
123,198,267
123,214,302
123,215,468
123,278,380
123,311,387
124,138,460
124,150,179
124,160,392
124,223,376
124,376,500
125,238,461
126,366,458
127,135,180
127,174,498
127,346,383
128,214,236
128,222,399
128,237,392
128,315,332
129,208,425
130,246,444
130,400,491
130,406,437
131,141,387
131,228,455
132,137,262
132,149,355
132,193,411
132,289,302
132,372,417
133,204,343
133,213,242
133,232,474
133,320,446
133,415,497
134,197,482
134,284,382
135,166,482
135,226,360
135,298,383
135,409,490
135,482,494
136,137,244
136,187,308
136,331,440
136,352,361
137,253,399
138,204,352
138,216,478
138,230,476
138,248,351
138,344,359
138,360,407
139,211,351
139,283,432
139,401,452
140,312,348
141,147,315
141,169,437
141,189,329
141,359,382
143,148,307
143,187,352
143,199,294
143,210,439
143,355,458
144,209,383
144,410,495
145,242,452
146,275,339
147,150,431
147,223,486
147,253,333
147,280,414
148,321,377
148,327,406
148,435,458
149,224,317
149,359,436
149,391,443
149,437,442
150,203,473
150,210,294
150,252,460
151,259,313
151,315,410
151,316,344
151,347,494
152,248,331
153,155,315
153,184,210
153,219,390
153,228,229
153,304,323
153,415,472
153,485,487
154,163,294
155,278,300
155,305,350
155,306,377
155,450,483
156,175,432
156,265,365
156,341,434
156,345,455
158,258,264
158,401,474
159,221,455
159,231,479
159,256,355
160,187,271
160,194,259
161,222,297
162,193,387
162,351,353
162,436,459
163,309,430
163,325,360
164,222,312
164,415,479
165,193,437
165,245,395
166,281,331
167,218,450
168,250,410
168,269,393
168,297,415
168,306,416
169,221,464
169,284,359
169,336,381
170,253,315
170,257,321
170,270,308
170,274,431
170,324,326
171,330,444
172,208,221
173,251,367
173,303,401
173,433,454
174,269,303
174,280,491
174,316,466
175,262,332
175,302,387
175,338,358
176,210,214
176,280,336
176,289,387
177,182,273
177,302,425
178,251,372
178,283,308
178,316,324
178,387,477
179,281,349
180,204,299
180,249,414
180,374,500
181,206,210
181,387,439
181,438,440
182,190,218
182,309,321
182,386,477
182,420,486
183,207,260
183,264,275
183,284,359
183,316,400
183,448,481
184,325,342
184,342,351
185,227,420
186,280,309
186,339,401
187,206,336
187,239,354
187,257,365
187,266,450
187,303,434
188,215,389
188,250,340
188,275,421
188,461,500
189,226,395
189,307,427
190,244,283
191,194,493
191,233,369
191,357,363
191,428,466
192,223,274
192,390,406
193,253,489
193,373,485
193,374,385
195,298,404
196,199,385
197,214,300
197,249,438
197,274,421
197,275,322
197,482,493
198,200,401
198,211,332
198,283,318
199,217,427
200,224,380
200,267,347
200,287,440
200,409,481
201,355,358
202,210,266
202,218,227
202,227,288
202,326,435
203,221,470
204,247,481
204,295,494
205,430,480
206,239,413
206,288,414
207,304,406
207,424,438
208,325,395
208,345,361
209,219,229
209,237,411
209,284,382
209,327,449
210,220,365
210,289,455
211,321,379
213,259,378
214,273,412
215,340,464
218,329,399
219,309,355
221,232,433
221,253,371
221,265,297
221,330,446
222,245,360
222,296,395
222,347,422
223,322,326
223,388,478
225,283,477
225,300,314
225,319,397
225,321,430
225,363,423
226,253,316
226,325,437
227,266,336
227,267,411
228,315,333
228,328,395
228,379,427
228,412,425
229,241,425
232,400,488
233,341,386
233,345,411
233,442,490
234,246,273
234,293,313
234,441,449
236,401,445
237,274,329
237,329,413
237,345,352
238,258,360
239,241,489
240,247,488
241,294,465
241,304,305
241,305,352
242,243,283
242,267,457
242,327,416
245,341,405
247,252,402
247,342,397
247,342,495
247,418,430
248,371,478
249,276,483
250,384,454
251,331,463
251,371,396
252,260,299
252,306,422
252,316,438
254,373,495
254,410,500
256,297,378
256,397,487
256,418,433
257,428,438
258,287,331
259,270,337
259,279,437
259,303,436
262,282,364
262,334,400
262,387,459
264,292,388
264,295,336
264,470,491
265,382,476
268,347,397
268,433,464
269,297,498
270,337,470
272,388,396
272,393,465
273,354,355
275,348,388
276,432,478
280,411,413
283,303,411
287,298,328
287,300,382
287,303,496
288,335,352
291,304,403
291,305,420
294,329,413
295,357,448
295,419,461
296,417,477
298,416,489
298,465,484
299,306,477
300,434,469
301,415,491
303,381,460
305,312,404
305,381,405
306,331,494
306,340,382
306,448,498
307,321,333
307,348,363
311,317,493
311,325,336
311,352,473
314,370,461
314,388,433
314,423,484
315,328,383
315,390,438
315,431,465
316,341,383
317,324,329
317,372,500
319,340,437
319,378,494
319,410,477
319,416,487
320,356,423
320,397,497
321,348,415
322,417,426
324,364,454
324,414,489
327,335,358
327,346,413
328,370,467
334,405,480
335,364,406
335,374,486
336,425,450
337,360,426
341,343,374
341,346,471
341,402,477
346,446,447
349,405,483
349,421,422
352,385,435
354,421,455
358,424,463
362,364,438
362,444,451
363,374,495
364,389,473
376,408,499
381,466,467
381,493,494
382,445,492
390,425,486
397,429,494
399,411,465
409,419,446
413,425,458
416,419,492
420,473,496
444,458,465
