139,177
2,157
5,93
27,67,146
170,192
9,24
197,198
52,109,139
5,76
17,95
63,107
46,117
22,141
117,192
12,143
165,170
4,5,149
75,97
53,170,171
57,136
63,160,196
112,113,166
64,107
39,41
17,68,125
44,124
79,105
14,128
26,127
32,147,153
98,192
114,157
26,86
42,126
17,163
12,13
1,129
48,87,121
51,181
61,73
65,122,158
23,93
44,58
77,161
140,194
104,113
147,165
23,45,199
18,23,60
75,117
33,137,186
71,74
25,96
68,163
42,170,181
82,174
41,192
44,83
89,168,179
9,17,111
27,101
82,105
105,181
140,191
57,92
70,74,129
38,183
51,132,154
59,169
93,183
103,136
6,94
15,84
2,144,189
35,36
7,11,23
11,135
162,184
159,180,193
13,77
56,136
43,168
72,174
77,176
18,63,133
104,197
49,95,161
111,171
141,187
73,95,187
50,187
85,159
45,59,194
61,175
11,100
110,174
122,162
67,75
41,181
145,174,195
32,51
29,144
67,70
20,108
39,200
169,175
99,170
49,170
104,140,190
89,106
85,166
21,106
51,181
43,169
51,174
15,36,98
58,85
49,50,140
1,99
82,184
15,27
62,93,102
67,163,191
23,47,81
72,110,122
38,139,196
41,76,189
48,53
41,147
16,94,182
8,62
12,189
9,41,58
67,101
101,168
144,189
56,72,132
137,189
50,89,197
102,119
10,199
62,146
112,120,150
104,124
151,193
60,106
63,186
44,105
14,110
28,167
34,151
129,175
39,81
15,123
153,160
8,66
30,46,134
143,161
39,64
4,45,160
19,81,137
98,104
58,198
8,85,116
77,189
12,54,196
41,184
27,53
105,193
42,121
81,198
180,192,194
20,107
61,187
139,193
20,91
63,74
54,66
30,71
21,138
15,27,90
6,99
134,136
14,76,81
65,167
33,194
160,192
101,197
110,140
16,188
155,188
18,140,177
72,136
26,45,66
194,200
33,60
48,69
60,76,200
19,192
22,49
115,160
85,140
48,160,169
51,52
39,53
40,111,195
5,71
63,130,195
30,46
32,158,176
176,183
31,134,170
57,126
6,58,161
76,178
3,173
108,178
12,129
40,69,134
50,54,88
141,186
19,119
39,200
27,98,131
35,132
42,80,171
64,136
148,156
13,41
6,144
165,190
51,112
25,136
59,129
43,191
13,31
61,101,149
26,169
46,56
91,93,164
38,181
9,189
26,103
58,187
40,81,177
17,149
15,62
113,116,168
88,104
17,127
33,153
75,156,199
130,191
72,109,159
59,195
123,126
11,41
135,151
49,124,172
31,178
17,54,118
11,107,157
104,108,147
53,76,134
23,105
118,200
75,99
48,144
49,83,170
67,163
137,162
100,112
125,159
43,52,66
55,98,131
66,152
15,52,171
13,187
62,175
101,175
153,181
22,33
48,71
95,173
22,93
84,116,141
148,156
8,164
6,8
18,117
74,85,122
59,64
104,145
143,186
3,34
39,92,175
22,172
72,146
11,127
19,30,31
7,43
128,189
28,87,172
124,139
72,166
34,37,92
6,198
106,152
19,200
58,67,131
117,147
2,178
16,120,126
117,194
70,151,158
196,198
2,161
115,146
79,149
29,37
64,86
25,72
65,132,163
137,154
5,154
11,197
72,194
57,87,123
33,48,151
100,151
125,132
101,197
29,31
145,173
29,37
23,175
5,20
143,197
33,157
22,131,151
8,70
1,70
25,38
64,129
184,193
50,51
8,36
2,7,30
90,141
27,141
159,184
8,97
126,139
37,41,172
26,117
5,122,180
41,111
43,73,199
88,108
58,159
1,87,167
110,122,136
101,146
47,103
45,132
56,88,181
137,155
17,18
39,44
11,22,129
6,169
79,120
29,31
74,88,154
160,184
87,155
49,170
51,81
79,185,194
129,165
61,161
107,167
52,70,136
57,172
21,106
88,188
27,47,197
53,158,160
132,158
27,173
105,139
47,199
75,77
20,189
36,99,143
100,105,128
30,61
94,98
1,101,164
21,133
61,123,149
38,189
42,118
119,152
105,135,139
126,170
71,158
19,44,183
75,95,98
25,58,61
38,135
76,91,139
42,136
4,193
38,144
25,193
120,133
64,79
14,147
92,106
96,126
114,129
68,184
47,141,190
9,27
23,139
126,194
143,200
82,122
62,64
83,150
35,36,55
45,52,140
10,67
105,158
76,84
10,108
134,155
29,60,123
13,188,190
35,109
21,96
28,73,86
48,126,134
52,192
118,121
188,198
84,86,128
3,131
14,63
9,92
39,160
63,87
16,82
48,178
164,169
84,112,182
21,118,126
1,145
71,127
13,101
40,191
4,37,68
53,57
86,195
128,133
53,192
31,106
112,145
22,64
11,18
143,173
115,158
10,172,200
61,130
61,81,117
30,83,137
38,50
28,105
58,103
18,139
21,129,141
72,165
40,123,183
54,127,132
58,191
34,195
127,162
87,98
156,194
126,180
46,83
101,146
44,140,166
154,166,188
18,176
74,127,176
90,104,146
18,48
11,129
10,157
127,183,191
37,48
9,146
17,104
7,19,183
25,126
107,173
35,120
67,90
96,101,183
127,200
108,147,156
17,58
85,139
58,161
2,58
132,172
127,139
70,125
63,133
97,198
67,104
54,156
84,199
94,166,190
8,97
3,115
4,163
113,135,163
25,193
79,167
67,77
125,156,167
12,93,170
20,102
87,165,181
45,125
4,103
47,77,81
108,154
85,166
57,155
88,89
27,190
60,124
63,79,162
15,179
83,124
171,198
9,141
13,146
8,27
156,198
31,111
9,17,200
123,134
64,151
179,183
11,51,63
17,21,156
39,97,103
21,137,144
43,47,135
97,141
86,169
34,138,187
79,140,142
30,63,76
86,151
1,150
41,178
7,90
132,180
53,185
68,194
13,82
133,188
56,129,172
57,162,167
23,89,173
120,129,191
55,89,103
118,126,165
22,124,144
63,193
54,178
32,69
99,165
51,150
155,192
75,77
93,111,118
73,115
16,70
174,180
27,47,155
64,181
21,170
42,48
143,150,152
85,108
38,87
12,121
36,66
44,49
34,76
6,156,196
94,140,158
61,77
137,195
62,63
110,142,162
51,151
74,100,105
11,43,191
88,122
2,91,142
73,108
85,101
54,63,163
17,45,88
151,154
32,120
98,187
13,54
110,114,142
72,194
88,181,196
77,94
146,182
25,77,152
72,79,150
174,180,191
53,68,111
10,24,38
51,179
45,140,193
16,113
45,178
58,192
42,171
68,153
13,120
155,157
7,63
92,141
1,135
62,147,166
3,145
14,79
70,134,176
4,86,177
16,44
5,75
30,118
38,121
128,177,181
17,104,177
49,144
49,186
14,66,74
55,116
53,72,147
50,116,174
68,106,150
143,197,199
149,175
6,16,117
189,191
62,73,103
26,112,149
114,180
90,135,181
5,58,199
144,154
75,111
104,122
8,13
30,177,192
126,140
39,164
65,194
35,73
3,63,79
8,95,131
77,98
31,139
52,129
54,127
137,167
70,191
55,199
28,131
63,142
49,118,174
143,190
114,136
53,87,137
54,71
77,147,197
70,71,129
90,156,169
117,133
26,102
8,9,97
98,106
2,171
19,197
8,107,117
77,89
21,35,108
197,198
25,168
34,69,144
152,183
55,83
24,29,91
51,131,164
30,31,157
28,192
42,44,76
119,170
65,66,171
12,44
17,195
19,69,126
72,193
12,33,96
72,73
47,85
21,99,122
73,160
150,151
28,134
79,120,176
14,108,162
141,173
5,38,126
19,190
144,149
12,109
156,168
8,21
80,142
24,117
91,192
38,144,189
13,170,195
61,94,102
14,181
50,98
4,37
1,28
1,191
59,130
50,108,131
22,93
19,41,69
125,138
43,163
54,125
13,185
16,112,179
70,124,126
49,140
77,84
15,99
47,187
33,57
76,126
29,38
82,127
163,189
29,167
139,195
27,103
55,102,147
41,83
72,122,132
52,178
25,162,195
19,38,126
55,62
60,169
25,46
13,150
15,62,77
15,89
74,159
21,33
171,189
141,193
48,80
169,184
9,75
101,169
73,108,161
58,150,184
29,39,172
163,181,191
25,45,52
90,138
42,171
144,152
170,186
3,118
137,142
2,44,164
40,69
114,162
78,180,184
28,144
78,79
64,121
136,142,159
41,49
113,135
44,134,155
126,186
25,177
54,139
1,147
57,91
77,185
36,86,99
8,46
120,160
72,74
46,69
66,194
27,180
65,126
32,160
150,154
16,156
37,105,132
42,106,162
100,128
180,190
151,181
34,47,162
38,57
19,63
20,116
37,115
66,68,114
115,149,194
60,157,167
26,149
46,120,164
114,176
40,43
25,131
65,194,196
110,157
124,171,184
15,16
71,151
12,67,98
3,180,198
41,46
58,166,169
29,40,144
16,89,188
56,115,146
51,130,134
168,198
50,97
46,174
81,145,197
32,162
21,58
115,122
14,37,150
90,142
21,29
91,118
5,40,57
127,146
101,182
97,152
23,35,200
2,78,148
63,153
33,155
15,73,199
26,161
53,123
8,11,101
35,108,116
174,193
21,69,165
63,93,192
25,74
161,182
16,160
115,168
109,186
52,70
18,66
94,184,190
69,87
56,104
20,80
42,55,195
96,200
53,83
61,200
61,89,155
97,99
66,70,164
29,40
59,130
10,58
54,130
2,15
102,149
75,140
65,162
37,156,169
18,176,195
110,180,196
22,98,126
110,158
32,57
8,165,178
55,190
30,189
28,147
61,146
65,163
37,157
154,195
22,147
109,137,151
32,181
129,135,176
34,96,144
46,57
29,170
14,65,139
113,116,168
144,155,189
74,124,136
24,60,178
15,117
8,197
3,148
120,194
41,63,119
22,158
148,185,199
7,187
19,183
129,184
99,115,117
63,171
35,47,147
73,94,147
92,155
177,180
163,181
67,108,190
19,48,52
117,197
77,150
91,143,172
110,139
66,73
122,181
79,139
140,176
28,111,143
64,65
46,48
32,137
58,107
7,143
39,61
1,45
35,163,168
128,146
166,170
18,117
70,146,184
7,91
83,123
22,170,193
121,161
45,174,191
17,49,56
10,89
98,143
29,96
15,50,169
48,93
100,151
47,48,54
61,66,94
2,102,107
30,183
132,133,162
12,28
76,155,171
68,74
4,110,127
41,120
41,118
51,141
78,163
164,171
129,196
66,199
95,115
16,24,178
24,39
36,101,197
164,199
41,123,189
82,83
72,137
14,64,128
27,89,199
9,113
1,32,100
54,71,75
29,157
57,170
137,138,152
105,127,180
55,66,176
67,103,199
74,108
16,90,116
102,182
61,145
9,111
130,137
38,111
71,79,122
137,146
88,130
35,73
14,108,188
17,19,161
102,188
171,187,190
50,175
96,166,172
94,99
162,169
72,91
28,84
71,122,135
78,100,177
10,152
10,29
50,176
36,48,152
88,101,111
21,28,60
125,135,154
11,72,88
43,159
60,200
10,146,194
1,124,181
129,182
52,59
12,29,106
19,200
46,92,124
107,117,148
62,155
3,115
137,171
68,152
10,29,186
49,152,157
79,180,184
84,199
159,181
13,168
100,159
38,111
93,116,141
10,31,106
23,26,168
21,144
6,50
1,66
42,172
116,118
38,75,136
19,48
3,87
115,135,173
7,171
5,82
1,55,131
98,182
9,104
4,14
8,75,186
27,112,156
27,190
41,103,114
25,32
70,114
22,25
93,142
54,139
125,134,172
19,87,126
76,132
76,157
69,161
73,161
7,60
27,88
35,101
55,84,97
124,178,189
92,149
86,173
138,200
33,111
2,103
25,56
19,167
53,134
92,95
45,153,196
85,143
35,115
160,181
20,74,186
131,149
148,182
5,99
29,164
19,42
81,112
117,196
70,122
55,61
126,192
17,48,132
