145,151
104,122
36,51
2,193
121,146,181
1,45,162
70,134
6,29
84,85,146
29,150
110,171
128,161
5,195
104,139
152,170
48,113
2,118,167
117,183
27,33,102
47,186
91,144
46,148,171
23,53
111,193
82,172,187
9,197
86,165
53,171
3,102,135
47,140,179
45,179
139,170
11,193
142,174
75,112,188
169,197
89,150
13,40
78,177,181
6,19,150
40,50
55,109
9,114,139
59,96,194
60,112
53,169,200
109,160
78,86,90
111,166
134,154
3,109
69,100,150
28,31
15,150
43,70,140
39,74
55,63
73,92
77,158
175,179
74,172
101,131
51,59
162,188
160,163
17,93
116,117,125
5,49,65
158,189
35,39,58
31,37,114
83,141
19,123,145
100,106,167
1,161,179
60,176
22,38
20,167
114,120
55,92
96,147
2,144
155,169,189
61,169
9,15,42
68,139
37,96
145,173
139,149
37,52
99,129
3,169
30,41
53,142
43,169
74,88
36,156
5,11,200
49,130
80,86,105
4,137,147
162,190
80,118
24,155,184
4,161
17,61
41,108
92,94,165
19,190
25,32
24,71
165,189
131,150
33,130
8,62,66
1,95
118,145
49,54,97
49,173
31,88
87,168
15,144,178
91,149
95,106
15,57,192
68,165
59,181
51,99
120,194,200
124,151
21,85,120
11,36
27,54,86
25,48
21,120,198
8,103
75,112,162
125,176
130,161
43,122,163
155,189
99,169
53,152
85,184
13,135
52,139,199
24,55
116,127
11,37
61,114
55,129
163,188
93,141,163
37,68,149
44,200
107,148,171
47,104
22,40
12,148
19,118,161
24,168
40,53
38,92,166
36,96,100
131,185
9,58
162,178
143,144
83,166
72,127
85,134
2,134
15,138
56,59
118,196
21,49
139,194
4,26
116,158,164
38,63,176
4,97,100
13,113,197
146,182
1,112,144
116,200
150,183
60,122
41,111
111,157
18,181
153,163,176
91,137
3,102
66,178
81,87
96,141
27,141,188
40,124
81,109,171
33,150
3,172
41,128
38,60
48,164
114,142
19,97
23,74
10,46
10,72,157
118,119,153
34,82
144,155
6,96,156
33,102
37,108
126,184
155,169
78,165
61,188,190
92,188
55,83,104
55,78
47,55,79
25,112
123,171
3,24,38
14,128
3,54,135
38,122,179
100,127
125,165
50,76
36,57
11,48,138
55,79
19,68,72
7,194
3,7
36,87
134,183,184
37,194
14,117,193
132,197
52,114
4,11,40
82,142
26,79,168
133,181
40,93,156
19,128,135
107,148,191
136,198
26,120,122
21,30
7,26
175,182
2,3,102
1,153
182,189
95,117,132
23,79
13,23,178
49,78
1,29,63
95,184
71,113,129
187,199
29,122,123
82,157
124,156,174
41,92
106,114,171
32,93,145
52,68
12,17,79
85,114
60,164
99,128,191
131,150,191
55,162
109,187
110,170
64,111
49,191
53,172
124,169
34,36,69
60,77,105
57,96,199
90,91
26,50
148,165
87,166
32,197
31,118
53,85,177
17,54,101
19,35
54,107
142,176
24,91,173
58,107
130,190
30,118,179
62,135,178
66,99,124
13,157
51,53,61
28,147,180
26,65,132
18,145
142,161
151,176
41,119
77,100
99,139
84,123
113,171
40,62
65,89,196
42,115,134
76,142
86,143
69,136,157
68,121,145
9,146
106,199
73,78
63,168
47,128,140
17,136
157,186
77,98
10,121
24,190
85,95
91,165
72,185
149,159
22,133,184
9,157,191
42,101
128,175
143,144,151
111,192
45,104,116
10,70
1,184
52,106
99,105
42,133
2,29
49,88
43,100,199
96,118,125
98,119
23,70
19,72
30,90,195
16,29,122
42,97
162,164,177
70,129,169
73,126,178
23,86,170
46,110,129
8,58
61,118
3,124
59,190
127,187
110,143
83,110
127,146
136,139
15,122
12,133
6,67,85
85,176
161,185
39,109,132
12,90
129,181
80,91
2,32
81,82
4,39,134
61,109
64,193
126,184
92,154
92,96
80,138
47,106
128,168,179
23,56
157,198
29,33
125,153
23,92,99
73,172,191
67,186
99,182
48,174
175,178,182
143,159,175
128,193
78,172
75,86,157
107,171
66,125
99,157,195
191,195
86,159,182
45,163
22,78,149
86,109,137
21,178
158,174
60,141,179
87,117
50,102
16,43,193
16,130
86,172
169,186
71,109
157,198
26,114
89,142
11,72
63,153
58,164,186
105,127
50,178
111,166
39,53
131,183
47,166
21,180
54,129
22,40,172
51,170,171
101,163
1,33,187
14,33
11,57
125,128
28,89
155,159
18,19,51
14,76,112
88,99
137,148
121,145,180
10,28,31
113,143,155
16,41,92
37,50
29,83,125
58,105
84,150
130,177
28,67
160,192
11,42
1,157
48,84
129,165
161,190,193
54,119
112,190
5,67,121
95,117
13,198
121,130,190
47,166,193
30,188,196
42,44,194
34,175
104,196
92,113,116
81,197
33,137
79,160,190
184,190
151,168
38,166
45,60
28,69
34,67
72,111
42,82
70,165
70,105
93,178
63,154
14,116
99,135
44,90
43,192
40,131
91,114,163
180,195
10,175
83,122,188
59,67,96
25,84,131
63,101,168
19,134
24,112,113
34,67
25,127
156,169
53,122,142
9,62
69,146
151,188
2,45,112
23,86,91
12,71
85,115
13,174
81,146,194
55,80
93,107,123
50,200
68,149
29,43,152
5,25,51
87,120,187
154,190
102,176
40,80
46,74
89,136,145
40,123
38,79
58,132
6,197
32,87,121
13,124,169
24,93
1,83,111
35,128
111,173,177
5,182
27,183,190
78,109,132
2,176
65,89,146
58,113
2,183
70,198
102,131,159
67,97,100
30,93
139,162,194
125,141
18,157
33,130,177
37,131,145
12,139,199
22,148
8,31,156
35,173
1,47
80,197
142,156
84,145
65,195
27,109,168
73,91
129,133
40,107
108,161,177
68,89
90,171
153,163
105,129
58,104
39,70,152
20,142
9,76,185
6,28
90,106
17,55,77
56,168
29,83
71,91
116,200
91,169
1,47
173,187
7,122,125
22,132,175
35,99,107
166,183
125,153
35,126,143
16,24
102,140
95,154
41,76
1,83,163
64,168
13,42
56,81,129
93,178
122,193
148,197
78,110,124
8,82
42,43,77
69,107,140
80,135
122,150
118,157,158
5,9,145
96,139
12,96,188
108,147
142,172
78,151
10,85
72,90
22,128
40,124,143
59,133,150
151,178
17,78,115
86,111
35,155
39,81
38,175
41,192
61,130
46,134
148,187
48,117
97,173
46,80,195
31,139
121,180
20,64,77
92,100,139
35,46
94,171
52,133
141,149
6,163
51,156
19,27
29,188
6,120
2,104,128
16,50
35,86
60,92
86,195
16,20
15,72
154,164,193
72,186
117,183
105,159
26,105
68,147,190
61,75,83
19,191,200
49,147
11,139
44,138,199
137,142
67,107
80,198
26,161,168
62,72
123,155,158
65,89,147
58,129
75,83
79,120
12,171,191
11,84,98
86,122
22,96,140
20,177,200
50,71,86
137,144
42,136
17,132
180,199,200
8,172
14,108
37,141,172
56,140
34,67
24,176
83,167
41,76
13,46,123
1,122
44,56
58,149
36,43,100
3,54,74
39,54,142
45,185
30,53
62,69,169
11,157
60,116,194
86,143
25,140
12,193
139,141
8,51,56
13,165
43,126
51,163
126,129
3,134
70,127
15,21
53,91
52,68
18,33,162
45,183
39,65
149,182
20,50,83
111,161
7,190
12,187
40,74,81
127,163
60,156
75,91
78,126,143
47,192
71,148,158
80,82,168
23,156
100,146
78,172
66,73,116
108,140
186,195
73,129,149
119,192
29,88,136
48,158
78,116
52,96
26,193
1,116,190
162,163
56,114,150
50,54
104,118
64,164
11,171
38,99
16,87
4,88
139,141,179
53,182
34,90,138
2,14
25,103,120
4,55
11,44,146
98,110,196
148,186
5,154,165
37,199
37,69,186
54,101
7,11
179,194
112,180
26,92,164
114,199
22,111
113,123
70,170
117,119,179
50,139
5,20,58
67,82
47,125,183
12,41
106,129
47,87
8,127
20,21
21,191
57,67
122,125,179
93,178
91,147,157
42,176
10,36,89
64,76,141
102,129
100,196
33,71
15,68
117,128,141
1,83,167
117,177,193
102,154
38,96
37,82
143,156,167
68,178
76,162
36,198
38,187
62,87
44,67
112,154
15,62,90
142,156
159,171,172
74,81,149
8,107,137
6,66,189
16,163
12,59,84
14,92,122
91,170
40,99
15,171
134,196
37,131,165
78,123,139
9,38
16,112
24,154
27,162
35,133
23,121
40,170
4,29
20,56
131,168
101,165,189
64,79,166
23,78
118,176
115,186
8,62
61,66
87,164,193
132,155
25,69
58,83
24,192
49,128
94,124,170
17,24,183
42,186
39,86
140,179
7,14,47
37,85,97
32,37
101,147
14,27,111
67,69,187
172,197
94,101
133,135
63,131,200
134,158
120,177
100,114
3,94,178
84,157
105,145
30,39
6,34
32,49
158,165
18,115
22,113
16,79
118,122
48,123
28,69
38,117,164
128,130,164
1,16,92
6,25,103
163,183
38,76,111
6,191
1,5,84
42,89,196
5,95
47,79,122
56,85,189
29,98
175,183
20,41
94,170
116,161,166
75,84,126
11,118
94,171
130,151
26,153
120,127
38,77
16,193
31,105,137
88,134
49,71
112,154,166
48,80
88,113
52,67,84
3,74
123,159,165
115,150
69,187,194
20,95
58,178
9,94
50,184
43,93
30,154,185
122,185
100,144
5,187
25,115
9,24,101
27,111
18,35
39,58,172
80,148,155
11,88,186
90,106,131
43,139
123,125
78,126
69,184
78,124,162
14,55
13,120
53,148
113,152
13,174
111,116,161
25,36,132
8,80
51,97
73,159
10,21,138
21,85
75,176
22,156,159
128,183
48,53
18,19
10,121
8,159
3,90
31,149
19,100,147
48,193
18,111
101,173
86,110,158
66,86
151,159
86,96
48,68,196
1,182
44,120,139
27,176,196
72,153
140,163
47,108,185
20,111
41,121
1,79,161
6,25
87,99,104
93,144,171
87,99
2,12,116
11,80
19,37
9,10,180
77,151
66,78
32,51,96
45,74
122,153
8,80,129
34,37
90,133,187
70,172
16,38
31,115
35,94
91,169
45,87
16,118
173,198
65,121,200
131,191
23,58,171
137,147
94,160
97,138
97,136,199
46,109,165
25,191
22,110,135
59,74
13,160
59,140
82,187
34,85
41,77,141
23,58,155
39,66
5,22
8,177
58,80,197
37,52,67
24,122
17,93,174
151,155
81,143
147,150
16,116
78,144
53,71,162
24,96,173
21,119
116,164
22,53,180
32,149
84,198
38,100
128,157
108,194
134,177
101,126,154
78,118,122
74,78
34,163
2,112,145
104,116
9,34
107,129
94,105,158
65,91
23,146
50,60,111
15,56,131
155,160,169
48,158
28,40
37,40,144
37,138,199
130,131
70,176
62,93,160
21,25,195
102,165
20,39,96
51,187
112,184
42,47,123
79,112
16,43,157
142,158
9,121,181
70,173
31,78
97,190
71,170
23,126,132
24,154
75,193
65,67,100
23,47,52
96,159
7,20,79
41,163
21,32,69
125,184
139,191
29,167
48,49,150
57,196
78,99
148,172
2,122
58,101,158
102,184
103,183
7,57
42,157
91,101
36,86
10,92
135,146,163
100,141
116,148
123,141,189
87,140
129,135,172
19,98
80,101,182
54,91
175,198
78,101,155
87,104
115,171
12,191
83,153
44,86
51,126
78,80,158
1,128
117,162
30,102,111
152,169
37,153
34,114,157
67,136,191
32,199
44,52
8,62
97,175
141,160
70,113
147,184
57,133
130,196
30,111
49,166
