74,93
1,32
20,86
4,150
22,186
48,132
17,73
10,45
21,34,43
19,71
4,23
60,167,200
2,164
6,12,160
25,40
13,98
41,120
16,28
144,166,189
3,25
90,177
8,13
9,17,140
46,184
87,122
19,41,125
7,123
14,59
4,128,133
27,176
68,96
7,136
1,36
56,113
129,197
1,130
38,155,178
43,48
15,17
20,79
3,168,172
1,7
4,141
23,33
26,39
23,181
37,126
11,142
81,180
145,158
1,77
6,91
139,147
121,170,185
16,152,182
1,2
14,138
11,38,47
25,62
106,143
33,39,83
84,191
2,163,192
70,151
18,32,131
5,196
10,82,94
5,112
89,102
51,78
8,16
1,46,50
28,42,187
19,175
2,195
63,105
30,52
95,118
6,66
18,31
3,40,190
13,35,153
65,117
5,44,135
20,24
72,146
10,161
61,159,183
1,18,114
1,2,134
9,30,57
5,75
4,51
88,108,193
29,162,171
21,156
69,188
34,45,104
7,100
49,54,103
3,12,55
3,97
37,154
26,53
92,119
2,24
8,22
110,137,148
85,116
6,107
36,124
21,49
11,27
58,173
64,80
24,198
15,111,127
42,157,199
15,76,99
47,174
9,12,109
67,101
44,179
14,115
23,194
22,35
50,149
5,31
29,169
2,165
