2,5
1,5,134
2,114
87,145
10,60
5,21
80,111
17,186
33,95
61,106
26,79,107
49,93
135,147
26,46,64
83,191
1,13
144,160,193
34,196
9,159,185
63,71
14,36,163
82,89,166
11,47
123,178
25,110
1,176
5,23,130
3,6,33
2,29,58
4,50
1,28
13,18
35,43,77
8,52
12,30,117
3,169
3,16
54,179,180
1,98
4,100
4,16
19,109
9,120
2,168,182
14,187
3,9
90,157
32,91
39,139
41,56
1,2
20,146
8,155,183
6,12
1,5,156
2,34
24,112,174
3,4,127
68,153
40,143
19,53
2,81
72,200
25,36,150
133,140
6,13,129
1,31
86,137
3,37
8,22,115
62,149
88,125
7,103
1,128
5,199
96,152,164
7,27
5,173
10,102
172,195
22,105
148,158
69,171
27,38
70,108
1,32,51
18,35,175
118,124
21,42
28,76,161
154,190
4,165
11,126
48,104
65,122
57,167
151,181
5,44,184
8,10,75
17,142,198
84,138
11,101,162
74,188
31,177
12,85
3,73
4,197
2,3
55,141
4,45
4,67
119,189
121,136
7,113,132
6,24
20,29,194
2,15
7,78
94,116
15,59
3,4
23,66,170
30,92,99
97,131,192
