73,149
38,127,176
6,9,41
49,118
154,196
40,94,137
19,125
130,153,162
40,140
35,120
83,90
28,31
139,146,161
86,98
5,78
35,47
3,7
4,12,81
124,151
25,142
7,165
3,71
1,62
3,156
20,39
46,53
2,191
15,128
68,178
79,95
67,164
33,43,147
69,126,131
21,36,54
31,102
3,200
92,110,193
7,197
80,84,96
1,11,177
10,29,41
20,42
2,188
12,190
2,13,145
22,59
159,184,198
29,155
30,64
34,85
32,62
22,167
61,65
1,87
77,104
6,27,172
3,152
2,26
25,51,175
2,144
11,186
24,132
48,117,141
171,182
36,112
5,14,23
8,174,194
50,122,160
72,100
18,180
6,7
8,187
3,39,185
93,195
1,55,135
6,34
2,9
88,119
1,107
1,5,44
116,163
2,106
4,99
3,14
5,173
1,129
42,91,111
13,17,189
4,143
2,38
10,148,192
37,44,169
1,24
157,166
21,27,32
17,18,63
74,158,179
113,183
15,150
4,5
23,82
12,199
76,170
8,30,56
66,70
9,168
18,89
26,28,101
4,136
103,105
5,16
115,121
75,108
17,57,134
9,43
16,45
11,19
16,133,181
6,8
2,15
123,138
10,97
19,52
10,14,109
37,114
33,58
1,60
4,13
