74,81,89
9,23
38,83
29,89
26,48,74
35,73
62,97
78,82
30,66
6,52,70
16,82
17,96
23,64
12,55
19,73
23,79
12,74
15,26
8,40
3,91
78,79
13,50,91
22,57
21,54,66
38,53
31,34
12,71
23,62
16,39
88,99
10,38
41,50,93
38,65
24,83
31,42
70,75
10,11,32
23,100
10,80,88
13,50,91
39,86
18,35
68,95
56,71
26,96
16,32
37,86
11,47
85,98
34,74
6,21
46,77
10,27
15,34,100
43,77
6,78
59,99
54,59,83
26,98
1,33,54
50,82
20,62
17,96
38,74,80
65,99
16,99
11,38
9,34,56
7,38,76
5,28,76
34,59
11,41,80
41,68
31,95
40,65
6,29
7,83
29,82
17,48
17,59
18,71
16,50
20,67,84
26,44
3,26,63
24,29
20,71
31,39
23,58,93
10,11,32
55,99
21,26
1,63
21,33,44
49,59,67
12,82
7,67,72
90,91
59,92
5,29
17,23,31
24,46
64,87
14,93
9,50
63,82
27,65
6,57
20,22,96
16,62
2,58
27,42
6,34,99
37,87
56,94
41,48
22,90
43,76,97
14,34
19,97
11,38,42
5,54
19,62
19,56
11,40,63
10,34,80
35,90
15,58
12,93
55,89
39,85
1,61,69
20,86,87
9,99
11,56,67
25,84
22,31,60
37,84
28,66,76
7,34
9,31
27,91
2,88
25,36,52
57,64
34,91
20,50
6,34,50
18,90
54,62
59,74
36,43
10,11,82
18,62,67
34,69,75
17,46,87
13,72
64,67
26,32,36
79,95
45,68
36,44,52
74,81
28,52
70,86,87
44,77
12,20,66
68,94
15,57
23,60
65,70,80
46,59,79
19,30
13,27,50
21,48,94
34,60
16,66
20,64
75,91
75,93
20,35
16,81
16,32,45
6,52
55,68
33,66
2,49
17,93
28,95
52,90
33,83
84,96
29,78
32,99
39,67
40,61,70
8,85,100
11,91
12,45,65
1,30
85,89
18,84
37,45
51,74
1,46
17,55
12,13
49,97
15,26,57
19,73
41,92
24,43
54,55,85
11,93
4,64
23,83,91
7,43
68,92,93
55,94
19,24
40,55
49,77
25,36,78
57,64
18,82
73,100
6,77
9,69,74
47,79
22,44
37,44
23,50
43,56
53,54
20,63,99
30,90
76,100
41,45
1,43
32,52
29,89
75,93
6,82,93
4,7
71,86,87
11,82
2,63,85
9,62
37,95
29,75
21,31
4,48
16,81
71,85
2,38
27,87
31,89
51,64
12,50,88
13,21
2,4
1,23
9,42
73,93
34,81
25,79
22,23,60
13,77
33,60,65
37,79
3,51
33,46
50,87
53,98
46,76
9,14
62,85
14,83,98
64,79,98
31,95
2,5
15,60
51,87,92
47,75
16,30
29,35,73
6,50
11,68
21,44
59,84
27,44,80
21,44
37,53
19,27
51,59,77
4,42
37,67,100
13,45
7,100
74,91
23,26,84
11,86
1,83
31,51,87
29,97
23,96
10,54,63
35,56
20,61,72
38,91
55,60
27,67
19,30
40,96
71,78
69,78
40,69
26,64
28,89
57,84,95
2,15
54,62
31,34
39,51,79
6,38,78
76,91
14,29
21,37
1,19
16,55
11,24
28,54
9,69
4,72,89
19,52
47,72
72,100
25,39
58,83
34,60,92
18,48,66
11,91
36,56
63,99
56,98
12,81,99
8,64
69,100
56,60
46,72
8,35
1,5,83
12,61,65
34,56
14,33,37
85,96
53,79
68,72
1,28,33
25,71
24,60
18,70,84
2,29,37
19,48,95
32,74
49,70
16,23,90
24,90
6,32,81
16,40
15,46,58
2,14,47
7,22,53
33,62
35,79
13,82
45,71,85
48,94
4,47,95
26,71,72
29,76
4,28
52,94
12,86
32,57
18,24
19,51,73
21,30,56
24,28,33
30,56
30,48,52
17,43,84
10,49
53,55
21,73
12,38,78
87,96
5,28
41,69
11,34,75
61,87,100
2,27
9,67,84
62,90
31,51
4,77,89
61,94
39,96,100
29,83,97
2,39
24,51
75,77
2,64,87
21,47
13,99
67,72,84
69,72
8,13,93
46,89
52,70
80,91
15,25,39
31,60
47,49
52,85
4,26
13,99
1,18,24
51,96
24,97
30,78
65,100
3,95
44,52,83
29,73
20,59
76,86
27,47
6,10,93
42,75
78,79
44,54,97
3,13
71,74
39,64
52,57
3,48
77,98
10,55
45,74,75
70,79
3,57
8,50,78
17,49,63
35,66,73
83,90
63,68
1,30
16,61
19,48
63,96
85,90
87,92
30,61
9,68,80
32,68
61,84
51,77
69,99
9,42
23,38,72
28,52,76
62,90
9,22,25
9,42
9,38
23,31
39,84
46,49
33,35,58
51,85,96
6,10
61,87
73,90
13,79,80
49,64
15,88
7,43,77
23,84
28,73,94
47,96
63,87
41,68
39,70
56,80
28,97
2,16,38
31,59,84
51,79
29,49,76
21,97
8,88
8,78
25,26
46,85
21,41
48,78,93
9,93
21,91
16,41,80
39,99
5,43
17,84
21,42
4,7,67
25,27,57
13,64
40,74
11,97
1,56
18,33
40,65
55,84
34,79
14,93
10,30,92
36,44,62
71,89
43,49
35,76
48,100
26,97
54,88
73,88
61,86,98
9,88
25,70
33,70
38,46
4,19
56,76
23,50,53
12,27
67,71
14,80
6,8,69
60,61
13,39,87
43,62,90
13,54,74
72,81
42,75,88
12,48
40,63
9,16,82
40,50
16,27,37
34,61,67
44,47,56
10,11
23,63
4,60
59,90
36,48,97
35,79
55,68,75
13,14,19
1,28
51,61,96
60,73
64,88
3,61
52,94
14,78
24,44,56
2,92
39,95,100
28,35,44
10,38,69
31,47
22,46,56
14,18,57
31,53
2,34
20,67,89
39,95
40,87
75,87
30,100
35,54
46,84
91,99
11,14
79,80
10,41,42
24,66
18,43,76
14,53,90
17,20,46
46,89
43,62
33,43
48,83
42,81
25,28,71
16,34
32,42
13,14,80
47,85
1,90
13,95
78,90
3,29
17,21,25
28,96
23,60,70
37,58,63
13,99
1,36,43
12,75
19,30,76
35,44
15,23
84,92
27,86
67,88
6,29
21,94
1,19
64,67,91
12,74,91
21,44
23,46,61
9,10,40
8,91
8,40
3,75,88
27,38,69
20,79,87
61,70
20,46,59
22,29
20,26
2,85
92,98
8,99
15,30,98
78,81
18,21,29
18,83
5,30
26,51
10,19,66
21,28
24,64
86,92
24,83
32,40
25,85,100
33,54
14,16,69
2,46
36,67
13,27
19,33,44
22,98
18,19,76
28,36
22,24
45,65,80
76,84
12,59
36,43
38,42
12,55,63
18,32
7,34,72
85,98
20,53,98
82,91
27,93
32,54,59
20,84,98
60,61
28,30
3,4
18,88
6,81,82
4,87
17,61
8,62
31,57,60
16,50
59,85
11,50,91
68,76
46,86
12,51
46,85
7,10,36
69,86,97
29,76
44,48,66
18,52
1,35,76
1,29,52
21,90
18,39
12,50,75
47,86,95
68,69
59,78
69,99
41,46,89
48,62
50,68
8,9,11
24,97
18,74
20,60
52,66,83
28,29,76
30,62,78
30,62
31,98
6,83
22,36
81,93
11,50,88
18,28
36,56
57,85
14,41,99
41,54
12,70
22,86
28,33
48,76
28,33,94
51,53
33,62
27,79
6,10,27
21,56,94
2,61
73,83
3,25,51
52,57
17,25
68,78,93
12,42,62
47,71
5,29,52
19,33
47,52,80
19,52
39,91
66,94,97
9,82
19,30,97
15,24,62
10,40,65
15,63,98
69,97
3,9
25,40,51
35,36
47,75
39,85,86
24,90,94
50,55,78
44,90
18,54
36,44
5,19,66
27,72
40,52
36,91
7,39
76,93
45,65
1,3,12
68,83
35,66
13,68,74
14,27,32
42,64
12,13,86
51,59
26,53
6,68
34,37,49
18,83
15,46
30,63
73,94
42,68
24,73
20,72,96
27,65,74
37,84
59,67,74
86,87
40,48
13,32
34,36,63
7,15
21,97
3,20,51
39,86
21,29,66
32,75,89
28,30,43
16,100
22,76
35,80,81
25,81
13,99
14,50
79,96
27,63,90
28,44,82
57,72,95
9,31,63
29,34,74
11,59,96
31,42
6,32
23,56
27,45
56,75,99
4,59,72
31,57
65,99
38,100
12,81
22,94
35,94,97
28,62,66
14,90
58,78,92
62,92
35,48
52,94
2,100
26,70,92
24,56
4,12,83
57,86
61,74
56,58
10,32
16,54
81,95
18,30
44,54,90
57,79
58,67
15,58,67
55,74
20,37,72
12,87
22,71
3,88
42,80
27,82
52,71
1,76
17,55
48,88
15,79
7,72
9,60,79
28,36,54
77,86
23,37,58
46,93
7,61
35,48
33,68
84,86
52,66,76
24,44,90
2,16
46,96
55,61
10,34
50,78
5,36,50
34,68,69
14,81
3,92
52,73
14,41
22,95
40,65
3,96
41,75
28,35,54
44,98
14,57
36,68
1,42
5,14
5,73,78
6,45
2,15
12,40,94
13,74
39,42,55
82,92
16,27,38
8,45,91
40,47
6,38
36,54,97
58,75,93
23,72,95
51,95,98
9,71
20,33,67
25,59
15,60
22,59
2,95
52,59
87,95
29,97
35,48
35,43
57,68
3,99
12,81
44,57
37,77
58,59
6,69,97
41,82
67,87
59,77
13,34,74
52,83
47,53
56,69
1,28
19,24,52
22,77,79
77,78
3,7,61
22,40
34,97
17,61,89
70,79
39,63
41,47
33,69
24,36
5,30,83
41,55,66
20,22
74,85
49,63,95
49,80
82,91
4,90
15,29,87
60,96
16,26
36,67,94
35,42
54,94
28,69
14,35,84
64,78,84
17,99
11,74
8,11,80
68,82
30,83
43,56
36,73,83
49,86
18,35
24,66,94
27,64
8,34
5,83
68,91,93
11,16
72,77
28,79
9,61,71
9,75
20,81
29,31
73,89
12,87
6,81,93
15,86
24,56,94
58,92
3,81
30,98
19,34,81
7,30,50
33,52
13,45
59,100
66,81
19,59
58,77
20,89
26,51
36,56
32,65
53,81
1,44
28,41
80,90
4,87
4,36
36,48
39,69
6,11,38
14,35
30,90
9,12,80
9,27
12,27,45
69,79,83
20,31,80
26,47
3,10
55,93
14,38,68
22,23
63,92
30,83
41,85,100
53,89
25,61
65,82,99
16,88
4,99
50,65
88,99
22,46
8,75
9,12
46,49
69,80
3,85
8,67
84,85
21,38
25,100
92,99
2,5
6,11,12
82,91
25,67,98
62,67
27,50
6,78
12,26
19,25,44
48,62,90
52,90
66,89
89,98
38,41,63
60,84
39,69
50,89
7,88
50,65,69
40,42
19,22
74,85
20,53
25,59
20,49
19,54
36,48,90
54,64
71,86
31,48
24,31,51
1,36,97
23,31,86
55,92,99
63,67
27,80,82
46,73
23,98
11,77
7,29
1,44
49,71
7,98
24,35,90
28,45,56
8,38,75
44,76
6,9,99
25,39
59,61,100
24,63
15,59
16,41,93
20,66
56,86
56,83
18,66
10,50,68
24,73
32,68
24,97
65,98
29,86,90
17,67,71
49,72,92
16,55,80
7,65
26,86
6,60
6,39
15,71
2,47
41,51,54
24,52,73
40,41,55
18,56
10,17,63
16,38,69
35,56
40,69,91
6,72
38,55
65,98
65,82
61,67
56,94
74,80
65,87,93
10,45,55
31,49,63
4,39,64
60,97
1,98
5,54,56
16,41
29,64,86
18,97
1,98
21,52
1,20,28
16,46
39,92
33,48
48,62
19,46
74,91
8,50,93
26,46,48
6,25
66,83,94
40,41
19,35,62
6,41,88
17,53
51,58
50,75,91
46,89
17,77
55,95
32,69
57,85,92
9,10
58,92
80,97
58,95
36,92,98
38,93
3,61,84
50,74
10,13,68
9,61
78,81
34,80
13,59
44,52
9,68,91
27,69
35,76
42,74
50,91
1,90,97
57,77,85
26,79,85
14,41,93
4,63,83
5,6
44,63
57,59,84
70,99
22,46
26,92,98
30,66
1,29,56
9,55,68
64,99
12,50,59
6,40
39,57
24,91
30,66,73
79,80
49,82
7,63
55,81
64,67,98
21,43
39,46
30,33
29,66
38,67
21,55,91
45,62
25,95
56,66,79
50,56,66
41,48,97
13,50
18,72
18,29
38,93
9,76
60,77,100
1,28
57,67
75,99
16,41
40,92
50,55
1,24,33
51,61,71
11,12
29,82
28,43,56
57,58,88
19,39
53,59,87
36,43,97
12,81,93
14,91
2,7,63
29,44,48
61,89,92
19,73
51,85
61,64,95
51,95
3,14,38
61,62
10,88
13,32
3,4,67
48,74
8,74
24,36
72,77,97
14,78
68,95
15,82
19,35,90
21,40,91
48,71
48,78
77,89
76,94
19,37
96,100
7,96
11,25
15,64
47,48
14,83,89
50,58
26,80
75,91
49,92,98
46,66,81
32,66
44,59,87
12,50,88
10,40
25,85
23,64
31,61,71
23,47
41,63
93,99
26,79
6,32,99
44,54
22,84
31,86
60,85
27,99
53,64
23,98
30,52,66
32,79,94
17,39,79
2,3
20,75
40,45
17,21
29,76
61,72,85
21,73
37,89
1,51
37,64
4,11
8,85
7,15,20
66,92
10,68
6,80,81
21,28
24,68
14,72
9,13
2,49
11,89
30,90
28,97
15,47
5,66,97
12,21
56,74
26,57,92
9,41,44
84,95
24,28,33
6,99
12,78
85,89
13,51
58,74,87
7,49
39,53,100
38,82
59,81
16,42
56,97
38,81,99
53,80
43,58
45,93
24,88,93
59,98
35,62
3,39,46
66,79,86
79,92
45,75,93
6,50
53,84
41,81,88
75,86
46,85
18,24,28
66,83
59,73
6,9
59,86
35,66
26,40
71,93
66,94,97
16,23
39,48
62,79
50,88
31,98
6,8
76,80
5,44
87,93
46,71
77,95
29,72,82
49,51
9,18
55,65
53,58,65
35,52,90
5,76
19,49
85,87
43,81
22,31
65,81
30,73
11,41
25,86
1,52,76
23,49
14,40
11,89
61,84
16,40
2,26
9,53
28,52,94
29,73
1,29,90
18,38
27,69,73
6,80
31,95
66,85
8,9
68,97
21,46,95
18,97
38,87
20,95
32,77
13,38,78
36,51,100
41,52
14,21
5,18
37,45
37,85
44,74
18,23
62,84
17,61,68
2,60,100
74,99
19,35
11,65,75
40,45,68
19,28,35
66,97
10,34
2,7,58
2,46
28,30
5,32
58,79
3,19
24,99
65,74
27,88
57,63
23,46,70
76,91
20,22
5,29
19,36,73
18,21,62
20,87
39,61,96
60,80
16,54
42,70
48,54,97
21,40,66
14,50
50,81
47,76,79
22,53
2,86
41,80
9,75,99
53,78,89
5,36
21,30,93
18,33
46,64
21,28,54
39,83
50,65,68
37,80
14,58,95
13,41
17,20,45
40,73
52,54
11,32,40
8,35
43,81
64,79,86
19,66
2,63
44,76
60,98
59,93
85,92,96
7,58,72
17,50
13,16
64,96
9,33
17,77
26,45
28,35
15,87
25,37
50,78
24,49
38,68
47,56
21,94
30,85
20,24
37,87
92,96
21,33
12,29,58
9,12
11,17,71
24,29
1,30,52
3,25
48,67
12,81
22,43
7,84
30,75,86
50,72
11,75,88
57,96
1,39
40,89
4,77
52,97
5,41
39,58
31,92
20,63
45,75
7,46,79
19,97
14,82,91
6,59
23,64
7,71
4,74
34,51,79
6,75
42,98
24,48,55
9,45,55
11,34,89
24,48
78,80
16,81,99
11,62
36,64,66
25,89
34,41
21,24,76
39,68
43,73
13,21,92
8,68
23,51
4,48,93
44,48
13,66
14,32,38
60,72
16,47
25,56
24,60
33,73
79,100
16,61
21,48,66
27,74
27,75,81
24,59
19,21
2,11
34,61
55,79
54,91
61,86
9,26,48
41,87
4,64,85
7,67
9,38
