52,53,66
32,90,94
13,24
4,13,90
88,94
9,43
10,23,24
4,58
18,56
36,78
68,91
31,54,57
71,73
17,44
1,45,54
72,73
48,85
28,55
20,29,97
54,64,99
22,69
59,72
24,33
34,76
27,31
35,36
35,69
20,77
1,74
44,70
43,82,93
35,38
49,73
33,39
5,44
24,31
30,60
13,41,57
47,60
25,45
27,30
19,99
30,60
70,75
27,85,91
10,25,69
11,78
17,25,82
13,84
25,52,64
56,66,90
17,28
5,18,97
32,74,80
8,18
58,87
68,70
1,6
17,79
31,73
77,97
30,81
51,99
7,64
15,87,89
83,99
9,21
19,81
46,74
2,47
47,63,96
63,71
10,49
10,85
32,54
28,91
72,79
39,78
4,63
56,67
40,65,83
48,59,75
16,34,94
36,41
10,51
56,77
19,32,42
51,64,94
15,27
15,30
69,94
46,78
4,43
8,53,71
80,88
3,6
13,96
79,90,93
77,94
16,40
6,18,20
43,79
12,73
64,79,90
28,58
25,52,55
23,34,45
24,32
25,47
3,44,67
24,83
65,70
39,54
47,65,76
32,92
1,61,93
9,78
42,81,82
48,79
69,98
32,38,50
14,73,81
64,76
30,100
11,25,45
30,56
2,73
18,77
9,57
1,3,80
3,72,74
24,50
10,98
6,32
36,85
40,60,90
54,61,81
20,61
22,42,96
45,66,96
46,48
26,54,76
18,87
15,85
2,6
26,30,91
86,98
52,57,78
54,90
92,98
17,55
2,12
69,79
68,94
54,72
15,30
9,64
56,97
57,81
16,31
66,98,99
5,41,59
56,91
21,52
36,48
15,30
9,30,31
30,33,67
26,32,36
44,89
52,96
69,87
69,82
32,62
20,42
21,70
34,60
89,95,98
25,52
24,55,82
8,66
8,51,72
36,72
24,37,98
35,64
26,98
7,16,97
20,68
21,61
13,87
18,56
27,91
19,38
22,69
3,25,56
2,63
12,53,91
20,88
74,94
59,83
10,82
31,72
12,30
55,63,70
72,78
26,73
28,62
15,36
44,47,68
13,25,93
50,74
76,83
29,63,82
21,64
71,77
9,100
47,75
42,86
12,30,57
11,22,23
14,54
91,96
9,61
60,64,83
38,63
7,48,96
3,68
33,52
53,99
61,95,100
43,50
12,20
18,59
29,86
23,38
21,32
14,83,84
26,34
54,72
43,66
39,91
25,33
33,49,58
8,31,40
49,66
45,69
2,9
49,62
28,54
7,38,74
4,61
18,92
7,12,52
29,77,94
54,71,87
41,74
5,57
4,99
80,85
33,43
43,69
17,45,72
40,62
5,83
18,74,80
18,68
66,92,95
4,75
44,49
23,72
60,71
6,7,77
15,36,61
30,36
1,61
33,71
30,39,100
10,53,70
8,83
35,41,77
51,87
62,69,75
9,52
64,69
15,75
9,15,36
33,82
23,95
1,86
85,91
9,99
26,32,69
95,99
6,40
12,15
39,54,73
15,73
19,96
25,42,93
14,73
32,33
18,56
55,83
72,91
5,94
20,90
84,87,99
71,79
56,65
12,58
77,79,84
1,17,42
2,44,94
49,55
39,81
33,43
66,98,99
11,53
9,21,30
13,84,93
75,86,92
5,58,65
20,50
27,54
15,57
7,81
71,85
16,79
33,56,99
1,38
16,62
27,67
51,56
31,46,65
18,44,65
4,17,43
43,82
4,11,25
37,47,98
45,53,63
7,8,58
31,54,100
27,85
29,46,79
16,71
32,74
34,41
38,59
30,81
3,18,34
23,33
29,96
23,46,54
20,30
48,100
42,88
34,56,69
40,93
70,86
37,69
25,58
34,86
29,82,95
63,82
6,62
16,40
51,55
65,85
30,98
4,31,64
12,73
33,97
2,14,100
5,16,77
9,30
14,21,85
4,13,49
44,82
16,59
56,60
36,72
25,63
1,50
58,66
25,47
86,99
28,34
85,91
21,22
83,91
24,71
41,90
39,72
24,84
10,69
46,54
74,78
62,97
41,45
35,87
43,51
2,9
73,81
39,42
36,46
91,100
3,6
24,30,47
85,95
42,93
42,48,92
28,65,93
22,61
45,99
39,66
78,85
4,6,17
52,73
69,72
12,78
21,100
31,39
32,65
27,50,89
7,72
12,27
41,43,85
10,87
12,15
51,89
11,96
8,18,83
48,64
23,93
16,64
43,79,98
1,15
73,91
50,68
44,70
60,74
20,90
16,63
11,44,82
8,20
26,85
20,32,77
25,49,87
38,66
96,98
19,90
6,45
26,57,91
20,67
73,81
27,53,89
8,79,80
8,9
35,59,83
56,59
38,64,90
35,80
37,84
74,75,79
30,89
36,48
9,17
14,31
36,80,81
6,7,32
47,61,79
21,46
3,73,76
60,78,81
10,55
40,59
49,71,77
69,78
10,23,49
12,78,81
5,19
19,32
27,30,81
62,91
31,57,78
9,96
64,94
8,50,99
8,64
1,5,35
79,84
46,63
74,94
14,66
53,95
7,18
21,26
35,64
26,37
63,99
4,28,58
16,34
30,96
20,34
25,49,89
59,67,76
37,75
1,46
3,34
41,73,96
9,14,30
14,99
25,82
31,78
4,64
27,31,36
1,47
9,78
24,98
29,42
10,51
39,80
52,86
19,67
18,63
11,49
2,9
15,27
17,21,99
34,73
43,98
22,29
70,95
1,59
41,92
45,88
38,77
50,56
34,68
4,92,95
82,93
32,41
38,41
35,40,60
20,61,79
14,55
48,73,85
8,20,65
40,64,67
73,95,99
2,14
4,55
50,65
43,96
12,68
14,68
15,27,54
78,88
50,59,76
13,23,29
12,27
65,77,90
23,69,86
4,22,92
62,65,66
35,41,60
27,86,93
14,76
75,90
33,52
39,72,91
91,100
41,47,60
8,16,68
27,30,100
2,100
28,75
53,87
15,61
8,87
82,89
20,28
41,90
21,54,81
12,78,79
13,55,99
64,83
52,95
37,82
15,57,61
48,54
38,85
78,100
34,68
44,99
45,71
20,65,84
5,8,67
11,75
71,80
21,72
36,71
17,49
14,48
50,64
31,48,83
47,61,100
45,87
57,85
40,47
4,66,95
69,84,97
52,68
50,52
79,94
34,80
69,95
3,94
14,91
49,75,82
24,87,97
22,37
1,74
4,10
17,73
21,27
23,96,99
22,24,70
14,26
14,26,46
71,78
51,75
68,99
75,92,93
70,91
27,65
15,39
27,39,78
44,50
42,99
9,26
66,67
10,94
44,64
12,21,100
50,90,99
43,55
12,39
46,47
18,47,76
40,56
35,62,78
91,92
15,54
18,46
66,90,92
58,71
21,74,75
9,39
25,27
8,90
9,81,91
46,54,61
23,28,74
82,98
18,71
40,76
28,75,84
14,31,54
15,21
77,80
46,100
75,88
57,81
31,78
35,77
19,68
36,50
9,34,80
45,55
4,53
6,11,50
21,79
17,27
31,54
35,74
87,95
11,42
38,56
11,23,70
42,43,70
71,82,88
71,83
6,36
50,70,93
72,86
2,9,57
57,59
22,72
37,96
2,17
24,44
3,15
15,26,30
12,37,47
35,76,90
24,59,73
36,57
34,79
2,100
39,72,94
11,22,70
11,40
59,65
26,68
55,88,99
1,92
57,100
76,80
82,87
4,89
53,74,84
41,77,94
10,28,83
73,88
45,70
7,85
56,74,95
67,97
27,30,73
28,45
40,65
30,98
11,98
10,89
21,91
52,66
28,66,96
3,69
45,78
12,57,61
11,89
81,91
32,71
6,35,90
4,88
26,82
1,16,35
16,38
34,59
18,79,80
75,84
1,13,33
3,20,77
64,75
24,29
1,21
43,52,99
37,64
6,100
56,60
31,39,91
31,35
56,64,71
84,86
12,95
34,59
13,44
23,49,50
22,49
14,100
30,100
15,30,54
5,35,65
59,75
21,70
3,34,41
7,32
67,94
71,76
29,92
26,57
5,79
93,96
14,73
63,68
31,78
56,63
38,65,79
59,64
53,69
41,83
18,34
30,81
78,100
36,39
26,81
66,70
83,100
60,68
37,92
53,63
86,93
6,41,90
39,44
13,69,91
1,69
17,47
51,62
20,41
12,26
28,84
42,69
5,46
14,85,91
40,78
89,95
9,62
18,38
66,88
2,18,86
38,65,71
1,16
25,53
28,95
17,88
4,84
12,26,100
26,78
1,45,82
69,92
66,74
80,85
49,97
17,93
23,49
24,42
54,97
23,79
12,35
62,65
44,78,82
31,88
32,50,76
9,26,31
33,97
30,57
9,48,91
27,39
5,32,34
9,72,78
38,57,92
39,73,85
68,94
46,54,97
13,45
64,70,85
20,38
31,36
24,62,69
6,59,71
6,61
3,65
50,68,80
47,56
22,25
13,77
44,70
15,78
72,83
62,71
7,24,31
36,46
61,100
46,72
15,39
31,79
4,58
28,91
18,92
50,72
24,71
32,79
4,50
15,81
47,79
8,50,83
84,85,99
17,75,95
44,96
1,50
53,98
46,50,68
10,11
39,54,85
47,67
7,59
11,52
58,83,84
52,91,95
5,34,79
71,84
22,51,93
11,99
15,56
39,98
18,56
61,78,91
12,81,82
53,89,92
44,53,69
34,41
58,96
3,77,79
21,50
84,93
75,77
57,78
32,94
59,67
13,62
20,68,90
36,53
3,80
72,73,100
39,71
20,60
64,84,96
2,36
55,68
63,94
22,95
3,77
60,99
13,96
5,32,68
39,82,99
55,93
16,97
9,72
40,92
2,26
10,33
42,77
50,68,97
96,98
1,22,44
1,42,47
86,88
12,53
24,44,48
14,27
17,43
3,29
82,86
5,21
1,5,47
6,55
13,26,59
51,93
33,49
13,45,49
28,89
38,40,90
24,45
44,83
8,38,68
65,77
24,33
20,24
23,81,88
20,59,71
30,48,72
47,71
29,42,43
7,19
57,62
30,73
28,35
24,34
22,58
52,55,86
50,65
46,73
14,31,46
35,64,80
33,95
40,96
29,42,94
84,89
26,99
14,27,31
27,60
2,62,93
33,95
48,75
8,88
61,91
19,33,74
38,97
42,51,96
29,51
47,52,58
4,38
84,87
51,75
24,89
29,74
23,52
63,70
60,90
78,81
44,56
41,98
20,32
9,57
15,78,84
59,92
54,73
14,30
64,71
12,61
21,30,85
1,16,71
9,21
10,72
20,40
66,84
25,52
10,58
85,98
40,79
12,96
28,75
7,98
59,69
26,61,73
9,12
41,83
15,59
5,40
5,40,76
69,98
34,71
31,81,85
53,84
43,58
64,83
34,79
9,15,56
53,67
12,54
3,52
8,25,69
19,35
66,98,99
20,71
46,69
31,79,81
47,60,90
15,73
74,76
31,46
15,39
62,93
20,25,85
16,54,89
25,35,90
88,98
20,79
22,40,68
18,68,83
58,76
1,43,61
54,78
32,42
57,90
79,90
45,66,69
12,41
2,73
18,67
18,70
60,94
38,59,83
12,81
18,80
35,76
8,68
6,69
47,65
16,21,77
88,95,99
58,86
17,25
5,34,68
20,41,79
3,18
2,91
14,78,100
83,96
43,98
19,40,50
31,57
2,48,73
17,27,31
8,29
19,46
31,33,55
33,86
19,70,95
56,63
50,79,97
27,32,79
12,14,100
10,68,76
46,73
2,61,72
67,82
2,48
1,93
22,82
21,39
9,15,21
21,31
71,77
14,61
15,79
18,41
36,81
22,24,29
50,67
43,79
31,46
29,93
42,51,88
45,74
6,97
13,37,87
77,98
8,15
30,36
54,85
15,73
4,62,100
2,15,46
37,55,96
8,24
62,90
80,89
87,100
22,86
69,92
33,70
14,22
33,43
5,59
1,46
24,29
36,88
47,57
24,84
23,86
9,73
27,54,91
4,25
2,91
56,96,99
22,95
27,48
72,91
39,65
26,87
68,99
37,66
3,61,83
5,8
8,52
67,71,90
33,88
13,82
41,80
58,88,98
28,43,98
26,91
55,69
1,79
26,81
13,51,86
30,65
9,57,77
24,40
14,26,39
21,31
66,94
13,77
1,18
9,26
38,71,90
9,54
26,54
54,91
6,16
38,65
53,69
26,100
11,68
19,50
9,12,87
3,90
47,60,62
4,16,32
21,76
2,39
48,50
67,94,97
70,75
13,65
2,31
4,69
12,26
36,100
25,60
31,36,48
15,78
37,44
41,51,68
19,50
37,99
8,18
39,64,67
22,88
23,39,97
2,44
27,54
2,57
86,92
58,80
9,61,85
32,69
73,78
5,76
2,91
36,72
8,59
23,54,61
60,83
4,33,75
13,53
35,90
62,64,100
84,88
88,98
3,83
5,87
47,73,99
8,18
4,84
20,56
19,32,67
16,59
10,70
10,11
6,96
26,36,91
5,77,80
1,18
81,89
19,85
12,43
46,100
4,87
40,47
59,84
42,66
44,72
15,26
21,36
35,56,79
14,28
50,90
18,20,38
41,67
22,87
5,8
75,86,96
14,15
10,96,98
49,84,87
18,47,55
46,100
10,13,53
13,75
9,48
61,78
14,85
14,48
18,49,83
66,92
69,87
72,85
6,11
25,70
29,51
9,15,30
69,89
41,60
39,51,70
26,37,76
14,46
34,38,71
8,87
7,23
15,26
3,67
26,90
34,53,78
12,89
26,39
52,55
5,80
49,52,97
69,74
43,51,69
16,36
32,42
69,74
91,95
4,66
6,7,72
15,24,56
59,65,90
62,88
33,42,59
3,88
25,29,49
14,69
63,82
7,60
51,52,96
29,35
10,76,86
1,74
14,21,54
12,46,91
21,78
10,13
15,55
68,97
3,18,67
10,43
12,23
79,85
21,45,58
57,72
39,91
38,86
72,78
33,44,86
48,81
14,39
23,88,99
5,44
12,85
15,31,92
48,54,73
49,51
15,43
59,62,64
9,29
12,62,65
27,90
81,96
74,77
15,46,81
13,18
54,57
23,88
29,55,87
18,47
53,94
27,90
4,66,96
60,74
56,60,80
4,75
21,72
35,95
28,33
53,74,76
34,44
45,95
32,66
19,95
7,99
65,83
9,46
1,35
64,81
32,59
3,97
5,77,93
29,43,63
14,81
5,35
28,42
38,58
38,77
9,12,46
6,20
16,86,93
2,9,72
13,46
4,58
1,9
7,46
6,20,56
51,90
12,100
8,47
69,92
37,95
44,72
20,56
24,82
1,40,50
41,100
28,38,52
50,77
25,37
22,61
11,69
71,89
81,100
7,64
40,64
42,63,93
28,70
58,66
44,55
38,94
53,81
16,65,97
21,46
60,71
22,64
69,93
22,23
44,52,81
4,66
42,43,95
38,40,77
69,89,95
63,92
40,66
5,7,40
15,85
38,68
57,78
58,72
32,84
46,81,100
20,50
30,72
42,61
76,80,100
77,96
8,60,83
10,55
20,85
13,23
61,65
30,48,95
68,83
18,50
17,22,45
22,23,84
23,24
17,28,86
40,56
10,52,70
5,60,88
46,65
55,75
59,68,77
33,78
26,35,97
27,78
6,26
31,57
1,20
14,85
2,87
1,31
20,59
49,52,69
30,58,66
9,18
34,70
17,33,37
81,85,100
1,23,48
62,76
32,67
45,56
4,38,49
6,79,96
14,47,65
23,93
44,52,66
53,92
47,64,90
11,63
11,13,70
7,64,91
15,21,26
7,55,94
57,91
5,80
13,20
14,26
23,52,96
5,85
61,72
24,31,92
23,50
31,32,62
2,41
26,72
25,69
20,41,59
9,77
42,92
34,36
3,83
27,46,72
29,87
68,80
1,64
19,27,77
91,94
4,42
17,42
21,61
4,53
28,43,66
14,23,69
30,54,85
53,79
12,27
42,66
5,10
63,84
1,3
84,98
54,61
10,22
37,45
14,30
19,90
22,66
19,59
15,54,81
90,94
4,69
66,70,82
7,60
77,94
11,33,63
11,30
63,75
3,77
69,97
68,70,84
51,92
31,32
24,25
32,60
66,85
16,36,99
64,87
78,86
6,50,56
66,94
27,73
37,84
64,65
3,52
14,92
38,50
44,93
44,95
2,25
30,91
2,60
2,36
51,70,97
21,95
9,37,87
2,31,73
