43,73
22,80
17,78,89
22,87,97
14,83
42,77
44,95
91,96
1,34,83
49,86
89,96
1,39
39,44,56
94,99
19,32
2,99
42,63,78
53,66
41,86
41,100
27,88
13,54
3,41,77
56,85
1,14,24
79,85,91
54,68
12,75,76
17,64
26,28,79
22,94
84,99
34,75
54,83
73,89
11,73
56,72,90
21,55
39,96
47,82
7,11,75
16,76
43,72
3,74
63,77
7,28,76
75,81
50,93
9,24,81
50,80,100
7,97
9,50,87
54,96
1,13
5,44
34,100
41,71
22,47
1,75
19,69
34,63
15,83
26,67
17,37
23,51,57
2,74
5,12
8,15,92
10,31
3,84
21,98
29,60
83,86
3,22,34
29,43
75,93
29,60
21,42,60
23,77
36,89
6,44
25,91
32,36
29,49,89
60,90,91
77,94
26,87
58,59
33,57
58,69,70
15,80
17,71
25,31
30,50
57,82
4,36,77
39,78
34,73
30,41,88
5,17,29
35,94
28,51
70,89
16,59
48,52
35,77
15,72,81
2,39,85
6,55,79
2,23,34
32,77
5,15,54
19,33
18,25,74
2,30,38
1,73
81,86
24,25
30,69,70
19,71
24,39
77,95,100
69,96
12,25,57
28,39,45
67,90
26,67
57,75
29,95
18,21,93
40,52,67
23,95
3,30
33,70,92
30,38,97
19,42,75
99,100
19,20,69
48,56,59
62,98
16,44
23,34,99
3,23,74
14,52,79
23,74
2,59
5,89,91
43,85
18,58
14,17
50,63,80
13,88
23,65
45,74
42,55
10,20,40
13,89
50,51
33,58
17,55
23,94
82,97
10,43,67
10,37,90
51,74
34,76,98
9,42,91
13,61
6,52,60
72,84
17,48
12,59,62
68,100
1,5,34
51,79
6,41
73,74
50,64,80
26,35
35,56
4,27,76
17,49,92
3,65,88
10,17
21,93,98
19,56
26,46,86
36,93
34,99
72,73,78
2,8,9
33,75
7,14
37,40
12,21
25,42
28,75
73,91
43,69
50,51,95
22,34,43
3,8
54,93
8,90
11,58
16,20,72
20,64
42,88
2,3,8
46,91
68,80
62,85
41,77,97
29,37
51,99
27,33,57
1,26,73
23,83
6,28
8,100
9,75
19,32,42
63,73
31,49
46,83,95
26,41,97
42,98,99
39,92
37,78,85
3,28
37,62,67
13,62
54,56
1,55
18,59
1,17,78
45,89
28,32,90
19,52,60
69,75,84
13,50
58,81
27,36
5,96
36,52
3,78
40,79
26,72,81
25,77
55,82
43,53,95
45,78
17,88
57,94
44,90
29,51,54
33,65
62,97
42,54,82
37,96
38,72
16,76
35,84,99
4,5
62,80
29,85
25,51
11,35
47,63
3,38
9,22,23
19,21
44,49
14,53,56
1,31
48,66
8,30,86
94,100
2,4,63
4,8
3,84
18,53,88
3,63,100
47,53,71
71,83
6,82
26,79,81
35,61
3,4,74
42,73
2,25
30,87
42,66
8,50
10,81
22,31
17,45
6,79
2,35,74
64,65
23,34,35
6,46,72
68,74
33,42,75
44,55,67
11,73
51,100
3,75
2,51
40,59,96
77,82
47,84
1,14,16
2,50
12,47
13,38
30,77
42,99
42,66
52,86
7,19
39,91
24,62
31,89
2,71
16,29,85
32,48,79
42,83
35,63,64
28,47,61
15,78
15,43
94,97
34,42
39,83
67,89
13,46,70
52,65
13,93
26,97
18,67,72
13,88
40,52
1,46
24,59,78
53,58
9,65
10,86
19,55
18,66,75
6,62
4,22,50
29,35
34,77,95
11,19,31
38,64
22,87
15,94
32,53
34,38,87
7,88
60,72,87
20,27
21,93
70,98
39,94
52,55,65
19,33,58
3,30,38
62,64,66
21,57,82
16,22,46
3,8
42,57
5,46,81
15,16
17,91
47,52,55
10,39,44
25,54
37,54
58,81
28,42
30,74
33,41
38,64,99
26,69,76
3,30
24,33
27,70,76
2,68
55,66
88,98
14,24
4,15,74
44,97
41,89,97
27,76
31,42
5,45,79
18,31,65
29,46
15,78
8,24,38
27,53,65
1,81
19,75
78,79
4,33,63
31,63
34,63,84
15,17,75
14,15,95
28,96
16,42,56
19,75
30,48
41,87
15,88
8,100
9,94
47,61
13,54
21,52,82
7,88
60,61
27,93
56,67,96
1,89
37,69
29,91
24,29,59
45,99
23,84
2,68
33,35,71
42,92
2,22,63
68,80
13,92
11,22
28,79
42,47
10,31,87
14,63
25,31,58
17,62
34,98
58,98
26,48,86
9,95
32,69
9,22,80
66,86
42,99
12,58,93
76,98
22,79
1,54
56,71
18,75
11,85
16,46,67
8,37
1,14,17
32,53,93
99,100
8,73
34,41
13,32
39,97,98
34,74,99
72,97
4,75
44,76
20,66,76
2,94
1,16,45
64,95
32,42
5,15
52,66
44,58,97
19,24,26
66,72
30,68,84
65,75
43,62,71
17,91
46,56
4,47,71
39,85
8,30
45,59,68
11,19,32
21,76
15,98,99
18,61
3,34
42,46
56,85
64,94
29,73
27,64
44,77,85
32,42
4,33
10,48,96
19,82
7,32,66
23,37,85
79,86
14,39,85
44,73
53,82
11,25
49,79
7,8
29,79,81
78,79,89
56,72,89
60,99
39,62,79
2,23,51
51,63,74
6,50
2,22
14,22,64
17,61,62
9,64,87
16,90
93,97
62,96
16,59,71
29,81
8,61
19,44,73
37,67,71
22,50,94
73,86
33,36
21,76
40,93
68,95
78,81
47,76
17,72
32,58
76,92
31,75
30,50,74
91,97
53,82,92
47,53
5,29
10,15
40,48
55,98
72,97
11,28
23,95
69,84
7,25
3,89
8,84,87
16,28
73,89
42,57
5,45,89
59,92
29,69
68,97
24,51,68
28,57
2,73,82
8,80
18,33
50,57
50,87
26,86
6,9,50
20,60,76
25,78
10,26
3,64
31,92
26,49
29,49
11,33
10,54,73
5,96
9,45,71
14,81
14,16
42,50
22,41,50
30,51
94,100
70,88
53,92,98
10,15,43
16,90,96
67,96
38,82
27,87
25,55
14,17,53
10,87
92,95
11,60
21,39
1,51,99
35,87
29,41
43,72
63,97
30,36
25,36
67,80
22,64
17,100
94,95
3,9,80
1,8
44,45,90
21,66
10,58
11,19,73
8,74
62,69,78
3,30
4,60
15,83,91
41,68
60,66,88
1,7
7,27
10,58
25,32,33
20,47,88
37,66
13,76
37,41
39,72
7,79
73,81
74,83
28,69,70
3,94
1,35
33,92
15,91
27,93
35,94
33,46
30,34
50,86
19,63
23,26,64
9,100
38,61
64,97
12,14
14,72
61,64
59,87
7,14
36,60
13,27
64,95
29,99
27,55,67
55,92
87,95
58,64
7,20,28
6,37
6,58,82
26,47
25,57
17,62,70
27,42
29,48,90
25,40
74,84
28,76
25,42
1,47
3,34,80
29,99
42,98
47,93
68,70
9,64
26,76
13,19
3,84,100
2,77
61,69
57,93
41,47
14,85,96
35,64
1,29,46
5,46
8,44,92
29,84
24,48,83
46,78
22,70
7,70
31,59
15,77
8,63,80
4,22
56,73
25,70
50,100
52,94
41,52
16,89
25,50
3,32,45
45,94
16,44
40,46
8,64
7,76
3,4,34
37,85,100
38,87
31,71
4,32,52
36,58
52,70,72
50,55
4,9,77
29,47,84
23,56
2,97
8,84,94
70,99
3,66
23,60
36,84
49,67
23,63,80
2,8,50
15,85
59,64
62,68,74
45,78
21,25
43,81
13,88
61,100
22,43,86
5,44
38,95,97
26,41
29,44,73
33,39
1,41
24,53
33,51
17,40,91
15,17
19,64
30,68
2,50,80
32,94
40,94
63,87
66,68
35,74
51,80
7,9
8,57
11,61,69
50,100
3,46,64
32,52
59,62
10,17,89
13,43,71
18,76
65,74,75
13,19,58
9,71
53,61
65,66,75
29,94
83,96
56,58
64,95
88,97
28,32
16,28
43,45,56
46,90
63,80
15,39,90
41,100
19,53,63
41,98
46,69
28,31
40,48,81
10,49,71
41,61,73
3,23,41
62,72
44,72
43,78
66,94
10,47
38,78
52,77
68,79,96
21,46,50
41,77
42,66
50,69
50,80
41,86
22,23
65,72
6,99
15,40
16,37,91
22,94,100
65,70,78
89,100
26,79
8,51
12,27
14,60
38,70
17,41,44
25,36
28,66,92
3,38
21,51,74
41,44
40,63
23,64,87
91,97
20,99
33,56
43,89
58,60
67,89
20,76,98
25,32,93
49,59
4,38
52,55,65
84,100
39,73
30,77
34,35,80
1,9,56
59,72,83
33,45,50
22,38,63
1,43,45
13,20
48,57,81
44,81
19,58,65
17,45
30,77,100
72,95
20,33
61,69
29,90
4,80,99
14,39,85
58,84,97
22,51
36,60
31,47,75
8,23,87
17,43,79
9,64
40,51,77
25,32,95
27,32,33
37,90
5,73
8,72
86,90
23,99
2,41
37,39
1,62
12,64
9,22
24,71,83
16,26,54
59,86
36,93
23,97
17,46
21,68
18,57,79
41,50
87,99,100
38,77
34,38
80,100
59,76
39,78,85
21,34
11,31,44
31,66
23,98
19,86
27,76
32,100
20,27
2,77,87
51,84
23,28
42,55,57
11,63
31,60,76
22,100
64,77
1,31
12,67
29,73
28,81
13,25
9,31,65
48,68
34,62
32,70
41,68
34,86
7,11
10,95
19,33,53
61,76
30,77
36,57
29,100
7,85,92
64,97,99
3,53
53,67
84,97,99
15,62
50,55,97
7,36,65
25,69
40,99
79,80
4,35,80
12,76,98
37,66
41,64,95
57,94
59,90
13,91
51,68
29,38
22,23,34
6,19,31
87,97
27,47,69
6,69
7,16,32
83,95
50,54
45,77
35,40,46
19,56
5,54
50,64
61,84,95
41,62
48,72
36,70
31,32,88
56,83
38,78
60,67
25,31
37,46,67
54,78
4,51,99
33,60
39,70
8,51,63
63,96
71,78
33,52,66
30,97
22,51
34,63
63,64
26,63,68
17,86
19,42,96
5,24
22,29,72
29,78
37,48
13,31
25,27,36
11,29,51
49,78
69,88
58,69,92
52,64
4,77,94
49,77,97
57,75
54,59,91
54,59,67
36,75
32,58
4,20
52,57
57,86,98
8,94
82,93
72,98
5,81
7,33,42
26,71,86
46,56,96
47,57
50,51
94,100
6,54,59
14,44,85
39,79
16,45,48
24,42
14,46
16,73
38,90
76,95
11,58,69
32,60
26,38,99
5,89
39,46
27,57,73
10,14,59
72,81
30,63
73,93,96
73,90
21,25,70
20,43
35,74
14,60
20,48
21,76,98
36,66,92
58,61,98
9,80
3,9,22
41,63,84
9,78,93
23,95
45,54
4,79
1,86
47,65
30,51
2,68
20,31,70
28,75
9,87
3,43,84
5,14,37
23,25
2,22
15,76
63,100
12,14
35,80,94
33,88
27,55,98
4,27
80,95
52,74,95
22,54
30,88
50,84
14,90,96
24,55,82
57,99
32,96
34,81
35,64
54,56
69,82
49,53
45,81
13,32,82
1,23
3,100
41,68
16,92
50,94
4,43,79
66,79
3,38,84
44,71
44,49
25,52
5,67
54,90
5,14
8,97
42,60,93
53,100
9,50,95
4,30,94
6,7,19
24,73,89
87,95
29,49,79
28,89
30,43,90
32,36
77,100
1,15
14,89
48,83
18,88
43,71
17,24,71
66,97
69,75
83,97
37,44,67
2,96
29,72,79
3,60
2,96
6,32,66
4,8
66,93
33,46
9,23,99
65,98
41,43
9,41
28,53,82
12,15,48
62,68
51,80
46,79
46,48,54
80,82
80,95,97
15,46,81
58,97
5,39
9,30,73
45,78
16,42
18,36
8,100
46,82
55,61,93
7,28
13,71,87
64,99
70,90
26,35
8,38
2,26,31
13,98
2,3,95
1,47,81
79,80
25,28
21,98
51,86,88
22,40
46,86
23,50,84
32,35,44
83,94
31,69,97
26,72
6,75
2,84
59,89
38,41,63
49,81
6,27,72
71,78,89
49,73,81
17,100
49,86
15,24,85
28,66,69
17,46,71
41,50
80,82
4,54
38,95
29,44,57
55,65
13,16,35
6,89
71,83
1,97
81,90
12,25
37,72
41,90
29,43,78
45,89
26,63
1,96
21,52
31,64
64,74
20,58
23,84
18,42
20,61
54,79,96
42,68
41,57,74
6,39,53
30,41
4,30
57,63
28,33,87
27,65
4,10,70
8,77,84
43,90
31,48
26,52
25,73
2,62,89
20,75
27,61
39,62
77,94
12,69
28,55
3,27
2,12,51
45,96
12,57,93
20,33,69
12,66
3,39
41,51
25,43
66,92
4,8,35
21,65,82
51,93
39,91
27,36
38,50
44,56,86
46,70
62,79
39,72
4,35
44,83,85
66,93
34,100
8,68
11,30
7,13,40
3,95
16,19,66
41,63,84
50,84
65,77,99
21,40,48
17,43
40,96
4,44,100
15,48,89
38,55
55,70
14,40
7,66
15,53,58
20,35
38,51
32,82
8,38
5,71
70,74
83,90
12,70
15,85
24,45,81
22,68,87
12,69
7,19,21
13,57
1,9,62
32,52,98
4,34,97
57,83
18,53
64,95,97
28,60,78
2,40
92,98
19,52,66
4,95
33,85
8,39,78
47,77
28,82
46,73
23,35,70
41,74,95
51,63
11,53
3,34
38,90,97
22,61
10,37,54
15,37,90
30,40
10,68,80
74,86
28,68,97
26,62
2,58,86
15,78
33,70
41,46
35,38,63
15,31
12,21,27
70,81
4,58,95
28,55,57
51,74
25,84
72,81
5,42
85,94
26,29
8,35
7,52,88
2,35
6,36
89,90
17,29
40,63
13,88
41,82,95
26,95,97
32,72,88
32,74
48,58
64,84,99
79,89
6,53
30,86,91
50,54,75
54,96
40,78
3,51
18,21
23,53,61
79,96
3,34,94
22,35,64
47,98
20,28,88
75,93
72,78
8,64,74
84,94,95
13,25
33,69
21,44
10,56,79
25,62
25,98
49,90
9,100
7,43
26,54,89
10,28
20,71
84,87,99
18,34
60,72,73
11,21
13,56,93
17,81,89
2,24
36,69
1,10,72
16,74
55,71
83,97
20,93
62,72,91
40,78
9,84
99,100
81,97
70,85
18,82
29,54
10,89,90
14,23
12,55
19,55
13,86
39,86
22,63,64
74,77,94
31,93
9,15
15,67,73
64,85,96
73,80
4,19
20,21,23
8,63,97
13,50
11,61,70
56,91
28,40,65
25,41
12,93
45,46
28,73,75
9,21
39,90
56,96
68,94
13,21
11,98
24,73
75,96
80,87,95
34,64,84
78,96
22,40,55
51,64
51,100
36,65
52,82
80,93
48,71,90
62,65
36,44
2,3
50,85
5,26,50
57,70
32,75
10,37,86
10,70
1,32,77
37,81,85
20,79
42,53
59,67,72
25,29,56
33,84
42,58
89,90
22,63
37,56,100
9,30,64
43,61,78
54,57,64
52,57,58
20,66
20,32,82
35,38
58,59
5,26,68
13,88
44,59,83
5,16,26
2,8
26,95
37,45,79
1,71
6,61,93
40,96
25,91
15,71,78
10,14
34,78
41,68,100
44,57
25,55
63,95
4,74
23,64
54,95
35,95
50,64
9,20
5,60
18,52
24,63
3,84,86
29,49,54
32,40
6,82
7,81
84,87
75,87,99
8,99
41,97
55,82
15,96
88,92
16,50
30,68
45,59
44,73,83
42,52,60
3,57,67
58,76
47,76
1,98
43,100
31,65
35,91
20,95
18,49
45,73
72,85,86
69,97
2,3,22
53,54,90
20,42
8,34,80
4,35
10,81
56,63
14,92
22,38
95,96
76,89
8,84
6,53
16,58
21,65
35,68
13,92
22,34
15,40
13,93
63,66
3,68
73,75,78
25,57
25,72
32,69,93
24,29,43
45,89
16,59
24,73
28,93
16,83,89
3,9
5,98
10,56
18,51
7,55,74
9,45
35,68
22,30
26,36,80
7,76
70,97
26,45,65
35,97
6,53,93
22,65
8,78
12,32,50
8,30,39
26,67,86
91,99
72,99
10,29
