50,51,78
40,66,80
23,87
24,90
73,84
5,21,82
13,39,89
46,75
24,51
43,58
50,57
38,84
40,64,96
7,74
16,29
53,64
49,75
6,93,95
15,65
23,87,92
19,59,75
9,75
12,37
15,65
64,81
9,17
4,18,63
3,27
83,85
3,84
55,62
26,59,86
42,58
41,52
25,72
2,40,68
46,97
73,93
33,54
3,97
24,70
17,46
1,2,98
39,87
24,56,86
24,66
6,28,71
4,13
40,53,90
36,67,92
43,61
5,45,58
51,77
33,56,72
19,80
44,68
32,78
73,78
46,72,76
40,95
60,83
10,12
13,77
6,76
51,81
10,90
64,73,93
31,43
15,91
66,88,98
5,47
47,55,71
29,57,68
55,64,83
41,47,71
35,67
47,73,95
11,54,61
33,50,74
39,73,95
69,71,83
9,25,50
17,25,86
3,56,60
62,93,97
67,77
30,100
9,17,99
11,55
58,74,78
57,94
28,47,88
29,49
54,85
55,73,98
35,96
72,82
3,4,20
10,21,26
20,77,80
13,77
34,75
23,53,91
16,75
59,69
54,77
11,19,63
16,26
20,75
72,99
2,68
36,99
33,68,72
16,72
49,80
48,70
46,86
55,71
69,87
47,93
31,36
69,72
32,74
30,67
29,45
24,29,36
63,91
62,71,73
52,58
29,35
14,50
45,48,86
33,64
50,73
62,78
46,72
41,79,97
14,37
35,82
26,42
25,51
18,51
7,29
79,98
17,25,26
23,87
35,88
5,31
28,37
9,28
33,94
20,47
4,92
14,82
19,87,91
15,80
19,53,69
9,81,91
71,88,97
6,32,40
34,78
12,42
62,95
39,49,88
58,66
49,69
14,35,39
10,49
47,62
43,59,82
54,69,84
41,55,71
8,89
52,78
19,54,75
31,32
24,85
58,59
16,30,32
1,42,97
11,36
7,62,84
66,88,98
3,75,92
42,81
23,32,65
22,79
1,17,82
2,32
68,83
43,100
38,99
33,81
59,91
7,15,63
52,84
32,34
45,94
39,40
6,47
34,43
27,32,77
79,88
83,89
17,71
72,83,93
23,85
46,51
43,97
86,94
41,53
72,79
74,97
48,80,89
68,76
23,75
58,61
23,63
21,51,76
29,99
47,48
26,46,82
6,14
30,74
12,27
53,84
10,57,64
55,66
11,49,87
39,84,92
47,62
79,97
33,85
50,90
88,97,98
58,62
13,100
57,83
21,68,81
22,96
25,65
16,43
59,73
18,48
10,13
74,96
71,73
71,84,97
35,62
10,76
18,23,91
22,35
18,84
25,35,58
68,85
50,76
29,89
20,59,69
34,92
5,31
28,32,35
22,100
43,78
6,45
6,62,73
60,100
1,66
18,25,28
34,67,91
19,91
2,62
64,76
14,88
48,75,91
75,100
14,64
21,35
34,100
43,89
4,11
31,42
58,66,67
13,67,83
50,71
29,45,90
77,92
8,29
24,66
6,55,93
41,80
74,79
39,46,77
2,94
25,68
76,85
30,55
26,42,51
38,57
27,79
3,11,39
48,85
67,75,91
53,89,92
8,71,76
87,99
49,78
33,35
13,39,49
72,76,81
60,87
89,93
39,60,75
15,89,99
1,79,100
32,100
72,82,84
8,12
7,29
8,90
2,95
13,66
2,93
39,68
58,78,96
12,67
59,100
8,44,70
55,58
40,100
50,51
4,80
9,94
50,76
24,42,57
5,40
55,88,93
10,70,78
51,58
25,36,68
45,86,90
15,21
23,49,77
47,71,78
50,51,70
29,71,82
24,56
50,72
17,51
7,70,88
45,68,82
5,45
14,64
12,72
79,97
13,61
69,87,92
2,64,95
10,59
8,24
76,79
13,44
2,98
48,54,88
27,28,98
7,81
39,59
3,60
50,86
32,66
32,37
6,22,37
53,77
13,34
19,67
36,68,70
14,32,78
18,19
14,55,71
26,65
41,63,66
46,93
35,73
55,98
49,95
2,63,97
15,30
68,81
26,63,90
61,100
8,10
20,82,89
43,100
89,90
41,78
21,75
60,88
83,85
31,70
3,60,84
5,77
24,75
6,81
16,44,82
56,65
61,80
2,8,29
34,61
25,33,46
20,53
81,91
45,78
59,75
22,52,71
32,56
1,30,37
8,20
26,72
22,26
64,93
8,12,82
4,63,100
34,80
59,85
44,90
36,44
38,87
93,95
23,67,75
19,54
53,54
79,88
7,90,99
35,48
16,82
66,76
23,75
70,90
58,88
15,44,68
54,58,99
4,34,63
24,99
39,67
37,55,95
20,63,75
22,31,50
10,73
5,7,45
13,27,44
60,84
18,75,80
24,60
86,94
48,69
53,77
37,47
16,29
18,80
78,82
32,55,88
25,46
27,40
32,98
55,93
2,26
15,51,72
27,54
65,92
5,73
24,31
31,72
20,23,91
56,64
83,88
28,30,40
4,44
7,24
68,81
16,22,32
30,43,96
18,85
28,93
63,77
16,86
87,93
3,60,67
10,22,62
7,32
6,95,98
23,70
85,90,94
20,63
4,53,85
22,26
12,54,83
75,97
24,29,31
13,69
43,68
15,68
51,72
2,82
64,66
7,81,82
27,47,58
22,30
16,51
67,98
70,94
9,33,45
70,100
20,75,84
39,73
37,41,67
12,51,86
9,58
22,30,66
16,70
47,71,97
29,86
11,34
60,88
57,79
51,86
48,77
60,87
76,91
23,54,84
16,66,76
58,73
39,59,87
17,29,59
49,53
26,93
13,60
10,67,86
57,63
24,44,63
51,73
31,39
1,47,88
15,21,99
23,96,100
45,99
6,41,96
6,83
66,87
73,93
33,72
38,55
34,39,100
55,73,97
10,86
4,34
1,55,93
59,89,100
83,85
33,50
48,63,100
6,78
34,63
73,82,95
7,46,71
66,78
14,80
45,68
73,99
18,63
30,79
17,33,56
10,30,37
8,15
1,35
3,12,92
20,23,49
71,76
57,61
27,56,94
77,84
30,95
47,59,78
19,69
23,60
6,20,67
69,92
51,69
17,75
13,18,77
28,62
28,43,73
58,64
58,81
1,93
19,67,69
20,71,96
11,18,23
37,81
66,73,98
6,58
61,76
1,94
6,96
9,68
52,100
71,73
19,42,49
2,58
30,86
6,39,53
75,85
4,6
11,49,80
27,34,57
15,16,82
52,62
3,75,91
6,43
3,37,84
16,46,65
19,24,95
46,92
59,66
12,62,79
41,78,93
4,39,92
38,69
43,67
38,65
41,99
40,41,67
66,93,98
56,63,98
62,73,96
18,87
8,72
28,36
25,44,90
54,84,100
59,80,82
25,47,74
67,80
81,86
34,39
55,73
24,81
24,50
5,98
17,27,62
48,84
5,48,76
12,100
60,76
47,50
59,81
21,79
48,49,60
45,57
35,79,97
17,71
2,54,81
64,80
67,80
17,42
33,66
25,46
19,84
8,11,24
25,54,87
9,17,90
6,69
37,55,56
34,54
10,51
34,87,89
24,25
47,73
5,26
54,90
9,33,42
27,43,92
27,37
37,84
48,100
20,23
11,51
22,46
41,70
26,71
74,78,98
9,45
30,80
21,26,57
46,94
36,62
44,57,84
7,30,83
17,22
53,95
35,64
13,80
6,32
5,8,72
44,68
51,81,90
35,43
22,91
3,64,86
1,64,79
8,9,57
34,84
2,40
96,100
14,37,52
63,68,89
18,38,75
29,44
63,82
15,69
36,63,82
36,98
52,55,96
1,51
8,43,100
8,36
23,37
18,73,83
80,83
48,69
7,12,57
21,91
57,99
16,24
85,92
14,66
61,63,77
31,41
9,81
32,52
50,88
9,62,67
13,37
39,69,91
33,70
30,78,98
9,52
72,76,86
54,80
48,89
42,61
31,61,74
6,78
43,74,93
9,76,98
52,61
92,100
21,64
7,16,70
33,72,94
83,84
6,30,52
34,77,82
53,59,69
27,96,97
59,89
19,69,84
25,59
50,69
27,62,88
39,69,77
8,36
17,23,26
31,34
13,67
28,36,45
12,31,72
23,85
4,23
70,86
27,96
52,71
20,84
62,74
26,45
35,43,56
11,18
14,52,62
29,36
3,48,69
44,51
47,64
20,91,95
23,37,75
50,97
24,50,81
54,67
8,21
29,47,98
22,75,94
80,83
79,97
55,81
36,57
8,45
32,38,51
11,54
75,79
33,75
79,98
40,78
67,85,91
22,51
49,67,92
25,48
32,53,72
16,17
18,44,78
67,87
28,40,93
8,76
10,29,44
44,79
78,90
47,52,88
6,28,47
24,44
59,81,98
7,76
28,40,86
21,68
26,82
18,31
3,89
15,21,24
2,29
19,70
59,86
13,39,58
57,94
13,62
38,59
46,50,94
33,46
8,72
68,86
49,91
28,94
15,83
38,67
16,50
3,4,19
69,100
25,99
61,67,85
69,83
8,25
36,51,81
22,32
35,52,71
50,90
19,38
7,31,68
23,77
83,91,93
45,49,91
40,83
2,6,36
44,54
3,85,91
33,51,97
89,92
58,62
15,34
2,15
3,4
18,39
15,24,70
68,81
87,92
31,62
27,37
56,94
17,46,99
5,24,26
48,53,60
24,26,57
1,41,74
23,85
50,73
9,44
8,15,41
9,85
57,75,78
33,58
1,11
4,78
14,32,37
91,92
5,29,82
19,60,63
52,77
14,51,87
10,17
22,98
13,52
54,95
42,49
36,60
34,56
3,59,77
50,68
25,33,42
24,61
10,92
9,34
59,91
20,28,34
66,76
70,99
49,60,77
15,81
20,60
49,59
12,65,99
4,77
37,66,95
27,28,64
12,92
4,26
57,83
54,77
48,53,61
40,47
31,72
22,64,96
13,18
31,90
28,55,91
71,74
57,58,88
52,62,88
5,81,94
19,74
13,75
32,62,71
91,95
52,99
8,94
12,72,76
10,11
51,56
18,67
35,88
32,35,93
36,56
19,48
21,44,97
11,34
78,89
46,55
16,33,51
31,78,84
14,21,41
31,46,64
3,27,54
16,25
41,52,97
29,46,99
47,98
46,81
1,44,48
22,28
30,41,73
73,93
16,49
9,29
44,78
60,61
20,89
14,55
36,72
61,67,83
6,29,51
32,62
53,61,89
27,52
8,24
4,14
27,97
67,88
15,36,94
84,87,97
37,73
39,63,85
59,63
50,66
25,39
56,76
41,55
7,15
34,83
34,80
17,45
12,26,81
40,81
5,9,43
53,75
26,62,63
62,88
63,84,87
1,78
64,66
8,90
58,78
14,67
22,27,64
10,17,81
26,86
18,20
25,93
25,33
54,67
79,97
1,40,93
55,82
28,98
32,71
32,71,94
1,52,93
20,86
54,77,89
1,57,100
18,50,90
50,51,72
63,67,69
38,63
52,88
9,93
15,17,48
12,17,57
77,89
3,21,34
54,67,91
66,88
13,53,89
59,84
22,82
13,32
68,99
72,81
10,21,46
1,35,93
20,44
25,79
20,77
39,75
4,92
42,56
87,91
91,96
5,24,31
56,96
66,74
34,45
20,23,34
5,15
61,80
31,70
4,80,91
1,97
13,28
17,69,80
59,99
2,14,97
8,40
94,97
49,67,89
25,67
24,57
89,93,96
51,93
51,81
18,60,83
63,84
23,57
22,48
9,67
48,59
68,88
13,92
36,51,86
1,2,78
28,79
6,52
10,12
3,12,49
24,33
47,69
25,78
18,45
5,54
16,60
38,77
2,81
7,23,94
51,99
2,18
12,36
18,53
59,83
16,17
75,79
29,42,82
41,75,83
60,75
52,55,97
22,67
12,21,56
8,54
5,67
2,46,89
16,46
2,28
4,52
29,31,50
9,74
9,33
41,55
8,42,51
18,46,88
19,82
46,82
50,61,79
39,59
31,65,70
65,96
10,72
12,29
46,56
43,83
45,56,57
20,39,78
13,20
49,100
24,51
47,61,93
46,68
15,71
83,89
8,26,82
72,77
53,91
67,97
51,56
17,72,81
33,42,99
43,73
45,72
9,33
20,86
10,70
49,85,92
22,51
37,96
21,81
72,74
44,95
53,75,81
31,75
35,58,78
3,39,84
61,67,91
17,27,82
57,58,75
46,70,90
53,80
4,61
42,50
25,31
63,87
64,68
17,56
4,68
23,60
76,86
45,65
7,56,71
16,46
24,81
3,91
10,25,76
55,62
15,27
16,48
20,100
87,91
31,55
56,60,99
38,92
5,31,33
14,62
39,60
16,17
16,95
15,94
11,38
7,40
11,84
29,82
25,29,86
40,52
6,26
62,96
65,79
16,90
52,74,84
11,94
30,55,66
3,13,85
14,15,39
34,49,67
27,35,41
8,44,94
39,63
43,66
16,29
10,34,92
3,4
20,92
87,93
31,50
23,30
78,84
3,34,49
3,75
13,19,76
47,58
10,63,85
2,91
20,48
37,81
32,93,96
48,60
58,73,98
47,52
12,29,94
78,94
26,36,60
14,74,98
2,40
57,84
28,52,79
67,79
18,54,87
62,68,99
22,50
61,76
24,26,81
35,69
70,97
2,76
12,32
33,88
5,17
4,61
12,21
12,17,22
8,72,76
60,79
42,72
66,71,96
8,82
17,65
3,23
6,74
60,65
68,69
61,93
20,89
24,97
75,81
87,100
69,76
34,85
68,95
13,47
15,81
1,12,74
1,15,55
22,40,88
48,51,92
13,29
31,56
5,6,66
3,19,100
84,96
37,49
73,79,95
46,81
55,92
71,74
43,97
42,60
16,31
11,48,50
30,50
47,55
3,63
22,78,95
58,82
44,57,71
80,94
19,85
10,60,82
72,95
62,93
33,50,99
39,61,91
3,43,72
29,88
55,90
3,89,91
14,15,52
85,92
63,89
38,85
4,13,63
20,81
38,84
10,16
43,78
40,58
28,99
1,51
37,43,62
14,28,64
28,74
17,96
9,68
29,36
45,72,90
7,86
53,59
12,21,42
11,69
39,85
26,62
16,80
30,73
35,98
67,89
58,84
9,87
1,27,96
46,72,84
54,75,99
33,42
26,84
8,74
23,48,80
4,13
39,75
31,94
46,51
32,94
4,48,92
3,85
21,63,78
48,85
8,10
39,52
28,59
16,31
29,74
31,82
51,69,88
19,30
15,26,82
55,96
6,82,87
30,48
34,49
52,92
5,31,70
7,36
41,62
29,45,65
42,73
28,58
21,57,67
66,79
3,69
49,89
25,51,57
55,62,64
64,79
19,59
40,78
10,57
28,47,78
3,13,18
5,7
4,82
18,60,92
48,54
63,67
25,51
72,75
34,67
11,24,81
9,13,100
59,61
58,97
10,26
44,63,73
75,89
79,96
37,64
58,77,91
75,87,92
8,97
29,50
35,85
3,61,66
24,88
45,70,99
34,80
18,80
76,94
6,27
75,77
20,83
8,78
56,98
51,77
39,100
14,27
53,91
3,55,76
5,57
26,66,68
21,68
25,64,73
74,95
13,34,80
80,87
1,2
22,32
7,65
25,60
45,82
37,47
11,15
50,58,59
11,83
75,89
50,53
30,39
59,61
20,46
33,41
14,37,78
20,49,92
68,71
4,8
27,33,51
29,42
9,50,76
44,100
19,20
56,68
18,59,69
21,70
30,52
9,81
8,15,67
48,82
46,52
58,67
10,76
73,78
17,27
48,92
36,72
44,64
19,34
55,70,90
3,39,53
30,48,76
7,20,59
73,79
11,87
22,28
74,75
22,47
26,51,75
26,43
29,76
16,21,46
79,100
10,46
6,23
6,62,88
7,97
24,87
30,97
46,67,84
32,61
14,38,83
13,28
80,84,89
10,42,50
15,42
9,34
18,28
20,90
30,98
3,69,83
25,31,57
51,82
30,52,66
21,25,65
18,69,88
12,42
28,79
26,51,56
71,78
27,38
53,63,78
22,27
49,63
40,47
18,25
40,41,62
14,65
2,22,28
83,84
19,91
7,9
31,37
79,85
18,49
17,33,82
39,59,85
52,55,97
58,68
34,51
10,24
25,53
3,34,60
63,83
34,82
77,84
1,71
1,62,71
28,40
61,67
11,74
12,21
26,90,99
24,54
5,12
58,71
18,87
12,70,76
10,50
5,98
26,65
45,83,91
75,78
38,100
27,30
62,64
41,51,98
4,89
41,53,61
63,86
14,18,27
19,91
22,62,88
30,62
47,79,96
5,56
4,54
6,16,95
43,71,78
25,95
10,25,29
12,41
40,99
22,62,66
5,51,56
13,67,92
34,54
30,86
5,26
62,64,96
37,50
37,70
29,30,33
19,38,91
