39,63
34,92
39,62,81
11,26
7,60
14,77
60,78
7,87
50,53,69
13,18,66
1,39
36,54
31,85
5,11,69
11,43
32,80
10,85,91
61,88
24,27
8,98
5,61
1,85
2,45
16,74
9,58,82
24,96
9,56
51,87
47,60,91
22,43
75,80
43,48
36,44,95
1,91
30,70,81
14,88,98
36,77
70,81
26,48,93
13,50
21,60
6,35,69
3,13
44,50,52
52,77,94
44,50
1,6,58
6,40
9,27
2,5,86
39,76
22,39
27,36,54
23,37
59,66
4,39,65
17,19
54,75,89
35,86
12,23
16,57
18,47
45,85
23,44
12,56
83,95
42,70,98
66,96
14,16,94
69,73
47,91
49,69
49,68,100
16,55,92
17,89
10,60,65
30,37
7,80
29,70
46,87
17,43
21,39,71
10,22,85
10,22
3,11
4,89
16,43,100
19,26,34
13,59
10,52,94
77,78
43,72
73,75
12,50
39,72
27,36,81
12,48,87
11,59
53,71
11,27,90
16,75
46,95
19,50
64,78
54,97
67,88
51,63,77
39,59,61
31,39
17,81
1,56,73
41,53
3,21
55,62
47,55,85
33,45
12,73
26,28,50
9,37,75
85,91,92
24,79
14,20
19,20,72
27,79,98
65,66
35,88
22,47,91
11,13,98
51,83
10,20,48
36,87
50,88
21,24,62
40,56
8,22,79
65,85
3,70,87
37,83
16,39
49,95
31,92
10,62,65
12,77
32,97
42,44,58
12,24,26
48,79
11,13,35
23,71
9,21,46
62,92
79,89
15,83
33,36,82
37,90
39,52
77,94
1,61
22,52,91
41,88
51,92
4,29
27,83
43,52
18,43
5,46
68,73,82
50,71
58,74
62,71,95
38,64
4,65,94
9,57
43,55,100
16,43
88,99
39,55,85
38,48
58,86
7,89
38,68
22,43
26,63
4,43,85
6,64
53,71
20,41,50
78,91
19,77
21,67,83
42,79,89
16,99
22,26
1,22
49,88
71,80
22,60
74,92
37,75
65,98
20,48
25,83
87,94
4,72
24,94
38,81
3,53
24,47,67
40,45
64,69
2,32
33,63,76
8,63
54,96
19,69,99
63,94
20,48
58,72
33,82
11,71
44,83
24,61,66
16,94
25,64
11,20,59
47,72
5,40,70
21,91
5,30,90
26,80
37,51
53,59
30,46
37,45,49
34,60
11,29
17,76
28,97
24,28
12,33
79,81
51,70,79
16,65
37,49
9,63
28,29,42
24,26,96
25,97
51,56,79
32,49
8,46
24,80
8,24
1,41
16,39
26,32,50
33,59
40,64
31,55,60
20,32,71
3,76
36,77
10,99
4,46,57
5,32
13,15,64
44,70
3,36
26,56,84
3,44,49
65,72
29,57
7,74
52,70,80
10,92
8,76
18,92
10,37
46,53
39,100
4,39,91
34,41
32,73
9,42
65,77
59,67,75
35,53
40,89
13,20
10,36
3,27
47,77
64,86
85,92
40,80
1,31
26,69
26,91
64,80
33,39
69,75
59,85
9,12
16,89
37,54
32,36
12,66,83
49,63
14,87
31,57
33,43
55,78
36,79
21,39,98
44,76
2,51,81
10,23
43,99
30,58
28,100
30,44
42,88
59,100
29,41
6,41,88
57,64
37,58
64,69
33,86,90
60,62
51,54,82
39,75,82
56,69
37,49
33,44,56
7,27,33
18,55
31,72,92
2,37,81
7,79
8,90
46,61,69
49,97
30,33
18,40
18,33
5,79,83
23,29,72
1,13
51,72
25,100
27,57
7,9,51
11,70
30,51
30,92
30,38,77
20,53,61
6,40,96
65,77
52,85
16,22
33,90
52,54
10,48
7,63,90
71,85
21,22,67
47,89,90
4,78
10,45
12,19
9,74
6,52,96
17,30,49
39,77
14,24
79,95
56,64
66,78,88
24,25,50
65,85,100
81,89
68,92
40,71
28,34,48
15,28,64
25,47
34,73
8,76,85
55,94
5,75
10,15
31,77
14,55
30,45,74
68,71
43,76
24,70,100
5,45
41,63
23,29
29,59
20,96
19,29
19,80
10,23,63
2,44,70
39,52,91
5,30,82
46,57
17,47
12,96
38,64
62,81,84
1,30
74,88
1,43,94
15,26
54,86
34,73,93
5,76
34,44,53
28,70
20,26,97
42,80
43,60,94
22,72
67,76
86,94
28,38,80
15,40
60,77,91
33,78
31,52
12,90
26,96
55,99,100
5,22
61,96
3,84
55,78
11,59
31,36
30,45
59,82
18,19,43
7,90
28,75
35,71,80
43,55,99
27,80
22,47
57,90
42,73
59,64,71
6,44
7,76,87
58,79
7,70,95
59,61
47,73
37,95
28,61,67
7,21,36
36,71
10,22,78
21,98
35,93
42,56
82,87
58,61
8,79
5,71
38,66,69
18,27
42,84
45,88
5,51
8,51
79,91
16,92,94
38,84
60,77
38,48
36,49,95
12,29,95
14,60,64
26,98
58,63
19,38
18,57
47,62
77,95,100
22,57
22,92
2,89
4,56
22,91
29,38
3,90
15,36,85
13,84
5,82
2,54
7,57
14,47
19,97
2,16,91
52,69
11,69
28,48,66
58,81
12,32
37,87
39,47
4,97
21,76,90
12,15
40,98
4,31
23,68
53,61
56,69
42,58
24,38,80
11,13
7,58
60,98
43,51,60
67,75
3,40
48,61,69
16,77,92
57,86
49,83
9,80
91,100
12,19
44,86
9,79
1,8,9
23,35,64
27,95
12,72
6,69,88
36,70,98
5,58
68,87
33,89
47,100
72,77
35,98
39,85
22,39,100
34,73
19,35,38
23,84
74,97
62,99
29,61
76,79
2,87
35,61,64
24,74,97
8,77
2,18
17,82,90
40,49
47,73
39,45
39,55,94
14,60
4,21,53
42,58
39,43,85
54,79,82
5,87
98,100
8,90
39,52
20,48
22,92
26,29
31,62
53,98
33,84
12,23
6,23
57,89
22,43
3,49,67
7,23,29
41,74
86,87
32,53,69
11,28,91
78,94
16,92
1,10,16
33,76
35,40
61,73
1,29
75,90
67,70
5,76
48,56,71
6,48
5,45
50,68,84
6,19,97
43,65,92
6,89
21,83
69,93
38,76
35,70
24,42
20,84
62,96
21,62,88
2,59,94
13,29
52,68
48,61
40,49
10,85
63,79
21,42
8,79
63,81
3,31
42,74
19,79
7,30,42
2,51,56
43,85,92
18,40,49
8,42
4,43
57,70,83
3,96
42,89
22,34,44
85,100
37,74
27,44,79
33,94
22,85,98
6,50,84
62,74
45,53
51,70
28,59
47,72
9,34
27,61
62,99
1,10,31
10,92
87,98
19,66
24,32
14,43,55
49,83,87
6,26,97
23,75
3,68
24,26
69,80,88
7,13
37,95
53,74
39,78,85
22,85,100
3,59
12,100
26,64
71,77,100
22,62
49,95
67,94
20,78
4,31,60
25,45,93
39,99,100
13,34,59
31,100
68,70,93
91,92
40,71
16,72,94
16,39,43
66,73,84
81,90
28,65
33,36,45
64,99
68,69,93
35,40
15,84
39,59,85
14,29,59
10,31,60
5,34
11,97
85,92
55,89,91
23,76
16,43,77
12,13,48
10,47
31,39
52,76
60,65,70
16,49
54,70,85
5,27,51
6,24
62,98
25,64
5,18,90
1,55,77
50,88
49,76
17,42,49
1,47,72
23,68
30,88
61,70
4,62
16,54
18,70
3,76
15,38,89
64,87
20,74
49,59
1,39,94
43,65,92
1,91,92
24,48
19,79
60,85,95
22,80
3,27
11,24,84
34,82
4,64
75,89,98
5,67,79
2,21,82
9,57
42,45,58
32,56,96
6,12,97
9,19,39
19,38
45,52
52,55
9,21,86
6,25
83,87
44,64
11,18
45,83
21,37
37,55
35,74
89,98
33,99
27,45
54,74
48,93
77,90,100
33,79
78,85
35,52
50,53
72,85
55,82
11,70,75
33,54,79
32,52
85,99
62,94
54,76
14,62
1,4
26,30
69,79
47,77,78
29,31,95
2,17,81
61,90
37,62
19,48
6,44
4,62
56,68
10,99,100
9,76
26,41
70,79
26,67,100
86,95
22,75
6,64
14,46
11,41,64
19,50
12,38,88
48,88
75,79,82
62,85
54,65
92,99
68,72
45,51
27,79,95
35,41
5,30,34
17,41
18,29
55,60
33,36
18,89,91
65,92
30,92,94
41,72
15,47
12,20,25
16,31
26,88
4,96
8,99
47,78
25,43
30,37,82
72,77
5,16
32,48,88
72,82
28,88
45,79,81
11,71
4,97,98
43,55,94
41,88
24,48
34,67
1,60
40,67,93
25,60
44,76,79
6,13,69
2,3,36
21,99
1,56,98
48,91
20,44
8,67,89
32,38
19,37,79
19,32
33,42,58
48,70
51,52,85
12,66
6,66
10,39
70,94
46,77
35,38,71
36,55
10,72,99
67,74
27,31,98
21,27
90,94
12,61
9,97
60,92
42,58
13,50
8,17
16,43,47
15,48
7,27
83,97
66,99,100
37,46,95
51,79,87
19,68,96
60,77
21,57
62,78,94
40,88
7,86
67,97
60,99
52,92,99
19,59,93
17,89
5,17,86
17,76,87
6,53,59
24,75
1,20,45
62,67
43,83
40,57,61
3,42,75
28,43,49
50,55,70
15,34,68
29,61,80
40,73
24,80
11,20
33,86
30,79
80,88
38,88
25,84
38,53,90
13,89
39,85
11,32
78,86
6,9,48
4,43,72
80,90
56,61,69
26,56
13,89
54,87
6,71,84
1,10,65
18,40
3,30,67
32,93
45,53,62
5,58,87
28,59,61
56,74
26,74
26,97
46,87
5,83,98
47,48
14,65
49,92
32,41,73
6,73
12,20,35
62,65
26,64
66,82
19,28,55
52,93
35,59
36,45
11,26,68
27,66
38,73,88
16,39
23,94
37,87
14,94
78,92,100
43,72
45,81
22,62,91
31,62
21,30,57
11,13,29
17,79
47,92
1,39,72
43,85
79,82
17,81
4,31,39
17,70
5,73
37,76
3,52
68,88
6,69
23,24,74
60,78,92
13,48,73
7,27
77,78
90,98
29,59
9,57,67
19,88
24,74
64,66
6,15
7,31,83
52,94
16,48
7,63,86
8,76,86
34,91
24,51
77,85
11,47,71
58,98
50,71
17,27,45
21,23
12,28
55,92
69,73
40,66
34,52
69,85
6,32,96
23,38,97
26,73
21,70
4,100
11,25,93
19,32,38
9,39
72,85
68,73
27,49
1,15
23,73
24,68
48,70
31,92
1,52,55
33,37
37,45
28,82
16,65,99
75,83
13,28,40
19,80,97
78,91
16,69
32,36,80
15,56
55,94,99
14,60
16,78
47,55
58,76,89
22,92
19,29,66
58,83,90
10,34,81
14,94
22,43
13,24,53
5,63,87
8,73
74,81
22,55,91
6,29
11,29,97
65,71
14,65,100
81,98
55,61
12,54
27,59
70,82
68,73
30,81
12,74
10,39
20,32
5,57,79
14,99
1,31
20,24,32
44,67
16,68
13,17
43,91
28,30,91
15,56,69
67,99
10,85
30,46
75,91
58,81,90
22,61
10,77
31,64
5,15
15,69
56,59,73
31,55,85
28,43
76,87
13,22
42,87
22,47,72
6,80
4,29
65,87
34,84,93
4,60,94
18,27,30
3,98
2,63
23,29
8,76
31,77,92
57,96
12,66
80,88
82,86
3,27
38,65
16,62
51,59
10,36,52
10,77
26,41,71
7,21
11,17,84
20,56,96
42,58
20,29,64
22,31,39
1,52
1,9
3,95
52,55,62
62,85
1,78
30,58,66
43,60,78
4,10
36,58,65
16,85
37,70
79,93
60,92
43,85
51,87
28,50
27,76
9,18
10,22,34
1,31
41,96
71,74
37,44
48,61
4,14,78
31,100
80,97
15,19
19,68
19,58
40,93
49,96
43,94
32,62
21,87
3,47
41,81,94
24,34
3,41,69
31,77,95
7,81
4,31
10,22,92
65,91
60,91
67,69
8,83,95
38,50
16,55
3,82
26,93,100
31,39
78,79
41,74
10,22,65
30,70
77,78,85
32,48
36,52,82
1,10,45
47,77
5,24
50,74
45,76
59,100
34,46
64,93
78,85,97
4,39
50,52
57,99
23,47,97
62,95
14,96
36,81
30,54
12,75
19,45
44,93
54,95
66,93
9,30
26,71
16,22,43
37,49
22,55,94
18,37
9,32
77,92
22,55,92
71,91
12,43,54
21,30,63
20,93
47,52
16,43,51
31,85
42,53,58
63,70
9,21,49
38,46
4,72
15,61
41,48,84
28,45
18,76
10,43,99
14,31,100
62,83
32,80
16,100
33,63,70
8,75
19,80
5,7,95
40,48
45,50,95
8,49
35,71
43,78
38,74,76
11,20
53,99
30,41
5,87
16,22,85
4,90
20,64
11,84
48,59
14,22
47,91
14,16,94
59,73
19,32
7,57
54,89
51,81
6,51
79,90
18,98
18,63,95
12,54,92
7,36
54,82
60,99
49,86
42,89
3,67,98
15,41
3,66
18,45
1,60,92
48,50
1,4,94
34,94
63,92
35,45
39,78,94
54,76
11,39
4,47,52
11,97
3,92
60,66
21,54
18,42
10,18
10,39
57,79
35,58
83,99
5,38
19,52
6,18
4,14
4,14
46,63,93
45,63
31,86
16,22,91
3,56
70,84
2,8,54
27,95
14,31
22,65
24,52,96
52,100
12,100
65,85,100
13,29,84
19,28
26,38
10,65
67,76
20,93
16,89
15,26,61
16,72
2,10,78
1,57,67
6,15,97
11,25
43,55,72
35,51,79
41,75
52,60
31,39,94
25,70
88,100
66,67
10,16
11,61,84
35,91
59,94
1,72,91
39,42
39,56,74
8,33,51
9,46
33,54
51,90
7,88
59,61
54,71
21,27
6,35
72,79
24,77
1,94,99
6,41
94,99
45,46,97
12,40
6,80,88
1,31,100
33,44
18,82
2,45
83,89
15,84
7,54
15,34,73
29,52
70,100
44,75
39,47,99
47,60,94
22,31
19,73
51,84,92
15,77
27,54,97
48,66
64,100
35,56
66,88,96
62,85
34,35
40,48,97
6,84,91
3,50,58
33,79
62,82,94
29,59
25,73,92
13,26
6,19,61
12,50
21,51,75
17,29
72,78
31,70
5,97
49,86
15,21
15,39
2,57,95
52,92,100
65,77
2,17
42,69
2,5
56,96
82,92
11,71
55,65,91
9,17
14,91
7,18
13,56,59
62,77
21,80
91,94
23,40
11,25,40
51,54,58
53,66
9,58
48,88
25,54,82
44,55
18,95
1,16
38,53
86,99
64,93,94
11,54,78
19,32,38
83,98
2,88
78,92
23,75
24,69,93
10,70
79,93
39,52
5,7,33
49,63
18,87,89
8,77
42,53,62
16,100
42,86,95
22,55,91
13,48,88
79,95
46,58,82
71,80
64,68,74
42,57
37,65
10,34,90
42,90
72,100
4,77
12,44,59
55,85
20,24
18,99
40,70,100
4,22
2,90
21,44,86
9,72
45,51,75
4,5,71
68,87
34,37
2,27,86
13,46,98
11,18
5,18,81
15,69
28,40,89
14,89
7,58
34,53
1,14,78
24,70,78
18,79,87
34,51,96
7,75
58,67
58,84
83,84
7,18
20,50
35,53
10,52
6,12
11,50,59
85,96
7,73
4,22
86,100
30,77
26,50,66
60,84,85
26,52
16,52,85
3,17
35,83
28,51
14,54,94
85,99
22,37
22,52
1,16
41,58,94
82,98
79,85
37,62,86
15,97
14,60
20,93
2,37
77,85
58,98
32,59
2,7
28,40,96
17,44,79
7,37
11,56,74
64,68
14,43,92
7,15
81,88
79,85
18,73
73,80
23,78,87
42,72
63,77
42,45
40,69
78,84
56,61
6,72
62,85
22,31
57,59
17,51,89
10,53
27,64
9,51,71
72,92
29,82
5,30
49,78
26,40
6,41,61
78,92
92,100
51,58
1,16
55,60
14,45,98
12,53
9,70,81
17,44,75
21,45,57
50,77
27,42,54
56,71
17,66
51,81
10,62,77
78,93
28,93
8,24
10,91,92
22,97
4,43
18,33
4,16
11,91
77,100
44,95
35,51
62,93
36,42,75
