365,468,967
391,583
113,520,883
409,647,719
558,680,799
330,474,863
424,521,732
436,833,921
129,146
520,971,987
58,217,751
372,810,858
232,337,818
495,593,634
120,784,886
205,689,915
147,288,698
455,751,828
7,838
16,209
271,566,722
503,544,928
156,969
347,418,433
21,291,459
134,449
52,317,942
624,997
3,135
500,873,934
232,554,696
438,740,910
290,633
306,458,690
31,37
180,305,929
91,949
674,940
78,84
94,444,454
19,98
212,411
262,480,668
421,662,804
306,312
518,734,791
423,506
146,335,775
514,598
250,848
419,812,873
71,167,345
324,369,626
119,743
168,419,707
149,522,714
109,197,955
107,124,627
289,858
39,127,829
398,569,741
59,840,975
576,582,840
174,376,669
734,959
65,332,744
26,58,530
20,816
70,329,478
663,788,923
265,445,645
284,331
448,465,827
214,737
368,907
146,408
155,464
222,445,541
138,198,411
431,525
119,155,245
121,279,594
73,590,592
73,148,445
243,403,424
18,173,434
31,575,797
252,717
61,199,721
330,913
373,538,771
719,932
521,661
110,403,955
580,796,863
706,753,915
306,709
294,613,938
556,768,902
172,697,883
276,396,455
120,745
536,826,888
387,468
355,688
49,716
343,619
182,287
87,451
605,994
36,347
811,851
83,501,869
122,144,818
274,452,899
67,815,821
240,248,300
694,884
275,985
126,653,909
165,346,881
62,395,962
125,620,884
297,352,783
189,217,719
18,124,128
689,746
265,654
173,940
108,792
288,405,450
461,659
208,402
415,708,943
605,631
54,362,419
289,702,898
301,464,531
82,458,581
511,863
495,505,938
368,626,905
136,172,769
303,549,635
479,631,758
85,193,988
223,320
152,466,999
610,674
694,843
316,413,414
213,457,1000
320,391,793
203,861,932
165,390,624
197,220,578
16,257,831
570,769,996
648,870,962
58,345,997
214,482,832
32,146,937
141,158,776
403,804
423,917,991
354,653,933
127,451,870
73,235,855
185,250,899
109,547,653
200,915,918
91,781,962
282,539
74,423,488
88,181
450,884
320,388,408
131,163,460
188,897
129,207
156,689,914
217,936
187,379,498
169,275,701
327,685,816
166,758,787
683,697
236,608
91,736
660,904
58,85,721
613,645,986
312,954
30,40
3,250,740
130,272,521
463,601,797
30,393,607
185,236,707
126,159,850
29,111,580
115,388,775
741,816,870
62,599,957
155,880
234,574,895
256,721,782
156,718,942
659,971
342,866
225,582,829
11,167,802
186,901,992
302,902
598,726
38,174,382
117,145,411
238,787,934
166,229,937
84,414,524
331,950
54,373,915
109,219,820
35,479,568
317,865
329,815
851,898
759,919,977
618,687,861
606,971,995
498,712,889
213,334,435
369,834
91,459,632
145,520,655
180,553
123,191,593
308,347,981
390,869
88,309,877
15,625,770
569,836,962
253,485,630
199,263,751
19,338,528
164,544
117,546,898
312,387,687
246,425,793
35,626,966
602,661,999
117,837
361,490,815
763,899
140,249
337,854
5,179,529
47,324,862
48,384,635
506,610,927
80,468,958
22,162
106,582,751
269,329,584
115,232,370
112,236,323
338,562,647
13,360
265,508,799
139,291
329,582,600
506,721,759
481,570,911
497,819
623,812,881
56,237,814
77,673,696
450,469,586
159,612,863
205,620,887
6,31,408
2,436,810
17,47,248
395,739,812
259,721,923
212,216,410
703,786,796
13,48,122
168,772,898
51,235
126,170
56,181,198
32,547,918
139,527,696
67,101,646
20,840,978
303,707
457,512,637
190,835
386,645
163,350,353
101,330
325,435,548
471,509
259,543
9,249,592
36,459,791
56,181
47,687,709
85,408,738
489,725
317,786
131,434,577
260,778,990
4,164,994
82,992
267,439,594
191,334
720,772,831
63,704,875
391,474
707,810,913
4,415
162,536,783
394,818
7,187,597
505,939
223,740,968
150,717
273,297
52,145,563
65,89,756
455,651,923
420,544
306,733,920
44,226,950
73,210,703
203,398,753
327,386,613
174,280,342
591,659,947
483,653,943
162,479
169,496,590
530,778,993
326,626,975
319,368,921
170,419,629
289,720
524,597
349,481,562
98,483,702
294,392
267,405,709
39,178,351
316,548
202,396,567
577,706,808
191,636,802
327,710
132,201,664
25,569,938
474,784
192,546,921
125,985
213,651,669
78,796
607,982
22,258,398
93,315,777
182,808
260,725
389,774,807
641,910
513,536,948
298,506,691
386,475,587
113,420,552
215,288,367
206,446,941
230,668,863
546,586
270,597,695
503,871
349,707,870
312,362,577
288,506
282,472,822
87,370,631
341,503,768
166,641,819
80,172,734
312,375,744
114,182
356,714
49,783
14,266,637
144,698,938
288,418,886
323,359,611
147,386,597
422,542,958
666,856,982
8,890
103,412,939
277,311
618,763,945
267,891,925
59,99,888
207,252,536
159,576
109,294,781
250,907,941
381,488,544
181,522,634
342,645,917
360,676,953
85,974
623,842,921
120,462,463
529,731,949
54,449,915
298,385,543
198,267,590
276,542
5,44,637
144,845
36,260
209,213,879
164,186,835
78,404,933
323,660,678
298,849,971
107,264
24,275
146,651,731
632,992,993
237,381,810
161,288,376
35,790,867
188,494
870,901,959
336,456
29,144,372
357,746
331,487,881
145,301,632
56,643,901
213,431,960
516,993
387,517
645,782,896
163,654,734
22,46
62,396,756
17,350,939
59,291,539
321,452,478
344,645,853
666,857
481,513,544
340,354,714
666,792,926
467,543,616
886,912,921
311,502,574
269,552,947
118,313,922
396,888
332,687,868
87,358,848
11,388
123,409,937
419,963,995
211,802,859
137,632,877
292,710
716,772,785
264,581
14,199,579
109,742,944
481,564,906
7,410,996
643,673
202,375,972
258,707,935
801,898
150,600,819
290,327,590
758,779
170,481,905
423,534,877
120,441,728
17,49,75
270,909
72,104,367
650,653,962
412,690,878
221,238,567
546,984,995
546,604,728
30,416
682,684
533,586,769
293,386
797,949,987
137,637
504,768
60,171,461
437,530,859
114,192,640
26,681,751
73,97,741
123,588,813
112,542,623
37,482,689
665,774,846
260,429,858
402,621,685
11,288,539
246,369,619
450,495,876
222,254,642
102,395
668,784,836
810,888
413,491,496
120,300,957
345,468,751
372,594,946
95,138
205,358,372
181,425
203,919
114,405,854
330,436
188,306,546
248,480,939
137,575
129,319,974
34,635,994
316,826,967
610,685,959
243,750,774
85,763
391,421,444
147,462,644
69,719
762,766
489,610,912
113,243,526
29,612,734
67,91,600
406,764
557,680,870
90,126,944
878,901,953
26,161,342
29,544,714
572,590
370,542,968
625,752,800
29,104,260
295,678,984
213,406,696
103,298,932
757,761
263,334,380
712,747,884
290,328,405
93,383,633
563,687
271,515,547
119,566,697
198,522,610
42,223
444,615,702
340,552,969
77,135
121,468,685
578,657,686
258,746
238,315
221,523,876
304,326,883
258,797,944
112,928,997
168,236
140,270,648
304,711,819
124,206,896
201,328,945
352,412,781
223,631,778
208,353,648
344,370,522
267,678,997
276,779,898
269,447,955
797,952,982
764,962,967
749,820
206,292,496
186,426,832
95,867
198,550,811
380,589
152,620,914
83,932
347,730
383,793,959
697,705,742
378,531,732
270,398
114,738,854
289,824,977
324,559,664
87,112,404
105,154,591
331,560
672,716,898
102,191,718
36,377
197,742,787
241,506,771
710,797,958
283,327,738
4,116,752
145,454,999
486,672,806
330,510,858
47,201,373
182,988
797,997
729,996
560,636
392,813,997
470,727,849
16,735
140,642,789
36,512,712
316,745,902
72,447,979
189,384,788
766,862,875
15,181,658
606,923
528,538,660
533,567
213,239
554,573
338,707
701,736
200,628,950
68,630,959
261,480
412,515,692
624,636,904
267,675
500,668
40,630,833
289,364,610
113,339,701
175,455,555
674,904,951
482,785
265,382,445
247,900
326,829
182,475,774
135,182,701
13,313,806
38,388,550
339,475,519
578,975
732,879
367,374,375
1,31,355
642,931,991
36,588,826
338,762,813
90,571,797
168,432,895
135,259,767
335,495,640
515,641,712
283,357,399
618,636,759
150,348,547
304,581
112,272,488
208,846
322,832
91,224
600,749,939
104,564,588
506,815
248,400,730
103,395,757
196,203,569
498,510,948
23,280,396
597,757,886
76,889,981
816,860
785,919
332,521
193,388
160,300,967
354,682,894
221,402
133,818,988
232,422,618
281,355,954
70,632,734
396,664,678
96,360,776
370,409,923
248,679,909
150,812,955
54,491,780
624,815
930,941
127,211
441,572
32,792
459,547,621
224,574,842
367,495
833,848
128,471,849
246,299,716
63,175,614
427,534,612
595,664,882
520,656,979
785,912
70,626,794
184,420,665
293,538,610
78,131,667
321,349,459
99,184,202
653,801,860
653,743
222,274,590
166,375,534
361,783,910
222,409,618
102,477,599
205,438,944
211,451,854
458,585,990
245,897,926
879,926
90,229,404
33,253,749
28,576,591
34,112,882
64,705,972
485,506,518
52,432,706
107,165,202
380,952,973
31,317
31,273
300,699,884
737,884
195,518,536
69,286,895
509,616,770
222,486
90,579
504,546,898
121,535
69,610,943
40,250,943
91,562
128,976
489,973
115,745,978
692,713,805
88,755
100,697,952
85,359,719
853,864,923
18,57
922,961
142,445,838
551,831
6,668,885
660,892
120,173,601
3,66,449
225,243,777
595,685,983
2,233,621
199,489,738
23,268,654
248,829
67,438,793
248,638,742
516,684,739
102,479,880
208,483,537
298,315,596
594,866,991
540,881,888
280,844,928
247,392,613
98,314,378
26,929,943
70,778
77,678
151,735
64,256,722
128,315,407
116,219,893
219,605,878
397,589,846
105,566
85,328,973
579,611,978
265,283,799
175,485,929
125,331
465,784,820
13,899,918
40,408,593
77,531
99,213
527,838
257,576
378,726,897
104,332,847
306,392,816
669,996
37,56,248
234,449,879
596,725
303,636,824
474,928
16,862,898
136,301,897
327,917
148,320
12,140,384
64,510,703
197,214,230
417,980
548,790
385,913
39,124
7,425,976
133,371,396
172,360
190,908,967
16,42,746
603,820,992
2,600,896
8,325,966
307,541,812
124,920
141,490,980
327,456,614
108,526
29,957,959
326,427
72,950
211,540,831
589,720,932
387,738
95,379,823
61,663,805
522,613,899
267,311,330
97,259
873,890,972
33,599
14,573,647
3,593,609
272,435,822
287,443,959
259,788,896
151,206,929
200,446,982
624,651,678
464,793,936
65,100,662
324,995
440,448,513
116,263,403
256,394,924
17,315
69,986
218,228,242
161,596,656
203,279
62,676,688
220,399,601
413,516,552
373,995
494,501,946
42,371,963
747,749
7,470,673
158,805
212,442
96,190,842
251,682,839
131,212,764
277,527,983
252,514,952
160,650,816
568,600,784
339,492
475,538,740
136,151,698
247,320,882
50,473,499
390,797,833
95,141,802
63,407,570
212,234,966
765,870
574,642,821
155,156,531
455,549
342,598,846
82,665,777
411,900,919
347,752,858
157,646
373,447,790
3,204
287,572
89,893
513,970
11,65
42,518,799
520,807
253,478,482
168,392,651
303,535,782
129,215,962
206,292,815
89,942
36,287,385
260,460,726
894,969,982
54,549
34,185,895
64,483
664,696,890
330,715
399,736,742
424,863,967
21,393,621
40,526
457,661,919
197,412,492
242,333,862
80,186
69,618,863
334,567,659
681,869
653,817,850
340,361,875
395,763,882
151,482
8,634,747
69,675,762
177,863
450,678,889
271,398,909
295,472,666
325,726
350,779,943
50,594,715
484,893
549,721,738
171,444,702
277,785
346,375,521
12,647,918
505,899
637,844,949
723,935
24,70,498
9,207,538
437,603,643
123,654
748,794,935
71,332,996
410,686
48,337
524,528,838
433,695,705
268,339
421,598
625,966
477,837
161,297
48,411
750,890
814,912
342,647,719
106,644,672
462,643,984
600,889,941
33,459,992
303,763,802
40,382,976
242,272,955
508,681
568,676,780
171,183,815
541,806,983
17,387,746
275,794
390,453,576
436,477,913
242,612
624,898,953
247,585,958
17,355,953
392,505
297,402,997
114,430,613
181,489,635
288,718
308,809
33,169,227
324,430,585
560,614,713
385,775
147,549,937
559,978
160,303,418
69,323,539
235,252,479
475,561,660
434,447,539
150,159,377
199,882,986
813,826,936
408,609,885
114,273,613
571,828
29,442,858
645,852,951
318,797,909
446,524,575
218,458,718
6,770,819
11,751,986
529,712
373,800,925
295,791,939
2,949,992
178,236,367
33,398,941
707,726,938
67,224,587
151,181,247
104,691
283,323,437
272,658
320,675,830
414,745
27,336,994
198,715
467,693
30,548,798
132,247,592
394,489,562
122,328,722
368,545,711
310,716,832
199,541
302,509,988
19,741,956
33,92,755
360,747
502,530,639
150,784
231,300,711
481,507,872
94,673,762
392,632,831
542,673
139,401
72,527,680
127,499,851
137,421,626
88,573,771
693,949,993
478,817,843
566,622,770
17,741,980
216,739
273,437,496
325,372,548
21,252,974
22,187,492
845,971
3,557,648
648,768,899
221,713,942
107,718
85,918
502,808
707,890
25,600,893
512,747,987
129,836
270,713,952
454,861,879
419,423,931
390,507,602
416,558
247,610,773
412,791,992
108,243,451
151,919
317,402,654
12,523,994
106,546,698
70,336,349
114,415,550
87,328,888
420,963
6,52,809
385,962,998
555,882
864,930,935
26,402,486
229,267,651
411,640,936
353,632,957
525,723,982
4,262
752,775
240,980
235,800
591,733,885
362,596,665
705,742,845
58,984
374,503,971
430,778
350,931,993
162,837
116,652
172,243,646
443,781,861
79,279,937
325,636
373,779
449,692,795
423,868
480,761,797
365,825,869
276,387,711
47,179
677,833,941
269,351,985
396,828,976
369,936
256,486,592
928,959,988
36,463,597
256,762,968
128,431,546
65,544,641
657,877,903
168,386,487
456,633
257,331,437
514,810
145,272,725
199,299,719
183,228,499
7,291,517
216,572,871
238,792,967
87,131,409
24,151,985
351,710,782
169,355
10,577,925
771,983
118,386,996
293,675
211,303,954
469,566
126,540,603
117,248,912
290,445,813
145,234,306
147,222,838
654,884
244,805,935
181,635,651
579,746,857
582,628
605,668,908
942,980
50,98,321
175,194,510
318,392,498
749,865,962
22,348,922
264,390,447
319,764,886
49,362
455,509
465,706,833
511,789
198,288,342
404,453,725
379,927
502,701,844
485,569
720,770
546,728,920
36,158
307,484,650
2,274,665
391,583,963
333,346,656
15,189,887
32,590,997
224,413,889
632,764,948
627,809,881
72,251
684,868,871
202,526,559
25,207,842
30,210,746
335,648,878
147,191,718
76,106,971
648,816
414,469,494
64,530
104,598
720,723
341,526,558
125,833,954
216,583,698
572,958
802,929,997
255,447,969
365,523,929
703,939
480,747
828,860
74,460,588
182,384
345,451,485
79,437,554
134,872,956
357,774,807
363,850,985
69,308,455
24,469,819
725,772,805
42,200,819
472,794,895
105,117,184
402,587,592
27,433,724
876,973
350,690,697
448,893
540,944
412,625
433,677,730
260,264,978
14,638
786,850
207,215,537
199,510
685,756,986
167,372,446
162,312,521
241,536,802
271,477,653
461,491,644
309,477,650
52,920,964
637,821,961
175,507,697
3,938
147,266,820
463,465,866
58,90,914
293,722
225,602
229,627,783
278,432,447
249,866,918
315,332,890
929,976,977
116,869,906
151,249,397
599,649
258,954,993
174,885,927
437,627
95,846,879
9,61,900
433,470
77,97,475
7,835,886
82,238
179,228
607,828
49,374,641
151,344,824
181,378,492
226,433,441
9,192,610
150,299,620
282,496
148,201,940
719,848
64,854
64,672,915
95,99,777
129,233,364
694,733
405,455
49,89,585
69,587,706
127,361,879
149,170,966
116,445,884
217,330,376
10,546
43,638,823
24,158,823
264,461,851
122,585
308,398,988
580,809,987
343,508,756
355,443
733,826,911
757,871,963
317,398,464
579,797,865
123,378,485
665,855,966
841,946
14,69,722
352,890,900
107,481,662
328,844
92,662,869
146,889
442,734,817
72,209,669
44,101,512
87,973
339,826
44,496
143,324,642
147,392
83,103,466
505,904,937
758,945
175,460,871
990,995
133,250,320
51,396,773
133,759
204,560,676
11,317,645
63,584,769
7,150,614
204,340,407
610,818
817,884
206,613
553,559
93,460,753
163,513
85,510
248,371,525
450,678
217,496
51,852,931
154,383,765
528,685,838
267,473
52,389
151,195,773
22,575,780
93,220
474,877
437,724
255,391
393,517,884
222,744
224,379,442
396,405,986
37,693,992
163,584
362,708,778
454,456,713
81,582,894
306,704
420,567,942
122,925,942
16,443,956
581,652
352,513,797
194,445
78,748,960
216,279,931
2,7,116
309,548,769
223,422,541
674,751,759
846,913,937
333,403,953
438,653,915
748,788,839
110,160,622
126,474,649
28,245,984
547,738
25,173,418
155,642
14,900
323,980
111,835,967
77,522,917
422,445,646
463,716,901
670,858
364,599,886
310,400
175,323,365
4,560,879
192,207,301
52,58,213
491,809,851
125,441,784
17,219,987
32,151,896
446,707,755
60,720,779
13,182,292
57,63
296,710,819
17,607,835
648,742,991
300,630,765
228,462,725
232,496,696
322,535
359,971
564,942
110,879
92,403
227,683,749
4,435
574,864
705,717,878
113,118
349,428
193,323,1000
3,475,976
61,645,824
465,847
515,691
592,737
133,323,361
744,883,890
49,272,467
433,975
23,468,652
349,352
285,643,695
278,575,784
239,284
133,182,191
181,616,917
105,216,245
113,310
148,250,303
339,642,902
27,141,352
288,580,817
45,278,774
19,361,666
334,706
248,593
206,487,510
579,954
241,360,759
919,986,1000
324,513,602
19,259,629
330,768,789
13,137
54,631
42,560,601
238,831
386,740,1000
231,357,527
127,136,149
342,929,973
456,901,964
192,624,848
72,76,822
45,625
147,225,462
287,479,956
265,861
140,323,696
78,380,638
632,795
418,812
316,656
396,565,988
59,370,859
397,563,616
77,367,925
175,523,527
251,634,736
179,262,887
254,437
41,91,120
321,795
80,623,804
209,595,767
395,480
767,945
390,417,984
632,657
742,823,916
11,157,729
409,528,590
597,607,850
305,528,647
110,417,604
101,502,947
159,251,970
344,562,635
162,719
737,746,901
400,490,795
26,73,97
117,334
163,577,902
113,507,777
193,616
48,322,538
87,168,899
592,651
563,637,647
257,447,603
295,355,953
27,757,865
22,240,927
626,762,877
205,384,788
290,498
111,258,331
66,726,994
187,339,364
67,195
71,379,498
419,581,995
141,339,605
382,701,895
111,765
190,519,887
876,964
137,893,969
219,823,949
530,654
211,368,739
178,710,736
18,156,808
202,593,640
234,240,641
261,576
292,728,756
12,554,904
416,551,634
84,749
560,999
747,947,982
126,383,493
650,821,973
165,759
490,669
90,607,611
422,955
62,624
215,999
219,768
560,598,708
631,958
143,240,857
474,615,910
676,737,827
680,791
184,577,650
136,391,897
180,553
221,261,738
9,189,313
124,547
143,478,482
47,327,851
318,461
311,675,988
107,865,908
146,364,547
126,187,416
158,457
175,709,993
900,918,927
460,586,841
693,813,853
207,231,366
16,868
597,672
474,834,997
498,746,985
362,751
217,610,853
341,684
269,920
153,866
270,999
31,463,712
4,7,352
31,285,355
135,466
574,828,957
418,485,761
130,150,573
725,906,925
804,926
180,855,905
363,822
219,425,736
120,493,787
409,853
273,359,652
157,874
26,317,785
78,221,563
161,221,668
533,644,933
263,523
159,510,939
169,181,376
403,675,956
298,316,471
205,558
13,192,838
337,384,917
271,657
294,705
608,735
751,806,929
399,573
36,816,837
165,800,942
535,697,757
190,393,731
244,798
392,435,627
253,385,967
110,713
459,574
303,305
343,503,808
373,628,845
432,523,643
232,280,618
374,546,871
168,283
874,893,977
121,268,651
367,545,722
11,135,489
850,952
195,348,377
378,544,831
295,433
618,652,685
518,530,781
350,746,901
24,270,625
87,297,502
699,796,810
208,501,699
50,265,365
110,481,577
543,689
1,567,729
463,484,797
41,457
45,474,736
604,754,789
163,326
367,655,881
661,889,974
247,303,311
513,625,945
360,998
442,636
210,885
315,428,846
347,684,870
125,638
394,409,608
390,405
23,51,561
132,201,320
331,572,637
274,941,957
179,205
88,114
621,757
70,335,793
60,389,447
325,579,942
241,611,932
169,563,670
53,512,705
20,840
187,322
138,267,268
504,942,988
157,443,746
331,377,670
43,126,891
78,264,315
42,380,426
271,436,948
466,764,841
105,496,551
187,319,758
215,420,930
57,453,625
812,854,979
259,546
235,421,820
26,384,815
135,620,801
114,115,550
5,268,700
171,292,915
87,453
453,615,911
167,204,533
89,168,420
601,688,863
401,759
744,942
705,784,791
445,504,526
310,608
220,364,731
303,610,876
189,338,574
506,927
439,486
157,492,965
314,318,541
141,618,966
376,422,918
241,345,561
55,101,806
5,106,827
37,206,310
94,95,665
110,350,640
762,790
459,515,676
189,292,848
312,985
104,914,925
519,856
322,343,835
101,944,985
174,293
616,733,885
65,418,734
189,976
147,297,550
197,814,865
674,729
290,630,906
240,732,881
145,295,918
86,170,888
304,559,564
781,967
410,544,681
792,833,968
161,254,549
288,409
130,247,320
547,648
465,859,951
378,614
139,426,819
323,651
477,938
411,531
38,386
265,614,954
688,850,887
175,595,857
361,578,820
39,538
117,123,506
35,423,531
61,79,613
346,868
270,389,873
517,797,862
77,296,756
182,320
128,618,952
504,684,709
153,577,817
140,622,685
334,556,708
532,670,913
78,98,890
5,650,879
442,628,737
19,590,813
307,326,377
57,329,381
115,341,508
737,961
110,216,231
79,167,621
220,246,611
454,970
332,534
666,676,839
153,248,889
283,293,828
287,301,461
966,995
565,997
585,679,704
78,199,606
869,873
348,948
2,732,949
10,704,849
348,725,850
187,524,805
368,700,843
305,320,561
180,627,872
104,225,248
77,570,893
675,963
83,552,577
82,315,881
445,806,945
70,519,638
770,785,872
853,904
48,191,904
830,992,997
582,772
499,615,906
168,974
128,390,564
424,427,769
313,576
407,591,670
583,920
292,510,566
438,500,992
87,485,606
653,725
70,470,699
217,582
353,586,896
421,756,890
16,234,435
291,907
775,805
601,843
342,480,741
804,815
100,211,667
43,150,554
379,695,737
44,587,879
423,797,909
583,912
547,616
61,119,776
97,169,528
17,398,776
539,675
22,748,865
647,788
213,543,659
167,337,338
515,670
29,30,823
517,599,972
230,360,907
834,995
274,923,936
323,608
524,794,805
301,369
366,741,953
116,383,836
232,277,587
365,757,878
34,265
43,285
330,936
201,217,267
111,224,902
84,442,895
417,428,785
145,186,799
140,978
52,378,460
295,716
63,98,975
132,656
321,375,932
264,656,673
714,872,924
131,868
182,280,847
371,578,673
233,387
234,560,615
383,820,967
644,646,814
730,746
252,436,939
420,877
198,495,929
38,987
26,701,972
852,983
206,437,879
18,66,336
189,769
81,99,990
24,87
21,350,607
37,800
368,424
96,536,877
224,663,939
121,593,912
48,330,402
478,557,694
377,519,878
317,947
363,989
23,502
495,501,859
278,525,864
92,338
269,785,840
373,501,671
86,277
171,369,501
193,595,724
127,209,307
155,354,545
173,363,452
557,713
247,811,838
110,260,778
105,419
43,231
333,449,521
555,639,715
204,405,784
227,907
376,445,636
297,541
762,844,928
683,744,750
160,575,940
263,551,882
46,736,904
362,564,616
391,418,532
281,736,793
322,358,783
339,357,833
38,138,958
175,870,948
299,519,525
65,422,901
368,743,753
47,718
248,610
259,959
162,316,438
132,399,460
336,886
668,694
413,850
35,400,951
127,211,580
667,815,861
23,210,616
348,747
586,603
189,535
13,271,484
156,202,778
111,588,757
112,356
253,559
484,737
350,905
58,842,963
196,214
112,821,888
347,459,601
47,115,491
6,867
295,784
179,371,865
443,488,697
546,672,887
668,776,907
570,697
332,481,687
77,696,830
10,814,858
171,212,933
515,620,939
481,658,783
302,326,456
82,447,951
587,593,786
356,876,917
168,945
483,812,914
114,496,968
240,274,886
119,615,828
100,340,553
521,536
95,148
400,519,775
135,175,201
190,252,747
315,581,877
226,237,436
176,284,329
75,620
638,652,803
313,550,698
761,907
219,364
214,907
270,517,914
234,826
11,192,392
112,249
101,471,937
170,640
353,856
74,435,618
114,685
178,283,489
152,472,506
73,326,506
366,821
250,512,525
211,574,724
97,810,898
503,829,926
180,467,565
656,728,840
38,241,918
293,900
370,398,626
554,678
29,324,359
43,367,736
379,833
832,870,908
39,63,128
534,690
349,842
74,875
534,960
234,607,741
457,934
375,424,822
238,504,671
22,96,224
9,69,256
674,755,985
422,449
329,748,952
175,292,542
236,268,542
125,310
170,243,419
198,904,931
227,551,784
242,350,914
479,706,869
21,25,439
92,725,772
119,153,420
456,520,548
141,637
520,600,950
95,844,937
308,615,894
441,794,908
378,720
143,263,624
260,367,870
809,851
207,533,719
328,542,710
236,491
32,235,934
681,888
73,75,756
542,766
346,623,680
22,41,499
73,388
373,494,946
289,598,710
13,26,382
458,704,849
275,366,421
235,261,831
314,691,831
127,238,446
728,855
128,404
52,127
8,37,782
483,529,983
59,800
175,193,968
49,92,531
103,568,794
303,802
247,250,710
429,891,950
190,429,820
95,585,861
58,133,482
358,854
453,581,947
157,184,700
126,736,764
154,221,969
518,571,939
497,564,604
147,737
364,441,446
65,228,831
36,226,621
389,625
761,887
627,808,911
411,833,924
100,526,996
253,432,672
129,248,841
318,783
332,447,687
45,135
235,951
49,431,926
813,943,994
152,230
214,673,878
305,564,806
470,568
251,535,760
69,181
463,685
12,292,838
668,812,893
97,254,642
144,638
342,706
160,360,874
459,823,989
826,987
703,866,936
842,899
416,441,780
211,230,433
273,634,931
389,437,618
108,275,700
237,495
132,488,803
57,534,743
238,491,827
603,829,877
113,336,421
183,375
69,555,940
250,254,402
239,472,857
112,223,867
63,804,911
333,338
457,965
66,483,582
396,402
146,714,783
117,584,743
216,581
680,723
61,109
143,418,886
298,593,729
460,592
238,705,985
402,455,485
746,796,952
431,458,883
289,732
477,677,901
282,402,642
352,666,689
156,669
126,621
87,958
137,490
219,504,956
448,547
417,784
372,402,708
515,648,998
53,347,746
221,657,992
107,856
71,743
169,408,813
73,731,786
19,859,915
398,669
11,426,571
228,501,570
40,140,217
27,758
69,634,895
28,551,860
14,337,680
156,895
192,701,896
162,392,905
69,415,853
805,941
184,590
156,471,905
461,713,749
537,734,856
658,978
551,687,758
295,578
258,360
61,451,710
69,168,402
308,925
147,337,502
163,340,423
279,616
144,603,928
393,416,950
222,701,923
269,779
18,70,745
276,586,892
236,589,885
351,405,703
21,695,731
40,168,928
146,231
293,330,608
75,276,961
267,613,652
182,189,323
556,803
146,960
331,709
586,634
281,496,823
448,501
697,963
385,764,952
523,784
217,522,729
394,505,770
51,388,918
564,622
62,387,747
351,439,541
549,845,880
98,574,942
43,66
314,315,659
369,867
243,576,615
18,112,603
349,438,734
171,188,274
86,681
59,178,456
330,771
635,931,937
95,825,863
113,260,626
161,402,997
600,694,949
522,732,770
371,795
516,757,967
660,715,818
201,376,616
88,254,773
441,460,771
356,411,415
254,968
550,563
164,377,512
278,574
442,473,770
520,634,680
290,492,897
377,448,794
60,807,877
459,986,995
21,511,650
309,329,638
264,269
173,992
58,411,654
315,453,697
569,734,999
95,587,623
93,924
207,278,400
3,204,294
871,882
354,389,770
648,748
643,821,880
530,866
386,401,773
166,566,873
39,260,314
97,518
328,651,988
17,747,764
299,537,930
285,579,734
469,551,902
577,798,995
585,615,920
197,863,867
157,314
528,675
187,197,832
631,986
265,361,871
41,155,777
30,599,699
4,349,826
326,577
185,247,640
443,748,926
78,406
663,860
666,673,780
106,591
218,773
371,689,801
898,989
644,718,753
56,795
357,460,925
174,994
246,365,607
749,791,794
316,603,995
127,447
79,726,736
197,776
409,486,623
120,433,446
58,273
83,704,996
28,136,780
347,653,870
199,275,565
209,808,964
50,475,587
123,222,830
196,263,970
18,471,560
780,861
29,277,843
110,886,926
172,839
278,319,578
777,793
149,185,982
135,249,751
705,722,839
23,838
433,657,841
216,627,979
229,578
2,398,817
49,436,713
303,549,573
81,347
151,720,984
609,846
31,820,958
71,830,991
394,672,869
56,154
375,454,661
44,940,988
591,665,702
159,516
205,412,775
155,847,947
485,920
613,669
162,702,883
416,663,982
26,168,351
609,645,876
548,713
484,786,810
89,127
63,404,540
136,447
275,386,798
40,994
138,557,901
323,612,952
186,470
155,687,911
206,885,959
30,403,943
206,654,866
427,606,934
186,397,540
168,654,759
98,906,946
259,277,286
801,856,950
59,709
487,760,958
61,348,503
173,730,860
271,525,989
434,893,898
345,849,962
214,353,493
106,834
199,320,937
288,338,409
272,491,536
90,207,436
481,574
200,864
430,694
467,881
446,781,805
31,600,999
319,574
521,756
130,136,682
232,237,976
117,772
33,826,944
123,771,882
621,630,712
655,842,891
311,351,739
122,994
243,565,719
69,188,729
379,745,902
452,692,797
231,371,878
341,778
166,369
99,283,713
169,338,484
761,993
234,521,809
580,907
86,455,485
683,901
44,836
240,520
256,303,594
407,472,760
30,610,898
146,514
362,783
18,301,890
92,552
358,451,771
207,630
469,481,682
162,789
165,238,877
223,351,844
194,747
285,810
132,613,660
207,398,985
423,549,874
90,755,780
35,92
278,393,498
9,376,550
247,508,919
163,171
138,191,508
489,928,986
87,303,952
19,476,909
125,816,837
644,691,926
333,474,591
57,534,883
617,667,768
344,869
321,580,974
26,697,917
96,529
270,758
332,414
54,89
228,431,920
348,433,482
3,32,294
533,765,906
86,180,770
309,442,516
76,407,662
56,350
109,157,482
220,418,903
93,312,629
50,93
515,518
472,529,760
45,180,243
72,356,930
289,727,1000
192,854
648,661,817
139,175
352,901
57,996
445,940,960
41,615,726
38,73,502
306,836,957
541,708,758
484,544
477,628,952
354,532,650
659,684
4,427,800
116,385,472
51,616
200,334
563,923,954
150,159,676
526,576,659
670,878
494,831,964
492,612,673
109,767
236,351,751
439,765,904
549,777
37,274,709
511,832,887
328,388,542
22,750,957
1,890
84,567,906
757,843
19,88,535
313,784
71,311,899
103,369,470
25,38,955
127,245,772
303,381,599
452,884
54,76,183
666,842
259,508,664
265,370,394
461,553,829
529,926
305,502,539
452,545,665
252,279,619
50,115,169
195,670,886
509,776
522,824
522,609
116,263
299,748,939
192,474,728
617,714,718
181,303,722
173,276,705
161,249,818
446,589,949
271,632,638
81,576
48,231,632
445,610,979
301,637,899
301,855,969
191,273,526
615,715,960
713,875
50,169,409
638,800,891
417,566,956
324,368,509
96,793
36,157,470
709,827
265,327
310,331,490
787,823
18,407,879
395,482,794
254,376,762
283,573
95,468,972
249,527,700
399,433
78,367,622
211,926
195,968
672,766,892
226,457,820
346,746,914
337,342,415
594,912
137,861,877
133,175
299,481,648
313,557,597
514,797
733,915
165,471
175,384,555
475,611,798
36,527
9,962
412,791
722,876,899
102,463,638
37,418
131,717,868
845,874,992
287,375,785
360,865
155,738
368,635,948
886,960
502,847
106,180
528,814,962
237,943
283,943
613,815
281,930
879,933
71,164,701
325,766,809
15,216,389
861,964
258,310,448
133,721
225,711,947
56,201,561
71,876,938
40,88
291,369,972
11,40,898
438,738,950
377,825,887
32,983
23,222
48,150,1000
60,564,602
463,939,980
37,45,416
390,704,727
74,258,967
85,87,788
159,331,355
273,309,926
27,143,952
308,472,493
96,280,951
595,782
124,620,934
61,735
382,558,602
4,321,765
737,897,949
139,290,571
5,661,752
578,887,898
80,293,654
194,388,780
329,730
269,495,609
215,271,468
188,189,320
379,418,612
546,552
104,228,240
506,751
306,315,549
595,838,923
434,625,702
337,608
386,752,875
159,517,536
64,216,366
94,155,552
412,474,580
10,469,731
181,358,838
24,463,948
178,789,831
713,873,988
105,334,848
100,572,822
197,263,556
206,273
12,305,645
469,536,753
29,143,913
268,396,450
22,85,996
153,433,784
123,161,610
122,203,958
826,921,936
780,825,837
117,304
549,609,928
365,522,988
188,942,947
536,562
352,549,959
108,325,562
162,848,873
254,358
377,557,686
454,902
199,268,892
343,803,996
630,767,947
941,999
111,145
179,484,900
326,373,453
507,779
40,56,988
30,214,438
499,532,671
149,706,979
278,747,934
251,341,758
667,669
117,755
243,321,975
27,248,650
518,751,977
229,648,780
414,421,972
149,621,780
232,396,636
101,253,870
275,546,850
383,901
663,718
226,446,981
239,288,641
343,644
19,701
474,870
77,193,640
233,278,547
424,847,881
306,669,749
404,576
109,948,952
481,563,839
231,413,663
489,741,817
35,404
406,511,638
51,828,977
439,589,791
59,369
320,587,642
141,233,836
127,287,687
187,223,979
278,525,939
112,359,986
190,219,271
441,630,893
168,739,851
695,953
20,63,440
443,471,739
259,386
435,803,964
632,688,978
76,413
27,153,650
122,562,973
339,387,429
648,901,953
292,455,523
182,539,758
909,911
23,47,824
442,533,912
106,528
366,452,846
24,847
147,447,558
238,260,751
489,539,592
35,178,665
286,327,518
33,685,742
144,731
171,552,795
635,720,727
167,287,429
17,157,433
51,475,882
14,541,809
85,241,887
230,399,730
318,499,577
370,510,528
680,870
257,727
35,354,558
76,454,809
291,682,905
34,486,698
303,403
447,665
364,516,748
109,778,905
349,649,861
375,649,738
134,171,631
506,561,917
454,588,971
166,367,546
34,502,904
620,891
609,764,809
90,438,620
6,357
650,694
579,673
96,709
319,773
614,625,716
329,820,922
408,609,918
434,688
605,717,958
168,804
355,415,616
245,526
190,226,985
188,470,946
258,707,992
665,679
224,498,515
533,934
380,714,947
91,394,485
224,630,651
164,753,962
433,541,557
304,467,894
467,946
72,117,260
103,191,352
341,599
441,575,944
166,438,666
389,400,899
16,271,518
28,269,537
332,405,636
828,917,929
100,117,362
490,856
145,202,679
13,698,859
559,716
63,235,842
28,96,781
772,939
393,985
216,552,774
239,348,705
25,696,724
337,904
11,14
130,317,488
180,345
7,106,260
157,536,603
206,661,893
480,614,683
264,861
362,424,746
290,698,787
164,686,913
231,764,908
165,789,910
201,892,986
142,973
191,983,999
20,171,380
884,983
129,881
634,762,918
131,311,967
149,514,803
18,163,564
21,215,960
262,415
463,492,591
230,331,441
94,603,641
515,694,949
34,78,916
516,752,954
185,624,731
194,425,432
302,334,970
410,811,835
76,619
127,306,354
552,778,880
313,523,943
255,306,380
56,80
244,281,413
122,195,647
568,795,939
363,535,699
151,201,852
2,916,943
2,64
713,932
118,575,781
168,322
170,314
124,824
531,629,641
315,553
653,746,793
325,684,879
282,402,703
76,449,829
523,639,685
13,194,841
164,473,833
196,626,862
259,437
714,778
127,251
715,767
414,656,718
332,656,851
104,134,808
83,483,596
218,614,996
360,945
611,652,806
251,534,905
440,766,769
349,833
29,843
212,674
80,652,899
442,637,835
245,548
226,895
226,921,993
476,692,776
94,301
787,929
394,740,997
98,368,656
124,212
168,595,841
957,987
422,485,798
22,330,839
330,429,437
573,635,990
33,400,637
449,812,953
175,240
212,597,609
128,154,225
164,678
24,537,733
344,745,821
65,334,361
138,330
127,166,513
200,377,717
198,286,394
254,876
315,953
501,790,946
524,797,961
63,369
335,845
512,538,733
235,844,862
406,657,863
171,260
546,963
239,511,638
487,654
2,76,769
76,434
149,165,926
87,631,857
65,717
16,367,725
141,413,792
122,370,542
248,350,620
490,962
7,764,916
61,122,876
10,793
290,496
165,354,936
119,334,581
239,258,712
145,555
60,838
64,81,125
385,425,612
55,588
42,557,805
328,405,703
286,356,527
273,813
617,845
259,293,798
161,177,469
256,506,700
1,138
8,807,952
210,344
68,848,900
507,755,839
95,287,585
498,694,856
397,523,782
281,711
55,159,669
760,827,874
220,269,847
258,514,874
270,710
216,377,754
210,533
143,637,959
184,269,672
165,582,888
225,235,596
547,959
46,494,786
277,408,654
144,487,679
348,426,442
245,373,500
79,176,973
333,622
14,330,976
535,585,971
91,348,870
275,652,806
189,489,635
103,417,472
90,382,629
308,750,769
10,65,491
76,523,536
399,820,823
190,519
121,241,892
2,771
47,438,736
398,446
145,445,823
436,868
229,444
50,384,838
624,661
205,349
195,807,944
174,362,995
18,93,340
65,367
316,548,563
441,632,891
52,150,1000
518,632,996
19,282,502
125,360,680
393,869
555,735,853
490,837
7,676,856
88,351,830
351,496,696
360,731
584,822
102,725,792
513,770,873
692,746,886
321,436,781
370,387,872
373,430,679
32,283,408
104,385,805
138,174,530
184,239,507
80,191,701
430,624,842
531,581,598
589,713,855
61,804,969
477,588,832
129,621
444,464,576
741,901
585,768,803
681,879,969
23,129
53,262,349
432,745,933
252,967
27,399
521,809
135,189,610
197,849,948
56,718,944
326,404,583
602,637,936
433,833
273,444,674
29,41,207
69,234
45,428,744
912,945,991
255,483,789
195,540,668
207,871
657,775,793
387,826
479,746,814
404,563,704
357,651,960
406,455,623
356,685
286,527,674
143,411,551
110,143
231,692,845
55,159,816
413,623,806
230,589,839
142,505,945
470,811,816
477,619,797
739,847
117,264,681
122,159,665
754,998
13,151,683
132,194
143,442,751
94,146,310
316,418,739
98,660
328,498,987
212,269
714,776
198,427,607
310,465,865
40,71,940
556,566
313,496,647
189,478,815
366,418
838,951
165,551
30,331,508
214,271,823
399,521
6,735,780
36,944
15,137,875
40,456,812
176,503,627
293,658
552,862
199,506,651
443,456,684
793,829,991
349,676,886
360,406,708
269,319,575
67,233
563,923
97,242,888
275,647,928
583,725
25,70,901
15,202,324
845,920
292,732,826
20,644
71,357,979
216,769
32,811,813
226,680,992
618,782
244,683,874
487,679
722,788,951
580,887,935
94,819,957
462,712,922
283,388,781
292,878,916
274,870,909
313,338,593
639,709
47,321,780
130,264,756
763,857,899
660,771,896
71,267,768
476,973
191,275,328
7,406,588
153,214,992
350,361,664
132,135,674
364,749,886
696,992
290,330
45,248
138,376,382
286,289,745
324,373
362,807,972
14,923,994
495,898
174,217,830
258,841,916
46,210
179,780,944
378,429,642
242,251,336
183,864,951
43,245,535
51,328
387,739
402,616
871,881
148,254,338
481,925
105,447,509
38,50,237
89,708,840
288,475,680
244,361,930
544,851,898
575,930
148,542,549
45,55,103
347,578,950
209,326,431
228,862,897
446,497,792
327,368,998
411,633,701
703,722
186,520
78,488,872
707,843,982
222,328,613
92,228,617
35,374,695
479,845,967
722,928,943
642,649,973
426,577
631,807,851
105,267,982
601,650,780
92,461,978
460,858
590,674,773
138,869,990
94,314,946
2,739
688,695,960
493,850
476,713,979
232,685,729
37,574,962
191,198,256
31,452,543
484,881
277,322,848
157,856,886
395,794,913
609,698,782
630,853,932
6,566,631
528,546,746
89,357
41,47,757
53,98,745
195,318
143,259,648
60,404,481
257,472,843
417,758
450,508
893,930
65,235
384,609,759
446,459,677
224,426,493
75,109,597
41,845
13,55,276
284,717
312,700,801
58,100,782
259,439,496
752,794,889
487,522,594
97,523,645
329,515,615
42,506
467,527
719,734,833
315,589
396,710,724
388,596,809
57,842
153,499,760
522,642,788
61,359
536,843,930
228,604,872
22,393,676
93,234
368,822
80,159,543
498,742,837
568,579,775
467,789,905
8,713
436,588
176,234,509
270,658
14,98,746
115,928,991
297,524,569
217,360,915
133,923,929
458,739,749
73,147,485
408,664,759
833,835,959
109,661,993
48,292,294
684,688,743
547,946
248,607
100,458
250,313,983
12,587,913
119,705
238,432
157,187,466
387,507,774
378,610,832
112,900
377,448,736
141,398,878
44,865
22,126
620,810
298,334,689
146,622,674
255,543,546
2,484,693
545,734
404,532,773
268,282
3,876,885
24,575,638
107,134,263
46,629,969
319,415,895
366,517,832
179,353,572
143,630,907
431,960
277,445,799
102,525,776
249,333
34,635,815
733,763
69,391,648
312,416
530,943
115,256,286
793,996
225,551,809
36,351
120,352,854
129,474,870
63,100,551
105,130,956
312,407,877
13,352,668
518,542,590
417,543,909
229,651,723
370,759,857
485,510,542
839,931,988
194,241,634
162,859,982
353,603
702,839,990
562,601,848
4,348,480
289,545,937
221,289,894
98,266,790
117,138,280
3,14,34
892,908
120,680,887
154,197
778,855
590,700
111,731,909
202,269,778
257,302,420
100,368,812
196,671
571,638,965
666,703,715
104,421,497
757,810
107,471,526
349,905,907
419,725,875
3,719,798
332,400,919
42,140,282
144,292,625
285,999
278,515,823
297,581,869
153,312,335
205,948
122,199,884
85,159,681
83,238,530
51,193,616
497,732,920
45,442
539,550,719
594,607,993
717,776
468,629,917
284,365,535
37,884,959
74,720
330,887
51,168
24,253
63,673
383,388
280,313,473
210,402,527
342,554,595
56,182
114,567,657
80,635,931
935,954,967
156,671
681,756
318,525
29,46,448
117,361,553
330,645,696
270,363,493
372,784,801
367,790,955
430,528,588
145,950
148,217,938
384,700,823
12,577,978
714,952
906,919
265,402
322,409,918
484,851,991
375,646,984
194,221,770
44,392,932
499,585,831
126,605,961
8,552,732
274,436
9,327,595
24,270,950
281,547,908
599,627,643
200,794,958
30,705
301,478
297,726,753
823,999
41,601,979
20,196,242
49,352,504
244,262,605
805,957,959
429,626,755
62,500
13,97,700
196,542,666
258,878,947
424,632,845
55,985
240,346,845
297,658
532,964,971
508,573,897
550,857
271,750
334,460
749,893
673,814,841
508,797,940
64,707,919
135,485,561
230,440,522
726,767
454,706,808
403,871
148,680,840
81,427,586
112,740,876
372,448
27,137,670
21,640
737,793,985
15,16,932
517,786,874
169,282,370
270,429
81,95
50,415,674
137,552,662
623,877,984
84,732
455,457,881
168,237
168,322,634
168,250,439
51,317,803
477,770,928
424,725,975
297,634,788
94,871
325,697,946
180,229
336,525,633
243,248,515
222,795
158,819,916
2,385,663
551,744,868
280,344,594
202,662
189,490,620
676,809
728,730
695,924
286,549,986
241,636,762
60,732,797
323,455,529
63,615,831
733,995
513,938
110,517
181,698,729
376,623
268,339,967
47,412
296,694,922
38,482
139,889
25,411,794
127,407,984
206,396,931
348,493,965
766,914
174,799,807
180,756
71,241,408
7,470,796
609,773,988
39,105,592
261,906
237,334,589
254,345,527
251,424,785
517,726,941
106,251,260
86,509,637
13,79,763
81,484,753
147,647,675
81,338,724
28,560,728
99,430,521
777,821
177,605,699
37,188,989
650,689,792
57,133,810
644,822,890
847,947,963
119,407,559
344,538,594
591,684,744
26,42,818
80,217,994
636,721,899
134,720
5,687,836
277,356,634
627,629,697
556,564,942
24,520,602
73,157,243
252,621,731
514,663,841
100,137,621
651,732
649,863,952
151,491,655
173,226,948
581,582
498,511,580
9,351,836
660,767
388,394,594
438,484,839
120,238,728
551,756,881
495,722
49,374,846
472,741,845
157,600,941
138,657,945
202,326,443
54,76,777
458,559,881
443,829,894
75,954
224,319,637
268,738
225,500
22,313,670
221,829,861
78,374,732
154,728
186,656
243,888,898
19,26,489
109,422,557
247,485,618
263,622,831
658,758,840
97,112,175
61,236,292
224,300,736
258,395,695
468,531,550
260,754
573,654,660
64,165,877
770,897
388,475,495
129,778,904
289,915
2,329,913
90,153
311,414,612
447,898,966
209,364,886
634,664
300,734,974
28,410,504
657,690,837
498,742,901
216,540,750
15,222,230
134,662
261,716,777
314,367,582
245,272,875
149,501
27,387,925
229,572,693
15,54,479
465,477
327,754
78,381,996
142,345,660
247,611,674
119,134,789
408,463
23,662
163,444
131,133,400
117,433,484
509,706
81,117,690
136,697
594,700,940
200,452,599
97,478,977
183,527
398,470,517
272,447,535
89,743,744
408,518
84,183,834
169,199
340,840
401,579
379,620,916
159,214
585,819,836
122,401
374,465,993
461,504,544
639,934
288,587,616
780,930,961
167,763
272,424,576
42,55,71
15,755,863
741,784,832
342,404
124,443
203,988
256,342,899
243,458,520
251,366,867
842,923
516,781,953
46,187
564,611,615
59,443,834
432,674,786
61,85,824
64,261,885
566,589,753
177,291,778
345,924,930
542,981
170,318,369
393,635,716
351,407,499
109,819
285,605,619
213,427,594
428,585,894
26,115,282
389,733,785
91,122,274
329,575,723
650,699,962
30,748,825
354,507,606
161,206,593
95,156,631
201,302
104,235,905
286,711
126,285
770,787,868
183,322
511,668
262,534
309,816,921
168,172,951
411,636,997
7,187,545
307,579,668
790,980
215,476,741
67,343,789
65,99,105
583,962
357,619,820
375,681
598,714,772
740,938
211,218,504
87,97,169
589,676,748
86,119,757
601,914
46,482,678
49,296
394,654,958
680,886
600,699,760
256,923
288,439,759
275,621,666
309,474,776
377,671
141,145
736,816
341,673,974
62,160,870
259,489
330,506,619
538,634,937
15,44,856
251,403,486
187,921
162,196,536
57,498,513
12,683
915,973
110,195,845
368,757
101,576,912
754,831,891
647,722,958
3,878
12,412,646
30,784
94,658,897
52,165,937
425,829,919
97,510,612
158,226,229
120,880
217,289,657
86,198,798
642,940
377,941
12,654
78,411,476
786,794
707,805,959
57,301,877
65,124,627
14,249,402
93,383,639
320,495,853
49,174,709
772,773,812
458,839,934
97,633,1000
140,228,586
71,254
299,377,619
19,206,327
232,696
157,309,699
500,507,563
131,690,972
607,960
128,130,212
757,962
465,747
165,183,861
299,648,819
142,238,991
341,551
265,887,895
271,492,853
494,851,912
434,582,721
393,870
354,709
205,742,965
138,148,994
30,515
54,667,846
134,443,671
113,381,446
147,475
785,812,969
222,866,919
7,83,860
40,142,715
234,424,861
388,436,490
190,341,465
138,250,919
615,661,764
365,523,983
422,455
354,400,873
312,708,830
523,924
337,827
225,672
50,121,386
84,365,690
192,376,931
27,567,625
420,592,767
106,720
11,357,643
516,569,748
19,86,486
381,544,770
732,920
446,596,806
66,251
213,245,658
474,736
111,276
492,493,941
27,116,416
569,571
239,291,688
23,236,292
112,293,530
181,538,759
467,880
627,691,869
498,712
43,112,889
616,844
881,970
667,737,894
212,287,577
609,811,948
71,241,651
338,473,885
229,488,870
948,958
419,566,603
406,689,786
42,660
449,469,955
280,518,741
413,668,901
299,581
81,82,361
734,760
362,617,622
10,670,814
236,485
541,542,815
46,578
156,457,618
365,457
410,634,747
15,708
641,737,854
156,558,585
259,527,942
86,322,330
4,46,594
484,683
220,432,487
240,732,881
94,440,778
742,858,953
410,911
265,505,994
44,118
717,959
40,677,936
35,721,773
376,728,932
79,457,629
13,403,597
289,713,766
28,96,989
225,789
112,114
84,129
38,542,595
32,303,323
395,416,769
67,266,484
450,741
265,397,958
42,866,896
135,523
503,690,881
250,290
342,402
752,799
79,191,541
538,616
161,645,647
95,706,846
27,215,878
382,576,881
478,637,999
690,750,766
682,905
301,480
276,515
112,966
750,871
611,696,991
192,900
168,204,827
240,476,811
79,282,613
136,708,990
286,917,936
352,643,962
615,739,803
360,465
127,625,847
287,504,880
537,874,965
752,819,821
128,323,537
184,572,935
399,419
698,721,857
216,847,862
267,546,984
232,447,452
532,746,895
24,25,675
412,734,792
603,642
71,616,943
672,924
663,723,954
105,357,403
1,195,245
104,412,805
154,482,926
22,251,499
284,517,628
136,777
395,601,886
64,983
485,630,939
94,774
557,898
127,378,447
791,959
624,853
203,411,608
441,673,792
547,748,914
22,630
383,775,784
95,618
68,364
137,855,915
153,348,637
719,933
244,442,621
47,418,736
251,287,720
567,773,837
235,476,996
434,477,792
106,803
262,323,987
532,875,915
734,786,981
488,664,782
788,973
57,183,855
467,602,627
485,580
535,546
444,606,625
286,493,515
233,478,962
242,564,880
26,415,510
69,283,639
442,745,891
388,776
336,497,526
527,823,906
434,577,767
689,694,731
205,413,863
44,378
26,241,358
533,570,958
430,894,966
500,839,890
263,900,912
113,592,742
49,681,897
129,588
470,516,797
403,497
324,516,922
72,556,706
178,389,954
508,799
44,239,329
141,506
177,352,801
154,464,590
271,274,276
225,256,793
207,894
60,525,936
232,386
559,691,804
303,437
183,589
461,798
7,452
26,142,634
172,720
132,249,555
38,137
351,837
310,366,870
160,215,650
230,488,620
184,328,789
264,427,890
117,213,251
293,456,633
38,173
375,814,817
53,412
481,877
295,429
72,372,947
63,171,419
107,567
619,860
85,490,894
265,587,751
128,493,578
239,494,566
131,389,564
342,892,912
337,968,997
58,330,384
334,604
143,657,795
200,588,741
259,578,914
139,436,877
232,263,938
55,63,855
28,464,869
29,441,653
708,990
5,66,980
39,131,778
206,376,384
65,202
337,527,700
735,773
528,904,928
310,547,574
151,647
477,730,801
300,394,440
318,414,744
87,339,773
289,947
544,797,937
100,343,474
1,693,856
602,834
57,238,410
48,135,654
7,192,199
39,461,606
43,250,694
676,865,959
364,980
448,640,689
58,853
291,436,916
174,243,1000
673,677
177,229
211,879,881
78,243,444
370,848,937
285,881,981
164,517,841
545,862,890
5,214,295
395,723,843
251,261,315
14,771
19,56,740
767,940,971
78,170,350
689,797,861
695,764,898
695,752,886
62,200
397,414,483
693,826,835
539,618,633
205,641
128,304,739
397,722,771
560,793,835
517,712,961
13,675
42,360
373,445,950
132,217,565
560,617
228,346,744
38,625
673,920,953
249,322,613
537,736,976
169,496,852
284,424,878
158,792,948
133,997
189,718,726
223,592
660,695
487,489,518
326,438,908
50,342,356
409,678,859
206,508
712,909
378,464,469
120,187,820
214,369
156,240,769
757,850,959
49,223,550
69,458,555
467,739,871
681,905
214,750,977
347,620
93,589,894
184,287
833,870,893
638,694,841
300,347,703
593,945
14,217,305
113,795
171,599
5,154,887
541,635,838
58,338,392
520,742
366,689,743
508,554,617
180,427,739
70,540,949
179,567,599
114,518,848
156,325,704
92,461,714
427,810,907
400,474,944
125,889
416,676
297,502
552,790
296,319,712
791,962,992
640,834,942
381,543
132,726,749
170,640,900
693,848
20,714
36,276,398
477,775,858
187,979
72,225,469
174,268
49,131,497
19,135,817
99,176,357
391,448,741
15,39,552
214,492,638
19,196
376,719
359,450,523
451,883
24,387,865
217,277,505
478,547
319,621
374,711,956
541,608
196,431,658
475,508,735
187,642,880
7,127,341
700,876
92,925,932
224,363,484
90,484,821
460,829
364,693,986
420,446,671
592,652
526,690
435,875,982
601,648
98,803,807
118,254,792
333,911
273,358,541
580,824
104,373
232,429
157,251,773
369,424
412,716
946,990
239,586,796
298,424,926
493,712
909,923,986
33,619
170,187,649
340,825,926
235,359
4,418
275,752,799
411,682
658,754,842
820,985,986
102,516,845
296,537
793,842
195,799
313,539,759
31,284,953
55,580,637
400,842
165,245,509
412,685,823
387,619,907
118,645,664
80,340,999
493,529,982
363,475,879
164,482,827
115,417
575,637
75,613
776,972
186,216,953
158,452,649
81,118
646,723,817
156,375
15,274,619
215,647
173,843,985
67,438,907
455,876
308,358,791
9,282,991
316,697,704
561,612,768
499,546,605
80,555,977
747,752,886
516,716,764
197,734,864
211,868,971
278,628,842
714,727,847
105,154,966
345,768,831
449,488,849
181,787,983
194,309
569,948,985
347,974
160,164,637
354,394,437
94,140
467,575,827
391,591,956
11,48,388
51,305,936
531,889
428,462,862
720,902,941
651,701,763
60,81,887
32,867
44,208,992
111,163,177
424,434,653
498,605,680
22,68
13,601,715
54,203,372
180,750,881
563,799
141,911
270,400,713
17,122
133,147,660
181,468,1000
54,269,532
588,887
334,577
416,420,749
646,663,668
170,422,526
211,272,410
332,617
139,395,571
77,123
326,657
177,465
121,289,329
639,675,997
619,716,836
45,813,896
294,505,951
349,441,692
151,671,732
182,733,779
537,820
41,299
330,585,955
114,715,917
324,534
208,660
590,896,997
569,748,953
406,717,740
105,145,787
127,131,440
568,790
281,452,952
143,155
641,881
100,787,869
414,435
185,800
191,283,394
441,816,971
439,759,958
139,539,583
49,65,332
259,277,535
336,576,732
658,884
74,156,289
36,895,901
827,962
329,602,640
62,101,295
636,740,859
356,647,767
347,760,959
454,745,768
39,522,964
386,715,844
399,697,848
73,138,595
194,464,743
604,658
146,835
460,744,800
173,406,734
23,937
224,493,749
24,139,420
27,736,797
284,406,793
357,882,983
139,341,749
294,634,830
762,773
518,708,913
707,800,971
289,915,946
35,598
188,263,768
406,537,677
197,401,561
418,488,666
380,424,662
185,1000
618,647,931
59,615
131,171,453
124,798
591,672,984
81,428,964
769,971,985
110,463
787,818,866
372,693,930
189,294,549
19,138,222
468,668,830
384,747
9,198,844
80,861
33,190,472
31,820,987
203,266
99,679,933
614,877,919
209,812
90,407,528
413,690
613,815
367,812,933
697,824,962
236,541,624
486,919
103,497,858
262,801
484,952
632,965
45,459,922
550,654
341,979
300,579,864
265,555,664
126,235,776
274,516
774,933,955
308,320,405
93,602,614
414,650
151,392,701
173,741,749
111,430,799
110,548,582
420,750
353,481,807
701,848,918
303,320,795
162,305,360
31,208,347
196,630
163,324,545
463,705,903
733,739,969
366,621,909
193,742
473,485
882,972,986
65,454,812
239,295,864
512,856,900
128,791
116,661
85,288,313
97,254,337
552,747,826
167,394,409
172,359
104,130,172
363,716,837
139,503,557
217,333
531,807,862
293,406,632
172,631,871
256,450,900
284,823
317,462,875
449,685
396,530
23,26,815
517,581
101,374,429
85,175
223,273
478,517,865
290,561,710
39,826
86,640,983
356,463,698
4,826
104,454,991
131,346,669
543,832,879
405,815,896
167,388,618
154,192,230
430,606,875
618,647
115,346,416
275,674,912
538,575,867
834,861,972
335,436,653
137,583,829
432,554,588
94,108,193
168,721,812
215,747,921
336,520
66,92,134
458,682,953
825,832,874
251,296,468
391,812,990
265,639,740
161,288,900
3,181,559
321,399
514,568,820
435,679,752
271,755,993
147,189,590
6,112,311
154,851
128,942
83,581,995
394,594,696
688,840,934
663,817,893
47,592,827
253,568,612
750,802
138,292,840
87,852
34,747,981
201,554,771
515,823,844
330,344,685
468,746,956
87,198
13,506,606
535,799,807
269,422,906
113,261,576
222,398,878
204,208
377,601,814
370,415
57,551
382,498,526
87,530,878
639,876
103,143,668
135,151,568
724,945
95,275
338,365,561
95,743
180,379,562
205,215,837
123,252,435
427,561,866
462,810,863
133,968,994
554,632,972
448,482
318,595,710
259,557
157,411,885
582,800,807
213,475
65,871
166,458,559
222,590
56,201,763
105,162,375
246,363,905
259,895,983
85,751,927
12,133,192
30,261
227,594,877
113,503,958
420,651
219,515,638
57,142,268
516,889
483,777
152,882
297,767,788
295,747
165,406,551
41,288,717
107,362,613
248,335,716
30,331,921
125,900,909
184,357,471
41,46,628
181,356,645
436,498
349,421,532
256,852,896
26,473,639
92,99
79,651,912
535,727,739
22,160
356,388,642
387,677,734
274,547,709
44,278,887
239,730
324,583,871
303,828,882
517,599
177,549,842
297,701,788
308,728,929
353,686,999
424,563
356,848
40,88,945
325,378
33,237,915
114,185,189
54,758,800
222,237,478
338,405,798
416,511,795
45,196,717
68,229,296
272,419,974
288,682,863
25,125,957
290,609,973
91,748,980
686,718,922
41,535,751
333,777
318,453,667
468,856
198,279,422
449,872
107,264,769
532,563,831
522,554,876
561,943
322,395,806
439,815,848
445,468,701
330,721,918
517,733
389,457,932
430,505,768
102,406,784
286,345,541
404,417,789
311,700,830
49,301,456
101,319,747
140,254,386
349,513,519
251,581,602
69,195,254
540,720,856
119,209,899
108,219,780
424,671,706
56,307,534
20,272,829
524,683
112,338,798
217,853,882
48,408,615
646,746
50,409,610
51,489
610,823,907
219,524
554,687
588,607,877
642,829,948
258,308,954
162,288,435
528,940
106,627
37,483
102,514,962
405,662,752
17,229,791
547,575,935
271,605,760
51,439,587
63,445,881
142,547,794
140,641,735
158,493,939
121,265,344
135,270
264,873
421,950,962
111,418,791
487,727,865
37,433,630
5,287,699
180,900
578,589,900
441,841,921
85,640,900
128,574,673
45,164,989
358,643,959
221,304,673
188,868,966
519,715
222,731,985
450,861
208,265,915
400,617,848
109,271,901
367,558,734
36,317,437
195,311,327
140,647,866
280,282,623
2,44,960
73,623,943
138,292,330
200,849,949
395,514
78,661,663
13,14,330
17,192
550,852
451,512
852,992
329,424,620
25,135,216
407,779,933
243,248
66,572,764
464,746
366,391,975
2,179,281
391,435,693
24,169,763
270,551
704,995
401,424,607
557,601
349,793,837
777,858
261,336,983
307,826,921
7,79,214
358,590,685
599,620,943
107,185,687
700,799,951
15,163,718
212,443,990
18,290,419
73,320,919
342,450,719
148,320
76,177
167,189,844
89,163,671
187,295,415
901,998
270,856
35,243,497
569,916
493,670,959
363,551
296,337,789
368,877,946
348,845
90,433,827
406,416,981
53,768
596,754,766
444,766
82,497,669
200,387,623
783,913
573,635
416,736
71,112,639
213,744,963
1,496,880
507,551,576
112,510
375,430
472,492,683
413,436,442
651,886,914
22,961,980
179,442,707
381,697,992
370,432,919
410,462,488
748,797,903
122,299,788
628,652,713
398,453,654
515,736,810
886,922,957
85,800,997
97,698
590,642,888
80,106
395,612,874
82,369,956
543,693,959
221,604,667
121,358,506
69,247,983
373,548,617
387,630,737
297,468,859
181,678,759
135,484,609
318,847,942
564,658
200,248,253
77,562
326,389
163,407,768
555,857,988
104,514
211,820
598,674
392,812,837
150,569,572
331,859,881
10,216,420
264,875,888
202,299,762
460,517,652
942,958
199,279,654
312,708,964
459,620,813
28,583
531,566
390,403,513
531,702,834
640,682,859
346,604,966
600,944
217,609,919
99,209,754
488,721
143,626,748
149,496
565,985
538,621
373,682
176,566,626
23,472,615
811,987
199,660,677
875,902
67,863,954
31,181,910
477,761,832
355,683,883
241,678,852
450,664,940
121,983
428,625,691
84,340,627
228,477,751
458,639
24,492,909
21,395,781
70,529,784
378,547,679
92,105,106
793,952
273,633,763
420,509,849
254,549
96,369
138,900,931
774,790,800
217,505,593
199,694
556,609,948
539,765
623,788,973
68,307,399
19,51,206
85,290,824
256,854
558,890
25,230,519
324,529,676
253,379,395
64,227,365
96,620
33,309,688
42,223,495
658,847
478,774
240,428,631
387,712,876
391,644
378,867
411,616
48,762,818
533,873,877
143,408
74,332,829
324,548,984
641,702,714
522,540,914
330,611,685
260,722,750
153,524
612,744
217,636
613,937
53,354,536
10,252,493
193,422,647
303,624,849
35,432,456
151,154,496
151,674,896
408,759,857
176,231
644,681
12,392
67,299,843
622,766,965
86,385,811
403,631,774
185,424,912
579,647,883
164,436,478
33,300,889
587,623,818
111,219,607
757,935,987
373,786,793
342,359,593
59,95,428
215,595,604
173,680,810
168,210,633
859,949
572,824,934
481,641,834
94,329,416
769,831,882
9,315,614
123,411,873
225,526,604
40,259,496
556,598,739
83,964
337,351
388,486,539
143,631
564,841,900
271,647
231,680
441,676
225,587,704
143,379
35,839
797,923,939
207,385
213,327,519
56,73,938
642,759,977
465,883
126,795,870
170,272,460
419,427,894
336,687,946
35,289,625
2,101
543,548,791
792,821,954
8,126
88,982
36,381,804
142,886
222,344,396
37,908,980
225,357,966
81,150,711
288,486
116,482,825
390,586,979
26,69,678
544,559,862
824,831,860
51,273,635
2,543,752
925,955
166,577,902
417,454,469
15,67,676
281,345,724
17,108,366
367,381
63,404,500
347,353
7,376,799
209,690,851
196,461,753
247,365
530,766
689,760,805
208,860,916
358,685,767
81,308,915
326,453,490
418,663,949
177,730,757
94,349
314,417,606
341,581
171,314,689
616,635,983
192,630,900
151,421,562
469,556,924
546,614,963
478,492
183,851,925
705,851
363,889,893
92,245,667
802,834
534,743,844
862,898
349,740,824
76,81
257,449,598
86,95
100,731,821
143,396
457,870
82,341,453
85,102,473
325,381
32,666,838
756,831
14,376,674
167,388,623
77,721,943
217,293,408
130,656,714
831,961
106,702
131,536,615
396,445,735
683,854
101,791
77,81,870
162,302,341
425,742,874
422,485,813
129,207,545
153,424,510
377,457,841
77,505,848
514,928
649,796
614,679,758
342,510,762
261,970
95,725,728
98,161
432,940,951
404,788,988
23,73,185
707,715,895
52,614
112,686,864
291,810
163,499,745
384,522
134,420,544
131,224,898
140,232,664
98,206,570
67,280,511
503,694
158,642,748
225,693,699
98,704,970
511,855
240,629,964
820,827
237,422,815
341,377,944
119,138,926
420,484,916
474,759
135,386,859
252,566,600
717,907
104,629,800
159,858,962
85,522,675
433,490,699
80,217,436
298,579,917
209,235,682
389,551,933
627,679,684
178,553
643,800
307,631
237,265,592
414,484
149,298,350
82,542,825
308,494,934
71,323
255,814
719,931,951
87,181,937
96,157,307
389,419,491
476,688,863
142,583
339,820,878
37,441,607
607,908
180,513,551
61,648
25,329,515
413,597
411,496,964
476,677
195,696,892
177,187,463
271,836,939
162,357,851
20,134
413,498,749
288,477,694
527,685,895
511,665
208,470
562,710,986
192,351,356
823,845,989
459,552,653
218,576,877
466,543,579
626,811
263,549,766
111,173,746
672,702,779
134,333,708
204,955
443,599,698
29,351,519
156,340,669
103,132
58,345,931
153,805
661,917,973
118,770
334,410,685
254,654,818
260,808
345,933,997
244,347,363
215,514,967
106,216,708
97,451,555
288,594,771
73,259,735
127,359,764
398,571
294,700,729
346,697,711
176,297,350
678,701,847
198,505,678
423,764,994
450,508,523
309,339,605
161,286,991
166,533,720
576,828
456,679,822
520,853,887
156,582,591
317,414,833
236,923
28,114,706
75,546,711
426,810
655,858
267,323
124,563,783
692,748,821
193,195,848
162,581,800
8,797
28,354,946
315,801
5,213,402
298,589,644
150,562,782
282,601
102,179
64,106
2,43,207
9,696,983
760,950
90,324
419,868
376,402,830
418,944
109,190
548,550
329,588,620
10,862,969
820,948,985
359,797
265,773
480,868
376,876
157,842
354,544,866
655,942,956
692,793,835
142,153,246
58,453,728
206,286,508
402,830,988
16,687,697
377,646,843
500,969
538,687
650,694,985
242,362,417
164,219
74,597
258,794,939
174,991
59,536,706
27,661,820
392,487,799
242,258,699
79,415,815
430,462,679
616,639
229,492,887
522,610
354,514
296,337
353,396
32,444,619
388,514,527
227,387
392,597,882
57,553,603
164,179,832
622,681,969
23,188,512
99,242,932
739,779
68,891,893
39,209,681
525,844
432,873
50,549,977
136,235,488
90,391
54,216
82,718,804
92,581,947
222,401,634
241,495,518
163,504
425,515,692
829,864
218,563
137,582,996
262,944
343,458,480
150,160
145,238
208,393,695
320,959
263,625,979
347,981
169,408
62,96,621
481,651,848
318,582,872
423,553,932
360,506,915
536,917
227,792,797
49,346,727
144,361,816
65,463,540
325,655,871
267,523,712
92,559,942
206,406,800
264,419,964
426,498,668
256,735,738
253,507,800
368,390,403
253,649,962
320,595,764
150,677
54,89,355
177,941,949
47,764
270,638,878
210,539,884
216,663,705
225,319,997
345,425,820
284,404,879
57,251,346
215,420
527,808
38,485,818
184,228,467
28,702,753
76,724
449,774
549,651,844
101,559,573
379,399,873
88,733
56,201,723
94,229,503
21,731,750
729,767,799
187,307,638
222,848
454,948
91,663
665,839,942
73,241,611
45,187,792
191,623,885
31,163,445
3,685,919
108,319
495,556,558
315,604,800
108,229,760
27,716
263,403,509
224,837,858
351,617,693
323,550,904
272,334,645
89,471,681
455,733,808
300,503,736
131,365,579
195,842,920
94,337,950
177,365
63,655,875
506,696
113,702,875
249,254,409
390,947
69,250,943
378,897
256,719
79,85,167
190,957
71,117,202
562,945
247,537
246,594,980
75,153,650
212,289,367
736,756
173,630,827
409,523,962
382,676,826
139,226,413
284,363,578
318,766,869
84,809,867
312,326,663
44,229,514
23,459,901
918,983
31,53,575
167,408
188,461,726
38,175,487
282,470,974
751,845,863
333,747,916
16,732
164,501,904
137,435,807
106,701,795
2,418,547
238,583,706
9,151,538
444,471,570
239,646
97,223,640
4,794,908
173,514,680
365,649,752
176,982
185,221,547
236,924
69,328,651
34,320,773
351,659
177,296
365,482,599
466,476,484
425,502
566,984
355,723,841
94,149,534
466,907,957
395,400
94,483
253,673,993
125,537,776
432,898
461,624,769
447,825
58,109,226
125,683
71,268,917
24,239,248
80,254,647
343,534
323,333,669
94,481,881
506,828,920
7,774,803
250,388
119,339,771
67,432,898
188,451,989
452,864,921
96,922,961
789,829,925
414,657
227,575,957
152,858
139,369
190,537,797
342,409
18,264,839
511,788
278,450
828,876
497,540
240,725,797
36,479
310,805
2,454
302,855
709,712,742
71,359,997
99,499
214,305,325
68,102,335
74,140,275
420,592,714
593,640,968
386,606,956
313,850,873
252,399,738
296,347,575
15,265
47,151
655,834,839
317,624,887
133,402,674
525,578,717
114,201,507
200,801
170,984
675,849
237,591,793
678,761
99,261,456
146,751
712,886
358,703,715
117,357,720
502,940
424,920,934
316,417
10,97,956
62,228,784
93,374,479
110,457,823
236,250,636
435,615,880
73,554,994
536,606,946
133,799,828
498,621
807,984
17,914,954
87,161,634
134,725
847,929
699,733
303,618
406,655,840
265,927
29,88,220
739,745
108,930,999
255,320,792
153,229,474
96,253,760
411,764,871
571,620,832
451,763,767
169,998
97,111,775
146,589,976
424,873
661,865
198,548,786
77,797
174,303
127,443,458
113,368,521
