541,743,776
569,617
461,615,616
889,890
781,832
89,350,538
323,864,1000
124,612,819
379,389,684
297,739
140,716,735
62,151
154,916
527,601
51,967,985
70,538
689,786,930
290,538,825
275,904
490,606
502,693,706
279,395,527
259,578,708
310,368
139,269,380
419,657,665
702,882
606,621,992
584,931
54,74,323
59,62,408
316,502
303,562
41,839
108,535,651
523,951
128,696,887
118,531
91,371,818
122,950,989
701,844,862
91,335,975
413,431
176,437,534
216,903
87,705,918
238,513,604
222,470,804
247,670
373,636
91,489,658
16,868
199,758,988
190,867
224,675,788
285,402,937
198,593,660
76,278,755
163,484
3,281,404
111,648
154,435,750
303,748
801,927
145,342,729
32,819,830
105,422
58,226,889
438,640,794
24,583,804
22,97,472
67,90
175,843
71,515,762
301,648,892
121,343,564
51,732,937
162,466,486
179,257,690
589,841,883
329,361,395
356,646,781
587,779,823
18,631,951
77,187,785
28,113,868
31,136,378
136,349,397
5,13,770
110,625,912
107,552
191,898,963
315,442,770
18,905
137,409,593
78,881,978
805,999
24,40,985
142,241
191,743,987
419,946,982
391,453,470
73,441,610
22,653,892
590,603,937
845,884
490,831
196,792,806
336,385,704
238,789,854
537,920
144,929,933
141,371
309,972,982
550,644
186,494
432,485,565
399,930
345,496,804
12,526
784,870
440,533,583
153,688
81,602,876
200,445
69,205
421,720
384,547,769
460,677
31,697,718
374,708
98,237,727
311,812
46,872,960
395,439,454
262,763,776
461,800,938
352,553,698
270,496,692
143,435,707
1,504
109,747,909
169,678,824
756,892,999
268,499,935
78,300
409,526,977
160,249,428
775,868
71,207,982
287,847,967
214,389,700
91,767
294,771,799
490,883
364,868
703,858,864
23,217,964
504,601,718
219,942
319,623,990
205,552,773
3,68
156,284
378,583
346,618,885
133,272,386
18,588
201,680,919
450,993
530,634,976
47,98,412
77,576,792
60,288,937
726,954
430,641,970
163,682,694
379,774,818
270,897,907
780,901
640,680,993
505,509
96,459,765
35,773
738,784,854
587,716,776
364,410,702
42,273,484
403,452,828
41,956,991
130,595,890
435,745
141,674,682
483,715
244,811
345,791
452,541,987
331,361,674
268,350,531
148,316,673
67,420,490
602,758
546,551,630
149,365,480
61,234,706
349,468,822
366,969
412,533,765
650,937
157,397,837
448,591,874
529,736,972
346,987
456,737,907
116,179,539
322,479
566,816,910
594,973
216,492,845
48,280
103,648,919
314,433
481,500
318,614,926
391,683
153,501,852
319,927,953
472,874,983
91,733,985
183,343,645
289,571,782
366,829
124,145,594
454,456
722,851
9,337,655
78,284,810
447,554,833
299,334,1000
208,572,641
85,239,740
47,98
207,292,450
177,866
381,485,749
468,580,602
29,602,720
500,665
230,305
533,756
180,700
228,387,552
310,504,850
458,588,836
37,206,586
109,616,719
179,315,687
174,437,538
605,856
108,916,938
661,754,864
299,366
284,332
544,639,885
26,517,953
40,880
731,756
14,877
493,916
496,802,900
664,763,867
258,351,462
193,731,996
153,359,976
250,257
31,779,1000
329,830,854
406,887,979
92,110,830
217,336,951
690,769,804
304,710,930
134,985
434,574,777
106,527
554,730,885
134,206,927
70,201
486,941
195,687,975
322,464
88,505,774
386,411,977
27,668,730
28,605
40,49,722
39,543,657
44,132,974
174,259,809
388,393,792
336,939
139,149,694
399,423
116,553,900
709,731,764
142,400,826
119,144
331,416,871
462,642
138,489,584
25,386,576
91,714
53,169,261
210,947,979
26,43,604
204,463,515
164,186,333
253,408
573,894
166,320,698
837,841,933
144,521,851
30,87,702
70,160,753
619,762
271,529
22,298,709
75,566,699
14,172
248,889
450,648,968
300,483,954
43,292
197,720
227,384
522,579
203,274
120,543,575
301,936
139,750,884
33,167,861
358,519
452,691,755
158,428
558,637,994
122,342,701
128,623
248,720
58,904
179,326,469
247,532,692
65,445,536
403,817,871
196,379
783,957
99,757
45,419,867
617,648,967
394,628,670
52,300,359
152,174,210
189,285,458
233,304,571
514,750,879
697,698
263,502,996
593,776,889
638,698
274,856,876
39,84,332
390,549,569
48,112,441
464,481,849
182,239,744
52,137
143,978
263,634,765
202,228
59,214,531
12,335,937
433,517
750,925,953
396,453,824
645,664,774
176,782
603,884,904
381,448,503
233,350,802
392,490,675
458,644
200,397,564
137,175,754
496,641,911
98,455,935
180,338,611
134,674,814
46,55,157
726,829,844
95,129,440
254,271,303
341,478,737
121,665,864
395,490,504
48,642,924
10,162,714
71,390,555
357,860,973
761,918,982
349,427
531,576,737
287,817
245,521,583
69,753,824
167,912,987
94,122,818
147,224
134,273
465,490,842
332,730,789
450,851
78,90,202
3,523
76,234,441
534,765,904
263,271,319
297,318,605
70,714
273,404,966
101,558,841
638,827,953
162,528,571
41,133,546
587,733
248,604,775
101,521,751
230,514,664
432,946,984
539,651,848
56,279
387,513,687
210,212,955
143,960
335,691
42,299,965
1,384,893
155,819,986
144,240,718
20,416,683
90,452,582
336,585,631
124,210,299
10,191,986
202,225,689
560,640,648
27,604,986
686,706,960
646,863
301,737,793
214,470,644
197,552,799
312,489,815
531,595,940
264,429,641
28,233,490
355,591,676
317,346,803
136,194,285
433,885
89,710,893
178,337,814
458,471
307,577
351,678,804
76,466,501
54,510
195,325,563
524,722
149,722,852
65,833,996
4,44,854
59,621,788
168,186,665
20,66,761
107,560,837
199,371
358,927
766,888,956
42,182,565
335,664,776
63,803
514,594,952
219,477
152,268,922
8,462
239,273,485
462,584,781
28,787
481,600,762
111,789
142,839
93,494,844
10,688
18,65,84
310,325
600,981
110,453,931
117,775,843
487,490,505
392,430,433
287,941
46,227,681
310,538,773
419,469,633
508,730,817
202,473,669
403,511
298,472
373,654,679
58,699
207,473,872
100,340,695
243,718,804
448,449,998
301,369
24,291,712
860,981
139,242
458,475,965
141,432,818
122,764
765,963
737,809,949
491,639,642
170,563,853
76,84,472
397,506,720
60,140,320
43,385,657
402,528
455,827,925
639,656,862
482,697,897
660,910
197,208,746
436,506
181,917
576,975
396,724,872
135,467,839
698,703,768
89,618
26,469,729
300,601,659
189,272,749
375,484,721
370,538,654
301,347,996
439,727,969
752,769
87,111,889
258,924
83,543,667
488,836
405,723
672,836
188,566
589,627,796
543,737
281,897
239,536,689
113,621
170,401,553
358,645,714
557,614,899
592,787,992
78,295,396
350,462,864
82,360,613
305,713
101,611
267,609,720
168,467,618
463,915,939
237,744
827,833,997
267,442,952
330,405,618
367,576,665
156,159,563
120,815,848
393,608,938
213,662
81,452
645,697,898
502,748
8,173,467
251,587,641
156,667,856
114,243,599
444,488,678
457,693,918
243,720,732
99,561,698
140,161,932
432,549,682
176,417,563
167,306,996
172,462
246,819
115,297,630
186,255,293
310,504,896
179,305,690
3,469,498
400,834,983
50,759
312,524,760
1,191,242
296,903,946
522,732,918
467,644,822
288,408,728
93,335,498
42,716,967
34,936
384,508,776
227,350
290,721
283,512,780
346,514,632
397,416,604
84,705,971
68,125
451,506,522
72,89,580
141,634,828
136,253,488
270,609,923
783,905
61,299,550
363,630
26,172,328
38,549
524,715
471,843,994
514,646,838
270,851
311,686,713
167,877,937
45,527,607
360,824
323,948
73,587,961
169,214
628,950,973
219,553,953
486,528
482,960
579,826,831
58,432,708
284,775,784
381,404,891
951,999
405,923
341,538,906
265,281,468
71,105,954
568,638,805
39,995
278,327,396
531,816
1,940
585,662
759,837,838
74,283,958
103,379,674
31,403,736
228,284,686
180,480,761
362,682,778
512,995
223,325
49,528,833
385,658,983
29,220,833
153,556
368,538,585
109,708
137,248,399
500,501,524
519,966
329,345,488
109,412,576
60,215,736
317,722,762
300,730,774
276,369,725
529,685,798
260,291,313
128,242,401
182,743
91,237,464
512,714,818
194,602
47,642
551,776,951
385,876
14,416,692
268,883
33,676
300,421,509
648,696,989
267,634
30,67,810
107,489,574
20,429,945
167,229,474
90,666
482,731,886
440,513
472,844,861
406,713
207,653,768
74,698,734
121,354,955
23,228,941
200,718
33,511,868
188,636,919
147,160,923
684,826
470,623,712
286,678
28,266,624
194,317,699
300,347,850
276,749
28,985
5,849
150,361
99,367,971
446,565,722
299,632
65,117
67,338,906
33,62,308
408,713,857
200,570,670
292,923
175,520,944
410,703,706
533,562
518,817,958
410,578
172,806,888
148,786
473,674,706
60,863
594,664,929
636,770,961
378,653,725
398,589,822
251,321,980
73,193,716
503,554,583
152,431
260,373
251,872,964
98,608
244,283
118,192,742
298,412,613
17,460,742
514,625
771,802
157,664
19,212,943
479,617,910
333,474,498
420,626,840
92,328,563
156,377
127,732,944
125,453,512
71,203
783,784,863
470,625
284,478
262,565,682
294,765
44,908
12,915,947
956,974
301,440
228,320,999
352,551
756,921
392,620,964
492,671
69,294,704
75,527,811
216,591,718
378,434,650
671,706,892
93,224,583
110,504,626
211,392,892
530,654,853
402,778,812
147,165,207
318,702,801
301,904,974
624,756,776
142,576,765
332,376,707
26,555,878
264,525,783
11,58,932
24,201,512
214,269,560
22,70,734
107,284,923
402,919
403,666
14,480,692
513,732,915
91,149,850
84,179,795
837,909
8,336,872
79,419,958
596,959
207,306,378
526,823
165,266,723
359,601,921
642,854,901
419,878,996
51,650,964
466,893,909
212,865,876
84,373,637
193,287,658
64,657,772
201,524,875
447,579,903
224,491,957
78,310,745
15,485,644
204,297,794
542,622,890
36,384,732
394,439,721
105,356
320,688,901
338,496,683
49,485,757
19,121,685
386,515,747
281,458,670
634,804
493,499,811
264,340,348
17,359,740
84,251
117,508,719
489,581,600
757,782,859
593,708,867
488,940
250,592,838
117,922,930
152,312,494
231,388,405
459,504,686
181,898,960
638,817
98,320,518
125,328,850
269,808,974
5,88,734
36,429,896
20,321,855
694,713,948
547,700,900
566,809,867
390,980
32,944,950
420,721
172,219,746
432,860
25,404,531
267,504,804
555,798,974
52,672,851
531,876
204,354,601
346,371,922
441,748,877
486,764,798
104,714
347,386,809
178,681,869
31,191,713
333,538
631,727,993
400,519,781
193,327,598
220,371,918
154,251,845
1,832,980
414,877
336,572,574
151,900
132,310,928
716,850,1000
578,973
391,968
267,804,998
113,404
633,785,956
523,547,584
28,731,878
452,875,927
365,486,731
161,431,751
115,209
743,921,977
72,374,879
167,430,706
165,206,502
48,528,595
62,428,891
119,216,426
517,781,845
519,532,820
756,838
422,912
735,758
49,113,409
112,435,787
523,970
157,784
107,496
573,650,786
319,709
356,870,884
51,621,912
18,697
171,326,332
481,485,619
11,155,477
442,452,935
153,192
54,350
772,819,987
125,515
157,626
16,267,297
631,890
425,837
292,683,946
664,852
24,139,215
338,565,628
107,531
262,287
45,328,716
6,341,782
400,486,992
71,974
298,378,598
8,390,826
85,571,771
844,891
130,337,362
643,864,991
77,695
265,299,553
112,367,941
165,596,711
223,313,533
161,222,268
19,202,403
117,345,804
58,789
165,280,726
194,712,860
286,416,769
55,56,869
255,698,705
38,112,785
317,353,479
543,734
324,697,792
83,358
31,328
629,721,889
161,348,649
254,353,701
149,355,368
246,568
220,486,604
153,325,952
458,805,968
108,417
580,636,880
593,832,951
102,301,408
34,104,246
510,854
489,922
640,739
339,860
342,458,917
161,454,906
194,708
57,412,821
160,329,408
434,676
901,907,958
927,961
175,383,660
174,715,988
153,565,870
311,728
62,288
203,238,792
360,504,704
78,296
449,595
418,572
109,676,761
307,796
399,660,782
977,995
659,816,887
78,289,428
951,998
1,654
177,779,827
1,235,306
33,639
538,702
337,497,968
158,335,776
239,663,714
173,453,946
420,810,911
285,496,951
401,621,979
118,148,687
97,544
67,208,631
109,730,855
496,869
443,793,795
124,709
61,693,992
54,242,835
310,653
313,646
585,605,727
19,239,643
473,824,872
187,762,876
361,631,801
213,640,652
24,40,500
470,532,875
322,592,719
471,618,786
332,508,903
224,765,842
432,656,839
341,897,921
338,421,780
538,573
290,337,853
162,353
213,496
38,323
18,847,905
413,849,893
498,535,550
149,688,722
124,577,818
361,467,734
532,848
227,374,584
215,510,639
9,135,989
339,714
30,266,290
232,402
842,848
356,648,965
289,291,459
191,771,853
258,573,702
239,382,791
575,891,896
230,339,898
95,875
883,969
869,919,984
372,695
318,625
358,668,878
686,958
165,308,921
90,688,977
105,432,545
40,706,836
42,371,933
515,976
307,441,840
351,363,725
588,691,809
224,740,895
114,541
698,790
210,485,865
72,213,986
95,323,492
405,667,879
37,439,503
303,414,436
599,781
154,172,367
424,630,648
275,469,476
373,615,636
10,458,741
920,970
532,586,647
331,561,914
71,154,412
744,913,976
40,496,993
29,476,907
143,512,994
103,429,831
24,210,594
10,671,864
178,461,574
730,790
226,840
277,295,568
188,461
239,653,867
751,847,912
227,313,385
345,682,775
212,778,816
396,750,756
698,785
310,542,891
611,652,679
37,171,805
245,401,874
133,235,478
19,358,973
445,844,957
182,524,915
79,486,996
15,232,725
32,233,896
79,554,861
259,501,708
73,997
211,915
599,698,926
99,193,465
69,431,894
50,704,739
630,818
147,415
150,189
168,839,991
38,268,385
192,977
104,495,626
183,967
60,82,778
343,994
137,333,965
252,469,877
45,302,875
541,677,749
179,278,398
337,552,819
38,533,798
26,319,563
711,789,824
215,552
334,586
514,564,877
1,338,670
41,301,734
134,191,205
3,501,954
22,144,639
422,901
843,919
599,742
413,793,893
449,848
825,899,931
276,298,996
464,751
206,388
14,294,930
132,280,293
161,336,546
269,418
830,866
812,898,985
87,190,643
227,471,641
293,904
149,851,863
10,658
144,417,436
173,847
367,492,610
453,599,879
21,105,414
209,345
32,384,931
27,742,995
2,584,657
449,880,909
746,840
103,269,617
418,713,838
466,514
204,344
723,761,900
303,319,660
156,215,836
365,624,723
399,985
124,629
397,769,856
240,363,670
10,541,612
164,618,640
747,951
626,882
299,464
360,364
249,932,988
296,622,857
54,467,928
847,946,974
222,946
492,794
65,95,250
543,697
283,414,493
131,536,718
688,731,810
284,536,624
82,452,807
572,801,934
58,82,735
276,355,444
19,716,858
654,936,970
349,890,946
615,846,959
117,741
64,389,473
359,377
234,346,794
744,794
433,606,888
681,773
168,186,784
336,435,695
37,579,902
311,699,853
824,826,972
524,699,965
233,572,700
116,465,768
56,201
752,814
102,252,854
23,257,604
109,331,821
75,468,768
311,615,799
39,769,879
186,443
210,448,658
915,933
51,121,157
134,372,746
399,648,914
54,801,920
150,213,689
453,908,955
38,520,991
525,528
685,862
109,246,957
199,406,648
403,812
209,408
276,453,836
212,642
233,871
40,145,266
496,623,826
151,496,625
935,983
121,809
231,356,520
19,308,777
20,292,355
468,927
111,676,909
210,388
271,440,987
393,400,701
374,375,841
166,267,611
5,624
129,176,676
230,661,808
42,409
49,472,999
655,693,717
334,503,574
469,552,712
490,877
255,304
175,191
245,512,602
9,332
853,887
292,724,869
667,813,928
237,659,662
65,443,813
213,723,940
63,960,999
66,196,365
852,926
175,716
50,299
109,285,486
64,710
143,950
80,464,616
147,368,701
274,464,767
105,450
48,327,558
262,269,740
415,445,848
111,761,782
198,307,891
157,360
46,157,416
347,736,987
213,470,813
282,397,961
112,534
820,981
130,155
311,427,608
671,676,978
343,794
34,275,536
400,495,741
345,675
21,708,967
104,511,775
340,573
74,104,235
423,646,851
447,996
607,729,886
370,378,901
113,214,229
20,649,731
195,618,961
430,527,800
548,663,932
416,509,522
359,785
628,875
508,517
151,925
406,613
683,811,934
186,321,676
561,844,884
63,143,595
136,609
419,563,737
160,743,820
158,918
164,314,598
71,213,878
119,906,951
470,800
350,704,751
85,820
328,889
192,679
312,587,748
492,818,988
531,788,891
357,749,946
12,44,659
320,326,600
196,727,753
213,355,404
81,302,739
6,730,877
224,426
95,604,654
74,473
908,946
114,172,700
14,585
409,632,762
656,722
230,460,739
31,231,434
26,614,625
522,625,720
192,211,221
153,507
69,356,964
7,364,969
99,798
11,258,331
357,757
19,373,819
125,612,616
54,463
280,323
51,286,296
329,348
179,569
154,635,936
22,524,658
14,221,253
534,612,788
54,467
153,289
522,676
554,697,983
71,415,563
719,920,995
145,423,647
392,759,905
468,762
501,913
479,760,980
765,889
839,882
50,558,757
74,656
79,327,737
614,718,895
126,233,375
599,756
646,665,692
100,509
293,737,826
452,910
15,381
633,958
2,953,972
648,762,914
1,169,454
128,211,501
168,447,591
730,792,925
241,904,971
241,413,590
553,869,957
285,476,991
110,550,595
55,69,811
72,132
77,475,936
163,410
588,655,855
223,495,714
299,549,828
509,526,978
122,443,610
11,324,578
234,490
774,999
69,710,896
85,283,425
619,654,839
399,868,924
456,507,561
304,728,993
98,390
90,776,952
493,622,824
348,631,882
364,522,871
38,53
337,406
70,229,871
90,755,833
57,784
36,56,284
86,146,404
668,703,802
311,402,432
787,926
812,853
230,381,499
124,708
183,598
112,494
214,427,831
113,649,936
299,377,1000
465,607,738
127,448,503
240,242,281
280,502
195,720,764
159,368,551
410,680,695
249,452
207,842,920
226,318,883
248,827,881
232,320,726
121,558,605
386,649,919
554,771
78,519
53,318,550
133,143,355
102,273,299
70,89,611
423,526,778
147,393
758,782
489,692,883
600,829,987
353,425,750
268,680,946
207,263,569
546,652,998
775,974
46,459,993
216,787,919
279,849,894
55,370
866,910
638,770
220,941
325,652
45,366,910
27,162,642
791,804,822
370,641,680
311,870
17,335,446
565,933
354,680
78,397,484
156,454,652
125,609,780
228,529,916
777,906,950
215,724,966
54,62
225,286,759
13,610
93,298,673
118,352,421
131,757,959
150,620,937
141,369,602
55,483
690,721
359,724,992
507,761,924
402,632,873
52,744
74,121
308,356,581
513,762
352,732,815
76,537,552
672,841,947
322,583,838
82,543
198,778
143,496,998
49,230,402
211,345,893
467,614,904
188,913
317,363,458
269,354,818
76,593
379,593,977
181,756
4,657,885
176,275,992
259,562,772
483,932
591,940
873,893
396,710,896
284,693,789
137,260,481
202,300,845
95,339,973
416,877
95,428,839
308,411,904
99,839
292,467,912
101,186,806
133,523,944
105,379,468
370,562,601
274,390,685
143,231,589
226,804
152,386
338,703
311,910
298,481
485,762
691,913,951
122,426
75,804
95,734,954
102,151,628
650,703,980
433,449,456
688,804
298,501,945
407,439,467
9,399
282,648
597,695,838
399,605,782
159,417,908
95,429,641
594,712,977
165,686
70,529
58,333,356
373,966
382,432,675
227,496,681
270,934,993
83,807,859
221,578
239,357,482
19,82,754
410,429
311,340,428
721,857
306,517,890
328,967
322,969
661,862,996
94,473,810
413,683,689
237,343,773
83,371,933
139,163,690
19,847,921
227,270,589
448,730,980
477,670,906
621,753
612,794
431,857,958
179,701,957
413,486,627
158,732,889
461,688
11,137,160
106,611,858
158,252
452,461,779
718,800,893
243,292,626
165,176,992
244,796
139,459,852
257,610,945
191,646,654
153,376
525,617,698
119,243,859
26,70,368
475,610,649
113,179,344
168,389
13,649,748
110,283,893
2,599,675
270,740
153,594,689
639,758
304,374,702
27,619,754
173,559
225,622,825
569,610,770
64,365,440
121,231,880
432,671
188,755,987
56,540,545
201,259,688
450,984,1000
72,378,999
65,517,653
571,850
556,654
91,161,793
408,908,948
46,62,662
322,500,825
301,363,417
520,701
296,419,593
166,396,926
110,397
51,588,923
29,179,997
563,575,775
831,840
97,671,713
232,838
387,635,954
183,210,952
81,182,979
88,158,775
561,572,792
801,825,944
580,889,973
112,179,385
9,19,600
480,927
91,823,913
383,493,845
273,406,722
16,48,113
379,646,897
180,396
78,249,335
144,563,855
121,248,499
18,403
104,469,805
278,497,922
265,778,851
302,398,967
130,696,975
399,807,955
306,615,819
390,463,692
16,237,686
69,397,931
30,211,578
52,137,369
125,764,916
157,504
94,336,783
489,728,934
92,796
75,610
56,848,964
412,695,719
1,529,950
120,608
6,395,732
34,74,902
133,251,759
237,864
61,266
43,475,916
261,705,916
443,568,907
115,599,836
1,614,751
80,159,705
456,698,862
3,22,306
99,437,543
399,760,914
214,381,909
42,198,452
253,401,721
223,277,407
459,468
162,403,541
398,460
56,259,577
456,633
182,615,664
667,668,926
82,307
162,965
34,284
503,788
336,923
575,623,881
239,341,835
241,525,976
680,841
583,884,886
471,588,740
114,470,601
58,515,774
122,623,668
590,593,765
26,29,657
223,467,546
107,276,570
122,400,639
320,844
670,896,900
416,462,572
839,936
96,749,830
351,855
33,520,613
257,440,508
536,658,686
45,300,716
6,122
920,945
879,968
358,461,799
241,441,995
488,550,573
520,653,902
120,332,936
41,513,687
886,894,963
426,529,653
73,76,549
580,729
539,548,890
242,402
264,336
637,896,993
256,843,863
241,472,861
138,172
16,347,998
31,719
87,688,963
659,754,955
96,667
171,582,726
109,298,356
57,396,439
355,640
57,830,862
120,414,419
289,754,806
149,716
1,60,708
160,190,851
568,755,757
437,464,706
705,855,985
130,282,289
228,322,874
578,837
286,595,824
355,778,845
105,540
808,832
115,253,733
143,381,847
546,735
26,546
56,853
2,439,504
473,559
292,684
115,229
364,439,589
768,878,956
575,792
477,744
157,561
154,386
229,413,602
396,670
677,853,907
200,574
168,474,534
399,998
276,285
347,713
555,671,874
122,167,312
185,219
304,675,724
217,310,572
126,564,610
234,414,623
225,264,830
15,152,916
66,659,960
583,799,928
228,591
153,565,755
58,692
256,398
454,516,721
28,271,472
161,976
303,387,435
16,110,940
509,518,722
208,496,949
4,309,741
316,412,990
135,489,724
371,735
248,544,587
11,101
284,497
430,768
8,404,599
88,462
279,588,994
461,565,571
472,559
311,452,829
95,760,996
185,292,427
274,545,607
311,764
658,816,849
518,764
237,780
193,306,920
34,66
77,456,789
64,228,446
192,344,529
172,793,935
107,791,830
125,644,680
395,818
448,732
236,477,582
815,851,852
230,256,932
170,528,636
25,622,926
413,883,980
75,583,730
346,645,967
411,735,792
795,907,975
355,358,897
88,523,783
148,960
268,911
546,793,809
32,820,1000
219,261,869
146,281
462,692,739
461,715,797
289,366,691
227,528,704
40,906
119,376,482
75,351
284,809,968
358,549,733
133,397,882
478,511,827
716,736
318,739,825
292,574,906
41,567,676
571,585,876
172,358,723
395,840
51,590,815
604,706
382,791
780,796
68,93,704
22,46,623
200,869
321,578
119,475,659
116,734,798
432,875
258,425,483
177,898,968
217,564,662
73,279,794
73,425,532
599,614,735
406,743
227,723,775
452,753,938
173,685
19,149
171,287,518
78,571,691
62,268,710
58,504
210,805,950
112,250,517
222,244,689
348,930
86,473,821
192,713,776
126,770
179,440,582
114,189,739
10,596,809
307,439,507
505,627,890
56,103,241
43,138,790
39,95,661
501,525
297,962
445,535,697
271,398,524
686,923
387,761
21,283,852
433,701,997
358,432,851
413,451,521
150,213,878
66,902,999
291,422,875
159,406
14,306
715,831,859
432,461,986
58,105
107,467,628
152,806,919
158,510,997
331,381
214,352,532
719,898
210,596,782
13,316,886
43,171,493
380,877,978
471,516
72,849
474,888,953
176,474
118,211,762
59,588
108,502,635
361,505,527
447,586
6,138,732
220,422,550
331,599,704
18,978
462,849
330,890
191,454
363,495,844
272,374,473
258,370,821
424,451,942
436,511,888
100,186
206,212,879
498,517,604
237,992
40,136,657
658,813
605,753,981
77,234,741
312,327,576
123,318,441
346,673,758
78,273,602
285,348,821
500,757,959
201,908,966
100,266
70,71
89,268,641
201,860,965
7,53,383
285,957,997
593,631
546,623
310,675,930
184,341
318,721,830
252,275,492
50,370,690
93,306,734
346,354,369
271,371,587
263,795,868
107,178,223
150,843
583,738,997
461,465,926
497,672,814
362,572,785
174,182,559
24,468,648
696,710,896
187,231,707
234,287,491
173,451
404,405,780
159,746,772
106,180
302,498,586
754,913
490,517,524
31,418,967
146,506
902,911
594,812,926
490,644,811
731,854,978
130,183,913
243,413,890
122,186,215
239,524,762
3,21,298
260,437,918
293,568,635
477,757,914
268,609,879
47,549
330,463,474
630,871,883
222,269,920
263,303,999
603,622
688,742,985
561,755,847
447,978
213,377,821
198,737
454,634,829
279,458,491
409,659,967
34,935
606,707,713
545,846,959
277,858,894
906,982
438,622,692
162,446,873
713,942
747,782
355,471,810
371,587
619,789
499,587
479,952,959
275,598,770
100,203,723
165,761,781
287,529,996
24,200,393
126,521,896
101,219,947
109,283,414
121,826
189,645,801
413,937
247,271,935
63,846,867
457,817
735,901,906
378,736
223,296,894
244,398
371,977,985
274,834,935
151,364,721
43,283,469
56,708
162,492,838
119,759,919
132,643
615,676,912
557,600,814
329,609,696
464,562,742
493,787,972
33,411
100,896
245,317,566
230,412,992
134,712,932
404,455,715
122,657,706
2,140,414
135,392,683
137,842
224,378,414
748,870
372,870,966
123,969
441,624,738
102,368,677
100,673,972
316,449
219,427,681
474,604,737
139,892
460,763,926
26,48,333
263,492,967
55,504,562
406,988
44,470,829
737,813,854
42,50,62
156,163
195,197
274,764,972
50,196
585,793
143,286,690
462,874,985
731,854,914
253,622
445,573
448,624,971
284,608
123,288,812
42,519,846
48,387,842
428,735,819
197,268,559
475,492
214,845,853
327,723,755
4,476,982
9,216,462
41,333
736,809,966
194,452
41,412,604
152,175,952
117,719,845
665,729,845
411,809
14,523,689
65,326,974
154,264
227,437,557
319,726
86,534,615
371,524,981
607,693,861
432,444,922
80,668,775
128,140,428
16,207
225,790,900
229,248,705
168,280,326
323,378,552
438,483
78,401,565
678,700,702
524,607
108,171,498
362,634,988
363,908
187,545,810
34,635,698
128,170,524
346,556,691
569,760
54,64,733
38,321
88,754
197,670,876
424,641,882
332,393,638
596,677,714
480,993
90,602,922
373,605
7,307
45,341,346
40,349
338,505,531
448,536,549
27,259,450
238,435,957
353,562
169,355,759
242,321,721
135,475,491
10,654
233,751,934
123,786
235,725
149,703,834
329,352,788
490,812,863
159,271,320
284,370,858
803,843
75,78,506
390,706,960
570,728,831
314,496,609
67,285,439
97,775
18,349,853
245,472,946
489,720,825
135,325,861
38,838,943
181,738
493,624,682
200,420,871
4,224,888
21,337,342
228,719,792
467,728,856
292,313
227,551,824
69,567
450,697
702,759
808,905
86,404,753
715,776,866
673,687,697
18,208,375
480,567,839
665,953
269,397,499
441,925
57,338,397
645,743,762
209,630,800
254,293,638
38,576
418,860
224,326,826
120,332
177,629,776
61,154,533
120,478,533
457,717,973
70,435,625
63,265,341
12,240,966
70,845
179,615
145,179
317,460,742
367,796,854
166,647,802
810,980
177,553,762
110,201
248,331,827
345,612
82,183,985
86,645,966
241,624,861
17,358
52,125,457
61,206,892
213,374,871
70,410,957
260,863,979
471,993
176,238,723
340,544
558,667,669
414,684,766
613,668,978
546,899
125,153,965
430,504
381,454,804
318,669,998
518,833,991
311,578,708
18,377,564
438,444
458,739,931
489,620,851
271,498,685
135,606
176,329,489
921,995
532,627,881
264,349,692
188,629
85,358,939
473,625,810
178,338,381
178,868
81,280
365,801,922
44,935
308,353,485
679,744,976
609,622,890
306,861,945
89,169,946
458,487,680
241,730,895
57,308
21,502,813
121,268,900
550,680,993
427,662
385,960
479,745
541,709,725
61,509,656
109,391,615
135,477,673
93,264,987
33,757,969
246,731,935
460,820
72,303,657
106,965
196,586,938
9,10
29,443,478
134,385,785
34,996,999
186,675,957
232,406,451
36,382,934
233,574,718
548,846,939
19,67,802
831,864
109,517,888
98,701
154,421
215,748
35,62,223
353,887
380,450,873
32,914
442,501,925
273,776,975
83,371,921
23,72,367
118,131,880
28,250,367
170,509,915
686,695
312,648,965
199,446
40,565
77,693,956
46,368,869
423,952
378,697
526,936
176,455
289,328,846
487,573,690
110,379,520
709,817,992
189,307,879
901,945
238,623
552,616
86,368
41,881,895
118,221,952
399,400
37,730
53,82,323
210,480
119,852
17,925
24,398,600
103,569,720
230,262,324
251,770,920
349,359
103,487
184,482
74,656,730
101,166,718
54,267,667
230,260,798
15,175
78,647,794
55,185,314
273,658
422,497,526
72,113
111,663,666
242,265,955
203,280,335
466,751
234,695,770
104,948
89,471,513
741,925
252,511
189,676,895
18,307
132,212,362
245,334,759
14,601,690
142,953,985
126,518
484,711,774
635,822,837
375,482,882
79,224,271
94,747,813
219,506,601
81,674
62,264,470
765,902
371,791
32,360,822
467,723,988
109,651,874
594,600,987
511,591,888
21,326,583
123,190
94,791
143,737,949
42,446
29,264,822
13,646,922
606,695,944
136,255,474
590,670,808
316,793
155,782
476,847
202,617,938
191,245,423
149,770
211,364,921
357,548,646
509,528,810
418,461
519,697,704
101,680,732
322,960
89,370,879
445,923
678,912
324,744,850
389,857,944
30,923,929
14,607,770
235,408,939
461,852,986
53,209,751
175,694,858
149,286,608
27,373,553
105,190,812
400,707,784
983,991
261,609,861
293,484,529
325,466,630
413,432
577,603
423,580
295,382,933
61,738
389,397,802
13,95,956
519,524,525
673,970
463,571
392,804,843
167,179,990
341,557,958
264,516
591,597,604
80,113,171
295,845,877
224,433,878
390,438,907
281,578,990
184,358,694
282,333,828
594,997
681,942
112,534,611
136,874
118,286,659
362,816
159,639,761
231,349,941
652,718,911
24,436,807
203,696,817
396,509
59,352
25,944
200,769
832,964
78,854,939
116,327,709
744,946,969
339,744
642,785,868
243,673,824
408,669,751
201,814,947
241,651
352,523,681
88,383
614,644,675
176,415
451,453,969
123,847
15,280,502
565,645,659
290,914
584,673,752
613,637,955
476,916
185,454,641
244,594,997
170,379,700
230,920
111,460,736
485,497,858
51,213,717
421,717,884
348,929
41,408,919
83,699,965
414,705
69,208,572
315,495
405,420
90,880
713,829,959
617,876,904
161,352,832
13,706
715,993
50,114,588
230,409
53,138,307
144,476,895
738,881,997
31,190,820
65,226,680
360,405,562
210,526,679
781,848,931
206,293,698
287,401
152,354,873
46,738,825
546,637,883
314,678,931
167,906
93,216,673
67,397
589,600
736,866
484,717,763
576,579,878
1,214,960
370,506,822
57,77,972
271,319,760
44,543,775
113,320,555
200,261,780
13,68
242,424
382,822,940
293,722
200,331
144,685,861
498,908,924
259,721,915
9,526,612
290,463,528
11,736
195,663,710
55,247,391
180,357,992
3,129,640
692,894
294,466,585
28,119,423
277,672
380,492,527
193,936,938
144,920
139,175,966
370,872
140,524
395,488
194,213
30,565,860
523,589,822
782,967,993
632,932
213,315,607
237,614
253,430,488
256,460,749
60,525,950
61,92,178
350,527
56,244,511
183,358
577,786
65,171,729
75,813
250,388,938
6,678
141,380
20,235,684
741,795,960
496,704,855
181,199
276,837,943
502,945,968
359,833
327,868,904
361,698,900
3,493,586
17,21,420
170,346,660
730,767,957
306,416,425
48,428,568
164,505,651
689,712,719
167,671
726,768
467,896,980
381,534,819
45,663
409,537,963
137,282
519,797
68,403
555,570
89,791,821
97,712
99,262
62,755,812
16,406,782
401,801
77,965
59,118
1,46,926
90,863,952
324,337,403
245,608
241,321
193,315,907
347,526,794
84,277,608
93,238,567
29,796,818
18,487,960
672,779,910
257,376,916
105,716
195,652,702
44,555,644
159,363,385
181,346,663
642,748,752
337,587,859
263,312,507
383,888,920
420,847,873
435,695
257,284,517
826,854
347,537,695
143,332,686
316,376,815
92,352,413
33,508,874
119,817,862
558,780,906
1,466,531
7,436,656
391,438,693
755,873
179,925
300,634,904
56,861,966
230,341,797
11,939,979
248,508
267,720,810
475,610,998
228,251,420
733,858
99,285,491
425,727,866
479,551,806
78,571,975
22,173,280
35,444,516
175,201,403
159,293,983
245,865
287,402,431
575,725,935
139,519,629
336,471,538
331,496,516
93,941
307,896
270,494,872
334,501,993
392,501
103,525,597
197,522,622
337,354,541
157,180,902
419,428,700
198,526,704
179,817,982
336,392,625
229,433,714
282,315
155,540,763
369,634,976
203,451
173,899
55,637,894
309,582,737
449,742,797
504,555,564
361,877,971
165,688,821
156,425,507
129,509,930
152,183,402
565,672,755
449,671,983
32,437
409,865,977
154,721,902
167,696,800
353,719
22,895,908
211,501,540
614,832
220,568
144,236,314
588,627
559,739,830
61,73,567
345,637
133,261,812
338,505,802
314,389
204,341,654
146,297,665
59,196,840
90,948
394,470,692
46,550,777
323,591
639,861
482,787
45,558,641
110,739
386,479,863
322,895,983
108,323,748
85,141,995
237,610
200,652,821
244,651,719
401,819,989
49,262,791
101,209,628
235,358,957
12,93,225
143,494,620
47,328,856
28,113
89,352,946
283,572,610
505,828,844
309,649
146,184,722
31,619,823
188,501
76,206,781
470,773
344,355
788,871
370,621,969
150,304,968
344,657,669
215,902
227,564,871
66,244,618
296,488,595
153,775
397,609,702
73,217,590
344,432,782
643,713
223,398,544
708,846
289,291,463
145,269,528
134,373,403
241,688,937
363,533,623
235,317,592
567,731
101,374,755
552,881,893
8,110,361
487,506
392,825
387,493,673
500,570
170,221,602
553,695,819
233,790
196,227,694
429,605,668
333,632,1000
305,696
319,427
217,494,720
517,787,941
46,430
241,378,723
210,305,850
173,585
81,201,300
48,417,665
35,314
351,364
478,607
102,114,752
3,179,301
330,647,975
102,970
162,259
100,176,781
15,126,912
465,664,823
10,506
391,516
230,243,497
329,564,667
402,497,655
122,945
615,632,915
577,757
358,654,846
437,438,1000
71,586,936
92,418,929
355,605
59,325
278,872
15,140,936
886,907,956
559,560,680
214,377,841
121,162,241
422,427,942
372,485,897
62,500,514
49,919,991
358,514,821
54,407,453
59,304
95,643,753
247,264,527
534,940
171,774
338,394,627
172,375,930
73,390,492
490,547,975
329,425,739
329,524,893
304,559
615,717
411,913
420,605
97,387
618,630,681
251,487
128,174
281,803,846
178,710,745
316,345,697
105,877
318,488
44,859
78,201,746
274,478,734
70,768,850
442,583,671
403,860,867
545,645,993
29,293
538,794,864
154,232,795
255,369,756
40,384,409
31,66,950
114,732,840
76,274,787
229,862,971
210,249
83,286,530
451,725,994
73,733,985
346,545,581
226,981
221,966
141,409,889
676,799
384,588,969
486,775,842
91,778,922
98,119,862
634,915,952
213,574,621
691,697,960
279,573,926
130,863
362,587,978
670,684,712
145,271,923
392,754
580,744,880
449,633,983
35,318,438
230,744,863
678,906
156,251,740
238,928,985
417,673,761
289,647
249,751
93,671
255,309,881
50,257,752
104,192
283,471,508
391,830,873
21,235,423
121,161,622
358,682,910
227,388,664
746,801,942
106,420,761
677,973
372,592,841
339,401,832
217,430,510
374,522,891
459,679,758
136,589
219,351,531
314,943
238,463,574
113,735,908
160,423,459
497,646,915
38,785
267,790
67,502,606
68,224,983
214,702
519,736,797
759,982
237,425,702
78,655
526,617,989
319,539,886
491,511,792
94,360,439
441,545,962
126,217
26,215,705
698,737,830
376,441,529
131,281,816
478,486
193,599,835
43,555,628
45,141,600
29,487,571
193,327,544
536,701
166,670,811
485,929
132,951
36,38,887
264,599,889
23,775
8,499,532
187,447,725
434,652,847
208,668,692
238,476,805
367,552,583
200,681
335,356
97,266,292
52,380,674
223,893,912
687,983
53,195,590
6,637,675
621,635
216,497,709
307,374,733
221,515,921
177,182,984
21,642,991
434,531
830,996
531,572,786
441,516,814
130,188,989
308,581,852
349,350,413
523,652,759
208,268
474,502,671
48,557
163,453
607,661
324,396,612
603,606,916
157,675,804
567,693,901
52,353,688
38,255,448
565,760,815
108,423,485
446,467
385,529,633
823,915,990
403,645,992
431,550,724
238,433,441
199,597
298,369
826,899,934
31,512
215,301,560
120,205
231,614
262,525
38,482,563
139,334,743
54,365,811
70,95
487,791
99,100
631,686,949
121,209,270
147,173
404,439,521
761,936,954
240,969
312,649,982
416,497,540
117,246,437
553,910
341,485
17,711
694,930
34,603,765
99,191
107,531,780
248,568
687,753,776
230,249
259,553,763
27,128,696
497,594,851
125,914,952
345,799,977
439,559,686
504,593,670
425,462,865
133,279,574
118,249
317,672,963
178,405,573
160,641,955
278,634
87,362,867
442,475,792
295,432,860
610,875
48,290
59,62
134,608,867
562,571,582
158,166,532
175,691,779
220,443,462
44,280
94,189
258,693
316,444,623
174,480,654
173,268,796
312,441,971
546,679
433,848
204,889
13,231,771
253,496,746
746,872
492,785,924
377,421,476
522,840
311,919,929
192,484,663
489,809,857
180,301,695
851,921,987
27,418,594
292,584,909
586,793
147,206,656
523,704,831
175,232,297
12,186,932
30,263
119,224,953
674,807,995
393,579
145,424,954
699,973
101,574,858
27,525
216,719
256,557,932
94,219,946
796,948,972
764,779,941
349,553,981
25,88,656
283,478
38,695,727
62,832,849
140,215,506
8,92,644
856,972
253,730
687,776
52,859
297,315,342
32,375,516
30,658
22,193,222
365,557,960
306,331
243,926,961
232,436,472
343,490,802
337,820
496,584,783
202,282,612
436,465,750
174,836
836,958
420,950
527,786,923
534,978
276,329,631
185,542
305,397
473,582
221,913
259,524
290,898
597,616
957,995
167,604,723
319,519
59,858,942
55,504,590
143,351,871
220,302
425,945
234,598,691
535,718
92,574,621
187,655,917
159,363,549
623,649,748
483,923
248,635,972
456,493,775
378,492,697
714,794,984
168,806,841
643,647,747
71,254
563,953,971
656,787
60,600,760
70,617
239,494,933
55,496
268,682
143,276,727
196,773
401,477,735
2,223,599
440,613,639
266,440,498
640,964
871,872,882
25,91,99
75,438,628
349,832,980
61,159,359
322,767
88,324
776,945
30,594,803
230,241
30,191,209
520,765,785
448,802
82,859,863
241,513
464,738
87,321
76,474
76,509,695
350,539,824
49,282,312
537,738,920
37,80,709
884,957
3,99
259,485
189,651,958
814,914,953
240,818
270,739
199,779,968
178,913
45,270,765
169,795,975
240,717
121,349,597
74,688,725
568,624,878
715,763,959
619,717,772
330,547,951
175,548,594
579,761
1,307,830
220,706,738
100,276
509,758
43,326,723
12,147,938
52,416,493
234,295,321
229,448
207,315,639
344,465,813
399,645,898
454,494,641
693,749
230,581,672
1,307,370
703,923
338,536
197,450,532
79,489,530
376,384
444,458,962
321,353,416
239,512
123,166
19,93,455
16,511,992
84,169,511
298,465,651
195,319,361
364,486
503,583,781
31,109
399,484,915
248,328,350
152,867,927
298,315,960
209,294,334
219,268,640
433,460,855
218,633,648
553,647,691
250,575
703,728,810
167,651,974
184,204
215,613,924
710,997
372,397,554
245,793,831
412,853,966
699,852
29,435
515,948,973
95,148,662
48,813,877
200,652
238,523
108,748,862
442,579
587,598,871
792,830,841
335,669,999
408,719
836,864,909
165,711
612,647,992
13,373
77,104,709
26,522,899
587,690,933
101,893,953
557,588
232,277,710
407,683,847
105,596,643
79,509
399,525,979
693,797,889
199,959
297,774,962
79,98,653
81,755
10,64,474
526,956
630,668,946
692,837
25,323,584
744,904
171,771,931
251,575,761
407,524
126,810,857
223,487,626
256,988
531,789
351,429,596
431,551,995
279,355
325,340,879
560,968,993
12,290
386,691
32,262
255,319
222,285,658
273,587
579,902,908
6,227,261
223,422
136,562,931
153,496,820
306,616,842
740,757
199,231
176,319,697
626,628,810
70,470
131,333,898
15,579,941
452,629,898
358,785,797
106,928,934
539,597
844,860
217,264,662
57,161,640
136,417
155,160,184
251,456
241,874,963
536,543,639
597,616,623
4,331,866
314,473
366,369,463
365,709,817
402,677
534,582,972
100,436,597
326,826,904
337,548
257,607,741
128,170,450
370,384,572
286,523,896
25,474,913
959,1000
386,418,619
316,611,695
305,362,940
503,592,798
22,228,295
650,926
235,316,415
333,457,461
239,496,942
47,127,731
158,940
125,742
17,691,708
244,397,800
195,390
397,905,929
178,355,871
547,640,988
255,442,533
478,661,925
165,633,861
717,740,927
606,610,661
414,751
886,958
283,534
90,594,762
22,584,836
196,372,730
671,901
233,424,934
11,142
59,382
47,827,907
15,452,751
72,455,491
369,801,827
1,420,801
120,549,767
5,513,971
110,685
171,607,705
27,747,955
51,92,352
364,592,661
311,316,564
466,544,680
583,737
618,893,946
38,434,610
172,194,645
849,890
607,748,983
191,828
161,858,926
139,401,459
31,450,967
577,655,852
13,361
83,334,736
56,239,853
49,750
188,273
4,36,793
798,826
516,557,907
414,956
50,276
45,177,736
59,342,670
312,495,990
658,777,845
299,409,917
217,640,716
672,893
518,623,765
671,848,902
75,439
230,420,938
173,459,749
334,369,973
297,637,718
267,868
604,862,904
234,945
225,227,658
243,407,599
572,614,931
45,612,949
476,554,766
11,599
97,153,802
168,287,991
135,525,638
653,767,888
313,723,883
228,635,642
507,508,996
243,601,683
128,233
185,396,857
46,559
275,924
567,762
87,504
27,645,793
1,973
309,798,956
142,656,795
65,365,956
26,350
196,441,544
742,797,976
273,305,332
292,791
236,571,675
336,611,869
229,295,437
400,456
491,492
678,704,753
138,379,996
203,610,805
82,187,736
453,627,869
183,354
516,804,847
11,24
154,443,610
420,800,928
289,615
241,862,892
289,540,897
276,640
284,449,591
131,213
357,576,860
36,790,843
564,700
185,218,507
634,793
643,705,738
137,512,615
436,635,661
186,371,775
52,245,477
495,642,760
417,491,549
130,766
418,526,593
245,839,993
344,445
770,964
125,311,887
815,887
259,314
31,544,702
649,697,755
437,626
180,729,856
118,125,187
627,936
151,494,584
423,557,735
289,977
38,884,925
991,996
538,810,894
19,282
35,102
171,539,758
140,507,694
398,818
88,408,841
173,417
328,668,826
826,877,885
370,666
306,885
121,197,943
132,397,402
93,295,449
6,272,516
92,237,601
342,416,574
508,944,971
572,777,811
927,984
225,330,625
361,468
354,672,939
435,731,814
111,593,772
396,674,847
69,439,841
267,662,889
160,406,755
50,64,382
187,464,568
53,109,409
102,663
420,841,843
411,708,831
647,655
395,790
362,411,880
80,281,736
22,159,447
372,577,794
71,299,816
46,171,357
291,339,448
161,495
462,809
100,710
261,572
192,282,696
347,820,973
768,868
298,604,731
302,359
10,130,477
115,247,994
175,237,332
177,181,277
877,895
200,277,416
547,884
177,525,655
362,646,870
25,573,589
638,768,826
55,307,640
16,445,642
221,580,939
852,919
279,405,896
140,257
145,834,895
90,153,191
604,635,643
243,539
109,447,761
386,781
87,402,722
775,903
200,640,864
246,393,475
714,908
105,163,265
267,625,810
67,75
179,279
94,407,414
250,403
521,844,941
211,335,716
27,85,995
101,106,556
142,370,680
211,550
324,354,863
802,871,926
239,294,452
41,591,877
115,470,573
101,728,978
133,306,736
50,55,292
4,15,709
487,521,790
215,787,990
295,701,893
259,346,981
447,630
131,596,987
289,333,819
410,578,698
232,795,905
24,380,515
96,260,500
116,731
673,698,817
46,573,683
32,133,668
28,736,962
93,542
188,428
14,662
542,666,868
125,262,850
416,481,558
67,831
210,467,571
480,483,495
618,908,991
221,296,619
557,561,707
154,656,810
424,750
352,471,912
618,689
411,988
603,789
286,394,909
18,35,416
27,771
147,902,982
104,526
405,509,993
293,765,972
184,360,587
278,643,987
52,543
236,412,809
206,347,801
311,468,664
485,664
475,603,886
21,685
236,726,805
445,891,927
225,573,631
355,516,727
794,907
126,169
127,251,261
78,612
729,878,888
7,475
146,229,447
14,829,940
244,247,893
536,625,679
105,139,190
393,901,925
756,939,970
406,815
335,581
399,611,901
33,65,623
398,763
814,887
57,133,998
126,623
197,375,894
151,911
292,901,960
466,900,994
117,315,693
344,475,606
125,772,889
64,799,845
645,887,966
107,494,993
295,312,493
329,371,398
364,827,901
367,509
197,812
481,646,774
630,644,650
23,271,440
506,934
655,843
243,364,746
334,749
295,516,996
59,359,374
45,860,870
603,678,803
147,723,916
204,276
87,402,815
468,674,860
426,507,642
194,260,463
158,533,722
36,244,670
180,458,882
5,482
494,579,986
197,769
654,953
446,632
2,579,965
844,898
207,966
358,706
67,233,682
328,446,914
369,525,927
212,317
355,622,802
717,947
311,359
9,738,793
249,933
264,392,843
730,873
341,699
698,729
637,771
27,409,932
9,322,348
192,401,593
168,332,624
135,231,994
674,688
54,769,777
204,981
8,918
514,867
263,290,296
45,863,966
700,838
266,382,977
370,443,803
171,665,820
538,704,918
688,804,895
393,475,651
447,905
380,481,754
91,136,975
237,858
474,579,848
726,845,861
104,445,839
430,452
196,465,482
81,160,181
77,117,554
165,465,956
305,525,933
331,486,816
144,446,794
168,665,892
396,804,943
231,820
110,273,744
346,411,578
149,162
307,328,335
328,334,878
54,397,444
501,775,928
111,512,989
729,817
65,321,845
565,594,735
564,839
503,547,570
733,862
706,792
149,254,281
678,810
185,825,871
26,737
1,14,253
266,284,449
98,319,734
437,1000
337,973
297,385,713
273,612,814
206,312,673
599,739
213,297,644
49,952,985
494,739,788
255,319,443
221,420
851,910
347,385,666
35,471,802
238,856,949
683,804,821
667,889,987
140,452
553,619,708
594,805
21,792
498,706
165,367
252,327,558
412,741,892
671,766,805
72,383
525,816,845
140,578,939
76,697
47,916,974
198,923
205,612,736
58,356,373
13,385,498
150,307,752
414,493,884
464,561,956
535,676,892
293,382,962
174,262,545
432,866,966
120,410,933
9,250,345
515,600,828
35,573
158,467,668
487,652,750
360,373,832
588,952
275,517,554
519,664,845
259,776,867
517,723,785
6,237
20,79,623
515,518
228,420,879
574,628
3,731
189,292,573
138,296,940
20,295,982
50,261,389
109,844,892
457,688,965
161,389,773
447,492,813
335,386,460
167,587
84,281
278,541,894
92,431,926
532,768,989
695,914
48,76,112
399,624,688
580,620
551,943
134,466
320,739,875
319,414,787
202,409,860
284,525,912
468,525
177,325,801
363,774,981
206,252,892
31,428,742
409,711,977
353,676,756
264,329,652
47,635,971
55,75
238,469,604
89,571,933
356,879
327,517,845
208,298,517
215,283,539
897,922,965
442,514
220,325,817
336,393,499
17,373,917
5,377,899
661,707,924
108,332,567
477,795
192,647
406,850,863
56,185,916
244,310,865
237,342,428
86,244,779
37,838,958
4,363
474,774,964
188,354,648
89,601,641
98,555,603
170,743,880
212,365
282,957
80,534,996
717,823
628,651,864
518,533,886
25,46,50
178,229,980
11,528,655
21,796
380,464,566
298,323,881
309,817,846
757,952
115,333,615
164,543,575
39,914,991
431,523,832
339,649,806
203,684,775
530,776,797
130,259,779
347,424,732
459,594,921
354,688,982
148,404,555
109,327,884
145,467,659
678,928
207,215,332
54,392,994
349,708
316,597
293,891
303,536,868
663,807
7,615,707
794,870
326,901
467,720
266,729
270,416,727
473,806
146,832
162,356,740
535,539,575
243,261,662
244,926,969
76,326,834
260,303,496
825,947,964
261,419,717
18,570
424,515
260,329,837
171,275,971
498,874,878
286,662,746
216,455,493
111,161,725
411,583
834,844
360,742,909
853,867,873
138,214,942
390,576,653
193,295,731
4,97,421
149,176,608
153,443,842
110,253,621
142,598,901
150,521,786
91,376,583
267,908
235,238,813
857,883,906
364,483,825
377,429,680
518,660,859
197,338,382
26,295,327
52,146
124,543,569
624,706,833
63,432,939
122,598,862
403,495,661
216,616,800
31,40,469
462,836
51,777,970
201,411,749
218,300
30,273,284
347,398,566
43,706,737
92,261,876
66,464
578,778,799
548,924,983
80,635,685
126,499,978
204,334,948
163,484,691
429,453,573
136,777,843
259,873,875
101,150,375
187,617
72,695,768
807,828,979
174,686,792
663,714,851
223,843,871
188,276,926
256,285
40,643,812
712,846
664,736
232,606,833
311,481,987
281,580,859
210,634,682
111,362,373
53,818,969
141,682
806,978
255,262,435
168,616,997
50,505,899
506,630
495,508,533
841,890,905
558,786
193,390,839
393,781,862
485,728,913
370,533,937
878,935
123,599,989
77,494,724
424,439
241,563,750
60,663,975
743,866,870
9,265,648
252,376,801
101,807
119,295
150,662,788
438,689,914
564,704,732
601,617,821
288,628,668
69,778
98,567,902
138,343,703
763,797,910
16,224,442
298,363,608
275,885
382,447,662
420,852
480,711,860
453,882
463,514
116,464,922
150,625,669
133,531,796
11,587
65,826
427,494,869
5,450,509
88,443,949
794,868
416,905
418,713
29,826
206,586,960
258,407,454
30,566
362,379
908,999
31,452,758
73,619
113,604
34,183,376
592,606,957
137,612,819
507,895,936
832,836
453,724,745
85,604
37,854,945
233,267,840
190,418,460
256,359,401
205,460,579
263,495,567
7,536,603
103,973
227,413
64,297,361
405,570,780
112,144,862
42,460,468
24,289
217,310,595
396,493,790
436,750
666,832,844
33,47,417
229,775,952
304,523,969
187,726,936
769,961
278,659,792
364,519,549
132,640,663
632,708,828
306,307,901
379,484
29,142,561
553,783
453,547,669
296,906,964
58,565
487,625,961
52,799
427,689
879,964
181,227,614
54,458,646
941,998
153,444,865
102,318,882
693,724
46,85
121,276,286
191,989
132,271,561
59,630,769
271,295,960
640,700
557,778
433,791,897
221,797,875
83,565,914
412,443,651
129,322,707
689,715,745
111,125,403
481,648,915
916,943
353,434,730
71,400
567,652
251,561,845
35,641
8,821,998
70,463
492,711,852
53,397
86,136,512
191,432,565
643,654,900
35,386,402
852,886
303,574,806
257,646,665
214,689,872
195,727,843
382,424,769
170,461
50,516,821
125,809,964
194,245,655
263,586,604
201,432,512
11,763,771
89,489,977
35,368,909
283,698,785
131,682,865
183,374,376
661,838,862
189,348
495,534,618
294,392,607
62,560
143,213,777
154,462
44,400
20,130
75,420,724
431,840,951
84,372,440
591,671
133,483,562
293,676,706
308,636,793
257,455,705
684,815,901
59,706
11,380,860
807,832,897
617,632,755
467,613,713
2,394,821
14,739,946
59,396,956
312,839,896
80,108,144
273,602,818
26,572,673
531,633
213,944
101,706,788
127,144,306
3,476,676
122,844,924
488,629,823
256,802,987
238,331
262,362,988
36,177
352,360,364
664,829
53,106,397
678,710,804
52,515,832
14,285,519
313,712
335,846,875
83,379,851
129,265,516
301,489,837
130,362,828
15,661,982
417,448,518
418,541,878
117,305,861
39,367,731
474,956
617,688,987
475,931,958
410,597,897
2,176,675
153,515,910
15,469,729
51,319,825
402,405,703
160,518,705
245,265,313
628,774,903
663,932
329,544,772
252,520,598
12,108,946
169,368,727
365,610,671
423,763,818
98,371
48,639,839
441,565,746
1,342,368
175,249,643
522,630,896
310,315,894
149,328,740
226,387,444
58,362,803
456,748
460,887,913
318,910
248,536
205,210
356,525,672
168,787,998
135,331,967
196,563,854
247,681,837
342,533,590
56,404
34,295,414
225,931
425,988
204,927,986
375,681,692
31,133
71,148,482
137,715,968
356,606,999
793,895,993
34,160
82,566
157,944
87,398,708
101,113,198
26,459,547
383,682
279,489,788
799,863,965
213,458,621
364,416,745
28,284
355,527
467,952
195,661
118,700,783
437,530,952
72,298,731
528,640,894
485,799,913
373,924,969
11,444,524
126,614,896
204,594,645
337,422,820
225,353
354,544,684
110,522,581
110,314,923
508,908
19,587,933
55,115,392
150,157,961
338,418,574
71,288,843
484,617,917
81,460,746
607,656
217,352,439
402,522,720
529,630,723
16,396
641,828,903
87,596,749
428,718,820
265,425,663
122,203
587,666,775
317,543,640
52,254,690
267,924
358,663,666
158,196,793
7,167
370,609,721
142,491,996
228,787
698,914
40,498
107,183
492,868
59,78
34,469,827
184,423,756
167,441
204,386,899
349,424
291,852
354,571,816
358,379,880
213,389
129,150,622
277,705,844
903,981
293,601,643
62,781,853
136,608,975
137,953
41,611,996
50,407,626
349,599,746
719,725
14,584,734
20,206,228
127,513,902
12,78,519
316,495,972
531,690,942
123,585,641
423,672,814
481,866,979
129,258,621
239,646,660
567,801
563,760,971
757,820,976
38,719
7,605,870
363,834,881
92,470,488
111,820,880
104,117,737
383,949,953
254,444
425,915,976
197,218,456
285,820,974
115,290,563
490,909
6,840
151,219
513,638,868
88,589,841
283,597,748
556,634,803
171,540,813
636,865,995
12,401,809
93,573
544,838,982
276,702
116,207
393,478,845
381,453
708,915
112,415,737
40,435,819
5,8,706
95,503,770
171,225,361
258,427,949
403,814,947
265,852
863,869,882
429,836,891
179,315,533
248,352,498
247,458,898
296,488,595
127,279,335
119,255,312
427,853,901
11,333,536
421,451
264,351
449,566,643
154,884
616,846,898
568,613
776,819,922
106,780
249,378,683
149,152,699
373,617,814
67,688
342,929
647,773,794
358,362,867
6,427,961
561,764,992
293,582,603
252,624
89,205
93,592,877
78,182
710,823,847
369,467
125,593
444,728,780
532,624
45,240,742
436,775
103,850,863
65,214,563
665,798,813
63,134,245
94,151,901
76,802,898
17,169
266,281,901
33,749
80,492
231,532,831
21,665,795
157,929,944
754,759,920
549,701,813
231,844
38,697,719
73,405,552
12,300,428
254,561,612
631,828,847
77,449
269,300,846
90,308
167,168,568
87,125,259
293,579,844
229,316
193,498,904
165,377,991
20,68,413
480,525,754
345,370,796
118,181,929
209,681,970
654,938
709,723,909
1,18,101
146,816,932
277,555
278,675
198,835,948
400,706
500,726,967
47,236,968
186,355,714
721,841
603,999
292,681
10,891
417,638,656
694,835
595,852,919
53,126,338
155,388,984
217,542,559
140,557,703
236,393,586
400,529,787
401,933
100,649,766
106,284,555
280,738,784
340,345,906
375,702,942
421,614
22,655
354,358,754
200,832
105,676,903
312,698,885
288,448,823
86,546,737
297,443,485
69,605,810
457,476
183,602,987
654,762
232,826
236,255,492
969,980
408,964
498,695,874
376,556,738
311,740,966
323,520,642
50,331
753,994
479,497,1000
421,430,845
48,217
173,430,800
25,957
855,910
479,619,762
196,529,576
32,88
164,473,567
404,670,930
549,554,850
66,472,676
915,959
27,153,772
191,820,915
398,654,859
626,644,759
41,84,697
566,851,976
153,158,961
301,682
73,231,750
686,775
333,863,987
141,246,345
303,423,894
42,75
248,288,536
44,532
265,295,298
8,492,751
552,581,942
802,923,930
288,627,963
659,691
325,668
154,455,834
747,754,915
69,255,373
554,825,943
7,95,725
3,148,224
168,294,355
284,525,923
54,678,821
163,304
686,704
163,612
103,457,594
502,994
562,621
94,375,902
141,484,619
12,158,645
374,437,512
200,217,551
85,352
502,746
278,801
289,661,756
219,819
145,754,947
175,625,877
458,642
53,521,694
142,582,781
73,661,748
276,425,908
185,330,974
440,615,717
376,606
501,880
206,426,838
21,945,974
403,846,919
44,417,511
22,535
765,935
215,320,508
228,568,687
154,414,569
276,488,801
561,826,965
294,314,572
56,265,581
60,322,824
129,238,486
356,789,948
367,673,811
100,320,671
208,496
118,122,298
149,948
345,421,777
286,473,724
261,374
66,160,998
124,164
209,301,461
529,653,656
235,920
336,552
208,438,644
356,460,726
432,485,519
756,827,990
146,557
503,875
303,315,707
181,751
441,985
225,372
211,513,720
344,593,970
27,190,709
171,503
180,220,561
11,249
110,324,841
502,635,765
718,899
36,830
122,463,637
523,656
580,634,917
440,697,785
307,786
370,467,780
244,718
545,880,887
210,644,958
102,345,856
215,387,578
43,224,491
522,564,777
13,764
349,637,680
239,545,674
334,428,600
395,777,964
212,809,917
87,99
139,632,677
58,500,637
196,363,365
235,722,881
433,561,714
118,780
104,110,983
16,179
98,206,731
691,978
5,66,960
25,89,856
785,878
606,633,885
293,741
525,606
434,809,846
466,790
94,304
29,767,936
190,520,816
163,485,772
111,643,818
73,695,789
192,955
88,490,621
532,605,883
170,566,814
710,733,923
162,282,816
791,855
658,919,951
706,761
337,354,688
2,438,864
380,735,744
129,272
859,968
141,242
405,531,706
389,413,751
32,425
481,699,782
1,403,747
206,429,850
139,721,788
121,597
195,565,758
674,677
539,544,877
36,195,788
87,362,776
57,499
106,937
3,666
113,511,787
254,442,760
178,618,811
213,422,646
88,679
497,966
13,84,813
33,818
505,560,891
344,443,936
34,38,482
476,763,903
572,882
75,708
22,603
108,832,836
163,353,774
232,316,862
13,528
298,834,878
171,232,512
188,658
125,137,328
232,653,732
6,121,345
212,534,568
283,555,613
3,777,815
140,273,476
426,575,960
37,471,765
373,472,484
277,496,575
308,385,415
31,172
199,616
710,811,911
6,69,940
11,995
272,493,552
38,960
50,185,900
176,686
758,818,873
40,1000
172,282
265,762,986
379,871,942
277,427
171,704
96,181,565
195,586,785
373,599
56,781,907
170,649,697
94,237,605
74,153,939
208,637,969
279,404,467
758,819,944
285,549
366,712,887
376,671,903
703,840
629,742,747
262,409,921
192,859,921
270,439,489
109,671,768
230,282,988
263,529,960
281,328,782
394,885,966
302,333
338,621,964
322,534,695
366,996
239,346,934
94,542
253,591,963
192,594,913
91,743,985
176,248,860
129,289,914
188,850
170,727
188,772,955
357,402,670
69,444
564,943
267,523,669
1,430,946
345,470,910
140,873,968
360,483,499
232,449
64,440,470
58,411,735
44,180,889
128,711,876
671,945,972
182,311
291,836,960
46,258,368
55,244,391
451,593
770,809,866
24,307,789
168,946
318,569,809
592,807
50,821,850
219,267,487
138,934
783,832
440,582
780,939
138,652
706,709,759
91,328,717
345,398,904
437,469,493
404,557,671
94,538,607
794,889,987
234,795
105,289,590
647,994
502,613,725
484,663,939
303,500,697
24,620
173,231,270
70,656,834
308,450,771
92,99,549
739,777
484,852,977
111,170
559,600,667
147,285,475
594,664
435,970
27,347,965
202,359,747
136,631,840
27,450,565
371,565,654
616,686,953
585,751
645,699,901
124,165,287
435,581
7,8
308,356,600
187,699
658,698
376,511,695
438,505,751
111,311,508
604,822
38,315,761
105,211,664
305,749
902,941
93,127,884
82,337
296,382,831
223,233,348
642,669
188,332,844
32,416,753
462,550,686
288,647
180,364,589
156,708,780
364,992
271,308,343
604,853,976
345,434,626
42,385,426
93,284,958
493,729,874
287,738,957
399,878
35,244,931
469,474
77,307,545
135,151,348
65,563,738
88,650
33,150,905
413,477,611
340,804,811
138,180,279
200,318,699
26,296
187,423,735
121,464,614
146,403,887
385,759
488,710,869
53,127,434
404,542
722,753,858
90,876
318,586
671,888
714,789,867
413,509,558
419,730,938
269,373,758
56,175,774
78,404,852
129,784,792
110,264,724
142,356
9,160,477
608,850,915
53,530,839
59,402,902
580,667,871
496,536,654
182,418,986
40,573
175,324,674
74,404,685
79,643
30,114,166
16,315,437
42,512,778
6,151,627
24,153,682
154,608,649
185,466,825
31,475,653
109,186,360
270,692,769
294,559,946
757,815
97,363,862
371,514,628
269,708,914
724,981
55,446
526,961
153,249,619
34,235,924
35,243,483
161,252,673
172,572,907
30,339,477
445,658
711,836
487,651,980
489,831,882
169,536
148,321,543
739,951
244,374,939
8,746,796
248,909,996
386,666,989
590,811,877
295,322,886
290,342,728
266,544,656
153,719,983
490,551,856
135,444,458
17,751
360,463,523
122,548
660,766,841
159,469,977
82,390,524
291,322,448
111,813
789,914
874,953
260,422,643
51,626,831
145,423,463
138,243,542
104,839
393,604,971
273,583,886
166,374,911
686,808,817
117,385,543
766,807,933
212,218,648
319,767
295,842
213,337,879
179,472,928
12,163,948
247,790,822
443,536,544
104,813,862
9,41
90,621
660,885
104,696
591,874
805,924,991
791,800
249,261,795
314,718
84,610,971
78,311,866
516,690,691
130,230
7,549,738
176,344,990
290,401,418
18,487
171,426,508
437,592,759
206,877,907
411,735
15,85,531
258,494,678
253,361,821
758,898
96,519,558
425,601,891
233,344,465
250,518,895
258,286,856
530,851,914
287,884
437,600,981
304,402,657
7,321
623,810
279,483,836
12,369,919
50,768,956
110,142,428
745,808
712,735,807
384,540
15,93,378
240,814,850
495,936
252,808
671,954
510,646,834
182,380,645
135,444,864
124,380
19,288,960
206,725,827
176,591,890
666,735,914
22,357,610
544,760,848
119,673,999
105,619,646
409,497,927
70,800
300,737,954
647,968,973
351,949
210,797,953
24,134,863
15,37,661
183,272,682
265,669,838
558,843,946
837,879
266,443
439,472,530
181,393,578
153,659,677
9,300
158,169,700
440,696
448,537,638
163,534,754
82,485
125,846,981
72,428,896
423,975
475,775,885
151,783
581,653
694,807,829
110,727,821
86,360,629
520,885,941
361,621,928
720,728,764
384,640,882
515,636,767
240,379,807
38,719,775
118,634,875
358,422,809
38,319,433
518,657,738
819,989
58,354,459
253,609,678
114,195,993
77,439
428,744,799
97,119
521,707
189,550,783
394,519
77,144
75,195,462
376,634,654
348,783
48,324,397
355,444,905
124,352,523
654,891,931
573,595,905
216,677,859
322,766,834
296,829,921
111,259,850
314,352,527
20,968,987
85,201,210
213,773,937
280,464,517
305,557
599,723,990
320,676,723
175,514,816
3,5,97
67,918,946
55,734,950
33,510,598
87,803,948
36,330,574
16,220,332
382,622
472,648,959
75,150,802
4,97
776,846,915
13,205,509
247,336,949
2,36,454
278,295,341
331,849,955
719,764,855
531,590,791
144,312,641
312,719
132,271,563
640,650
23,583,707
513,523
346,670,810
117,163,282
211,332
374,704,708
153,356,743
75,389,883
332,486
261,470,784
339,481,799
80,734,848
24,202,210
746,802,837
60,200,375
79,109,862
276,821,939
417,770
218,315,318
392,727
220,517
44,165,830
111,163,664
24,350
199,524,608
522,557
214,450,813
84,161,845
680,934
653,829,866
49,750,758
612,780,978
470,489,831
618,627,769
33,443,492
169,926
169,248,270
352,926,928
522,667,692
123,473,675
261,814
393,535,687
137,455,832
142,540,875
157,532
261,801,969
418,501,829
40,189,690
76,132,606
189,564
292,753
162,887
265,889,985
148,215,232
340,572,879
7,15,568
24,132,526
118,793,954
64,164,272
159,499,732
618,667
140,300,362
647,963,976
543,557,796
325,464,863
74,874,936
189,771
596,873,915
304,868
14,370,416
172,838
87,96,714
2,483,746
157,753,824
245,282,672
445,711
1,438,496
81,156,451
9,428,578
253,969
418,477,853
88,294,630
615,757,820
470,512
351,421
324,432,816
131,154,432
317,341,525
462,550,923
645,812
26,132,726
623,638,925
134,833
99,440,709
464,844
160,660
18,381,431
59,370,496
511,671,920
599,999
7,15,456
236,516,749
16,254,925
239,484,850
2,156,408
141,514,654
214,438
751,906,961
260,302,977
430,559,840
346,914
592,656,955
84,785
572,929
181,409,593
146,794,850
199,315,497
301,552
757,851,995
62,523,680
664,721
195,802,804
10,541,976
22,572,737
840,942
363,459,931
552,586
405,979
303,648,976
23,693,938
206,673,798
513,543,877
302,714,973
889,993
477,548,636
331,869
246,262,711
79,558,835
588,869
458,595,883
19,351,457
134,531,727
67,481,931
479,615,915
524,528,540
557,659,666
208,456
452,617,981
108,554,982
115,800,993
146,204,353
298,671,798
359,747
423,697,813
163,497,742
94,348,439
460,835
708,771
237,292,611
278,581
343,394,483
457,660,989
211,867
233,527,850
403,540,812
223,398,548
23,237,866
375,585,911
133,243
243,752,860
187,645,988
16,26
394,821,949
507,540,915
523,679
166,538,961
342,972
375,504,620
186,196,775
754,824
376,846
212,735,976
278,602
244,856,882
628,872
551,944,993
91,418,945
91,581,850
28,129,511
227,303,622
401,985
606,702,727
180,796,830
171,381
534,800
292,587
339,581,922
123,196
27,406,697
883,938
135,189,733
386,388
242,566,988
460,468,816
147,309
377,381,808
632,963
539,849
64,628,718
315,683
18,944
270,336,950
454,882,918
90,188,515
515,822
87,525,932
368,562,588
30,354,967
160,603,739
104,238,508
189,233
119,507
157,528
2,183,485
372,682,757
495,851,862
123,384
92,538
314,620,864
81,381,483
653,938,953
333,464,502
203,624,834
142,735
412,792,805
322,781,958
132,904,945
188,803,852
190,418,676
140,548,578
714,816
375,471,669
164,170
114,247,384
423,682,794
22,567,705
231,360,704
324,362,846
67,89,405
512,593,600
184,596
172,318,688
257,625,735
547,640
237,822,906
142,176,472
306,770,857
264,646
196,657
22,365,766
233,796
588,704,723
145,779,910
365,770
170,865,870
43,671,694
542,906,943
705,723,810
580,803
87,162,782
278,451
389,928,950
231,279,318
88,949
40,711,924
233,252,833
288,300,334
20,282
350,619,708
98,505,920
82,380,921
26,510,568
124,923
109,948
66,309,957
126,243
175,218
355,496,882
295,451
770,817
23,537,886
338,439,841
256,821,963
743,794,880
829,866,989
337,380,966
249,371,814
150,343,630
