136,143
83,117
23,68,113
59,60
141,162
38,89,195
6,184
83,155
78,98
66,98,153
21,99
90,188
9,85
7,135
177,200
20,41
160,194
55,163
76,199
87,146
9,177
53,166
21,138
75,109,121
65,115,134
63,69,86
92,106
145,193
94,116
33,111,174
53,142,199
112,156
9,106
43,159,187
128,145,150
178,196
195,198
13,75
45,105,180
99,144
5,56,163
12,114
57,192
121,125
9,169
6,146
50,68
186,195
45,112
118,169
70,152,191
69,89
26,128
47,90,120
3,43,180
80,117
25,80,189
70,77,162
162,179
33,53,163
107,123,148
126,191
119,127
15,46
95,180
17,26,113
29,118
62,86
91,143,198
22,123
17,168
25,128
23,56
144,181
123,150
115,126
32,56
125,139
27,188
37,69
66,105,131
148,174
33,48,195
21,23,109
35,169
37,88
29,154
16,178
150,180
115,182
42,154
88,111
102,178
33,172
62,78
12,57,163
15,192
40,188,193
97,184
47,127
53,155,162
51,167
93,138
101,159
42,75,171
35,126
48,72,163
10,90
2,53
9,51
85,115
114,174,193
180,190
40,123,145
57,99,124
26,169
73,124
149,186
7,71,87
39,48
46,104,149
7,179
54,190
16,195
31,46
42,170
32,151
38,124
22,89,97
24,100,142
64,65,173
105,194
20,78
74,127
39,48
15,189
26,115,138
23,29
13,42,167
106,155
2,180
22,144
110,163,188
58,174
99,187
41,199
27,105
45,79
34,148,196
128,145
62,156,165
51,76,131
96,188
124,130,175
10,38
56,173,180
186,190
135,180,193
42,76
21,58,151
97,195
98,179
96,138
2,137,159
139,152
3,97,104
134,143
29,51
56,106,194
33,192
109,158
19,76,141
45,157
89,162
101,177
93,160
91,98
12,162
9,147
8,121
6,93,154
120,140
58,186
10,63,126
81,156
26,131,139
33,111
25,124
118,137
50,58
18,151
111,178
85,183
126,170
11,82
69,94,178
41,70
7,8,29
7,59,177
94,115,133
9,129,194
40,80
28,35
49,107
154,168
11,71
35,86,185
5,121
41,192
173,186
10,52
71,171
114,159
87,91
35,68,117
5,10
21,97
117,124
84,86
38,116
100,160
77,148
31,47
1,101
31,156
19,79,113
15,91,159
99,127
63,152
66,135,189
15,164
2,65,112
66,169
142,145
68,130
83,128
124,163,164
108,198
100,188
127,143,162
59,62
13,182
26,122
2,106
61,131,134
56,106,170
91,101
79,160
79,101
121,182,189
33,155,164
98,149,194
44,119,179
28,52
4,14
61,71
72,138,159
152,172
10,148
116,128
23,42
74,135,177
52,153
1,58
2,34,197
53,157
51,103,190
19,137,197
5,87
70,108,141
17,136
10,57
53,116,127
52,101
32,164
117,130
174,181,188
9,37,47
88,196
52,77
103,143,176
73,117
6,29
161,169
15,68,74
38,122,179
168,187
98,158,187
59,68
86,119
61,194
28,122
2,3,167
12,50
9,149,160
23,75
5,39,62
80,82,140
71,144
28,108,110
121,131
37,132
42,67
47,91
126,136,191
20,122,185
89,108
7,130
35,38,122
20,24
67,172
126,141
62,68
158,195
96,118
18,34
133,156
62,71
91,153,161
60,95
31,190
149,170
116,197
14,150
106,197
80,156,171
8,73
27,56
34,85,150
102,180,183
34,163
15,146
11,156
138,143
23,54
17,144
34,37,83
92,112,132
99,187
19,43
28,40,158
47,73
118,160,186
127,152
38,82,165
43,152,155
7,86,95
179,180
4,90,149
92,126,182
1,85,161
88,174
110,198
114,148
136,195
81,92
18,172
112,180
19,58
81,176
17,83
120,131
30,65
132,143
103,137
139,196
69,117
120,141,150
131,180
40,89,128
132,172
23,45,180
44,98,183
33,83,116
8,84
21,32
188,193
17,87
154,185
15,91,175
53,153
4,162
111,139
146,196
34,53
71,140
69,112
84,119,178
71,127,192
80,146
19,197
98,173
10,158
13,194
129,134
76,87
44,159
86,98
6,136
12,195
62,63
71,119
87,115
61,168
113,182
128,152
69,150
23,55
94,178
73,124
158,193
62,132
27,57,119
87,183
110,184,193
50,52
51,143
19,51,180
31,91
88,144,198
60,98
68,167
32,183
29,64,154
26,85,174
137,168
51,106,168
148,162,193
51,197
126,180
132,197
67,126
98,107,162
7,119,185
49,99,168
73,80,189
131,137
52,183
16,114,198
118,138,173
141,152
20,154,199
52,57
25,39
96,162
118,164
27,61
5,177
139,193
29,193
89,164
37,163
15,177
64,108
8,83
71,122
100,127,174
58,104,186
38,78
67,104,105
61,133,143
184,188
174,196
75,132,134
38,177
12,73,161
19,194
3,64
66,133
143,190
3,24,65
51,52
133,138
78,98,101
22,36,70
3,67
61,161
106,180
190,197
96,194
88,148
18,154
53,83
7,146
37,170
1,49
37,152
111,158
154,160
81,180
5,11,129
117,181
141,188
110,123
87,137,138
44,107
150,184
62,74,101
28,111
6,65,88
53,118
77,175
59,192
30,55
27,112,173
115,197
64,157
137,154
95,117
149,180
67,81
33,102,155
9,13
19,49,119
60,98
36,161
33,141,193
161,162
20,145
25,101
24,69,125
17,88,135
109,176,182
61,100,171
30,49
157,173
33,172
82,178
24,34,195
67,104,143
109,143
91,146
170,191
6,61,183
37,169
146,199
71,171
51,54,186
13,31,104
74,80
154,190
90,175
63,107,150
102,117,185
15,170
44,99,127
156,188
21,178
155,172
19,167
36,98
99,140,175
112,152
145,152
116,122
103,116
1,53,125
23,47,119
4,115
90,171
33,69
57,74,171
2,64
32,100
124,157
67,196
68,91,146
91,146
53,104
44,192
77,140,171
88,123,142
1,55,104
51,117,126
21,92,160
39,130
20,78,175
32,189
93,200
28,117,137
101,183,200
60,78
131,132
9,40
82,98
29,92
169,178
8,181
100,123,128
1,32
33,114
103,173
57,184
63,148
104,149,170
8,177
19,29
117,183,185
39,135,171
90,150
21,142
53,155
29,116
114,161,191
89,145,184
64,118,138
1,105,199
45,90
189,199
21,45
11,95,189
39,60,86
86,95
70,80,102
87,156,200
85,93,113
95,185,189
51,126
114,126
7,134,160
41,78,185
81,166
150,156
14,18
34,37,162
57,178
61,199
86,175
25,98,177
39,124
87,95
126,192
97,179
30,83
58,199
32,145
7,199
145,159,182
65,75,182
25,29
127,131
97,172
10,169
82,166
30,152
83,142
22,36
7,121
20,115
26,110
68,71,121
47,52,84
4,112,132
24,32,148
51,160,176
54,105,118
95,139
32,180
72,100,123
12,110
37,59
52,140
157,198
49,198
137,172
37,40
139,193
162,172
44,119
92,106,126
73,101,124
5,101
102,198
1,33
2,109
10,32,196
165,177
81,167
18,30,144
66,132
84,165
86,153,183
57,80,192
166,184,191
119,121
93,193
1,29
75,79
68,192
41,82
154,173
159,161
45,56,167
31,36
29,103,194
58,94,138
163,193
3,96,138
59,119,179
37,130
21,156,183
25,105,106
80,126,153
22,24
131,168
6,197
15,127,146
7,57,200
18,144,155
39,59
95,118
59,99
27,126
71,77,80
114,126,141
59,119,185
9,93,134
85,105,191
73,175,185
65,104,197
126,170
72,75
66,136
86,189
68,86
38,52
59,137
66,97
41,50
59,153
31,61,166
61,81
1,36,97
25,140
31,59,105
128,150
24,26,89
10,38,91
159,179
7,74
2,140
81,137
50,189
45,85,92
116,144,174
36,81
11,177
20,129
96,163
95,142
39,82,179
68,110
19,99
69,125,172
126,152
73,80
117,124
71,84,102
91,199
109,157
99,122
131,186
18,55
47,175,178
46,133
72,91,190
26,107
83,91,165
47,129,171
109,115
41,59,68
42,137
116,129
110,164
42,127
81,147
17,95
107,125,174
37,68
53,120
91,122,183
121,158
4,194
121,122
28,88,148
45,46,113
101,189
124,153
44,68,187
55,60
126,136
1,139
25,135,189
19,72,97
65,77
16,110,158
48,52,89
10,73,78
115,149
124,127
142,162
20,91,192
36,97,110
111,194
150,166
121,166
83,117,155
112,136
91,161
12,189
67,171
76,90,143
51,66,190
64,76
40,158,173
39,146,161
49,88
92,106
60,122,185
113,131
40,152
53,55
77,100
120,182
21,176
99,157
52,94,139
96,169
100,162
7,15
70,152
153,193
59,156,175
51,194
1,40,155
192,200
29,62
12,114,145
62,94
39,135
58,136,175
81,109,160
29,43
191,195
81,151
20,25
52,114
137,199
8,115
35,153
25,130
11,189
115,131
128,151
22,82,192
18,22
132,194
9,182
97,108,148
44,61,103
1,111
56,99
4,147,195
39,50,71
16,138
51,109
31,143
119,145
79,138,154
81,106,180
75,164
49,72
49,110
137,180
93,154,199
23,118
34,169
52,62
16,144,195
18,82,188
178,194
69,125
65,113
71,78,101
43,174
70,100,195
26,184
80,162
52,171
39,91
14,191
24,26
109,178
1,33
150,181
59,103
62,159,183
3,10,68
22,138
90,186
68,195
17,68
89,123
19,143
101,135
95,156
22,86
95,183
130,170
21,137
18,97,111
18,69
50,159
157,194
79,112
15,25,178
12,112
26,128
18,116,184
8,165
40,131
35,182
5,68
125,188
57,121
88,145
79,161
88,144
89,200
53,195
24,37,72
18,69
79,197
2,182
21,154,176
96,132,154
39,81,111
7,84,91
142,144
12,53
77,88
99,150,188
146,165,179
146,177
34,51
141,166
49,141
66,126
87,197
49,72
36,100
114,168,188
149,185
4,194
17,192
84,135
16,119
51,131,165
52,122,200
93,140
34,191
14,55
87,183
137,176
13,90,190
63,158,174
94,149
14,51,90
123,198
58,154
53,128
57,60,124
69,141
106,138
39,139
28,33
107,175
47,165,193
177,185,189
1,136
54,182
20,61
71,95,123
8,129
112,176
11,25,73
25,91
62,195
49,83
8,140
129,183
67,105,113
92,105,147
96,157
71,82,161
61,157
74,82,157
15,68,200
45,137
96,177
67,172
78,123
116,196
97,145,166
141,197
121,140,146
23,173
68,74
137,197
55,111
44,52,179
179,184
61,76
120,123,181
64,154
48,84
21,147
79,138
102,145
21,66,160
163,184
79,133,138
48,128
2,96,183
112,126,133
124,170
33,163
43,94,106
96,180
163,172
82,84,102
112,180
71,74
54,138,186
34,72,195
155,171
10,60,87
82,176
3,103
31,75,108
39,44
34,187
144,169
30,163
35,156
100,144
34,197
38,127
18,128
89,123
12,16,118
96,181
35,87,119
18,97
63,139,188
103,118
83,139
114,180
75,78
36,116
9,75
88,195
12,78
11,145
59,138,168
90,147
75,126,186
12,142,148
34,69,72
37,45
123,145
22,89,166
152,164,193
35,59,127
44,99,171
138,194
8,68,86
84,157,174
50,128,165
31,65
11,54,167
75,93,173
174,196
79,143
32,120
42,58,93
68,127
55,128,151
47,51,94
135,161,199
55,107,110
97,139,152
38,197
145,163
174,195
160,176
117,192
1,109
156,158
14,189
39,54,141
22,33,116
71,96,114
49,56
20,102
122,166
46,117
86,99
45,197
86,125
88,120
10,80
40,125
94,126,167
78,179
44,71
36,143
11,175
155,158
103,173
75,118
84,130,153
5,161
82,97
69,121,139
117,165
80,129,161
29,110
66,100
11,95,98
3,61,133
81,122
119,151
54,58,170
34,166
53,111
29,51
62,95
94,120
48,111,145
44,117,189
58,180
124,127
30,71,91
60,101,147
88,141
91,127
54,148
88,150
