1,61
1,90
1,107
1,117
1,146
1,153
2,17
2,60
2,70
2,117
2,144
3,24
3,33
3,67
3,87
3,110
3,121
4,51
4,69
4,78
4,110
4,118
4,128
4,190
4,197
4,198
5,6
5,19
5,93
5,103
6,8
6,15
6,41
6,58
6,66
6,94
6,121
6,131
7,33
7,80
7,96
7,115
7,133
7,144
7,162
7,188
7,198
7,200
8,37
8,45
8,56
8,59
8,61
8,67
8,87
8,91
8,98
8,101
8,121
8,131
8,145
8,147
8,167
8,188
8,190
8,192
9,24
9,63
9,83
9,99
9,104
9,122
9,165
9,172
10,44
10,68
10,106
10,133
10,144
10,150
10,169
10,179
10,192
11,15
11,67
11,79
11,101
11,105
11,122
11,140
11,165
12,16
12,26
12,46
12,80
12,99
12,171
13,19
13,43
13,60
13,129
13,133
13,140
13,162
13,184
14,39
14,62
14,75
14,77
14,97
14,103
14,125
14,127
14,147
14,189
15,16
15,25
15,26
15,69
15,97
15,108
15,146
15,164
16,86
16,89
16,97
16,143
16,173
16,190
17,37
17,69
17,105
17,114
17,154
17,176
17,178
17,186
17,197
18,20
18,42
18,44
18,57
18,184
19,71
19,80
19,86
19,131
19,132
19,166
19,179
19,187
19,199
20,28
20,43
20,56
20,61
20,64
20,79
20,87
20,105
20,129
20,149
21,40
21,73
21,81
21,124
21,146
21,150
21,178
21,180
21,192
21,193
22,30
22,39
22,49
22,56
22,137
22,156
22,173
22,181
22,195
23,52
23,88
23,142
23,159
23,176
23,188
24,88
24,98
24,110
24,114
24,168
24,180
24,200
25,36
25,76
25,96
25,105
25,120
25,192
26,102
26,132
26,147
26,155
26,157
26,172
26,183
26,188
26,195
27,73
27,146
27,188
27,196
28,30
28,33
28,39
28,45
28,47
28,49
28,86
28,120
28,136
28,139
28,174
28,184
28,188
29,43
29,92
29,117
29,121
29,129
29,133
29,152
29,156
29,157
29,176
29,194
30,47
30,86
30,88
30,96
30,112
30,125
30,128
30,136
30,162
30,171
30,183
30,199
31,37
31,85
31,104
31,105
31,106
31,130
31,131
31,156
31,176
31,179
32,33
32,60
32,61
32,95
32,109
32,141
32,146
32,175
33,35
33,121
33,132
33,142
33,158
33,161
33,188
34,39
34,86
34,110
34,112
34,113
34,137
34,163
34,180
34,196
35,40
35,82
35,94
35,111
35,141
35,191
35,200
36,49
36,62
36,67
36,71
36,110
36,114
36,122
36,128
36,141
36,176
37,72
37,139
37,157
37,163
37,166
37,180
38,73
38,74
38,99
39,54
39,102
39,117
39,147
39,159
39,176
39,183
40,50
40,53
40,72
40,101
40,131
40,174
41,50
41,61
41,76
41,120
41,121
41,171
41,179
41,180
41,187
41,198
41,200
42,60
42,77
42,81
42,94
42,122
42,135
42,165
42,197
43,51
43,72
43,123
43,161
43,175
44,66
44,69
44,70
44,83
44,86
44,92
44,115
44,125
45,62
45,178
46,53
46,58
46,85
46,110
46,124
46,138
46,158
46,162
46,169
46,183
47,52
47,60
47,64
47,90
47,103
47,122
47,141
47,147
47,191
48,85
48,127
48,131
48,151
48,157
48,158
48,176
48,189
49,81
49,138
49,158
49,173
49,190
50,52
50,93
50,151
50,174
51,71
51,115
51,170
51,173
52,70
52,72
52,115
52,174
52,195
53,58
53,88
53,91
53,110
53,147
53,169
53,176
54,55
54,83
54,122
54,161
55,75
55,89
55,113
55,115
55,116
55,153
55,160
55,188
56,91
56,133
56,159
56,167
56,198
57,75
57,91
57,129
57,138
57,143
57,155
57,189
57,195
58,59
58,82
58,97
58,98
58,126
58,127
58,134
58,145
58,169
59,72
59,75
59,82
59,94
59,97
59,150
59,151
59,188
60,63
60,99
60,118
60,146
60,150
60,160
61,91
61,94
61,103
61,128
61,180
61,196
62,102
62,116
62,117
62,121
62,122
62,126
63,69
63,94
63,96
63,100
63,115
64,155
64,182
65,72
65,81
65,118
65,183
66,72
66,84
66,100
66,108
66,114
66,179
67,116
67,124
67,150
67,151
67,152
67,166
67,187
68,70
68,77
68,96
68,115
68,149
68,165
68,180
69,76
69,113
69,139
69,148
69,153
69,161
69,175
69,186
69,195
70,74
70,143
70,158
70,161
71,79
71,81
71,83
71,88
71,98
71,137
71,166
71,174
71,185
71,193
72,135
72,136
72,143
72,156
72,157
72,197
73,83
73,112
73,113
73,120
73,143
73,176
73,188
73,191
74,104
74,115
74,126
74,135
75,113
75,114
75,122
75,187
75,199
76,110
76,136
76,147
76,148
76,165
76,178
77,87
77,99
77,109
77,127
77,155
77,167
77,175
77,194
78,147
78,182
78,190
79,92
79,110
79,147
79,169
79,195
80,99
80,155
80,168
80,175
81,89
81,95
81,100
81,109
81,164
81,178
81,196
82,109
82,157
82,163
82,176
83,114
83,116
83,124
83,141
83,191
84,87
84,97
84,186
84,187
85,87
85,97
85,109
85,124
85,141
85,187
85,196
85,198
86,97
86,152
86,155
86,195
86,200
87,151
87,166
88,100
88,113
88,121
88,122
88,140
88,152
88,175
88,192
88,194
89,99
89,102
89,149
89,169
90,102
90,131
90,148
90,181
90,192
91,150
91,152
91,155
91,160
91,185
91,193
92,114
92,144
92,151
92,178
92,183
93,110
93,120
93,129
93,131
93,138
93,139
93,141
93,165
94,96
94,125
94,126
94,130
94,141
94,143
94,163
94,166
94,187
94,194
95,172
96,129
96,147
96,163
96,191
96,192
97,100
97,114
97,131
97,137
97,141
97,192
97,193
98,116
98,129
98,134
98,152
98,162
98,167
98,178
98,195
99,100
99,101
99,103
99,118
99,174
99,179
100,141
100,158
101,134
101,136
101,147
101,152
102,103
102,116
102,120
102,129
102,145
102,151
102,169
102,174
102,176
102,182
103,108
103,111
103,124
103,129
103,152
103,156
103,158
103,183
104,109
104,139
104,187
105,132
105,138
105,142
105,159
105,163
105,167
105,186
106,116
106,165
106,170
107,159
108,111
108,114
108,137
108,193
110,117
110,126
110,131
110,157
110,173
110,176
110,193
111,162
111,166
111,169
112,113
112,139
112,147
112,167
112,171
112,195
113,124
114,130
114,183
115,118
115,126
115,148
115,166
116,119
116,166
116,192
117,131
117,145
117,187
118,160
118,165
118,170
118,175
118,184
120,125
120,129
120,138
120,139
120,145
120,193
121,163
122,168
122,170
122,181
122,197
122,199
123,133
123,135
123,178
124,136
124,159
124,196
125,141
125,152
125,171
126,152
126,178
127,149
127,160
128,159
128,164
128,165
129,131
129,133
129,140
129,184
129,191
130,147
130,180
131,147
131,152
131,178
132,142
132,145
132,147
132,151
132,181
132,199
133,142
133,143
133,179
135,142
135,171
135,197
135,200
136,149
136,170
136,172
137,142
137,152
137,178
138,144
138,176
138,181
139,152
139,154
139,190
141,145
141,169
141,192
142,147
142,159
142,177
142,181
143,161
143,177
144,145
144,158
144,169
145,158
145,169
145,178
145,191
146,153
146,188
147,148
147,164
147,174
148,170
149,168
149,177
149,185
150,179
150,192
151,156
151,167
152,167
152,172
152,195
153,158
153,182
153,186
154,178
154,185
155,163
155,178
156,171
156,197
157,162
157,172
157,175
159,168
159,186
161,170
161,175
161,176
161,184
162,197
163,174
164,180
164,192
165,171
165,183
165,199
166,177
166,187
167,196
169,187
169,192
170,178
171,175
172,176
172,178
172,191
172,199
175,179
175,187
176,178
176,186
176,193
177,193
177,198
178,183
178,186
178,189
178,194
178,200
179,184
179,189
181,186
182,190
182,191
184,191
185,195
186,187
186,196
187,192
187,197
188,191
189,193
192,196
193,197
194,199
195,196
1,6,192
1,60,126
1,87,169
1,107,138
1,139,141
2,13,146
2,25,195
2,26,66
2,50,153
3,25,35
3,85,196
3,179,196
4,15,152
4,25,147
4,39,79
4,41,170
4,65,100
4,75,136
4,79,122
4,101,169
4,131,132
4,183,185
5,74,199
5,83,116
5,127,128
5,160,166
6,25,84
6,43,117
6,104,146
7,31,120
7,33,36
7,36,40
7,36,137
7,50,131
7,64,79
7,72,101
7,101,117
7,108,180
7,122,147
7,143,145
7,193,197
8,17,143
8,28,186
8,56,137
8,105,200
8,137,163
9,44,80
9,127,177
10,21,61
10,119,180
10,144,189
11,116,198
12,70,107
12,91,188
12,147,198
13,86,146
13,89,148
13,140,149
14,28,174
14,43,186
14,56,92
14,62,176
14,73,187
14,94,123
14,129,161
14,155,165
14,162,164
15,20,39
15,23,114
15,30,161
15,39,178
15,43,101
15,48,58
15,53,105
15,133,189
15,136,200
15,144,155
16,58,174
16,64,150
16,66,109
16,95,115
16,109,126
17,26,161
17,28,194
17,58,157
17,110,117
17,123,155
18,74,167
18,173,195
19,23,149
19,25,39
19,148,163
20,39,133
20,45,86
20,45,139
20,48,137
20,49,148
20,52,199
20,76,172
20,82,120
20,129,144
20,176,178
21,41,150
21,81,87
21,94,175
21,95,175
21,97,166
21,163,186
23,26,188
23,37,94
23,37,155
23,102,121
23,127,153
23,129,143
23,160,191
24,33,46
24,41,46
24,48,56
24,62,92
24,94,113
24,96,197
25,33,76
25,45,129
25,55,71
25,57,143
25,64,185
25,76,96
25,88,112
25,93,122
25,141,152
25,188,200
26,27,39
26,58,105
26,70,112
26,73,153
26,125,197
27,44,119
27,58,182
27,67,93
27,123,145
28,36,174
28,45,147
28,93,97
28,148,176
29,32,66
29,36,141
29,36,196
29,68,170
29,79,122
29,96,158
29,142,175
30,39,114
30,52,122
30,55,79
30,76,194
30,108,198
30,111,172
30,138,163
30,152,185
30,157,169
30,160,176
31,53,62
31,53,129
31,69,195
31,70,102
31,75,132
31,91,96
31,97,147
31,126,169
32,80,193
32,98,105
32,128,153
33,37,50
33,49,70
33,50,125
34,49,133
34,54,84
34,54,178
34,75,118
34,77,146
34,79,200
34,128,177
34,144,166
34,147,161
35,45,117
35,48,185
35,71,189
35,76,93
35,91,124
35,97,136
35,98,138
35,105,138
35,105,194
35,114,178
35,121,141
35,137,144
35,145,181
36,46,103
36,57,183
36,59,98
36,61,131
36,122,147
36,137,195
37,46,59
37,72,142
37,72,174
37,88,132
37,96,121
37,111,169
37,123,195
37,142,155
37,169,172
37,173,177
38,60,134
38,99,175
38,164,195
39,49,91
39,53,189
39,72,101
39,73,158
39,91,125
39,102,113
39,110,133
39,112,161
40,47,94
40,99,200
40,105,138
40,153,174
42,49,150
43,47,139
43,53,62
43,91,162
43,101,131
43,186,195
44,55,147
44,61,146
44,139,191
44,162,175
45,71,178
45,71,185
45,143,156
45,158,183
45,162,184
46,53,117
46,53,161
46,59,122
46,75,106
46,97,138
46,101,141
46,137,143
47,58,79
47,90,131
47,99,125
47,177,183
48,70,182
48,73,189
48,79,86
48,113,160
48,142,162
48,188,199
49,144,145
50,71,147
50,105,121
50,110,120
50,117,185
50,178,191
51,80,149
52,153,193
53,73,124
53,76,111
53,78,103
53,135,139
53,142,163
54,93,138
54,150,173
54,156,173
55,107,173
55,109,118
55,127,180
55,155,175
56,76,129
56,88,139
56,89,132
57,79,86
57,93,172
57,133,186
57,137,152
57,142,197
57,156,183
58,75,158
58,93,161
58,93,183
58,102,114
58,121,142
58,129,189
58,134,188
58,174,186
59,86,176
59,97,162
59,129,197
59,133,137
60,65,87
60,70,71
61,66,180
61,82,170
61,87,115
61,133,192
61,156,170
62,72,114
62,105,122
62,115,122
62,137,144
63,78,158
63,92,180
63,162,181
63,175,180
64,154,168
65,67,101
65,138,168
66,80,160
67,95,196
68,85,109
69,71,189
69,102,111
69,117,183
69,161,178
70,82,133
70,84,193
70,89,180
70,107,198
71,114,186
71,128,156
72,75,82
72,96,162
72,120,192
72,152,163
73,94,188
73,108,135
74,82,179
74,85,115
74,182,191
75,121,172
75,138,159
76,125,157
76,138,169
79,133,175
81,94,105
81,95,186
81,144,190
82,86,103
82,101,174
82,101,195
82,114,169
82,131,191
82,152,166
82,169,186
84,133,161
84,179,198
85,90,184
86,135,163
87,95,130
87,106,153
88,98,105
88,100,136
88,123,155
88,142,147
88,144,197
89,170,190
90,112,195
90,172,180
91,101,125
91,163,189
92,98,178
92,133,149
92,149,190
93,137,144
93,146,155
94,97,183
94,126,154
94,141,163
94,157,182
95,124,127
96,118,121
96,136,169
96,183,189
97,151,177
97,172,176
98,147,200
100,132,183
101,111,143
101,131,155
102,110,125
102,117,183
102,143,169
102,163,189
103,106,128
103,123,153
103,145,158
103,164,190
103,171,176
105,123,162
105,124,145
105,131,143
105,132,199
106,148,172
107,109,177
107,134,172
107,187,198
108,123,190
108,137,189
108,149,170
110,111,194
110,193,200
111,169,186
112,171,183
115,118,160
116,118,177
117,124,131
117,131,193
117,133,157
117,138,142
117,162,193
117,171,192
118,148,150
118,178,191
119,145,189
120,135,154
120,166,178
121,136,169
122,129,133
123,137,161
123,142,172
124,129,155
125,139,162
125,144,200
125,150,158
126,166,174
129,131,142
129,162,176
130,161,178
131,132,147
134,136,176
134,159,199
135,149,170
135,161,182
136,138,141
136,141,166
136,142,185
136,147,163
136,151,195
137,144,158
138,150,186
143,152,161
144,145,200
145,172,193
146,153,175
148,163,175
148,168,190
155,176,200
157,162,199
165,173,186
186,189,194
