1,13
1,16
1,17
1,26
1,92
1,96
1,105
1,115
1,183
2,16
2,33
2,40
2,58
2,104
2,105
2,134
2,168
2,174
2,186
3,28
3,46
3,93
3,117
3,136
3,184
4,11
4,18
4,48
4,120
4,133
4,152
4,187
5,9
5,20
5,29
5,108
5,109
5,132
5,148
5,171
6,33
6,43
6,45
6,54
6,67
6,78
6,148
6,149
6,162
6,172
6,185
7,9
7,81
7,88
7,99
7,113
7,115
7,129
7,151
7,157
7,182
7,194
8,24
8,32
8,33
8,57
8,59
8,63
8,94
8,95
8,104
8,114
8,131
9,10
9,28
9,96
9,98
9,151
10,14
10,27
10,40
10,66
10,73
10,82
10,87
10,131
10,163
10,186
11,28
11,29
11,30
11,84
11,85
11,91
11,103
11,106
11,128
11,137
11,145
11,174
12,23
12,58
12,85
12,92
12,105
12,110
12,164
12,193
13,63
13,116
13,151
13,158
13,163
13,169
13,185
14,17
14,18
14,20
14,76
14,113
14,118
14,138
14,174
14,181
14,185
15,23
15,71
15,80
15,135
15,166
15,172
16,18
16,30
16,44
16,45
16,47
16,77
16,83
16,125
16,144
17,30
17,59
17,89
17,92
17,101
17,104
17,110
18,25
18,28
18,29
18,30
18,54
18,62
18,174
18,178
18,179
19,42
19,60
19,66
19,69
19,81
19,85
19,122
19,197
19,199
20,41
20,45
20,48
20,61
20,73
20,110
20,130
20,163
20,172
20,186
20,190
21,49
21,60
21,61
21,65
21,127
21,155
21,173
21,183
21,185
22,30
22,75
22,81
22,86
22,101
22,106
22,116
22,122
22,123
22,130
22,134
23,35
23,56
23,73
23,74
23,82
23,93
23,122
23,131
23,145
23,157
23,190
24,51
24,59
24,116
24,125
24,134
24,139
24,150
24,191
25,39
25,90
25,99
25,109
25,136
25,177
25,188
26,31
26,98
26,110
26,112
26,124
26,174
26,187
27,32
27,56
27,71
27,73
27,98
27,119
27,124
27,136
27,144
27,164
27,187
28,55
28,57
28,71
28,77
28,104
28,144
28,148
28,185
28,195
29,82
29,90
29,145
30,67
30,71
30,95
30,111
30,122
30,154
30,161
31,42
31,54
31,68
31,111
31,147
31,158
31,174
32,55
32,59
32,80
32,133
32,144
32,150
32,154
32,184
33,40
33,45
33,78
33,94
33,123
33,132
33,151
33,162
33,182
33,197
34,60
34,85
34,87
34,117
34,158
34,186
34,194
35,55
35,63
35,90
35,137
35,151
35,176
35,192
36,41
36,65
36,128
36,147
36,190
37,59
37,66
37,120
37,132
37,152
37,172
38,49
38,73
38,85
38,130
39,47
39,62
39,107
39,124
39,125
39,160
39,176
39,187
39,191
40,66
40,79
40,118
40,125
40,143
40,148
40,166
40,169
40,175
40,199
41,66
41,116
41,132
41,134
41,162
41,178
42,52
42,62
42,90
42,138
42,161
42,190
43,49
43,60
43,64
43,67
43,70
43,74
43,92
43,138
43,154
43,181
43,194
43,197
43,200
44,68
44,73
44,115
44,124
44,129
44,136
44,140
44,155
44,176
45,64
45,67
45,78
45,82
45,86
45,88
45,103
45,112
45,142
45,161
45,195
45,198
46,54
46,59
46,67
46,96
46,114
46,156
46,158
46,162
46,166
46,180
46,184
46,185
46,188
47,86
47,92
47,145
47,166
48,79
48,121
48,122
48,126
48,147
48,179
48,180
48,193
49,52
49,103
49,105
49,106
49,111
49,143
49,153
49,180
49,198
50,107
50,123
51,57
51,65
51,80
51,129
51,137
51,155
51,157
51,183
51,200
52,176
52,178
52,184
53,174
53,198
54,59
54,87
54,90
54,92
54,120
54,163
54,179
54,198
55,79
55,83
55,124
55,148
56,91
56,121
56,177
56,185
56,186
57,76
57,78
57,142
57,163
57,164
57,166
57,167
58,62
58,82
58,104
58,138
58,150
58,151
58,178
58,182
58,186
58,192
59,63
59,65
59,75
59,76
59,86
59,91
59,93
59,121
59,126
59,129
60,106
60,121
60,122
60,158
61,67
61,72
61,166
62,71
62,72
62,87
62,88
62,90
62,105
62,123
62,124
62,161
62,173
63,69
63,83
63,95
63,103
63,114
63,140
63,161
63,185
63,198
64,76
64,92
64,117
64,128
64,143
64,175
64,191
65,69
65,96
65,109
65,120
65,135
65,154
65,191
66,94
66,100
66,166
66,186
67,142
68,89
68,164
68,172
68,174
68,189
69,99
69,143
70,101
70,111
70,119
70,178
70,179
71,137
71,150
71,154
71,161
71,183
71,184
71,195
72,82
72,84
72,92
72,143
72,182
72,184
73,82
73,88
73,152
73,161
73,168
73,199
74,88
74,94
74,106
74,121
74,124
74,125
74,172
74,179
75,93
75,109
75,135
75,155
75,158
75,173
76,123
76,135
76,136
76,140
76,144
76,167
77,86
77,87
77,93
77,95
77,97
77,110
77,137
77,191
78,80
78,89
78,94
78,95
78,113
78,155
78,184
78,198
79,113
79,128
79,139
79,148
79,198
80,92
80,99
80,143
80,157
81,87
81,89
81,109
81,165
81,173
81,175
81,193
82,90
82,158
82,159
83,107
83,108
83,130
83,139
83,153
83,170
83,192
83,194
84,90
84,98
84,106
84,117
84,125
84,149
84,159
84,166
85,86
85,126
85,127
85,153
85,160
85,161
86,94
86,193
86,199
87,90
87,103
87,105
87,141
87,149
87,156
87,170
87,175
88,101
88,123
88,127
88,158
88,169
89,121
89,174
90,116
90,119
90,162
90,163
90,171
91,149
91,175
92,136
92,138
92,160
92,166
92,200
93,100
93,131
93,145
93,154
93,166
94,122
94,131
94,150
94,170
94,182
95,126
95,132
95,148
95,167
95,169
96,129
96,171
96,184
96,191
96,198
97,131
97,138
97,160
98,112
98,133
98,137
98,148
98,171
98,172
98,176
99,125
99,185
99,194
100,104
100,142
100,191
101,167
101,185
102,117
102,127
102,131
102,138
102,151
102,197
103,125
103,132
103,151
104,108
105,154
105,180
105,183
106,121
106,122
106,154
107,110
107,131
107,165
107,170
107,182
107,187
107,200
108,119
108,121
108,159
108,177
108,178
108,191
108,192
109,121
109,165
109,185
111,116
111,153
112,122
113,116
113,122
113,181
113,198
114,122
114,149
114,183
114,189
115,137
115,149
115,160
115,186
115,194
116,119
116,148
117,128
117,197
118,120
118,131
118,132
118,143
118,160
118,165
118,182
118,198
119,129
119,138
119,145
119,179
120,129
120,132
120,182
121,130
121,152
122,137
122,191
122,194
123,148
123,149
123,170
123,185
124,142
125,166
125,178
126,129
126,132
126,134
126,136
126,194
127,135
127,155
127,171
128,155
128,192
129,193
130,133
130,134
130,186
131,169
132,148
132,152
132,182
132,186
133,140
133,175
133,196
134,136
134,175
134,184
135,145
135,162
135,168
136,186
137,151
138,142
138,157
138,175
139,149
139,160
139,170
139,185
140,194
141,145
141,147
141,154
141,163
142,143
142,160
142,178
142,187
143,190
144,145
144,149
144,159
144,162
144,163
145,151
146,163
146,168
146,179
146,194
147,163
147,174
147,176
147,194
148,162
148,167
149,196
150,161
150,189
151,183
151,185
151,200
152,173
152,185
154,170
155,167
156,162
156,195
156,196
157,160
157,190
157,197
158,184
158,193
159,168
159,171
159,178
159,189
160,167
161,169
161,174
161,191
162,171
162,185
162,189
164,178
165,172
166,200
167,169
167,172
167,174
167,176
167,194
168,177
168,179
168,194
170,183
170,185
170,189
171,179
172,200
175,184
175,189
176,189
179,197
181,188
181,197
182,183
183,192
189,199
193,195
193,200
1,12,157
1,36,38
1,77,82
1,98,125
2,16,37
2,91,112
2,122,174
3,6,166
3,7,129
3,8,156
3,19,46
3,54,103
3,67,122
3,71,74
3,171,174
3,193,200
4,15,162
4,26,194
4,75,182
4,115,176
4,164,171
5,6,61
5,33,80
5,35,96
5,75,139
5,76,174
5,82,107
5,85,140
5,161,169
6,8,185
6,20,169
6,22,87
6,45,71
6,61,85
6,67,129
6,84,119
6,113,167
6,129,162
6,132,158
6,132,191
6,134,164
7,13,20
7,14,122
7,17,156
7,21,29
7,78,120
7,116,166
7,119,135
7,120,123
7,120,163
8,19,61
8,19,123
8,20,96
8,20,184
8,41,78
8,53,67
8,92,151
9,23,105
9,24,88
9,28,171
9,46,184
9,48,129
9,53,117
9,59,165
9,81,167
9,87,158
9,126,166
9,156,166
10,16,55
10,56,66
10,125,164
11,19,139
11,57,59
11,62,88
11,89,135
11,118,132
11,138,197
12,42,131
12,80,105
13,14,36
13,21,113
13,30,118
13,35,56
13,44,58
13,60,113
13,72,126
13,77,114
13,94,185
14,21,181
14,46,150
14,54,116
15,25,113
15,27,122
15,30,138
15,33,198
15,48,76
15,48,92
15,72,139
15,79,195
15,86,120
15,88,95
15,126,127
15,132,167
15,154,186
16,55,143
16,71,127
16,129,166
16,144,175
17,19,94
17,22,120
17,22,137
17,29,106
17,55,100
17,59,170
17,75,166
17,78,113
17,84,146
17,103,158
18,59,127
18,61,100
18,75,88
18,103,185
18,140,199
18,158,182
19,22,79
19,26,156
19,30,145
20,24,67
20,30,122
20,57,95
20,61,137
20,87,132
20,120,123
20,141,197
20,178,185
21,24,78
21,54,65
21,85,105
21,86,200
21,94,145
22,74,101
22,105,148
22,114,132
23,24,29
23,25,136
23,98,130
23,116,127
24,55,187
24,65,137
24,137,163
25,52,181
26,27,140
26,42,198
26,69,189
27,37,104
27,40,73
27,104,106
27,159,175
28,29,167
28,39,102
28,51,129
28,63,169
28,81,198
28,88,139
28,96,145
28,103,109
28,116,122
28,178,182
29,33,196
29,88,109
29,90,163
29,93,102
29,109,193
29,116,158
29,148,170
30,44,156
30,45,90
30,47,163
30,51,66
30,98,120
30,101,188
30,165,175
31,32,160
31,40,152
31,63,161
31,115,189
31,125,194
31,144,149
31,179,183
32,39,44
32,68,124
32,94,96
32,110,163
33,46,98
33,71,183
33,81,120
33,86,88
33,103,116
33,126,184
33,158,174
34,44,75
35,43,162
35,77,193
36,40,140
38,68,73
38,132,171
39,48,100
39,71,192
40,70,106
40,114,195
40,158,164
41,84,105
41,87,152
41,97,134
41,109,165
42,101,183
43,69,142
44,46,143
44,49,98
45,170,178
46,53,90
46,96,101
47,53,108
47,58,175
47,107,114
47,164,188
48,53,81
48,78,171
48,144,177
48,158,171
48,158,172
49,70,117
50,64,196
50,81,158
50,109,187
50,110,142
50,144,151
51,61,148
51,156,162
52,64,181
52,101,158
52,125,176
53,68,96
53,92,126
53,95,179
53,96,183
53,135,172
54,86,137
54,109,132
54,155,166
54,166,171
55,67,125
55,89,176
55,107,115
56,121,178
56,136,159
57,65,120
57,86,200
57,88,169
57,133,137
57,145,178
59,63,65
59,81,199
59,122,170
59,130,172
59,151,179
60,69,78
60,119,180
61,74,161
61,93,149
61,94,103
61,99,149
61,151,165
61,163,193
62,63,95
63,74,75
63,82,98
63,87,145
63,88,118
63,95,165
63,100,106
63,118,199
64,94,113
64,102,190
64,153,180
65,76,103
65,108,169
65,115,166
65,159,200
66,73,112
66,107,159
67,113,150
67,122,157
68,83,114
68,95,174
68,124,144
69,153,196
70,156,190
72,83,186
72,130,187
73,88,149
74,75,165
74,83,198
75,95,122
75,100,107
75,119,172
76,86,179
76,95,145
76,95,146
76,123,158
76,124,156
76,128,161
76,136,148
76,162,198
77,82,90
77,96,187
77,148,179
77,167,172
78,90,98
78,111,199
78,112,125
79,94,170
79,103,137
79,117,176
80,106,157
80,137,153
81,84,134
82,88,179
82,119,162
83,125,159
84,96,101
84,98,118
84,148,195
85,92,102
85,150,181
87,127,167
87,174,182
89,105,141
89,131,146
90,96,127
90,148,199
91,101,193
91,130,149
92,129,136
92,132,184
92,162,172
93,140,143
94,167,193
95,169,184
97,109,114
97,109,119
97,124,138
97,157,181
98,163,170
99,111,131
100,101,132
100,144,152
101,103,139
101,122,163
101,171,195
102,106,110
102,188,190
103,113,139
103,118,151
103,127,167
103,137,163
103,158,184
105,138,153
106,112,162
107,129,197
107,131,195
108,154,184
109,113,156
110,128,181
110,171,200
115,149,187
117,128,181
119,150,163
119,172,193
122,161,183
125,134,178
126,157,194
127,139,182
129,151,191
129,184,188
132,177,195
133,134,186
133,138,156
135,156,166
135,165,172
135,171,198
136,140,164
136,156,189
137,154,158
137,158,172
139,156,185
139,184,190
142,149,167
145,151,156
150,156,191
152,166,186
153,183,198
157,182,190
158,169,193
161,162,168
165,170,195
