317,370
35,477
288,407,426
55,90,318
56,72
306,330
105,141
140,158
14,181,343
251,462
274,320,410
194,232,427
168,274,467
69,315
177,429
30,436
26,168,247
53,328
326,341,448
53,443,457
204,257,414
88,140,477
6,143
225,264,424
183,273,360
197,433,487
259,500
159,170,235
95,249,280
127,271,396
13,141,439
173,182,366
59,255
23,296,457
405,467,489
66,240,433
212,393,464
45,454,465
358,459
381,428,456
342,395
145,421,493
156,413,457
220,396,397
151,205
244,330,409
299,483
58,71,250
112,289,369
333,347,479
385,404,451
82,122,356
7,292,411
37,58,392
266,279,418
122,263,328
43,78,189
188,287,367
118,316
186,404,415
175,296
95,131,311
243,270
73,208,386
8,105,292
194,234,322
88,417
35,210
255,379,380
132,413,479
14,337,383
128,497
39,198,359
103,129,300
441,450,490
95,148,383
103,391,398
122,281,391
38,179,280
43,175
326,423
55,101,289
117,373,430
416,460
2,306,370
1,62
36,151,433
150,454,477
163,365
223,331
143,218,237
28,230,369
61,102,172
382,493
61,456,500
69,268
71,94,499
50,108,455
247,430,461
107,337,402
289,448
103,234,325
11,55,265
86,376,491
105,183
186,453,497
9,344,434
74,80,475
133,140,335
66,262,283
49,151,370
8,60,421
81,180,444
11,284
232,267,282
91,179,214
223,292,474
66,373
117,125,380
213,303
167,206,219
132,139,275
64,90,189
9,229,351
216,290
130,199,496
14,63,477
36,278
150,203,425
190,235
10,276,303
7,292
141,205,206
10,386,395
13,265,434
159,213
263,296,443
162,285,350
138,345
106,156,282
96,179,241
233,426
199,387,477
46,262,492
11,77,162
183,305,497
229,407,423
176,403,491
212,228
83,267
116,207,479
126,128,296
300,337
34,170,415
45,85,192
93,132,425
411,424,495
239,325
82,196,380
174,227,432
101,299,302
174,348,459
292,424,467
53,341
268,320
412,465,475
130,213
163,412,422
34,320
195,259,403
173,464
62,230,469
38,373,406
23,365
139,197,300
361,445
440,452
84,405
367,484
6,54,400
163,170,221
3,33,277
140,398,483
196,389,488
98,193
218,333
168,338
170,180,449
37,49,293
4,105,350
35,88,473
192,462,496
49,257
20,387
96,158,230
142,424
337,372
133,212,495
269,271,392
189,375,434
98,237
28,223
80,167,385
214,288,302
9,95,417
287,315,496
115,396
38,137
48,125,219
107,397
13,405,411
171,253,266
253,459
74,100,203
295,488
182,410,455
118,268,353
293,469
298,350
189,354,484
354,399
133,205,210
3,98,313
272,469
178,307,407
48,49,184
52,284,432
10,127,141
121,271,334
64,199,415
190,206
170,349,475
31,262,471
421,424
373,402,486
66,330,347
41,44,373
155,162,439
6,49
129,435,469
439,492
187,224
50,86,391
23,309,493
163,448,485
31,282,395
308,367
48,95
63,74,471
321,328
22,46
61,107,322
166,330,354
151,337,402
202,352
86,152
367,381
274,489,497
309,327,437
127,353
139,176,463
116,462
144,406,468
76,381,447
224,344,391
117,192
155,248,354
115,119,257
309,436
234,328,469
9,96,102
122,304
23,261,499
62,332,471
301,413
39,52,129
37,448,462
266,440,467
185,221
219,390,409
15,419
326,499
247,268,269
183,198,201
159,290
226,233
29,177,241
262,293
151,209,374
237,243,244
92,108,220
51,192,365
59,405,477
205,245,495
47,153,375
7,210
141,250
177,283,481
85,87,192
182,428
103,171,285
315,423
143,152,367
224,289
235,399,402
118,356,437
19,271,388
14,248,403
179,461
78,349,480
201,223,313
7,156,481
3,191,381
85,480
387,431,467
355,412,455
66,166,230
138,255,493
87,154,383
6,63,434
27,399,402
29,367
168,256,306
110,178,491
12,301,479
266,313
104,294,409
54,217,242
339,352
100,162,175
67,80,149
48,59,110
133,293,371
63,151,163
38,388
28,283,347
10,361
63,170,211
209,292,312
177,182
412,438
4,89,301
336,467
33,198,310
131,197,397
33,276,498
212,305,464
12,31,366
23,149,275
32,188
6,65,209
252,443
348,349,409
36,180,450
315,374
395,403
40,179
203,272
11,36,50
109,196,267
266,440
86,137,152
208,297,435
159,288,489
197,270,449
394,462
145,229,281
263,351,498
93,162,316
266,283,498
73,118,376
160,237,241
180,295,403
125,178,214
97,110,306
189,325,485
66,185,467
31,147,411
175,280
230,393,422
82,273,423
107,331
305,325,328
224,378,474
26,330
42,163,257
65,145,370
92,244,402
134,207,495
182,318,383
4,165
19,131,472
70,172,470
290,394
75,302,415
274,275,283
72,112,475
99,266,289
282,301,476
349,467,470
40,200,234
159,341,475
271,355,441
72,154,227
249,265,385
9,203
281,370
125,316,437
73,125,409
170,181,241
9,32,282
138,380
154,168,342
349,433,494
158,178,418
120,208
104,412,454
50,321,411
328,477
73,125,375
211,351,437
35,114,239
69,102,470
23,114,306
200,309,422
4,122,403
87,176,178
349,474
108,162,230
17,328,401
299,459,497
251,301,399
72,158,388
253,314,370
150,316,380
49,65,250
326,374
38,197,268
284,287,359
94,393
26,127,376
82,146,392
253,469,481
229,304,351
145,199,368
169,476
135,294,399
180,249,399
137,360,393
198,274,405
152,287,482
233,276,336
111,327,477
168,259,443
125,205,493
218,249,429
184,270,456
95,257
163,442
252,415,499
58,88,187
399,458
3,469
179,271,475
317,454,492
143,164,415
246,284,411
75,155,431
142,305
250,375,380
49,263
54,118,423
21,93,211
196,438
305,324,393
67,126,350
140,209,368
60,424,432
328,448,473
214,233,428
20,41,373
355,477
145,239,390
168,235,411
52,132,477
75,331,334
293,296,478
161,229,315
242,427,491
5,92,429
2,185,225
217,448,488
104,153,163
139,357,489
41,47,174
131,397
134,347
155,192,337
322,467,475
113,250,478
104,222,474
108,311,397
54,108,110
66,86,403
279,336,446
213,443
126,360,388
274,282,491
138,178,351
13,42,403
22,194,255
25,63,424
163,277,324
14,107,431
90,377,500
110,421,485
164,437,460
72,184,258
254,269,366
164,220,402
138,366
100,190,464
82,200
178,387
24,108,249
363,430
327,330,448
42,312,372
190,245,425
266,476
201,224,463
227,292,313
13,76
185,295
150,371
415,430
93,159,283
20,109,239
1,191,383
129,333,481
12,201,439
52,82,162
56,128,270
55,229
99,136,363
331,340
250,251,273
94,200,312
37,53,335
54,113,437
352,366
157,430
52,134
132,371
37,244,394
335,356,384
468,490
3,64
106,272,411
63,366
10,49,277
79,249,250
241,343,449
118,396
127,283,300
117,126,160
288,331,458
198,266,460
316,341,427
378,449,475
58,174,491
106,201,358
236,353
243,394,423
127,260
79,425
30,174
292,313,464
108,423,448
277,391,419
78,120,160
103,372,453
30,150,353
69,180,450
303,349,371
161,285
86,94,359
258,332,432
74,363,495
140,205,273
75,229,271
55,218
267,284,401
68,80,403
239,294,376
182,344
448,492
110,149,312
316,354,381
72,144,258
65,378
91,174,264
94,103,408
136,274
201,405
117,257,486
160,297
5,239,487
115,227
217,409,422
238,286,327
368,412,473
247,482
1,281,421
145,335,389
125,219,409
35,281,392
136,259,418
31,43,421
210,363
6,153,232
122,309,390
21,160,416
71,133,466
210,475
129,253,344
101,154,292
119,380,384
28,188,459
122,213,448
411,456
305,362
373,410
87,281,356
15,27,470
82,196,491
140,187,196
130,290,307
58,110
40,251,374
143,289
142,438
132,267
199,219,478
27,389,462
25,345,475
117,222,452
26,244,261
67,350,464
166,275,469
73,203,491
183,459,497
54,316
397,441,449
239,306,422
52,60,432
31,332,357
49,243
143,310,387
55,189,407
96,108,259
195,334,343
102,131,177
151,215,306
218,280,416
73,205,250
155,182,360
170,249
297,378
21,88,305
379,381
19,162,493
91,361,462
247,436,447
327,346,356
41,123,290
6,194,473
97,315,375
35,266,285
260,395,464
23,178,196
86,391,406
29,134
39,224,333
228,398
219,350,429
168,311
76,112,403
77,201,338
45,87,437
280,385,399
234,313,411
371,440
14,220,467
84,381,436
170,182,372
218,293,434
93,479
60,98,246
85,281,390
117,239,341
71,242,397
1,464
92,258,270
130,163,499
123,214,284
403,441
40,252,439
15,19,486
341,379
116,284,479
78,341,377
122,208,320
215,251,335
293,389,394
35,306,435
164,348,468
2,175
2,240,319
156,266,395
64,257,336
56,378,414
98,100,103
207,262,453
101,272,439
88,167,199
25,166,317
74,298
300,319,479
121,215,398
20,24,186
145,229,454
66,232
18,109,293
218,231,364
27,227,265
271,308,421
154,259,450
22,82,351
274,283,298
441,480
209,312,386
161,242,466
53,176,192
208,253,255
83,472
91,134,420
22,145,192
7,11
15,95,107
68,70
78,214,431
225,358,489
60,388
151,255,389
66,301,398
185,361
70,86,149
91,323,439
30,266
128,396,397
50,280
73,83,150
35,188,351
2,281
148,231,285
339,420,464
68,143,430
137,217,315
16,212,240
213,232,237
28,92,195
263,477
271,444
190,275,298
52,386,498
1,171,272
6,123,205
155,257,331
37,145,151
240,353,369
110,491
31,265
159,458,482
250,377,429
101,344,452
50,137
207,332,463
40,309,365
2,97,417
103,165,469
188,197,241
115,410
88,192,242
134,284,342
60,64,339
224,411,495
182,188,216
102,207,296
29,249,414
65,111,211
184,431
90,184,286
370,442
198,249
318,323,444
88,255,400
77,212,479
79,198,305
6,206,491
252,276
238,454,493
167,400,466
70,215
226,361
250,426,443
153,477,488
140,383
120,484
38,171,282
210,429,456
80,408,469
1,401
188,385,441
105,193,329
64,141,376
177,465,470
75,144,482
144,282
53,176,466
29,322,475
110,457
352,365,412
114,409
240,251
208,434
77,78,191
20,213,384
263,345,379
16,101,272
56,67,490
69,434,485
36,431
29,367
272,378
64,94,279
22,111,422
54,123,239
101,147,471
95,214,461
57,188,379
160,337
23,234,295
174,369,395
338,356,462
73,493,499
55,186
160,190
163,249
124,266,498
314,340,439
162,234,324
164,271
105,432
116,159
72,102
122,205,294
35,190
166,305
216,349
136,269,293
208,348,436
42,443
279,358
209,448
40,190,273
199,273
202,325,432
142,198,242
40,369,415
118,281,365
159,233,234
107,254,450
52,118,147
92,116,192
118,364,452
316,326
123,133,243
148,452
70,76,311
101,112,167
98,245,414
70,288,360
111,243,407
99,269
32,476,477
239,400
141,305
305,464,476
342,367,369
25,53,405
58,84,370
168,277,344
45,55,450
24,27,220
174,181
16,59,232
278,288,345
183,258,418
50,121,218
111,427
19,280
296,477
209,380
96,99,408
302,404,430
177,431,494
48,200,412
77,328,475
15,31,425
20,261,435
60,104,121
294,496
111,139,467
69,257
98,299
125,163,382
153,390,473
43,410,472
155,290,430
79,440,460
12,190,336
42,158
265,322,344
70,181,256
83,294,374
251,369,422
261,309,426
124,136,317
202,328
98,218,445
186,406
333,415
303,338
40,214,332
219,252
117,468
129,248,394
309,323,430
301,339,358
205,216,424
301,420,443
118,146,376
409,429
16,174,483
193,266,481
21,184,463
244,373
178,437,499
168,243,289
223,226
101,185,411
35,145
50,248
63,446,469
220,229,422
119,500
150,341
13,27,56
176,368,382
312,354
37,122,206
277,443
186,341
82,83,161
144,246,453
289,459,479
93,101,359
168,296
283,287,314
102,249,307
20,51,294
65,222
219,309
264,476
90,237,354
129,419,441
30,295,344
87,375,427
86,461
82,315,375
146,205,379
244,309,407
92,103,448
326,356
39,440
34,407,489
40,165
80,455,461
57,224
379,409
300,408
184,268,410
55,218,308
142,160,363
33,352
30,240,318
47,417,454
96,349
88,173,412
190,303
106,226,362
6,203,418
90,259
152,258,403
26,232,251
8,159,367
120,142,286
280,281,449
223,272,350
35,133,140
75,315
22,165,390
9,243,480
73,315,370
44,100,166
183,264,463
197,417,448
64,175
2,23,437
99,156,173
235,492
65,173,348
35,59,491
228,484
74,173,212
161,250,362
127,348,449
44,175,500
133,491
32,455
50,59,475
81,377,470
158,186
283,313,358
318,448,467
255,264
369,470
243,390,478
119,258
84,217,259
154,231,339
91,203,459
37,215,426
168,361,492
10,377,470
140,141,341
410,416,475
30,282
183,184,423
284,350,369
331,399,441
71,294,356
37,140,237
152,374,417
189,364,402
270,277,477
295,388,454
192,383
10,321
144,204
66,102,383
128,189,419
9,164,199
115,179,349
130,253,422
1,331,400
239,250,335
72,288,302
223,424,495
181,482
4,411,425
85,201,260
81,367
303,471
48,60,408
5,305
72,248,380
4,235,445
12,336,425
176,200,365
104,438
67,264,434
150,306,417
167,300,319
180,197,381
57,75,220
56,204,312
385,433,486
83,219,293
167,341,400
262,342,471
245,342
37,392,422
298,381
280,348,458
30,169,321
22,478
242,415
51,151,370
55,415,486
55,349
278,370,493
213,354
243,448
154,476,497
89,246,492
73,217,273
152,295
193,339,483
79,87
21,52
92,354
142,437
173,192,422
168,447,460
43,45,74
3,16,275
58,356
183,266
78,411,437
20,444,468
227,386
27,236
61,108,482
66,224
222,435
315,448,454
159,347
119,435
87,326
104,382
97,454
147,282,347
98,453
48,244,316
54,238
71,211,242
49,370,473
17,175,184
264,311
49,176,200
318,403
51,217,488
198,318,406
127,397,415
106,284,332
380,467,481
32,353,418
31,103,297
291,392,488
62,116
128,129,334
187,188,431
44,179,377
223,226,418
80,414,475
353,393,498
55,178,369
163,384,426
153,219
254,312
56,381,388
32,147,460
48,304,477
393,460
143,399,436
140,466,496
43,47,91
50,175,195
35,253,497
212,339,408
234,275
50,224
253,479
66,342,469
41,354,431
38,186,349
3,112,326
108,181,302
27,210,458
161,255,454
209,221,328
163,251,368
293,370,374
40,346,365
73,217
125,306,442
273,293
365,370,443
7,333,440
282,366,461
69,144,164
264,310,420
403,444,458
125,306,493
69,241
65,216,272
17,50,372
45,81,426
64,129,317
48,109,252
73,75,238
99,351
30,224,231
39,317,453
153,332,366
443,499
52,324,352
229,293
273,306
288,486
30,151
194,240
150,351,384
391,444,449
145,205,390
54,294,496
3,268,389
66,183,344
102,247,500
80,126,421
159,413,461
16,295,469
225,323,445
115,320,397
185,234,305
108,308,397
79,87,282
211,353
100,154,395
42,204
129,227,282
12,253,371
332,497
122,296,466
94,159,333
171,479
15,45,351
97,178,187
62,203,479
98,287,321
379,387
13,278
64,347,386
231,386,420
18,159
5,180
169,170,182
14,248,415
100,230,289
255,389,427
189,249,456
210,389
158,241,299
83,121,183
19,27,241
187,376,426
128,171,462
173,344,469
137,302,450
18,20,111
51,122
202,245
107,388,416
52,233,360
172,293
349,367,472
39,63,446
16,224,228
35,200,281
230,436,485
141,205
169,427
247,321,351
110,231,238
87,149,260
78,393
137,195,406
150,222,365
90,128,217
128,269,307
20,220
119,155,177
180,474,480
177,212,301
134,148,481
69,247,396
94,262,358
235,253,483
33,398,439
160,271,410
204,241,486
5,116,467
131,180,436
23,242,273
133,138,422
141,469,500
71,140,146
293,356,466
138,421,442
157,416,472
143,257,492
19,331,363
1,499
14,97,319
90,97,123
212,426
107,174,500
105,234
125,273,315
22,87,473
44,440
55,150,221
467,485
303,423,482
248,316
8,80,266
11,154,420
286,391
325,454,482
128,294,323
11,212,432
78,240,252
380,493
48,327
111,161,255
317,336,413
350,358
13,392
27,161,187
98,255,328
148,401
180,382
237,466,491
165,295
60,178,380
201,338,463
47,118,376
353,378
26,114,384
39,198,284
104,470
259,434,461
282,287,405
346,357,486
32,247,291
193,438
51,323,493
36,54,211
235,274,344
177,416
9,138,367
55,60,162
88,143,241
40,222
15,381,428
42,102,214
9,256,303
302,466,467
116,147,223
108,170,468
85,263,294
190,439
451,455
52,326,374
165,366
224,330,354
380,478,488
119,246,252
81,188
179,331,452
49,151,222
73,310,475
49,422,462
396,399,476
138,292,337
146,321,403
137,263,356
276,492
52,314,329
2,425
134,452,476
212,283,324
231,320
1,317,479
321,362,491
186,426
374,438
156,200,236
229,409
133,297
113,215,296
233,324,352
332,430
146,266,316
316,409,438
20,264
331,360
259,470,482
317,460
221,263
242,485
133,289,380
205,210,294
74,77,91
67,86
91,275,340
97,110
265,290,447
20,245
45,448,493
33,231,256
127,416
39,113,484
4,163,411
219,297,304
73,197,471
227,325
47,417,466
241,266,451
128,131,450
49,401
13,85,407
242,401
16,239
2,22,150
326,442,473
116,202,236
155,244,418
207,256,401
200,410
159,437,482
63,66,405
281,311
20,142,394
30,94,298
107,188,258
49,247
348,353
202,329,418
335,370
155,257,349
21,161,447
53,430,468
385,463,465
219,450
106,497
260,304,456
45,217
200,376,423
57,102,160
51,72,265
42,55,320
77,124,202
283,284,292
284,457
35,244
270,364,490
161,379,380
188,254,363
392,394,418
421,499
104,110,422
87,370,394
71,238,477
202,209,348
141,315,473
50,459
41,312,348
279,489
171,228,399
236,282,362
374,382,412
290,298,412
92,306,399
155,216,431
38,80,214
161,249,324
385,404,444
172,464
100,272,347
320,353,477
30,231
103,250,354
32,203,234
207,361,446
219,285,345
181,265,271
31,33,357
310,385
48,380,427
137,187
46,134,428
34,181
71,486
60,147,413
51,150,309
120,235,382
385,460
11,227
16,44,499
106,431,463
91,173,322
407,412,473
214,342
42,180
302,387,419
91,301,305
20,243
38,106
341,370,412
24,27,433
210,485,489
240,359,425
99,248,373
171,255
40,72,323
60,94
22,96,371
158,360,406
225,226,411
55,286,430
134,362,483
311,387,397
35,113,123
53,205,221
170,406
194,457,462
326,437,474
202,446,497
30,284,401
116,300
174,193,325
83,449,485
277,294,334
67,155,472
125,346,412
144,189,416
8,114,125
139,413
123,306,437
184,195,318
68,175,237
5,152,434
68,172,482
118,243,346
157,484
255,330,477
332,347,424
135,277,394
160,290
128,415
67,197,302
95,106,174
125,346,473
217,221,309
42,318,403
62,331,422
82,113,196
128,203,362
219,263,475
102,284,438
184,348,472
138,278
45,154,497
225,310,339
26,85,368
206,347,440
30,420
18,380,426
244,344,421
81,282,469
244,304,315
81,188,465
192,222,480
113,185,368
245,372,491
160,168
301,495
189,290,331
70,155,449
18,327,370
115,492
14,86,182
59,137
136,235,240
176,239,306
108,126,399
18,86
306,457,473
52,193,203
4,361,445
7,174
172,456
181,355
177,334
11,44,236
78,181,257
84,295,487
176,435,437
42,117,303
191,347
136,221,450
21,47,178
111,178,375
176,201
21,224,439
22,421
143,259,293
62,77,495
61,110,178
112,426
5,77,327
55,189,465
124,239,442
95,127,164
107,128
175,307,367
114,230,389
76,130,339
173,313,452
303,401,424
42,143,414
123,205,223
9,251,356
132,292
3,21,463
51,145,487
9,342,344
128,220
154,287,393
195,312,450
118,250,278
45,335
30,93
138,167
305,445,485
72,75,177
87,242,376
20,302,406
36,102,132
52,60,182
319,331,420
108,180,249
54,282,365
290,320,343
179,182,329
89,209,314
207,297
105,215
49,284,485
17,310,451
222,374,392
240,432,453
87,210,491
311,320,441
45,205,291
173,273,392
320,415,487
57,180,269
276,330,418
26,466,470
85,499
189,268,465
44,96,204
40,145,485
221,437
90,302,344
343,385
231,340
58,367
141,239,437
266,315,346
170,343,360
317,372,425
47,217
129,134,171
245,361
438,443,484
185,236,274
302,475
313,319,356
60,91
195,213,384
103,282,386
82,155
130,423
325,413,497
400,454,499
199,326,474
123,192,210
123,389,412
267,363,392
168,234
62,282,467
155,183
247,461,486
129,202,460
297,358,390
63,286,438
130,138,293
171,366,440
22,83,259
301,313,411
86,216,475
113,148,195
51,236,378
337,451,482
45,199,327
55,439
79,225,323
207,340,357
273,379,409
199,341,394
217,388,479
36,55,385
175,269,388
116,191,327
8,100,492
29,458
35,401
74,153,461
44,270,343
270,280,456
159,228
16,311,427
410,428,430
34,131,257
53,327,491
13,61,320
8,324
81,252,318
140,424,461
150,176,328
79,424,469
198,479
220,410,468
60,232,271
307,310,464
36,192
34,160,364
255,347,439
198,347,369
154,332,405
20,415
135,148,301
270,458,475
238,375,499
339,364
263,389,421
165,363,413
321,464
129,274,338
114,157,166
38,369,441
352,431,486
120,241
132,178
70,96,152
14,110,148
25,177,222
77,168,469
6,223,414
15,378,403
121,142,325
241,371
240,275,276
185,230,253
178,241
215,217,278
232,336,460
23,85,199
32,94,353
74,89,473
66,97,435
105,370,454
404,453
65,251,281
93,145,441
42,135,434
251,345,370
336,383
262,443
149,302,430
50,338,473
33,201,342
15,132,338
80,470
63,207,305
199,425,461
159,226,314
152,160
30,67,207
76,143,497
154,425,483
181,353,392
174,492
179,364,416
8,132,342
273,434,482
124,347,361
8,74,427
137,182,191
280,402
103,356
89,262
212,275,324
166,264,283
144,295
239,326,423
164,360,449
66,129,314
97,150,490
112,169
127,237,406
11,158,468
221,397,410
24,422
161,206,279
65,211,291
264,352,411
194,382,422
309,426
84,292,486
12,211,405
58,278,485
47,351
344,365
65,196,315
173,323
263,415
49,163,448
83,222,421
250,259
49,223,458
13,34,475
24,331
256,359,463
40,392,409
178,454,462
37,238,296
1,228
192,442
44,188,343
168,306,437
45,309,389
137,216,416
150,302,443
153,162,437
134,303,469
31,78,257
64,89,99
341,421,441
22,387,417
159,272,336
176,375,389
45,380,446
6,73,205
146,293,462
167,446,475
27,84,319
299,357
178,190,423
222,304,374
62,66,324
246,299,389
358,464
53,382,390
186,377,416
16,307
8,390
77,416
43,117,191
180,419,465
77,444,446
119,464
314,448
56,170,312
57,396,428
6,406,462
89,119,393
146,438,442
277,411,460
35,61,71
56,175,404
74,285,347
111,243,422
42,72,448
115,128,271
118,346
34,367,403
103,163,295
87,217
118,258,260
23,111,208
61,96,423
138,421,457
219,422
31,235
303,362,453
238,328,394
8,159
6,87,281
136,386,445
265,410
324,403,431
62,142
215,232,488
97,374,477
15,267,286
128,183,445
22,305,473
1,240,251
178,382
212,293,448
202,489
159,249,431
61,128,419
148,276,371
228,424
184,402
79,357,363
36,268,428
141,281,400
159,285,420
35,213,224
102,183,348
39,185,398
143,385,484
345,438,442
17,127,241
130,176,426
235,395,398
113,188,418
45,221,306
204,208
44,164,403
84,140,200
24,163,331
116,154,165
281,400
23,247,455
203,213
174,446
181,204,416
399,429
192,231,262
142,176,466
168,257,344
167,207,451
249,288,337
41,102,189
296,341,345
132,374,386
312,342,463
342,369
277,314,471
146,221,376
134,167,366
97,209,367
76,266,367
100,174,404
265,410,480
37,98,393
293,428,489
57,188,297
14,428
147,338,476
250,392
148,234,430
8,185,267
28,132
26,238
195,198,217
13,86,210
87,335,379
63,105,467
7,439
5,271,487
171,340,386
21,51,473
9,226
115,442,458
73,222
48,172,236
157,333,444
164,337
96,441,461
116,253
12,317
111,369,475
331,403
2,100,345
107,160,399
268,381,455
271,355,482
359,478
63,148,369
165,274,324
46,239,305
109,205,426
38,349
214,286
105,148,463
37,176
101,303,395
177,257,383
412,434
58,105,347
168,251,500
8,230,332
83,209,384
463,469,475
294,466,474
46,319
40,151,159
177,311
385,451
62,164,438
95,444
319,373,422
92,164,396
73,321
24,378,431
158,313,361
87,104,278
344,375
71,88,423
248,401,472
261,465
39,367
223,266,284
195,308,500
225,264
114,347,440
12,64,260
87,161,488
219,326
47,75,470
263,375,421
222,242,474
138,362,393
10,26,370
368,390,427
107,318,385
202,234,495
152,154,416
81,225
155,156,485
399,486,500
473,478
76,215,383
356,382,462
122,315,454
77,148,245
331,355,429
200,351,493
245,291
161,293
19,380,475
79,207,325
20,123,437
81,364,494
4,171,342
162,220
64,152
286,428,479
54,201,362
271,290,377
44,364
60,408
57,91
23,211,326
129,154,496
127,302
120,420,423
272,284,366
254,283,372
67,218,322
390,496
30,171,362
53,161
258,265,271
44,204,495
78,449,465
63,209,500
34,131,290
242,251,368
256,344
110,278,301
219,476
43,60,465
273,496
433,463
329,460,469
62,298
30,325,347
53,82,113
36,172
217,235,303
92,354,449
179,220,385
76,155,456
334,360,456
158,295,496
97,112,184
62,301
138,146,250
40,49
261,412,422
222,261,263
56,149,334
8,292,469
162,272,333
94,231,476
1,114,353
112,143,466
45,370,380
67,149,195
245,281
253,440,463
35,36,69
45,46
25,344
137,475,500
75,385,468
179,193,258
109,189,238
60,359
189,259,480
22,350
442,477
116,325,459
22,156,369
143,435,452
80,231
183,279,332
42,329,408
52,147,277
82,133,346
239,294
63,98,183
246,353,464
41,164,280
133,315,438
36,408
19,237,449
18,26,309
23,104,141
88,109,330
123,351,474
8,94,283
425,452
81,102,286
355,415
132,183,341
23,261,365
404,450,492
71,454,495
84,424
207,212
100,174,413
78,134,297
224,228
30,245,495
27,317
1,37,491
117,160,430
104,219,443
80,195,497
5,61,253
125,244,466
46,305,353
39,134,398
72,241,247
278,281,399
206,402,481
351,447
59,101,268
54,176,477
37,104
168,289,377
37,158,373
14,79,487
269,343,430
147,247,278
135,172,499
269,345
151,294,423
20,176,333
240,270,348
110,293,329
137,414,500
3,8,264
14,261,493
103,213,488
44,383,385
286,362,387
110,409
392,454
300,342
152,259,458
460,469
32,94,471
147,301,440
107,164,184
13,184
186,280,449
174,289
101,371,467
52,106,460
69,97,460
132,266,498
118,326
5,276,321
1,148,371
78,144,397
92,230
239,485
41,73,456
341,351
330,475
71,92,310
154,279,285
381,448
142,291
77,336,340
2,335
270,480,500
195,343,441
376,496
308,377,490
75,186,396
77,352,361
213,333
160,218,458
251,306
279,332,338
237,280,458
180,214
37,45,110
130,333
7,268
202,431,447
59,253,357
192,273,384
148,330,462
71,457
78,355,461
166,231
198,300,382
30,157,212
156,175,340
72,138,150
4,106,236
57,80,170
70,117,254
2,250,437
5,24,500
195,394,428
143,403,494
51,150,389
233,246,393
292,300,319
131,228,285
54,73,330
78,182,218
112,286,484
24,131,139
197,419
165,487
42,323
103,357
173,187,339
44,307,328
70,226,496
154,313,489
175,331
34,52,434
44,56,248
186,450,456
27,78,107
40,211,339
156,187,453
206,304,478
67,69,191
61,117
88,221
50,276,455
88,122,215
67,308,468
158,307,475
179,195,348
96,179
127,395,409
59,400
182,337
38,269,311
125,192,234
27,131
52,144,410
173,218,325
179,262,331
22,324,470
286,319,364
56,259
30,374,388
89,301,445
79,151,281
185,325,359
139,445
10,233,267
33,266
161,244,478
160,219,404
10,56
30,479
262,275,305
2,238,294
7,12,446
118,200,346
290,292,440
253,473,481
222,229,273
45,104
136,325,350
308,402
97,222,426
137,290,355
435,477
141,477
111,302
48,192
210,217,330
412,426
112,349,456
305,332,353
159,359
99,339,411
234,402
80,120,372
258,288
33,150,213
42,420,470
113,122,389
290,339,450
28,325
51,113,163
382,460,462
112,115
307,318,372
10,314
284,300,401
255,423,438
152,297
124,473
48,79,369
223,231,459
99,355
246,332
18,23,90
70,396
340,421
115,450
340,492
105,179,293
116,210,358
114,477
154,182,335
182,388
30,349,378
289,348,350
34,348,451
87,386
10,156,287
162,272,395
16,273
48,412
7,106,464
2,59,255
55,470
255,363
28,303,329
156,266
47,324
10,316,469
116,274,469
30,99,105
304,379
161,345,464
272,329,420
86,372,406
43,252,271
263,379,417
78,195,388
139,148,267
222,316,491
15,186,248
285,418,479
45,327,409
2,145,215
129,193,332
140,384,442
9,315,381
141,151,417
52,159,317
86,195,307
325,375,450
377,378,403
27,120
25,42,324
143,484
134,137,371
121,305,394
35,273,443
332,416
109,358
87,145,246
27,308,385
184,434
216,364
26,82
28,326,343
118,123,243
73,374,375
152,308
304,417
231,234,332
28,301
47,88,485
188,334,428
402,410
52,146
35,355,360
171,253
27,259
277,352,464
423,480
25,267,370
124,156,321
242,298
89,279,287
98,431
103,332,395
178,356,421
50,76,117
400,442
184,379,434
104,263
216,392
137,170,377
110,111,436
171,289,452
58,114,442
287,489
86,184,403
119,152,286
107,186,361
113,187,291
262,340
300,434
188,447
42,241,482
227,267,313
285,314,492
194,280,357
185,253,282
77,246,347
68,252,415
39,249,340
30,219
289,460
83,105,407
184,302
45,412,454
239,462
286,404
256,359,420
113,281
279,382,466
40,138,163
190,236,471
8,99,464
46,103
284,402
146,437,493
12,214
159,223
166,493
278,406
230,277,445
78,403,418
273,334
263,346,483
65,130,382
119,185,375
363,392
231,232,329
61,115
89,94,319
60,359,367
136,389,392
124,420,424
192,293
267,272,350
165,254,306
136,156,232
16,168,246
311,397,441
14,147,372
162,227,298
142,221
220,377
208,331
282,464
14,18,368
22,209,477
119,214,237
164,195
111,176,255
215,343,383
180,267,325
197,307,315
129,329,386
42,68,216
290,396,416
200,309
201,232,462
1,33
58,145,306
19,67,432
105,382
313,334,489
360,470
50,228
146,373
127,172,334
334,385,482
60,168,344
241,377,486
108,383
112,315,494
40,145,346
231,274,357
29,120,381
139,319,352
93,329,345
213,229,239
116,283,432
131,182,480
116,154,350
48,198,239
221,409
107,469,495
18,23,380
372,444,451
135,169,198
46,264
251,304,351
73,118,243
32,106,492
1,279
101,498
237,487,500
92,271
48,65,478
368,493
12,96,353
238,485
68,201,287
193,199,315
149,210
150,200,423
168,320,439
225,453
74,267,353
49,145
156,463,497
100,362,471
43,66,197
152,410,434
181,490
132,177,427
81,190,411
202,261,466
180,289,422
296,404,428
18,341
119,143,348
70,151,363
380,411,472
179,321,372
37,432,447
115,377
144,364,388
356,474
172,230
120,318
112,144,465
93,266,495
215,390
117,236,469
21,61,469
12,289,362
46,193,284
65,229,390
372,434,456
102,121,218
125,239,296
13,63,332
40,145,243
232,321
278,379,412
122,176,281
80,92,237
91,267,277
255,424
76,308,418
6,130,261
24,96,391
110,205,328
164,180,461
227,295
276,304,420
113,199,477
206,255,477
117,166,274
253,323,486
70,317,451
172,432,482
107,307,318
65,389,422
6,349,490
304,448
296,312,462
145,427,453
33,103,299
148,303,353
40,218,238
118,138,382
81,174
202,349,456
300,463,476
163,217,473
68,81,456
103,199
383,441
123,241,417
131,410,428
160,397,424
76,98,206
25,204
27,345
198,319
42,86,457
96,429,499
84,314,398
240,267,469
51,102,403
40,180,291
430,468
183,292,469
59,315,375
166,264,319
189,270
71,167,356
297,315
44,300,382
150,153,356
214,402
106,129,415
207,471
57,237,333
178,316,425
88,209,370
105,350,401
294,409,480
138,142,221
205,328,477
40,47,380
112,162,415
90,224,453
68,378,444
120,189,354
393,424
115,419,461
318,456
125,213,238
7,124,362
326,339,451
6,26,365
440,453
168,221,373
133,149,286
118,384
22,399,413
107,204,341
65,153,423
167,370,493
110,354,416
54,346,421
303,395,479
170,403,456
234,479
348,385
52,225,246
67,122,491
35,407
210,462,477
7,183,267
237,259,465
33,210,467
76,294,460
121,237
181,220,403
143,339
68,398,456
27,263
107,468
89,233,292
273,296
24,149,164
229,390,466
37,141,330
162,235,352
175,270,387
40,206,407
298,344,483
75,90,410
122,272
149,177,270
16,211,402
124,167,237
101,314
183,288
272,333,357
197,208,247
3,101,295
40,87,326
121,182,394
228,341
124,323,411
224,307,456
45,392,477
329,500
303,408,419
130,375
204,312,331
281,294,454
56,70,481
58,110,151
127,436,472
147,246,337
1,62
123,196,422
112,342
148,209,240
198,276,492
148,171,386
315,389,466
115,182
177,391
54,87,194
34,70,180
108,429,493
113,147,315
28,233,358
268,272,450
163,437
347,363,459
111,263,346
87,239,263
64,313
147,198,303
6,117,411
59,178,341
263,288
213,263
122,146,153
5,179,494
296,380
404,430
313,408,463
29,251,491
71,256,327
154,242,327
138,161,213
82,363,490
107,182,396
180,385,490
45,118,390
345,423,496
72,280,487
19,406,430
34,360,461
124,321,492
36,178,226
416,436,486
293,364
7,150,192
35,49,114
288,484
83,289,303
22,35,380
160,218,461
243,365,417
15,429,444
59,189,387
114,294,390
117,171,239
308,406,487
237,414,468
56,68,195
219,399,417
2,312
215,414,418
5,15,433
73,330,368
84,153,199
105,139,420
154,190,498
40,65,454
84,262,265
18,293,427
51,91,443
148,283
262,387
44,80,247
241,416
263,345,427
51,440
26,448,452
7,223,266
27,51,215
103,207
119,300,435
81,86,189
139,173,329
95,406
42,487
34,271,484
30,63
248,372,415
234,329
96,110,125
171,266,339
127,396,436
222,304
351,394
213,381,459
120,327,410
57,168,170
160,399,484
44,172
5,188,431
157,290,415
294,492
43,337,367
162,307,406
117,253,261
15,247,270
129,336,362
142,423
123,326
