21,376
262,448
218,294,455
85,218,272
3,207,474
7,97,109
251,404
103,243
472,474
12,455
87,277,438
329,479,496
31,52,326
180,256
70,101,252
4,58,286
12,376,417
72,250
277,340,368
58,141,195
290,324,439
105,170,189
97,132,383
14,388,389
127,191
8,26,232
364,386
8,263
109,167,229
169,304,358
257,337,395
131,162,181
454,467,497
43,142,191
186,290,331
77,153
27,39
85,181,186
248,278,464
263,290
36,256,460
50,241,405
290,329
45,316,347
273,371
85,493
211,379,485
28,361,392
193,442,448
6,363,478
15,251,382
154,284,324
8,316,392
10,154,381
90,189,292
88,215,299
14,29,34
249,330
116,200,481
83,183,436
48,168,184
5,387
90,278,482
22,43,347
253,365,382
27,165,347
39,129,390
11,442,462
223,385,453
11,180,256
176,349
223,251,377
200,274
33,206,489
25,237,484
65,493
1,227,289
233,318
62,104,317
85,336,481
326,444
47,54
430,465,473
244,310,378
117,313,324
104,147,325
59,114
39,437
64,96,422
1,218,389
181,188,384
109,490
52,70
15,147
261,330,460
185,261,316
125,356,414
251,273,390
233,398
88,209,371
133,399,442
146,188
93,109,117
304,379
44,129
376,401,451
132,139,165
123,421,482
189,298,462
226,230,304
33,482
171,228
8,205,263
68,171,274
220,345
45,121
23,148,414
281,424
4,208,252
103,219
24,121
51,161,381
354,404
17,254
208,252
27,28,341
18,449,450
308,425,498
114,226,411
78,174,185
36,409
62,399
145,278
81,355
45,335,442
2,48,283
59,288,308
49,173
66,108,143
47,96,364
102,175,224
76,211,464
53,367,375
85,277,407
129,133,370
142,439
144,168,417
255,365
34,80,170
85,225,360
107,183,215
42,77,255
90,263
1,173,312
30,409,418
115,191,467
191,372,466
104,188,498
176,435,494
198,296,317
31,358,460
345,427
91,330,427
133,141
13,335,367
63,86,309
126,235,341
105,123,163
315,373,439
339,461
2,310,497
5,217,220
75,335
106,111,175
107,374
285,383,425
162,345,451
224,270
112,323,360
92,124,380
50,74,167
6,135,468
181,370,498
200,235,346
52,245,417
183,270,339
11,334,422
115,142,287
61,158,366
11,226,452
73,97,221
95,421,472
191,252,256
174,341,421
253,440
59,87,315
107,238
115,118,337
257,327,348
51,259,348
280,330
50,64,262
63,287,358
230,449,466
97,498
43,422
63,214,401
33,56,135
299,354
121,180,215
122,227,360
145,463
45,126,336
396,453
68,180,268
149,197,356
12,329,468
91,416,500
89,137,149
352,359,452
331,423,471
22,155,415
164,168,310
56,280,407
8,81,484
254,468,485
25,68,249
230,254,323
379,494
124,207
240,282,401
200,242,398
202,355,400
100,188,442
43,208,475
30,448
34,239,474
14,178,448
173,242,253
142,351,421
122,428,473
50,288,382
200,330,427
232,366
106,257,328
310,422,431
65,494
166,301
30,399,402
81,151,307
33,91,321
253,298,315
58,204,495
42,177,238
147,177,482
134,145,166
63,128,230
2,157
57,493
30,40,147
49,249,486
51,218
277,345,406
24,203,481
43,297
37,53,308
83,440
194,281,301
98,217,390
133,217,221
18,52,115
212,340,418
95,336,354
166,219,231
121,471
405,473,495
25,181
13,240,417
103,303,464
107,231,477
41,424
129,337
420,461
33,294,384
94,239,437
229,231,443
138,247,423
169,237,489
9,17
201,472
270,445,494
1,179,347
344,352,475
324,444
25,48,180
274,356,395
15,371,416
172,367
308,377,397
27,119,204
131,389,396
266,297,351
216,403,426
167,273,373
12,139,341
3,277,379
1,4,37
187,193
218,353,377
124,154
63,493
117,269,375
140,346,426
128,232
51,107,364
297,396,480
45,326,421
99,101
223,242,379
156,219,332
185,488
113,229
256,291,462
1,66,257
7,125,464
257,263
85,304,321
22,175,388
99,198,472
156,183,271
165,195
465,493
96,132,168
361,364
18,319
276,315
139,214
248,441
54,143,424
83,132,162
67,194,493
45,362,369
24,163,455
124,195,269
90,417,433
33,280
67,413,449
151,158
38,187,409
208,209
283,302,451
160,319,335
73,85
86,267,370
58,288,475
224,280,321
25,31,445
180,408
150,323,349
183,387,436
65,167,469
148,172,348
213,219,269
193,307,417
154,296,459
377,500
186,321
269,356,472
262,431
40,474
247,258,366
145,428,454
347,460
102,341
178,334
102,359,444
363,378
57,184,333
93,107
40,399
37,77,470
203,280
375,383,423
3,162,244
122,206,340
461,475
105,308
93,109,177
154,264,408
88,333,342
193,321
345,425
5,8,13
79,248,454
241,248,391
93,241,459
182,429
140,284,408
369,447
160,170,262
221,235,482
29,400,493
264,303,484
214,251,265
145,269,307
209,214,347
93,234,386
150,303,467
180,193
31,316,327
50,153
363,369
193,283
56,305
156,325,422
91,291,406
105,196,238
46,191,433
48,115,385
69,278,365
214,263,486
399,427,471
116,181,290
189,342
96,360,380
113,190,369
104,158,204
99,296,301
130,214,335
9,180,182
31,171,183
200,251,330
36,188,256
180,344
90,308,397
123,304,346
13,468
71,212,331
405,450
163,318,389
55,135,411
72,98,416
51,311,441
170,179,461
299,412
208,320
92,318,483
89,101,209
212,242,267
148,285
3,30,413
190,241,302
42,219,311
57,136,281
6,109,376
190,247,420
102,188,245
115,215
105,166,279
98,253,399
238,274,406
391,415,477
80,241,380
119,333
73,84,388
3,158
251,292,453
231,322,439
408,420
181,280,406
1,260,362
171,300
172,273,397
47,55,467
1,129,370
117,255,268
30,35,292
35,106,291
221,295,498
1,154
242,355,402
76,117,361
203,238,422
280,306,384
198,450
136,454
18,192,305
352,364
306,329,495
30,105,146
280,385,397
81,193,408
78,138,214
31,137,307
78,193
135,306,368
181,247
73,131,476
133,147,329
32,101,297
364,379,492
303,315,489
6,246,403
93,120
287,334,485
116,223,285
135,446
154,411
279,378
307,438
35,116,172
260,365,459
83,150,431
193,209,214
85,190,263
214,254,320
86,321,487
131,399
92,475
96,153,202
150,196,441
78,90
162,346,440
272,393,405
107,210,269
256,492
228,432
129,242,437
213,221
1,260
24,388,416
180,328,347
142,286,493
20,442
200,334,360
4,178,333
160,259,375
209,352,385
164,378
63,267,400
265,297,342
57,83,199
269,281,481
133,165,331
59,173,244
186,221,360
37,50,273
138,227,305
179,410
273,449,497
41,409,465
56,130,487
118,372
258,491
57,99,278
170,205,241
334,461
454,457
14,90,245
21,31,78
181,273,337
241,464
159,474
67,289,401
25,108,249
45,236,273
326,393
50,112,400
86,274,345
27,96,143
140,153,301
21,46,480
69,189,229
53,413
15,221,370
68,273,380
349,433
70,110,229
54,380,467
12,261,404
190,244,430
61,220,454
55,236,269
91,421,474
44,111,331
82,155,310
80,117,310
236,329,358
368,403
106,288,306
205,273,284
156,423,434
19,159,208
113,384,411
36,302,412
71,144,315
120,381,444
195,349,477
132,343,400
12,386
13,43,115
97,395,446
47,57,266
189,268,492
71,129,500
152,281
188,344,401
27,345,353
225,274,407
78,95,142
164,289,424
25,293,357
136,219,311
256,273,420
221,370
112,381,436
149,408,448
69,362,456
15,55,140
172,483
391,426
13,17,362
294,482
7,103
15,120
29,371
51,125,414
22,65
86,468,499
315,457
154,364,493
30,321,457
267,343
272,357
202,231,268
77,166
120,244,437
60,205,308
92,166,311
330,357,382
16,39,67
9,86,185
391,465,497
307,351,448
81,163,418
21,319,403
208,342,480
196,285,411
94,328,387
38,382,500
76,436
301,310
96,153,333
218,331
162,465
46,438
377,482
375,398
280,404,462
229,415,431
71,361
258,436
12,150,380
329,351,383
117,122,279
14,17,90
133,312,322
299,309,493
112,150,443
10,473
173,318,497
176,180,444
182,343,471
355,488
9,434,498
118,395,409
59,206,228
170,260
216,365
209,226,265
423,434
55,243,271
148,354,461
452,488,499
312,341
53,223,396
343,373,463
111,163,251
117,148,470
206,227,397
29,52,485
260,270,419
105,323,373
26,188,450
71,178,183
85,453,482
138,334,473
170,249,268
204,237,252
114,254,348
76,93,356
156,229,497
322,418,419
159,382,386
121,172,291
8,472
196,415
138,341,404
154,155,381
307,356,407
269,363
3,53,64
59,323,475
261,263
292,398,476
58,142,473
2,25,455
385,435
183,355,422
327,336
186,331
90,156,208
148,222,324
33,329,491
265,382,443
69,129,296
65,292,445
120,396,403
241,243,390
330,393,399
287,462
328,467,483
103,158,363
147,320,488
61,76,400
92,207,268
84,85,86
72,191,444
276,323,436
96,198,414
109,391
97,333,415
38,173,294
300,336,455
144,220,346
183,286,458
86,357,388
51,220,375
230,288,343
54,94
38,43,384
131,357,435
5,394
175,350,425
99,414,433
232,400
25,175
304,420,473
26,444
7,60,83
311,405,462
74,184,348
280,382,384
114,298,484
299,301
93,241,393
21,347,358
291,428
146,326,444
105,458,491
137,308,494
61,150,431
413,479
192,198,283
230,240,472
2,38,47
35,324,345
74,199,320
50,286,393
49,74,288
29,32,239
243,325,375
8,127,320
269,311,481
178,350,462
19,321,443
50,346,380
126,467
17,417,449
40,235,446
199,220
340,397,402
141,207,274
55,77,196
110,214,473
39,154
421,466
42,248,492
81,300,420
191,330,410
194,236
121,357
307,352,408
2,247,382
198,238,332
189,248,326
84,402
90,265,315
266,339,448
68,370,475
201,296,313
72,380,404
202,281,458
318,325,335
49,318,340
203,255,313
109,333
254,329,480
209,309,466
138,245,376
253,469,471
308,484
209,347,462
210,222,333
296,498
54,368
167,249
80,332,355
3,57,379
42,109,492
233,355,423
40,215
128,412
13,70,227
56,124,200
51,184,428
141,184,317
107,344,396
250,291,500
226,327,329
101,217,484
252,381
127,141
270,327,360
197,322,370
249,419,453
138,472,479
73,413
143,144,483
87,340
95,367
104,324
178,219,441
67,176,493
124,381
287,399
35,43,170
57,245,338
311,389,442
153,198,314
7,372,491
126,201,271
14,29,103
139,217,376
319,461
1,48,410
315,469
415,450
71,384,469
37,349,466
92,258,299
49,60
54,105,306
173,430
84,86,308
257,274,350
144,310,424
394,480
279,319,425
66,285,457
111,290,420
67,156
9,335,468
68,89,491
108,477
28,239,337
7,86,224
286,369
64,164,213
99,151
70,86
43,347
20,169
2,304,475
158,476
172,206,377
393,398
79,236,278
292,298,386
300,307
42,258,458
6,140,317
343,459
244,468,473
190,216,441
134,392
263,265,379
198,250
205,278,314
176,361,420
279,348,427
5,230,335
80,352,412
9,89,114
152,161
55,136,219
386,467,469
408,462
252,435,441
101,353
182,359
316,462
187,270,395
141,321,398
377,418,434
277,402,470
25,330,487
158,424,478
22,244,264
190,338,378
158,332
124,275,459
57,172,190
354,367,392
95,329,468
109,228,427
242,306,458
61,94
145,201,459
16,45,131
217,335,444
20,36,221
173,379
90,102,334
42,437
161,412,465
10,271
203,402
60,298
345,419,455
49,152,256
15,335,476
61,322,426
60,80,278
135,150,410
339,434
165,232,321
114,128,336
133,217,492
67,256
379,388
271,393,422
168,194,271
162,414,496
8,461,475
75,254
308,330
208,404
67,477,491
212,225,378
107,378,463
69,389
95,159
51,104,343
88,119,258
294,327,391
26,328,351
151,211,378
42,215
128,138
22,370
251,308,397
438,449
22,86,257
283,402,480
136,212,221
49,68,217
53,151,204
17,29,206
95,450,452
260,464
144,437,487
60,247
101,110
67,233,464
111,331,379
96,112,481
90,180
144,173,493
86,379,483
63,407
310,365
317,381,443
125,186,413
27,340,494
7,17,380
52,188,256
175,200,360
54,181,391
139,272,454
17,240
128,446,469
77,99,393
122,232
233,456
4,403
336,346
196,304
111,177
6,253,293
181,312,345
133,183,480
311,374,405
84,172,337
69,220,463
303,313,356
136,155
114,183,260
12,341,417
109,328,378
208,245,304
459,492
316,359,468
276,286,482
246,440
244,437,440
3,135,489
78,115,450
75,412
80,456
205,240
297,328,450
48,312,425
93,162,262
266,284,346
87,340,355
336,404,408
18,192,417
80,151,257
47,364
61,76,405
15,173,315
109,154
2,492
104,268,322
264,294
245,263
72,74,429
294,328,452
24,372,441
61,338
58,250,348
41,275,440
1,44,270
83,231
241,456
29,151,335
123,224,440
210,272,307
256,331
50,92,145
22,128
18,121,259
178,352,438
4,200,434
48,321,379
46,254,358
1,406
202,354,396
40,337,416
19,335,339
6,41,213
265,363,372
79,289,387
442,475,479
121,131,298
259,349,378
144,445
265,266
49,274,292
232,279
352,412,485
182,404,420
121,385,470
32,110,366
44,267,292
243,255,477
137,193
152,387
190,246,280
29,172,353
72,221,292
15,224,423
124,279
114,371,462
36,128,342
11,161,351
149,376,461
268,422,456
72,384,392
304,421,448
68,110,437
285,337
124,280
94,466
207,311
163,356,456
86,172,212
81,326,359
330,392
359,366,477
205,386
178,255,491
250,280,471
233,236,500
51,440
21,376,460
62,148
35,362,374
103,342
135,165,321
10,56,483
278,312,494
195,229,271
168,380,481
192,423
312,384,471
42,166
70,138,461
11,263,287
223,423,425
42,238
287,352,430
270,294,406
19,340,350
102,297,403
32,403,468
5,34,488
118,231,423
198,292,427
126,133,217
69,369
56,89,407
180,339
65,172,306
12,316
110,328,383
165,340,471
7,182,401
1,109,454
274,312,382
458,491
83,183
160,170,268
22,183,490
240,485
36,137,480
52,239,354
200,267,318
160,269,436
80,331,437
145,158
50,338,374
5,209,451
22,287,485
156,190
141,301
157,370
241,391,443
130,138,352
116,186,437
45,58,128
82,430,451
343,492
206,265
15,131,242
21,36,204
207,356
136,246
22,66,235
144,345,432
258,338
25,49,312
27,71,74
422,431
371,392
8,287,495
304,348,383
2,122,228
77,453,484
144,385
28,31,267
78,147
41,317,474
129,277
409,498
92,213,375
62,431
67,155
139,326,388
4,31,287
271,338,360
177,275,454
1,212
68,312,416
193,392,460
222,354
36,45
300,382
8,450,487
25,312
92,202,496
128,267,414
29,174,284
57,275
3,106,437
164,210
60,303,344
74,141
294,307
16,23,67
3,171,224
239,262,290
337,365,438
74,272
36,89,354
300,383
61,96,117
146,430
56,377,418
198,312
57,278,303
92,205,481
369,409
12,209,256
44,169,221
75,144,250
223,419,427
205,393
152,288
64,164
47,50,51
407,418
103,105,190
13,355,490
199,271,491
29,31,142
10,426,477
171,172,482
30,48,416
58,100,138
204,209,300
10,132
85,288
98,116,249
313,323
87,157
57,158,343
15,254,312
191,208,342
84,143,425
239,404,412
141,180,298
128,303
113,150,194
311,362
288,402,435
18,92,416
187,385
106,345,355
67,279,313
199,387,464
125,166,284
60,204,313
202,380
374,448
236,248,441
285,312
119,154,410
105,125
70,100,256
69,134,138
5,334
184,387,441
50,55,275
309,327
224,384,413
84,224,239
115,205,451
83,158,346
3,249,280
24,301,379
166,282
73,381
131,218,379
147,300
269,287
95,479
64,225,472
159,169,460
99,153,381
10,27,497
32,327,444
183,254
177,217,244
184,431,445
38,416,500
68,104,202
268,489
161,286,343
272,322,331
1,33
71,147
289,297,396
245,404,462
40,44,48
136,179,463
200,250,275
2,68,407
93,154,196
88,170,275
164,177,296
117,127,422
71,187,410
131,135,377
120,154,262
215,313,352
73,98,212
130,392
201,386,424
17,263,468
140,255,459
180,391,494
31,149,452
141,162,272
5,175,247
232,447
247,345
235,326,435
21,45,297
198,232,491
151,171
282,334,473
97,274,409
97,215,408
328,333,419
314,369
190,324,477
216,268,349
134,219,431
303,421,480
86,350,473
266,300
182,294,448
261,368,445
59,108,218
214,230,396
22,337,345
61,99,286
179,299,467
49,59,248
26,84
235,390,395
173,350
52,329,354
267,471
43,447
105,276,352
43,188
189,276,392
15,148,478
93,259,491
36,151,302
29,472
49,221,290
16,177,236
102,446
177,241,400
55,296
73,321,398
48,66
36,359
26,352,401
167,351,499
38,379,410
224,312,457
80,220,454
264,423,495
13,178
374,493
57,211,424
89,458
86,100,161
179,192,460
160,215,440
40,250,416
96,438
72,482
132,338,424
66,144,277
383,415
125,149,348
96,108
8,159,192
339,347
4,185,376
58,232,344
8,28,82
83,247,384
282,308,380
89,474
240,375
235,312,335
282,339,449
66,197,470
322,337,385
1,396,474
257,306
9,358,382
29,242,408
155,194,259
107,176
51,323,346
48,357,423
268,308,461
250,342,396
101,403,411
23,145
107,127,387
59,321,413
17,359,484
315,408
63,185,468
132,365,414
280,321,397
112,151,314
5,101
24,357,368
212,236,325
71,106,482
301,356,477
170,248
5,237,252
171,300
229,349,493
215,254,291
140,269
252,439,452
28,128,319
198,272,290
338,463,477
28,256,348
127,216
203,252,309
114,376
103,284
212,223
258,325,365
51,464
75,164,474
26,34,461
75,267
38,86,131
16,360,391
42,241,400
123,265
13,316
52,347,449
84,249,397
253,420
49,131
19,69,141
66,219,257
221,280,356
24,71,257
250,399,406
11,188,376
121,308,413
221,446,457
251,292,453
176,189,311
257,270,407
6,248,271
145,405,478
182,401,488
96,179,289
94,259,349
215,260,365
23,255,381
102,151,417
41,183,255
64,115,331
50,333
74,423,445
4,9,115
27,186
25,135,244
66,409,482
63,192
301,324,456
128,201,499
232,351,488
138,325,336
238,274,415
35,171,483
254,335,446
24,364,377
357,411,422
238,281,377
164,215,428
14,488
53,173,453
95,138,394
54,170,234
170,440
350,427
173,418,483
162,364,400
277,285,377
124,443,491
280,308
109,145,338
101,411
305,362
40,155,204
33,170
23,31,108
261,302,488
403,452
77,148,276
15,32,184
13,26,316
51,106
228,330
106,197,276
88,153,168
38,398
72,86,427
245,266,383
404,442
115,353,489
161,299,464
91,147,421
133,143,489
426,491
2,257,432
149,169,411
126,283,391
150,361,442
285,396,407
78,149,474
240,327,368
332,378
130,432,473
54,168
221,364,401
70,257,287
37,131
176,255,311
203,246
13,499
36,352,383
73,291,482
422,440
156,314
79,96,238
147,206,470
46,290,352
86,410
16,47
164,260,271
104,142,252
86,181,416
35,49,165
92,141,378
9,116
75,78,237
62,119,360
235,279,466
167,272,425
64,80,393
6,141,216
116,121,312
64,96,260
132,171,332
117,179,194
200,469,487
37,87,419
99,311,491
197,272,312
258,286,414
362,479
14,327,358
125,132,333
5,31,287
469,471,482
142,185,352
37,59,72
329,367,446
20,139,366
416,417
152,211,478
167,288
61,203,486
11,96,140
94,311
15,59,120
304,413,415
104,109,278
169,474
239,388,491
88,257,295
204,220,283
124,131,298
39,89,152
11,309,334
187,306,340
212,242,350
104,107,372
38,204
12,360,399
19,26,78
81,366,450
341,350,485
110,191
37,407
41,375,497
125,492
251,357,436
299,436
61,65,205
30,409
41,332,493
64,200,283
41,216
309,466
82,447
363,369,414
31,214,490
15,141,172
147,183,496
73,76
39,88,207
225,425,434
45,208,479
172,470,500
71,216,363
222,320,383
266,437
189,428,433
3,270,337
61,80,179
255,434
48,142,146
8,43,245
150,156,391
5,89,500
239,326,474
312,382
89,352,484
212,415
116,118,319
100,359,451
134,457
176,216,356
232,322
63,110,417
49,116,402
25,206,377
194,216
232,297,412
175,306,363
219,482,486
278,323,475
116,321
121,242,355
9,411,484
279,464,478
126,282,409
56,253
35,259
246,258
238,325,492
23,286,310
305,480
251,453,487
4,16,456
83,112,360
220,346
216,316
237,302,421
122,141,342
270,423
152,210,465
99,213
288,423
136,215
110,217,462
373,387,426
63,241
154,170,275
134,195
41,108
15,40,312
288,338
392,404,486
162,303,440
180,182,304
44,453
149,358
133,160,369
36,146,438
72,406,482
124,168
7,313
78,242,430
99,114,319
256,411,449
92,156,160
85,91,272
241,423,432
198,356,433
326,449,475
50,75,319
166,393
31,80,82
339,342,359
17,256,342
140,356,391
117,178,311
223,253
190,367
295,406
199,369,456
3,147
185,320,466
254,480
154,162,284
66,278,388
66,97
260,335
235,375
226,283
9,82,474
230,252,451
105,122
219,431
291,485
208,217,307
102,212
204,403,439
149,221
140,198
75,161,281
15,217,440
47,109,203
121,171,483
15,247,321
42,215
94,156,372
112,217
23,431
53,68,242
288,387,485
10,124,134
96,215
483,484,500
224,291,308
8,118,460
8,232,329
253,312,471
46,333
59,255,287
126,326,371
172,372,466
155,162,477
1,84,277
258,309
82,208,495
130,403,472
47,50,459
272,276
73,262,404
17,34,472
231,352,462
325,401
67,160
85,129,290
267,322,345
231,441
23,93,179
4,352,435
155,227
152,286,356
267,455
338,454
139,370
90,145,479
143,208,272
28,193
111,255,345
134,464
104,211,323
103,275
80,346,497
66,129,395
6,104
284,426,433
93,302,385
116,172,355
248,257,481
97,228
190,252,406
133,189,224
12,260,368
133,416
85,181
44,410,433
268,313,374
250,292,397
291,409,425
189,221,489
120,202
39,50,190
86,359,388
12,14,173
48,377,396
95,471,487
27,330,383
272,434,498
257,264,377
83,314,327
191,425,434
178,491,497
116,153
339,348,460
52,444,485
182,203,417
72,272
57,88,365
44,285,483
60,434
198,254,392
222,304,394
156,361,496
144,274,396
11,102,240
240,328,383
60,384,437
238,256
80,153,183
74,225
185,267
2,91,483
160,168,246
35,118,218
189,323
25,407,419
57,106,389
222,232,252
159,194,406
131,133,345
10,130,347
62,381
43,60,337
2,234,316
177,184,387
55,77,427
84,306
271,468,478
33,175,377
6,289,346
243,289,372
87,434
50,79,317
253,272,340
213,367
289,404,472
242,321,398
153,198,386
127,178,317
181,316
61,199,338
99,255,458
10,323,369
20,276,444
201,331,408
102,193
80,131,494
69,317,454
12,58,479
201,325,376
64,216,243
98,396
102,236,449
232,233,274
159,335,499
62,198,414
204,217,428
52,371
210,289,309
98,132,385
366,408,429
129,350,379
82,217,490
175,242,353
113,445
21,93
136,202
100,193,421
138,215,479
161,400
186,283
16,136,156
171,242
58,243,375
211,262,458
114,347
94,268
75,94
236,241,317
125,246
19,43,388
54,113,431
75,299
45,54,467
46,489
217,240,448
73,229
15,129,395
46,256,335
89,227,307
149,473
4,313,499
191,274,329
41,134,333
179,211,496
158,253,448
3,353
52,252,359
81,149,342
214,354,390
118,282,409
29,39,63
31,294,313
68,185,203
190,359,444
387,459,465
10,67,154
209,442,484
47,80,148
36,149,182
59,134,482
262,431,491
44,116,331
193,288
358,400,438
134,408,470
45,480
37,313,459
262,495
120,311,351
79,162
116,192,359
109,231
47,360
127,161,493
32,193,494
201,317,346
68,250,437
53,389
8,232,478
155,315,361
133,274,350
171,283
194,356,441
286,454
10,42,219
133,381,500
95,159,180
244,330
133,259,336
208,283,359
205,258
266,319,476
176,207,361
160,239,478
22,295,437
447,472
271,311,438
47,80,271
298,427,487
364,468
342,347,480
252,342,371
39,136,454
78,226
132,263,404
313,435
130,297,358
60,106,247
108,167,363
85,245,488
431,454
462,475,479
225,250,264
112,173,307
186,221,292
112,221,276
110,171,329
190,203,310
189,345,486
296,440,456
237,294
133,241,316
53,340,389
123,165,392
128,178,292
1,250,469
133,205,469
360,370,420
129,290,459
208,412
280,330,482
107,189
194,301
55,210,243
2,98,122
203,340,360
79,200,227
360,382,393
107,318,462
87,94,458
22,361,488
298,470
32,332,416
272,457
99,212,391
300,358,438
47,94
20,21,359
15,91
97,122,260
17,61,468
66,77,82
82,371
92,381
284,415,489
45,101,191
216,276,463
215,400,465
35,173,482
148,400,478
72,116,180
168,422
136,422
29,256,480
395,432
113,272,303
210,224,460
133,412,450
13,319,348
48,150,379
39,378
251,330,406
250,280,294
89,100,411
52,80
121,244,471
222,420,495
309,320,476
21,79,465
318,407,500
19,261
54,485
106,285
39,386,387
396,455
223,384
78,190
70,121,449
41,286,373
105,229,333
234,415,426
47,93,150
243,284,337
208,412,448
7,353
129,483
356,459,463
42,105,158
91,121,437
232,335,365
52,283,359
97,272,418
232,326
29,40,403
84,267,419
21,90,316
55,182,270
454,494
14,123,442
82,351,404
109,172,320
390,445,453
63,341
39,160,231
158,160
21,53,402
319,348,401
259,443,489
271,323,441
336,422
215,348,461
234,290,435
9,325
84,155,288
42,259,497
78,308
67,369,381
209,300,451
29,378,428
203,207,289
439,472,473
348,358,404
99,275,363
312,322,470
410,437
288,293,408
67,93,102
132,323,346
36,302,461
38,120,340
4,90,138
134,150,241
159,185,499
302,417,446
75,304,439
6,47,248
124,216,260
37,152,329
21,304
131,315,368
297,354
63,230
344,352
10,361
76,79,333
17,34,102
26,456,465
9,418,430
304,442,461
135,396
42,463,491
246,473,489
249,442
67,88,414
182,429,468
27,368,482
106,147,407
90,124,500
142,217,450
159,329,334
13,230,448
5,29,63
167,416,470
174,229,239
33,133,361
370,398,494
148,386
23,271,349
182,466,499
134,436
49,120,368
148,393
73,197,331
53,288,340
123,310,420
25,280
455,474
20,31,146
123,208,401
144,274,303
33,206,249
31,326,474
250,390
9,256
33,228,251
191,217,472
248,338
22,49
7,157,405
75,488
225,306,357
100,294,430
399,482
89,187,387
45,153,272
139,448
240,305,479
133,458
117,220,349
2,120,235
209,324
100,320,418
63,151,218
34,304
24,25,395
226,282,412
56,250,368
107,207,311
82,155
400,436
82,256,401
46,168,278
216,255,482
247,359
14,391,491
32,204
220,278,424
68,183,416
100,248,284
249,286,361
122,191,263
1,381
56,318,337
29,279,280
28,359,417
195,205,236
368,398
150,210,363
94,173,418
20,80,128
71,167,249
141,275,323
251,288,350
120,281
107,263
15,419,469
70,252
35,419,453
16,134,259
70,214,342
58,99,164
120,167,440
210,241,262
210,463,478
37,40,172
170,372
63,82,85
143,385,425
263,444
40,272,280
169,298,314
163,318
173,435,444
193,207,347
41,229,275
341,417
191,279
216,286,433
170,190
318,353,389
6,401,468
42,109,198
207,211,324
366,469,479
332,356,458
63,430,448
9,209,367
86,318,321
403,461
101,159,204
33,492
23,363,400
166,289,291
8,24,418
24,435,470
94,208,424
11,466,479
261,354,429
243,354,378
21,90,358
124,422,470
436,459,490
237,412
37,71,270
341,370,413
50,216
107,203,241
272,410,419
79,459,465
166,363
15,84,97
56,123,298
71,147,435
356,493
113,162,248
130,303
15,389,494
14,17,362
58,115
58,403
188,223
120,329,454
261,475
258,435,468
20,31,110
57,281,311
178,429
362,473,498
20,302
103,248,286
363,414
116,181,390
175,459
35,91,274
221,385
4,193,254
159,358,371
223,225,427
30,289,355
103,203,349
225,292,293
169,354,466
103,213,219
443,497
144,205,420
85,103
62,77,275
94,447
142,185,230
178,364,372
231,278,417
28,92,367
137,477
59,370,384
88,158,303
13,73,322
32,89,408
4,282,334
370,406
67,312
72,212,228
444,479
140,197,249
40,68,270
54,96,427
104,236
124,289
118,121,225
218,223,273
43,484
97,157,172
134,315,465
139,365,482
318,350,483
94,275,355
309,402,464
23,196,491
59,98,228
257,324,435
378,379,479
251,255,440
152,284
228,397
129,384
84,355,396
196,332,369
241,324,424
93,120,261
103,425,493
10,183
160,315,439
320,330,462
232,307,474
249,302
110,134,277
131,417
55,477
215,355
163,295,330
163,264,397
26,79
284,310,313
20,335,460
213,309
105,141,149
247,432
123,148,188
415,422,428
71,222
246,278,289
112,168,225
372,477
299,391
63,326,449
39,269,339
197,218,235
183,207,311
237,313,390
158,317
201,332,365
210,224
47,54,125
202,456,493
379,470
193,335,460
28,239,335
275,378,437
35,277,315
119,134
31,174,362
422,428
75,142,235
156,202,492
99,415
174,347,427
59,91,382
19,174,451
70,81,363
200,204,374
417,499
201,484,497
55,298,426
290,390,402
65,124,345
121,450
103,210,373
65,149,408
179,258
95,240,383
230,283,297
37,85,457
217,419,430
170,427
289,477
227,376,450
186,387
28,344,348
90,156,382
30,85,447
8,34,185
58,304,376
21,174
6,109,431
30,355,428
109,271
49,89
318,343,473
176,356,375
64,67
161,203,458
237,348,420
46,110,240
107,441
155,262,467
196,359,423
404,416
2,202,338
27,37,173
8,353,456
4,486
266,460
64,88,241
69,372
245,425,429
41,145,147
52,68,370
66,425,474
2,43
18,53
154,268,496
25,87,405
328,332,474
214,314,432
26,313
37,65,395
213,317,321
219,450
384,423,489
208,287,342
127,187,437
93,96,103
148,310,324
175,414
31,306
106,295,395
83,467
226,359,420
220,356,436
408,480
128,220
54,156,162
88,123,364
40,98,345
259,477
290,410,445
64,104,202
161,286,323
11,305,341
171,250,457
85,409,470
96,178,211
60,210,364
29,56
80,140,160
34,339,473
284,306,471
164,425
354,358,438
94,276,405
126,240,348
27,167
14,31,227
151,338,441
145,234,457
140,259,302
147,410,471
254,384,472
54,207,441
234,311
33,47,445
31,417,449
2,200,288
50,74,487
108,334
26,369
137,366,487
30,172,455
183,236,276
138,429,464
38,467
4,151,412
269,369
163,340,362
19,43,117
47,166,378
336,458
266,319
157,457,476
52,244,404
7,215,443
117,158,496
128,197,364
202,346,349
358,459,464
367,468
110,217,411
122,224,315
185,307,451
228,471
223,390,434
304,364,368
269,298,299
238,325,380
311,459
155,333
130,333,359
292,423,494
19,474
89,193,490
6,124,375
12,272,400
46,344
73,225,228
54,132,414
116,173,290
25,312
296,429
179,234,497
99,464,488
212,312
24,85,118
119,140,426
7,318,355
13,169,335
129,291
73,84,454
218,355,370
161,198,424
186,212,291
264,396
52,322
50,153,246
27,250,282
430,485
47,216
158,440,443
204,329,484
277,365,405
2,71
59,181,409
70,123,340
370,402
165,357
158,309
122,149
281,434,459
65,150,184
279,301
363,471
235,480,497
11,354
53,116,455
317,454,492
119,460,471
102,153,497
149,282,411
160,195
346,456
144,224,446
37,242,390
29,358,412
162,373,424
291,395,469
129,475
285,345,407
87,136,374
249,377
7,119
159,322,403
284,341
98,160,244
27,427
192,339,480
318,385,435
32,327,393
262,356
292,433
213,299,439
173,298
337,470
53,181,455
296,424
397,442,483
223,363,484
128,267,468
454,477
36,260
46,243,410
101,451
342,394
219,349,436
317,396
86,140,181
282,444
91,306,390
94,311,375
117,152,166
8,19,149
48,234
248,381
10,183,454
9,441
375,465
240,451,499
9,403,420
72,228,288
18,337,459
69,409
96,204,268
98,384,390
10,289,311
73,111,322
108,234
490,498
10,389
274,347,452
282,319
239,366,452
134,345
221,322
85,413
190,234,378
156,167,236
251,297
118,292,318
20,222,348
201,405
208,261,342
81,354
152,260
382,396
86,189,423
73,186,197
65,121,469
201,314,427
85,459
175,249,290
277,437
25,249,406
193,321,411
366,460
218,293,350
10,403
67,113,205
28,328,447
206,223
144,218,399
207,426,440
363,415
313,405
231,314
245,256,366
49,333
170,348,360
96,194
227,329,383
141,168,196
288,431
101,447
215,379
165,172
146,193,462
23,256,385
217,316,366
13,32,201
2,193
467,493
95,130,404
132,236,360
86,154,211
44,87,91
261,358,474
250,290
21,287,451
190,363,398
42,47,316
60,326
247,298,453
49,59,91
130,283,352
27,404,455
171,187,445
309,442
45,180,362
28,73,209
330,368,382
3,32,78
1,135,353
216,251,319
5,264
469,483
49,377,389
112,393,424
245,456
36,245,359
156,275
79,136
42,61,278
301,346,463
57,365,464
87,228
121,315,444
266,354,442
64,231,243
349,394
28,163,351
65,228,331
268,422
263,302,327
29,146,300
5,178
255,272,397
94,141,189
129,445
131,288,379
31,261,411
213,333
108,399,435
279,459
168,424,454
246,324,360
205,473
1,206,482
261,309,479
50,149,189
123,191,347
117,410
48,317,449
95,266,490
164,310,414
242,325,366
241,331,387
196,232,252
21,235,385
385,399,471
228,377,385
72,172,224
62,415,445
209,404,450
120,245,302
129,487
59,200,407
110,341
65,500
38,320,328
28,237
47,76,195
59,416
94,323,361
197,221,434
52,372,440
309,351
134,361,458
117,178,481
82,327,499
29,222,452
310,433,491
64,461,496
221,423
22,206
343,378
286,346
127,158
9,214,300
341,472,492
72,243,348
81,283,335
331,377,384
10,386
198,465
89,352,354
94,276,414
50,92,155
175,257,315
25,51,241
55,189,363
100,320,411
160,189,293
11,192
325,427,430
59,434
108,455
13,421,468
150,353
342,473
112,219,443
213,241,243
263,392,412
106,443,475
203,211,478
288,487
376,460,484
385,423
362,408,439
57,179,376
2,312
358,380,386
7,74
148,352,462
10,199
201,316,494
50,391
9,163,167
119,141
175,458
212,242
227,265,351
10,358,392
97,145,378
98,345,398
152,269,431
421,484
