465,480,489
6,500
92,231,373
150,276,374
97,380,468
92,342
135,298
11,336,351
71,316,361
70,241,369
18,112
322,352,412
164,303
131,274,413
339,456
118,319,395
94,137,481
22,172,333
232,408
60,143,170
140,176,178
157,239,290
27,178,458
146,356
7,394,478
109,284
115,172,401
19,46,130
108,179
78,395
169,314,430
152,466
237,254,290
182,237,434
41,211,488
57,149,357
11,45,124
203,254,471
1,206,233
404,448
221,297
46,196,281
167,224
180,267,366
166,257,330
69,262
133,216,387
190,363,418
305,323
53,273,334
74,156,440
82,83,170
13,77,366
75,308
78,205,336
202,468
342,496
105,385
144,376
23,86,249
58,224,409
231,316
109,190,446
230,298,411
57,273
207,251
23,57
18,250,369
140,396,406
112,405,442
182,303,434
5,127,226
14,24,366
216,266,436
134,353,367
96,214
59,363,479
32,244,449
113,291,471
122,166,365
49,160
141,465,490
49,193,389
346,381,404
111,236,370
317,353
108,474
450,490
243,259,295
68,232,381
382,431
131,251,454
306,310,464
27,110
160,175,214
73,248
71,158,432
17,76
40,195,384
23,95,183
140,215,354
238,366,444
81,178,471
36,104,339
47,140,463
332,487
412,490
207,462
356,401
191,249,457
59,213
7,97,307
299,478
380,402
79,404
17,268,296
6,380
53,162
63,450,475
59,67,416
29,248,417
164,286,477
19,197,237
155,395,401
333,435
126,188,377
16,67,76
109,390,437
144,206,284
46,328
199,404,479
33,414
185,242,258
197,235,359
61,131,331
26,180,264
391,407,471
106,308
1,258
37,208,413
39,182,271
28,174,238
45,426
130,345,391
92,438,481
6,115,177
100,247,394
46,222
23,30,156
114,417
197,457
99,189,268
155,192,435
24,116,435
124,392,481
80,221,323
232,295,328
349,351,497
30,214,409
69,309,413
120,484
160,175
189,272,401
21,83,413
188,248,399
95,437,473
170,451
109,206
25,60,134
240,497
339,445,475
46,55,336
146,247,401
56,69,319
198,259,365
254,273,276
72,251,287
50,314
166,301
35,142,317
180,366
158,351,482
144,398
67,386,485
87,115,392
6,297,358
54,206
124,175
50,278,440
109,147
337,470,477
56,169,237
43,170,251
206,252,353
33,137,273
260,273,409
387,478
314,456,489
361,447,485
48,100,475
171,348
233,310,376
106,129,353
89,123,463
68,390
190,266,326
43,186,474
99,247,286
56,391
141,188
142,463
114,412,447
131,236,422
164,196,489
249,314
260,305,308
158,466
161,369,393
174,419,466
195,239,440
227,290,385
210,416
376,408,470
205,309,343
67,446
195,452
150,285
35,133,195
61,231,266
120,465
361,496
62,357,430
320,464
290,396
203,328,410
361,420
37,363
161,315,440
82,384,411
25,150,310
112,195,256
54,116,307
314,426
163,218,266
142,305
284,440,457
75,268,298
280,321,429
240,444
10,346
308,440,457
352,466
102,182,366
176,300
179,258,347
104,230,303
111,137,285
311,371
151,165,391
28,275,404
146,323
27,226
172,456
163,272,484
319,431,456
61,205,388
170,284,352
192,407,473
106,300,469
257,309,488
46,455,495
34,329,476
79,121,365
241,305,425
45,257,426
82,145,486
47,348
9,69,320
122,367,371
334,441
279,433
147,223,403
157,280,408
480,499
303,495
83,90,131
25,34,473
105,160,281
72,346
90,261,383
183,193,323
18,89,349
185,240,453
122,256
291,339
146,445
13,251,360
11,140,348
358,406,481
471,473,475
174,445
69,498
28,288,433
133,321,421
82,97,491
53,151,160
140,291,409
40,344,442
281,496
223,344
287,409,456
52,244,283
274,401,435
86,164
233,262,354
349,468
248,342,399
157,221,496
13,57,301
158,250,417
143,232,388
213,222
17,206,410
173,184,261
67,272,310
195,248,425
46,133,394
26,241
125,442,444
8,10,365
144,273,441
78,102,291
52,113,360
215,298
65,485,496
90,309,441
32,95,427
27,36,193
85,149,292
29,114,171
249,383
49,335,431
50,225,232
39,40,429
124,348,497
356,423
14,159,348
29,336,493
174,217,260
70,500
122,167,186
59,266,428
316,331
201,217
290,442
44,77,354
300,346,437
207,362,371
90,124,336
90,265,455
136,190,234
31,211,245
371,499
318,329
24,103,413
18,336
136,454,465
46,257,425
7,225,332
122,349,490
243,271,458
151,250
366,440
333,491
208,486
51,164,354
312,475,499
198,206,419
74,258,368
53,118,444
34,89,213
369,410,412
196,253,466
168,232,498
75,78,127
309,390
157,426
195,239,326
35,180,388
72,89
117,336,373
205,274,451
286,352,480
376,496
72,151,202
27,310
120,378,429
46,335,358
283,321,492
90,147,189
104,113,298
150,284,463
12,135,259
31,81,164
40,114,435
75,348,396
159,311,312
32,221,358
157,246
93,156,400
201,325,462
198,293,327
242,317,320
51,192,318
189,234,320
162,284,423
192,216
56,157,302
318,453,493
279,280,403
318,395,439
182,194
144,235,408
166,202,288
373,421,443
175,451
87,411,423
84,130,228
158,201
146,164,319
42,43,358
188,301,443
129,223,284
19,146
71,120,141
69,155
77,258,380
252,272,307
155,217,357
286,339,387
152,495
72,338,352
118,287
103,165
387,448,486
79,498
174,206,259
67,77,315
3,11,467
6,51,461
351,371
84,283,290
134,243,462
12,314
30,245,461
56,252,301
3,55
51,82,107
117,230,326
365,382,459
405,465
350,474,498
298,441
21,167,397
67,72,104
130,354
120,225,414
141,363
124,207,438
163,323,442
229,250,416
118,301,404
154,288,415
30,240,271
51,263,276
87,168,465
147,260
100,446,493
214,430,431
157,370
132,235,288
196,368,381
48,421,466
281,282
1,325,493
204,471,484
35,65,435
69,81,115
62,127,148
72,241,368
494,497
139,322
113,303,357
21,251,277
89,111,321
355,426,455
135,389
62,312,342
14,149,348
130,247,408
41,164,396
54,337,352
147,302,449
59,247,262
112,302,425
133,155,494
2,40,267
40,154,456
375,476
144,342,349
58,149,204
20,354,464
77,219,475
88,181,300
94,95,118
153,347
6,446
92,347,382
12,91,230
55,73,381
160,383
69,161,274
292,394,447
5,18,288
306,429
24,239,284
217,260,276
105,257,409
123,394,484
158,197,416
68,106,252
348,489
30,115,218
75,391,441
113,300
201,339,349
39,353,469
119,182,434
4,135
125,268,271
122,146,464
227,342
226,473
132,147
41,499
103,110,312
61,67,449
382,475
143,192,397
139,260
112,227,497
229,236,425
180,347,401
106,278
77,386,423
42,119
58,198,260
50,302,337
153,290,420
100,315,491
37,239,298
6,63,146
245,402,441
252,475
8,87
295,438
128,230,452
72,142,281
13,101,414
9,155,215
128,266,426
398,468
38,199,470
22,365
120,262,448
440,472
313,337,376
170,307,356
132,216,316
149,197,214
341,392,426
29,298,339
172,231,240
56,95
198,233,484
245,322,432
55,432
174,257,258
11,436,487
250,311,374
35,331,478
72,165,462
37,299,454
72,191,370
91,336
193,262
1,375,444
32,57,264
30,370,376
207,371,482
52,213,317
22,93,349
194,388,480
42,172,205
45,268,368
22,497
423,450,485
5,218,275
341,428
59,252,412
81,323,396
12,115,198
4,174,464
109,360,460
64,390
15,155,214
316,365,405
70,97,418
178,195
70,393,482
215,452,464
71,135,468
38,371
308,444,494
64,377,385
8,58,68
96,487
38,500
70,169,490
148,245
15,95,259
11,148,213
283,352,430
105,124,330
4,154,185
313,346,405
195,313
115,417
49,264,270
104,177,221
213,362,435
14,490
31,234,494
154,464
202,292
69,187
161,419,475
36,445,464
240,449
39,345,445
51,161,188
24,141,299
203,419
68,109,353
429,494
124,166,342
155,336,470
107,209,293
97,238,274
47,220,417
8,123,152
259,268,436
17,61,324
200,249,340
153,354,442
251,300
182,373,444
228,290,313
219,336,479
213,231,265
99,306,460
404,411,440
5,328,379
38,64,85
67,353
188,293,318
165,214,328
52,220,355
100,337,384
220,260,342
94,183,303
3,73,276
15,218,237
32,292,398
10,106,363
161,319,324
75,425
31,59,190
58,214
193,436
219,228,470
54,186,255
190,397,422
127,365,441
191,420
235,433
219,342,372
153,156,420
128,320,419
434,452,472
64,220,377
39,360,449
475,489
2,125,292
18,283,343
16,282,437
318,386,409
73,284
145,335,344
127,149,424
140,232,293
274,435,494
140,271,319
244,275,449
170,266,331
245,300,467
109,125,479
239,272,494
93,128,327
65,306
49,247
180,307,457
116,145,384
298,317,350
114,335,418
150,307,443
37,97
63,439
18,52
55,205
117,419,497
148,157,310
158,268
95,113,264
331,393
23,359,460
140,366
21,332
158,428,460
33,116,147
40,252,286
88,412,414
252,322,324
68,273
155,292,307
414,449,498
381,436
19,167,452
190,212,322
6,53,488
6,215,354
165,382,429
226,243,452
112,279
182,305,319
173,322,498
115,354,424
60,356,440
107,164,187
138,403,456
26,56,182
109,138,459
428,500
91,323
34,178,382
252,384,494
113,324,328
190,387
116,225,366
424,427
112,227
98,125,325
287,394,457
13,109,278
64,220,247
294,321
189,415,495
299,457
84,374,490
156,271,424
241,392
141,292,399
73,202,473
90,111
256,376
19,207,490
149,192,201
198,452,458
19,410,470
63,127,182
168,302,384
74,186,406
202,373,405
78,161
121,219,374
211,236,349
109,143,352
49,221,327
142,227,443
120,239,240
19,34
42,88,290
266,283,351
256,357,494
114,247,278
73,162
41,139,245
25,172,198
44,105,108
247,317
292,298,460
198,484
96,437
108,309,417
210,500
175,198,387
171,198,458
141,184
103,145,375
228,229
2,480
190,280,323
115,347,424
303,327,383
155,263
355,359,361
288,341
67,131,170
140,212
254,303,437
124,241,336
122,316,377
234,428
124,137,479
8,288,361
26,158,173
57,188,472
221,246,327
114,258,444
75,138,298
119,159,285
17,56,478
188,336,462
56,332,389
240,428,465
42,50,403
4,278,448
266,307,394
67,373
14,57,256
104,137,284
55,146,265
37,42,480
19,84,288
258,262
74,288
27,293
306,413,428
48,220
1,438,497
48,346,425
98,100,457
15,81,273
371,438
154,434,480
147,205,247
105,342
104,440
37,146,314
53,188,271
156,237,439
244,373
37,258,493
71,73,424
131,146,430
175,189,468
81,413,456
109,200,414
49,406
117,499
407,493
79,173,354
55,317,417
374,415,496
33,39,331
294,342
143,210,387
266,274
21,332,442
124,126,227
13,377,457
5,75,291
24,248,252
248,444,483
426,459
386,413,451
376,444
110,300
42,56,271
224,276,319
100,157
159,343
190,299
156,422,471
100,129,444
262,335,465
40,344
29,156,263
256,287,377
79,173,404
286,363
137,386,439
4,16,367
134,232,330
412,449,460
87,304,382
136,380,401
42,136,491
176,209,282
297,325,469
16,150,356
297,325
113,179
20,426,493
38,157
85,188,462
4,326,437
17,315,322
14,39,452
176,290
120,181,435
86,264
199,231,265
14,439
141,286,308
81,334,486
130,351,393
130,336,483
28,362,495
154,219,324
189,248
223,266,350
257,339,376
92,373,410
246,314,323
206,217,434
37,327
28,219,316
297,394
21,195,262
173,185
120,402
316,460
76,283,294
62,112,257
21,148,347
309,381,436
140,169,293
94,198,464
187,189,468
95,102,276
428,465
97,143,180
15,345,423
355,383,415
26,273,354
162,211,481
172,233,489
262,296
298,491,492
133,352,429
50,97,300
6,176,439
29,323
27,214,430
195,301,439
120,125,258
142,419
80,327,445
213,459,470
33,360,366
77,116,450
390,443,496
39,132,439
45,72,242
35,243
70,241,481
11,391
81,134,431
116,284
100,141,450
248,306,414
101,369
83,321
103,357,489
22,254
352,415
229,410
301,388,418
51,348,441
215,246,424
19,157,476
6,155,314
322,410
312,359,369
125,165,416
237,358,484
1,29,79
236,338,377
54,167,485
86,120,170
145,186
89,302,452
56,57,171
50,126
149,353,380
82,308,474
40,442,448
29,82,493
93,115
269,286,474
112,142
175,214,253
138,215,318
120,430
7,181
261,294,479
185,290
58,60,463
193,207,242
215,366
214,471,484
212,496
327,330
253,313,432
343,367,374
98,252,480
144,184,426
3,265,362
94,215
27,149,425
50,234
235,376,482
202,389,398
10,108,467
86,103,429
106,286,299
309,426
358,377,394
211,344
209,287,298
158,330
114,165,267
98,366,380
77,186,278
234,454
60,185,387
29,310
20,167,251
123,198,230
195,366,457
285,404,433
108,464
156,224,230
82,179,279
169,260
73,420,421
16,24,99
5,241,265
237,430,452
213,392
12,81,318
26,275
6,183
175,404,420
411,446,447
180,269
158,178,343
4,288,391
43,411,460
154,217,291
221,353,388
63,318,431
7,281,416
66,277,397
284,332
23,158,454
18,81
40,106,120
145,178,282
2,337,384
40,358,461
22,256,461
67,190
151,197,349
299,444
4,96,430
106,249,454
185,356
249,380,453
92,279,436
28,48,361
255,429,480
159,484
370,372,438
115,271,472
134,294
111,160
24,203,217
134,296,405
248,307,454
226,236,347
190,195,486
216,299,441
41,359
22,137,421
171,475
225,394
105,196,359
211,263
226,439,471
168,303,438
213,222,461
39,500
247,261,455
46,117,392
35,111,496
118,155,409
288,317,436
10,346,381
119,175
16,234,428
102,167,224
240,449,465
147,423
52,184,338
204,221,293
153,415
76,158,279
14,90,244
108,368
47,199,487
278,370
265,311,370
381,467
261,470
138,204,254
42,332,366
137,326,351
188,321,344
165,170,232
101,404,433
313,378,416
65,257,374
281,383,393
5,30,400
195,274,446
5,63,188
331,480
37,190
114,252,442
205,223,486
92,313,459
7,428
190,489
284,307,353
14,461,475
360,388,460
151,166,367
45,167,242
119,281,341
247,442,463
16,255
161,271,354
176,282,402
256,375
108,391,488
65,274,439
144,212,496
22,315,355
142,157,368
279,334
90,189,262
51,425
81,142,367
321,373
225,262,269
191,368,432
69,344,383
157,164,168
36,188,246
77,203
109,413
122,406,407
67,129,131
70,295,313
183,415,483
170,337,493
191,375,446
228,393,459
48,342,423
6,85,461
40,240,394
171,214,318
292,305,365
250,349,368
170,258,453
115,277
72,283,499
109,288,414
243,387
1,118,127
75,263,291
240,360,475
181,274,453
220,434
12,135,323
4,419,452
178,434,452
97,286
87,272,332
165,200
24,181,247
69,412,457
76,158,279
39,87,306
407,476
221,234,395
81,218,462
134,463,492
139,251,417
27,415
11,228,322
399,431
60,86,310
136,150,350
29,276
128,371
141,429,491
13,99,416
16,247
300,375,386
251,272,449
68,183,285
1,148,324
275,384,442
150,332,447
459,462
32,459
16,21,136
96,187,207
148,161,334
114,119,379
220,361,378
87,235
78,133
218,234,346
58,204,389
88,216,457
20,192
201,284,328
285,343,365
49,408
154,297,408
47,73,377
90,116,451
249,418,480
415,481
308,333,335
22,495
68,248,278
386,447,490
141,150,307
157,392
190,374,401
81,194,484
330,375,499
9,15,41
110,261,466
10,190,432
146,271,467
83,141,331
97,346,498
61,86
175,321,443
348,441,472
34,405
32,237,461
126,225,429
72,432,461
356,432,439
55,265,443
117,281,317
147,190
224,476
203,358,413
92,121,322
142,347,470
121,213,242
35,241
223,234,498
234,274,480
218,280,467
334,402
87,307
27,480,488
80,139,472
304,466
274,353,465
232,258,384
230,275,439
106,455
120,315,393
6,253,458
6,246,324
48,329,398
172,358,407
51,115,452
73,207,349
59,305
89,119,488
25,192,287
243,318
192,411,464
62,125,276
195,333
244,362,398
40,42,315
301,363
26,44,428
17,64,403
235,309,390
12,102,379
29,294
114,267,446
61,306,453
206,318,327
112,191
313,338,360
4,293,464
330,500
22,156
91,164,324
234,428,461
13,185,258
91,281,460
315,498
66,460
46,495
4,25,78
97,248
13,249
176,493
332,338,425
347,382
55,97,176
76,241,438
31,61
160,218
211,238
101,129,313
214,224,402
67,181,368
362,420,467
66,97,299
429,455
51,276,475
320,324,396
109,262,435
33,83,423
156,164,171
50,171,279
12,139
24,66,414
10,58,364
227,343
18,240
451,462,497
33,319,336
16,106,256
83,278,356
36,171,462
442,460
57,118,164
26,113,192
3,317,468
219,381
160,236
93,258,487
155,313
279,433,439
49,94,102
187,329,451
79,142,361
175,184
232,445
109,384,442
75,348,464
228,277,380
295,321
448,478,480
364,404
139,188,243
6,36,437
160,229
9,199
414,474
129,199,373
126,413
10,225,404
134,155,472
125,145,397
190,247,387
217,445
218,473
287,355,430
428,482
91,415,447
234,301,399
225,245
350,464
60,450,462
149,243,400
48,71,303
385,433
26,192
210,494
111,346
41,466
292,302,378
76,202,321
60,239,350
152,268
131,328
139,238,300
45,178,243
168,259,406
177,327,462
41,328,419
3,173,440
242,479
219,377,470
132,268,438
18,256
326,407,484
24,247,335
3,77
260,383,438
158,253,336
400,461
56,62,104
66,114,266
37,252,428
95,127,139
39,292,388
382,434,472
174,198,233
19,465
94,383,408
116,181,474
39,70,128
237,266,355
64,72,257
11,336,468
12,140,413
257,355,496
32,477
288,468
110,153,364
298,406
310,362
66,225,480
24,195,274
253,466
421,448
159,334,403
55,369,398
93,199,373
69,209,358
154,231,347
222,322,355
258,283,472
111,149,432
69,176,192
210,292,356
28,311,428
6,219,270
99,101,158
56,91,194
394,451
222,233,360
37,129,386
430,473,477
212,232,448
85,321,385
169,240,347
83,306,386
62,162,380
12,495
226,382
393,404
152,329,385
88,267,394
25,221,430
123,412,487
190,255,454
110,221,464
130,293,301
2,168,397
17,62,354
127,134,400
330,415,449
180,310,335
25,63,400
310,366
43,132,255
239,256
287,467
68,170,315
200,423,494
262,267,423
131,229,448
105,412,439
23,203,339
58,156,276
149,194
8,63,202
4,23,75
323,357,412
99,103,348
46,425
16,116,449
239,293,448
237,245,365
60,236,267
188,500
454,465,491
423,444,450
241,332,382
31,418,498
112,211,294
200,255,277
186,210,241
328,422,458
223,230,236
12,209,226
246,298,409
47,53,74
249,277,428
257,277
289,472
153,242,373
33,374,451
31,143,278
328,434
190,202
129,453,480
223,249,494
461,472
59,286,413
52,369
179,290,342
135,260,464
390,488
109,153,210
146,401,436
9,102,407
67,200,360
8,85,455
74,324
161,196,265
31,86,485
33,403
106,281
48,150,250
60,67
142,143,385
202,414,472
342,469
65,223
124,126,176
19,183,355
25,91,169
245,396
228,292,366
82,100,343
37,131,317
234,263
33,99,266
152,437
191,220,316
228,360,427
184,259,409
136,262,292
151,231,285
378,380,478
175,313
225,257,464
139,229,419
258,288,458
323,432,488
265,421
115,202
310,394,442
30,282,475
54,413
227,300
65,295,347
300,364,464
270,339,452
33,85,483
335,387
68,98,308
304,499
53,197,479
134,305,431
56,293,325
233,305,358
349,392
256,291,425
147,327,419
151,159,185
75,82,186
18,45,290
124,196,235
198,441
21,106,278
492,495
44,123,319
140,339,395
120,247,490
205,333
40,102,300
213,302,450
166,463
38,94,458
34,147
174,431
125,299,454
7,454,485
36,225,427
215,325,475
124,146,499
250,349
55,193
285,373
116,131,474
120,121
57,91
229,346
89,404,433
62,331,419
4,154,412
158,199,383
198,276,285
16,21,420
132,356,471
120,146
274,278,363
18,392
224,485,491
115,263,409
170,192,283
312,371,463
128,158,473
158,187,358
18,222,365
6,215,434
159,288,463
136,226
188,245,407
7,143,444
73,102,127
125,147
10,45,280
324,328,489
97,199,380
267,352
142,322,337
414,494
113,164
120,168
184,202,359
220,462,489
122,176,397
68,145,460
55,191,393
137,253
79,421
5,379,402
174,356,386
84,339,430
230,348,409
279,281,329
92,364,398
31,60,416
8,52,105
119,162,481
257,290,364
183,471
160,220,279
128,470
277,306,332
255,335,360
101,437,461
16,143,399
158,191,365
250,253,322
90,296,373
129,314,448
101,315
156,214,391
54,256,315
22,273,474
260,271,427
37,177
222,373,432
47,280
261,373,404
82,150,491
149,245,318
400,407
337,352,413
13,480,491
145,170,411
154,290,392
103,180,391
104,287,422
289,360
3,74,294
72,238,284
218,261,492
4,75,439
199,288
61,346,361
14,29,253
149,318,334
134,287,313
11,381,463
271,396,433
143,465
103,367,490
108,268
270,358,391
143,251
155,281,457
66,171
214,379,389
236,371
195,340
280,495
259,431,489
257,432,496
263,327
345,426
187,280,418
190,240,332
150,180,493
463,467
40,61,413
157,234
173,329,398
54,100,384
190,449
450,472,498
78,174,281
7,39,308
80,315,378
161,188
113,369
189,410,463
66,352,380
71,279,313
50,103,120
440,490,491
126,301,452
61,314
194,213,471
51,139,261
181,331,380
98,416
82,133
135,281,401
300,394,413
326,382
45,385
223,386,428
273,347,440
33,127,243
51,85,136
218,354,407
51,487
63,276,354
196,372
385,425,463
149,346
25,468
161,203,206
49,379,475
265,337
244,404
49,62,477
48,276,465
13,235
181,423,444
137,157,173
186,292
275,437
340,496,497
196,290,492
52,351
285,343,438
189,343,368
188,232,344
100,190,387
266,363,442
263,395,473
102,305,436
60,423,486
25,357,497
202,252
132,207,392
11,346,361
174,176,354
120,171,364
368,421,426
147,157,215
230,246,327
385,479
54,223,331
64,154,199
12,95,323
378,418,448
145,311
25,437,471
136,317
219,236,316
170,478
138,275,328
36,204
74,142,288
37,224,393
205,234,284
138,287
140,349,385
154,381
111,255,286
31,471
130,166,383
150,450
29,60,149
106,117,179
1,431,472
209,354,472
6,193,298
15,127,452
84,242,492
68,211,288
141,266,386
402,441
50,457
43,150,210
228,261,330
102,327,462
30,462
119,281
244,380
70,101,433
149,198,204
71,169,384
119,251
255,315,490
52,142,361
320,445
185,190,440
159,359,392
315,387,449
120,399,446
168,310,416
193,371
414,428
406,435,479
27,303,469
62,297,300
31,219
364,381,487
5,58,465
72,294,406
8,346,365
19,436,455
209,232
117,381,492
54,440,446
429,451,460
129,321,453
89,293,329
83,240
145,202
208,264,414
252,306,454
194,384
120,191,246
404,407
33,145,296
136,320,361
183,435,459
24,465,480
116,168,180
41,217,323
211,458
7,44,360
286,394,401
226,230,287
296,317,381
200,444
112,435
121,316,443
31,91,247
298,323,419
61,134,267
34,46,311
78,341,373
42,228
53,211
190,428,429
22,390,421
148,385
60,370,469
139,318
147,266,399
15,291
15,30,473
52,132,289
43,258
217,273,473
10,44,144
157,231,346
81,157
131,269,400
43,195
118,187,454
273,327,411
63,458,463
232,295,450
45,211,298
199,270,339
62,113,171
64,110,202
57,81,127
122,199
49,275,471
68,320
71,425,495
306,350,493
10,92,342
44,112,368
7,388
73,354
83,334,361
101,278,385
78,268
237,404,499
50,123,331
49,127,409
37,200,307
165,179,435
165,266,480
202,207,349
101,155,477
55,85,425
15,209,291
105,202,320
111,322
132,170,484
21,167,332
230,354
67,83,429
64,126
202,301,319
31,397
365,372,376
237,458,475
147,335,401
30,38,359
85,89,158
223,407
80,208,294
204,436,489
196,372,467
72,213,398
66,307,444
245,275,434
226,409,437
82,173
105,161,309
286,433,462
229,355,405
34,184,303
166,407,488
33,147,208
83,97,315
80,339,445
105,242,433
207,321,360
148,276,456
34,212,495
10,180,463
54,302,446
77,129,301
233,259
280,436
5,65,251
52,279,500
120,272,386
24,248,256
131,335
2,170,301
14,177,328
131,181,292
89,440,444
40,333,417
230,385
87,375,387
324,325,409
155,475
44,248
137,492
251,453,494
222,336,340
75,107,178
157,184,487
135,264,328
155,177,348
39,352,483
421,433,479
8,469,477
217,402
59,481
239,255,369
248,323,374
221,461
115,163,222
149,201
158,273
2,82,414
49,422
156,164,489
34,211,499
188,445
89,401,487
180,311
144,352,488
267,304,426
312,377,497
76,219,228
13,340
21,147,200
62,214,439
278,300,428
5,29,146
21,258,433
234,299,457
116,332,363
35,147,249
265,468
66,97
231,321
219,232,262
154,466,482
4,93,271
136,302,494
174,273,406
142,165
71,202,289
158,373,441
347,426,479
119,197,463
25,164,379
195,229
222,378
149,206,391
26,213
162,217,323
111,159,196
26,75,176
218,237,270
12,198,324
417,491
197,371
257,321,368
279,452
52,330,381
146,230,441
335,465
165,200,240
113,192,406
61,325
68,384,397
77,333
124,366,398
156,357
28,108,153
307,308,333
95,213,266
31,98,240
3,203,410
24,97,232
98,273,486
59,129,386
136,344,416
121,208,328
219,342,438
15,306,321
66,205,274
199,229,330
331,340,461
38,154,239
433,435,453
297,396,402
180,378
149,407,427
2,211
97,250,495
173,365,478
348,442
87,180,378
104,339,382
29,56,319
239,252,383
33,465
227,271
129,306,310
186,255,269
72,341,371
176,326,458
178,401,467
315,350
128,138,456
348,374,453
11,365,476
98,435
24,208,421
16,481
55,231,381
109,286,337
74,144,473
32,69,148
141,418,457
115,164,469
9,195
30,69,156
16,139,305
157,483,492
153,290
171,464,477
191,338
189,208,279
151,185
22,243,336
8,183,346
196,340,438
88,224,274
46,309,404
7,258,353
44,288,317
107,155,293
157,285,316
41,334,478
64,166,257
147,332,451
358,419,484
272,306
197,347,393
198,396
100,170,180
333,366
139,148,297
258,319,430
92,258,389
415,478
261,368,438
2,69,378
400,430,472
198,297,424
127,213,308
7,306,493
35,116,190
231,279,369
80,94,396
113,193,395
401,411
58,171,188
38,481
59,293,302
22,65,472
152,157,250
14,434
12,177,221
145,237,355
136,234,239
18,100
185,492
97,419
41,115,314
122,393,443
10,187
209,257,464
175,294,467
67,125,456
64,71
38,239,497
18,126,349
166,325
33,292
147,162,206
293,475
157,368,468
225,356,423
180,225,350
201,446
206,372,439
128,142,432
213,342
163,229,369
69,343,460
44,142,415
29,192
19,108,297
98,424
69,204,303
15,40,447
307,414
61,79,291
133,225,272
51,183,326
32,226
118,187,276
171,416
301,428
124,133
95,204,262
315,483
150,182
271,443
2,47,119
24,40,278
259,438,457
5,263
261,281,466
166,398,456
220,377,495
387,451,480
212,398,470
138,139
366,490
176,204,384
237,326,372
237,271
177,220,363
168,200
269,344,465
142,296,492
72,294,367
113,144,440
322,383
57,385
308,353,387
34,338,371
160,247,485
66,200,457
283,426,476
57,273,328
34,122,403
227,308
52,159
113,207
3,367
64,145,293
69,204,489
140,415
95,161,495
72,92,157
75,282
87,244,335
49,345,406
309,482,497
157,346
114,386,418
308,356,465
87,401
38,439
245,498
15,293,339
25,314,402
308,463
122,243,310
178,297,431
276,409,437
25,243,427
374,395,474
31,322,396
148,243,305
72,265,362
201,246,334
6,171,421
78,255,344
279,309,340
145,375,457
307,352
244,338,369
121,343
88,292,451
126,368,399
164,188,305
85,265
412,486
23,380,454
199,339,380
4,63,155
225,308
114,210,498
13,477
11,359
54,248,316
268,335
71,354,449
208,210,491
124,142
86,286,375
51,323,325
33,418,448
295,297,459
217,287,452
38,242
12,174,218
98,306
256,308
163,278,402
67,485
95,453
198,453
295,355,463
420,459
309,468
450,458
203,462,473
215,407,430
124,196,321
25,282,407
116,157,383
320,470
148,437
13,358
138,347,459
90,481,500
56,263,443
40,60,225
84,105,410
182,230
105,459,476
179,460
116,485
57,134
156,259,452
110,217,273
449,465
110,173,373
61,315,331
50,125,267
218,341,463
152,481
197,286,407
53,182
37,271
71,191,231
155,293,319
85,164,388
1,173,373
171,428
63,339,471
163,321
105,137,496
77,377,466
19,362,470
156,488
39,335
83,284,498
24,388,414
106,263,418
328,381,464
202,245
28,166,294
7,93,415
167,191,208
5,215,489
202,367,483
74,126,500
147,249,384
127,276,475
120,184
288,495
48,161,500
232,343
77,200,465
42,429,444
34,154,342
66,499
88,123,227
15,204,422
254,266,272
94,264
277,302,474
18,37,468
223,256,388
36,102,287
244,474
106,179,465
70,313
323,377
140,155,458
209,327
115,149,327
394,446,449
158,166,228
313,499
49,172,189
85,343,405
89,318,378
52,213,281
5,46,202
168,425
229,362,372
129,209
17,173,403
35,45,222
101,215,448
280,489
90,257,280
441,446
119,170,259
127,379
206,460,467
45,478
27,69,427
124,356,411
190,197,249
13,97,258
103,120
54,82,332
200,232,354
80,421
200,339,497
34,407,442
60,337,360
160,197,346
14,91
234,239,292
142,207,403
83,205,277
272,413,474
169,317,474
156,378,405
36,314,396
140,264,270
143,208
158,213,367
232,453
254,357,469
1,46,384
30,320
260,367,449
184,253
32,57,102
186,286,301
177,357,395
7,414,454
326,391,473
82,253,262
130,374,463
152,302,419
179,302,332
55,312
216,374,489
34,405,497
264,313
54,258,366
44,137,268
45,74,476
86,218,274
269,306,356
96,389,484
157,367
106,376,461
285,469
142,241,459
68,103,247
69,214,389
174,210,452
16,284
142,399
220,236,313
200,426
177,226,410
27,237,446
55,125
104,323
138,203,271
79,131,440
167,272,301
152,223
95,172,468
126,159,235
45,98
209,231
168,380,386
224,471
161,339
92,204,256
167,168,249
29,135,164
79,311,317
37,426
38,151
42,150,388
81,176,318
65,159,173
110,116
268,385
160,227,470
29,407,462
266,363
168,496,498
292,450
35,66,135
239,486
367,406,470
329,479
412,497
19,121,473
314,391
290,430
229,281,349
239,267,412
99,356,388
143,366,478
58,69,254
91,335,418
142,279,377
30,421
157,167,457
115,382,406
177,226,272
34,161
82,198
311,362,417
25,212,377
90,126,159
109,160,179
80,348
100,429,444
253,359,403
236,247,307
37,375,446
60,245
224,231,291
292,423,493
20,427
221,318
68,454
91,146,334
66,427,494
115,472
12,135,437
178,396
44,322,347
143,279,465
94,193,348
275,305,499
275,395,402
53,375
74,206,497
11,90,420
182,236,336
22,35,55
52,385,439
9,180,309
193,348,354
60,360
87,116,485
289,460
259,354,471
278,302,333
75,148,305
168,251,494
60,306,413
42,88,363
83,245,461
84,123,381
123,322,488
145,266,498
128,340
42,234,450
156,308
52,295
68,410,489
90,213,321
343,394
27,62,323
289,316
280,346,390
170,207
35,331,356
181,256
220,285,297
4,26,437
3,175,290
140,193
23,95,138
31,250
251,318,435
124,126,285
19,488
9,182
16,163,358
65,110,124
145,363,366
196,329
32,104,477
139,188,291
152,207
26,206,314
115,150,276
49,69,138
245,464
270,297,391
382,400,443
25,85,427
126,495,499
216,380,474
117,328,454
44,208
160,277
76,176,271
16,146,487
289,322,325
172,182,391
222,365,438
226,320
178,252,280
305,419
116,252,401
200,252
65,157,236
64,420,466
255,429,447
180,268,357
250,351,431
179,189,306
122,241,295
43,195
113,357
46,364,438
440,446
52,338,376
58,153,305
193,203,484
190,350,353
36,70,85
10,74,138
170,418
24,448,486
179,239,333
76,100,479
157,202,463
62,139,323
55,72,472
194,238,335
139,210,243
296,322
40,481
4,32,439
7,234
117,128,367
20,473
83,109
271,298,354
389,441
298,382
41,176,214
109,136,399
402,466
132,346,488
204,270,427
28,228,288
174,312,377
164,418,459
23,192,224
155,382
142,261,349
169,293,349
64,132,321
215,379,475
174,218,471
6,176,276
51,159,275
283,313,340
161,344,366
16,53,198
88,333,413
68,232
447,449
30,308
222,424
5,177,382
159,355,377
133,171
26,149,396
36,127,183
26,276,297
375,379
187,394,452
1,282,445
59,188,271
140,181,478
123,160,312
161,174,238
87,114,387
61,174,482
292,384
64,420,425
56,155,206
222,248
318,379
234,282,446
209,224
28,196,283
370,436,466
190,460
2,16,480
45,135,494
81,155,382
53,71,417
62,240
63,450,470
265,369
132,495
242,316,469
131,412,494
94,270,409
2,254
247,292
224,373
135,263
76,129,395
49,178,431
195,234
419,481
9,363,417
20,305,431
86,143,352
85,123,132
100,299,491
316,483,492
193,434,492
398,415
25,286,493
21,308,413
294,347,410
86,156,226
31,82,239
203,228
53,349,500
235,314,438
17,483
166,404
18,462,495
350,386
387,460,486
8,84,468
71,433
122,183,418
188,379,407
43,384
249,267,491
14,115
188,320,400
48,312,370
210,373,377
36,206,441
335,416,474
47,368,389
22,141
40,232,286
77,252,348
57,104,203
144,395,399
33,255,266
283,327,343
12,218,303
273,441,464
120,428,442
73,202,257
92,93
316,373
54,64,87
88,262
5,81,291
266,333,448
70,355,369
221,242
398,414,497
92,261,308
64,219,329
28,311,468
11,236,435
12,337,390
98,457,486
176,326,406
217,338
78,172,380
338,414
85,244,408
107,230,379
248,296,473
242,247,428
101,452,464
207,378,391
30,155,424
87,262,473
108,158,294
71,241,362
26,169,327
43,56
113,259,348
201,452
76,250,322
173,175,367
293,441
95,271,470
337,481
32,220,398
54,159
257,453,490
249,277
259,323,354
291,396,407
29,169,201
131,185,491
225,345,486
10,353,432
155,368,425
94,137,475
28,202,235
24,42,77
463,482
178,477
83,267,363
161,456
102,137
44,117
74,369
289,479,496
56,135,473
316,359,368
174,182
106,306,344
369,442,500
96,104,327
59,187,443
131,165,453
119,281,488
345,412,491
82,86,131
82,105,325
27,94,320
