26,52,96
104,134
25,99
29,139
3,142
69,75
126,128
51,108,141
27,28
54,96
64,89,134
56,61
6,103,120
3,84
61,62
89,117
87,110
46,65,145
82,88
110,143
44,90,129
22,103
14,60
9,81,139
18,97
6,38
86,101,129
58,86,112
4,28,84
16,86
101,148
33,59
28,148
40,114
16,131
54,111
55,113,137
67,121
61,67
5,22
17,104,137
61,99
6,134,135
122,134
8,60
77,98,121
25,149
6,19,143
60,140
35,99
11,100
15,135
67,77
11,36
57,74,121
14,114,138
72,79,82
47,58,150
111,141
55,114
47,71,93
24,100
119,142
4,64,102
21,50
4,147
76,121
17,140
51,135
19,45,143
10,69
103,140
27,42,62
54,96
70,150
3,120
33,47,106
11,72,101
25,43
31,85
52,53,146
42,43
113,119
3,46,107
50,69
2,41,144
86,102
89,128,150
51,143
39,80,146
36,62,97
62,88
11,75,149
118,131
68,96
102,103
30,114
18,147
7,72
43,45,71
5,27
16,91,109
13,18
131,132
31,98
74,84
50,133
64,146
1,47
69,72
33,36
7,10,88
16,110
115,149
20,84,146
131,136
49,121,126
55,125,144
72,109
58,68
79,96
61,117
48,96,108
24,64,121
41,65,81
7,88
79,87,95
76,106
85,124
50,120
7,10,43
17,121
52,145
71,138,142
5,125
5,87,110
2,107
7,117
95,115
81,137
79,148
67,82
121,138
15,71,74
56,127
76,130
41,118,145
28,42
76,80
3,16,92
125,131,137
75,117
16,61
60,80,104
40,67
112,120
78,123
99,108
4,102,119
42,43
11,82,140
17,71,123
7,133
117,142
61,65
56,73
85,93,98
104,126,150
19,121,123
43,115
23,120
2,40
32,82,133
24,80
39,126
140,143
4,91
23,68
20,136
10,101
42,73
41,113,118
34,36
10,147
87,124
64,128
5,141
14,75
44,49,96
127,139
63,100,135
78,98
8,103,141
83,124
61,68,96
103,123
115,137
39,123,126
10,129
10,43
90,146
1,50,72
25,28
73,139
80,125
50,54
45,49
56,60
76,136
51,67
83,138
75,115
35,75
10,95
58,86
17,116,144
6,115
22,122
12,13
59,78,126
18,144
72,73
83,146
27,73,149
69,86,91
22,71
74,98
45,135,141
36,69
56,94,148
15,20
3,66,139
59,76
70,90
89,115
1,32,95
10,134
16,61,120
69,138
14,38
35,43
38,128
15,78,121
16,30,137
50,145
10,69,79
26,76
70,121
76,130,134
22,42
33,74,98
79,102,135
43,72
41,97
48,91
35,75
56,69,95
17,21
69,142
14,101,110
5,148
44,46,63
32,42
52,115
30,71
32,72
70,93,119
70,98
70,75
57,65
27,32
7,18,58
82,114,145
71,78
70,125
66,119
16,108
27,42,148
108,122
85,102
90,146
52,113,142
14,17,128
29,80,85
29,137
6,90
5,96
62,88,124
2,81
44,124
72,88
25,108
23,62
89,116
8,54
53,131
56,115,124
42,147
20,76
6,22
69,122
8,116
39,59
34,36,124
7,88,124
13,36
10,27,50
12,41,118
4,44,76
100,103
57,96
27,121
8,133
6,12
22,98
65,103
9,16
33,51
21,69
60,73
13,120
31,84,117
59,76,123
19,73
66,77,139
7,50
13,100,137
7,21,32
18,107
20,39,106
15,111,138
61,112
50,126
14,89
38,126
22,73
64,140
20,80
11,71
69,114
20,51,110
42,150
81,120
20,141
29,86,109
113,148
11,117,132
88,95
91,92
2,88
59,134,150
8,19,103
25,75
10,35,73
76,77
10,69
51,63
3,26
50,100
137,142
49,51
10,77
10,148
9,41,107
141,150
31,55
79,87
27,132
61,67,99
29,68
37,127
72,133
34,101,147
36,40,127
1,108
33,143
8,33
23,95,109
35,101,144
91,108,117
84,104,106
82,87
29,42
3,98
10,132
5,74
1,60
6,102
22,66
47,73
34,55,99
18,140
35,75,147
7,148
15,31,86
72,139
54,55
124,134
22,141
21,62
20,45
21,37
7,27,94
6,102
115,133
32,43,54
1,32,72
10,122
60,75,79
58,61
22,70
55,99,107
26,110
18,22,74
56,95,115
14,38
42,117
9,116
1,28,59
16,53
28,117,133
18,67,109
105,129
23,33,81
42,71,78
78,93,123
16,96
21,27,32
40,137
15,63,134
77,113
18,84,135
82,88
37,139
9,34,65
58,81,127
54,89
107,109,136
84,85,88
21,50,72
45,74,78
5,126
49,144
7,149
69,72
108,117
30,146
10,21
35,69,124
42,75,133
63,93
81,108
24,55
35,95,149
63,78
8,77,134
71,145
25,122
15,36
41,56
117,132
111,134
39,111,121
59,63
41,105,116
30,146
5,51,71
55,90,120
15,65
130,134
69,78
21,79,88
22,135
46,52
34,137
132,140,148
46,57
37,108
46,97
29,46
66,68
37,137
69,124,147
46,52
25,73
85,126,143
28,141
62,137
18,92
75,148
3,91,139
101,118
21,42,79
53,58,69
14,89,103
1,22
6,146
22,44
10,97,129
47,103
3,19,109
86,97
98,121
10,72,122
147,150
87,148
9,46
42,149
55,86
18,97
55,60,107
54,126
78,103
117,127
59,92,148
32,95
19,120
53,148
56,149
12,44,100
43,66,104
12,119
25,87,148
55,71,124
2,136,145
65,86
53,125
75,142
55,73
30,85,144
31,84
16,92
84,105
54,106
67,74,114
26,40,95
29,80,108
41,61
15,95,144
30,137
68,145,149
59,139
4,61
10,21,43
37,78,96
18,84
10,96,123
31,82,145
1,117
34,93,142
35,117,149
61,81
1,25,42
29,131
14,15
16,113,120
86,107
128,141
121,135
136,144
44,140
64,115
62,83
79,101
11,72
10,116
113,145
37,131
32,72
10,28,101
12,149
116,130
133,134
24,47,134
113,144
69,116
45,80
32,130
16,46
70,93,119
37,136
35,42,94
42,50,88
5,7
21,35
23,53
28,67
90,91
11,140
124,133,149
30,113,137
9,104
9,41,80
31,113
8,93
98,123
26,61
19,71,134
28,109
3,41,98
14,25,42
73,82,101
20,130
36,80,139
49,95
18,50,89
36,100
14,35,139
93,103,130
20,63
98,100
31,46
90,109
58,118,144
33,112,135
17,78
35,73,149
16,116
69,72
38,45,106
40,126
66,107
26,109,127
18,139,145
9,113,138
46,66
36,113
135,148
65,66
58,71
99,112
16,26,61
122,141
67,94,124
18,67,96
48,68,113
16,112
27,98,147
87,88
40,150
6,128
14,106
96,114
32,94,117
43,117,122
68,112
25,101
35,63
39,89,100
31,129
69,129
50,56,87
41,51,136
89,107
72,149
131,138
66,83
46,55
89,102,105
54,60,103
66,68,103
79,114
41,48
104,112,136
87,94
82,149
36,137
22,62
21,27,149
42,70
32,73
12,40,96
6,10,39
24,121,141
122,133
52,145
39,100
1,72
26,40
14,141
59,80
51,68
93,101
32,129
90,106
53,92
54,122,133
11,44
75,105
23,52,86
40,102
102,110
82,148
35,144
96,112
43,106
89,132
42,56,73
7,35
21,27
17,76
31,47
82,145
1,32
70,102
81,114
1,140
28,134
7,21,62
25,131
77,81,120
27,96
58,85
43,143
44,50,109
118,143
16,51,105
57,92,137
96,99
57,69
73,115
108,113
96,146
6,33,128
61,82,106
21,133,149
19,40
72,149
38,51
8,75
24,31,39
5,23
38,124
43,123
39,95
33,68
42,72
20,90
93,119,135
11,28,140
9,81
120,130
3,73
50,147
19,27
79,122
66,116
26,99
54,125
21,115
26,91
38,138
17,119
17,59,92
41,46,81
53,83,86
2,32,88
96,130
23,68
37,57
40,143
111,134
50,75,87
49,87
101,133
2,89
17,84,123
56,135
85,93,100
35,46,127
45,106
52,96
7,23
43,140
5,90
96,144
25,42
49,74,128
85,94
6,49,78
76,115
95,105
76,119
15,102,124
73,89
64,129
45,121,143
85,131
38,140
128,142
103,106
26,50
56,73
48,62
45,128,146
10,75,133
85,109,142
41,52,60
24,121
16,77
23,90
20,92
73,87
96,112
18,30
18,58
72,79
125,139
69,119
105,109
24,74
63,94
13,68
9,119
27,128,134
84,109
21,92
38,74,146
68,112
60,79,117
27,31,57
127,150
31,61
51,130
34,116
10,26
106,138
56,118
60,142
3,80,139
29,87,150
6,93,98
5,104
2,91,114
56,101
2,45
7,124,140
43,112
43,73,87
82,89,105
99,107,137
141,142
35,75,94
24,39,51
142,144
83,113,116
47,131,133
73,126
45,78,98
7,62
7,118,126
17,46
63,83
47,100,150
15,63,104
124,133
88,117
16,50
51,95,108
44,89
54,57
46,132
11,93,109
135,140
48,96,109
36,120
50,60
2,94
7,10,35
56,60
69,81
5,95
79,101,124
30,68
25,75,87
3,14,112
66,105
32,63,138
31,114,131
3,52
95,101,124
91,108
58,91,139
46,82
18,101
40,80
36,139
42,75,122
41,130
33,58
48,107
29,95
106,133
55,77,86
35,144
3,16
75,81
36,77
75,148
50,88,117
132,146
5,74,140
4,104
96,113
27,88
131,147
72,129
2,11
4,23
62,69,148
74,129
18,55,107
41,66,68
4,16,81
39,100,102
75,140
80,113,116
86,105,137
25,47,129
58,102
2,23
106,116
147,148
7,10
122,148
19,70
115,150
69,79,87
75,131
3,26
56,124,140
25,101
36,46,148
35,78
70,134
27,94
61,107
9,109,145
23,49
9,112,145
15,38,116
15,50,131
104,123
93,134
46,67,108
13,29,99
5,119
109,139
74,115
50,63,104
69,88,134
25,77
5,123,147
26,121
82,124,146
7,35,87
30,41,137
10,87
42,67,77
27,69,88
19,39
52,129
44,130
43,62,69
145,148
26,141
31,45,110
91,138
105,109
111,143
20,59,116
68,107
58,92,105
8,85
2,49
50,56
60,114
78,84
50,61
72,75
8,111,124
101,104
81,113
15,45
39,83
25,60
11,66,89
47,89
29,37,117
30,141,144
55,86,120
64,74,135
3,96
21,25,60
134,145,148
80,109,112
52,57
94,133
50,73
57,131
11,21
42,60
5,35
8,19,110
30,48,109
30,114,137
34,46
33,59,73
115,117
5,51
13,142
64,84
18,24
43,65,108
97,100,140
12,92,145
7,94,149
9,109
3,83
88,132
113,120
55,110
51,101
21,122
84,114
35,62
44,66,106
43,112,115
11,38
57,108
85,89
39,65
40,106
29,57,99
11,27,87
5,14,15
60,122
1,131
99,145
55,92
1,95,122
15,97
93,94
17,69
10,61
67,92
4,28
7,124
54,71,110
38,45
87,88
65,67
6,20
58,105
64,98
66,132
48,61
20,47
59,110
8,59,98
18,112,137
7,75,147
59,79
73,132,133
3,51
42,72
58,89
9,131
55,112
19,45,69
65,117
91,104,125
62,117
22,126
73,79
49,104
1,69
20,43
24,94
5,121
55,120
3,125
36,77,137
111,142
28,130
60,148
25,50
39,146
21,56
25,82
88,122
36,109
22,56,124
4,63,70
43,65
24,42
11,17,138
12,52,113
18,25
56,107
69,148
19,37
55,96
28,51,93
12,98,128
60,62
11,43
11,117
62,132
29,131
67,81
31,38,93
53,71
64,129
11,14
60,88
46,145
69,75
36,69
64,104
20,116
103,110
23,150
68,90
18,109,113
48,60,63
20,110
99,114
15,22,111
94,132
12,135
31,116
24,70,116
107,120,129
11,71
56,115
86,116,141
45,119
22,53,73
23,63
47,98
21,104
35,43
44,119
57,107,108
62,73
9,33
44,111
85,143
89,128
13,71,96
52,64
128,131
35,112
42,79
69,101,140
20,123
27,42,132
85,89
18,41,113
65,109
39,98,102
41,104
7,79
21,82
26,130
32,88
5,73,86
23,74
28,140
8,20
115,133
12,40,142
35,132
62,132,140
111,129
33,118
92,114,139
1,48,119
58,67,99
117,137
71,127
10,35,147
98,102
20,98
81,99
48,142
24,119
47,93
3,118
65,87
3,29
18,145
73,97
74,93
22,98
36,142
13,125,144
84,89
75,140
57,61
104,106
30,79
26,131
53,65,114
2,80,131
41,50,104
7,16,123
32,42
40,136,142
92,133
37,43,79
44,73
1,142
3,18
10,100
60,72
80,92
7,102,133
92,97
123,150
45,85
6,49
78,87,145
1,50,72
4,20,129
36,111
67,80,145
41,107
25,148
11,101
33,133
41,59
24,90
79,94,148
23,33,119
63,115
30,65
65,99
7,117
109,137,142
24,118
46,127
91,148
17,128
39,134,150
27,87
79,140
6,84,119
7,132,133
32,144
60,132
69,140
7,13
96,109,125
10,89
73,115,140
15,22
51,98
91,108,143
2,26,120
9,58
79,149
21,64
86,107
17,78
10,110
1,104
7,15
24,71,143
9,53,81
56,79
110,129
75,110
38,64,130
24,53,112
41,95
60,79,82
20,34
15,31
119,149
117,136
6,49,141
111,134
40,145
60,87,94
77,103
64,71
3,142
12,41,134
17,115,133
114,137,144
10,28
18,38
63,67,108
26,129
46,96
64,127
45,68,141
41,60
21,46
70,119
51,78,132
97,141
35,75
93,106
47,64
65,66
56,132,148
76,85
2,97
32,107
59,75
76,84,125
68,127
21,118
26,40
8,115
25,79,82
58,84,138
47,150
142,145
37,55
73,136
55,116
2,116
20,70
52,93
57,127
9,73
36,57
36,113
42,87,124
10,122
35,92,102
64,135
7,132
42,124
32,60,62
19,101
101,124
134,142
58,142
78,93,104
1,147
29,53
32,50,75
54,93
82,115
44,121
30,44
86,110
5,76,123
113,125
7,69,88
32,79,140
90,102,135
5,36,70
50,97,125
91,96
28,73,122
108,145
10,50,101
101,124,147
1,29,81
23,109
70,89,109
81,121
43,72
5,22,143
121,128
54,148
45,48,92
67,145
31,120
46,58,131
35,79
45,51
28,101
121,129
35,37
56,144
15,78,143
29,97
46,91
46,145
11,86
102,105
44,85
133,140
3,136
31,134
112,130
32,147
58,98
34,125,126
43,82,149
37,46,92
57,66,118
61,68,91
32,82,94
88,132
26,81,134
22,71
42,69
69,73,115
94,102
77,88,132
20,60
11,27,122
36,37,65
98,102
26,44
107,127
53,56,85
4,65,100
82,117
9,112,125
28,32,132
30,111
18,86
18,36
7,101
28,32,115
7,38
54,58
73,95
69,140
50,58
116,134
78,129
21,132
29,72
71,76
104,144
62,124
79,133
32,79,94
24,123
1,63
25,60,62
33,142
12,20
104,134
15,63
51,89
25,28,117
2,23,67
14,20,135
45,74,110
44,123
9,65
19,76
74,111
2,90
79,91
92,150
16,36,68
9,90
62,86,119
20,139,141
42,50
16,40
27,101
18,148
119,127
12,52
5,98
50,133,140
56,73,147
19,146
29,56
4,72
8,38,84
38,147
56,124,147
120,131
105,114,137
53,55
2,34,81
117,125,127
45,141
73,144
71,100,124
90,134
34,101
66,83
73,114
15,128
46,109
37,118
28,62
52,54,77
35,42,87
53,148
32,75
26,96,107
47,106
86,107
77,107
17,49,129
69,142
10,27,140
69,72
8,124
39,54
53,96,145
105,125,145
106,109
101,149
46,125
2,94,105
13,109
40,118
84,110,129
19,39
20,102
18,66,139
123,150
22,59,141
18,97,142
16,18,25
16,46
39,110
105,146
43,129
52,57
61,117
46,67
56,75,82
2,41,141
52,83,144
14,121
84,98,134
10,124
42,121
38,51
12,120
25,56
42,95
91,113
3,114
19,67
40,67
8,104
39,126
55,93
89,111,119
86,91
10,42
101,124
35,150
10,82,117
113,118
57,116
4,100
10,126
30,141
52,53
28,140
35,73,83
73,143
57,87
16,124,128
140,148
30,139
51,65,95
14,129
38,77,145
34,100
29,123
12,16,97
10,92
72,77,145
116,135
3,99,142
23,135
10,21
5,22,111
5,76
91,137
12,70
13,126,148
18,48
8,90
99,130
18,76
41,91,112
11,88
35,122,140
61,71,146
73,98
30,108
60,85
53,97
29,93,111
18,74
71,84
27,50,101
6,117
3,92
66,142
24,64
17,19
80,117
36,120
39,96,109
5,93,110
52,61,113
21,69,149
3,20,92
70,85,123
45,119,123
40,131
127,137
36,82
25,27,82
25,132,133
71,102,145
48,67,86
26,107
36,102,147
87,115
34,87
24,59
79,112
34,52
22,61,80
107,118
83,120
92,109
43,86
4,117,134
28,32,95
13,66,92
97,115
87,115
31,103
32,35,82
29,114
8,44,138
112,121
39,150
6,55
35,94,125
13,32
95,140
58,127,144
9,61,131
97,113
2,65,67
24,85
48,83,91
147,149
28,60
11,60,133
79,88,108
16,19,31
12,99,127
29,91
14,119
26,113
24,116
81,125
42,95
3,16
38,77
83,132
44,148
81,86,99
56,118
21,42,88
30,52,79
74,149
19,42,128
5,44
36,88
83,113
28,73
33,93,143
37,62
35,40
16,135
32,42,124
56,73
28,82
52,92,131
4,65,66
59,141
71,143
61,110
61,99,100
15,98,102
56,82
11,20
6,39
117,124,143
64,96
15,123
35,117
81,125
10,94
43,125
54,111
33,52
88,97
32,150
18,36
14,16
112,120
37,107
72,95,149
12,80
130,142
53,145
4,50,110
22,24
41,105
32,56
17,74,116
69,132
13,65,77
83,93
7,42
83,95
130,131
93,105
39,91,110
78,104
70,110,116
52,125
15,31
57,58
63,100,141
115,141
72,122
52,61,81
11,25,50
46,67
40,80
98,128,146
9,67
3,55
23,54
11,110
30,33
24,44
84,106
4,135
13,139
24,118
86,102
36,38
77,81
6,71
82,106
11,132
22,23,31
16,26
40,53
48,53,105
64,139
17,47,150
23,59
29,85,121
98,147
127,136
84,137
92,146
35,88,117
65,115
12,55
11,62,94
12,60
35,145
1,10
61,118
105,143
50,56,132
56,106
115,133
28,79,82
28,122
40,100
43,117
37,96
73,144
56,62
78,133
18,77
37,86
47,68,142
58,77,142
39,49,119
55,115
20,123
6,18,69
15,53
37,66
20,25,136
107,145
36,125
61,81
81,99
115,135
66,102
12,94
122,133
6,137
53,127
12,52
55,146
121,134
9,37
87,148
80,126
13,87
13,85
29,65,99
52,70
15,112
15,85
34,84,142
10,133
36,71
63,78,84
11,101
74,78,90
76,108
32,143
3,65
35,91,98
1,148
42,64
28,82
1,19
64,78,100
7,79
46,145
46,91,103
47,141
77,86,132
53,86
67,109,120
57,91
34,91,127
73,147
118,139,142
60,140
5,102
9,91,108
65,86
19,128
35,45,109
21,148
80,118
88,112
6,31,93
5,65,123
8,131
34,108,112
16,61,100
27,62
19,45
62,87
42,117,133
53,109
4,39,59
74,84
22,119
76,90
92,95
72,124,133
117,137
25,62,72
70,129,135
85,148
59,90
83,92
51,79,124
64,110,130
97,128
22,63
82,130
34,107
10,50
22,28,74
58,86
22,71
3,94,132
54,102
26,53,133
18,83
75,116
11,145
33,48
82,84
73,140
4,19,70
61,121
74,141
5,55
4,51
49,119
8,92,127
56,60
65,66
18,67,105
53,85
93,146
9,37
9,58
12,69
5,90
32,117
24,138
32,95
14,15,17
4,142
18,37
37,62,132
65,137,146
15,44
22,38,135
72,135
35,43
20,69
17,97
10,82,133
28,31,124
91,105,142
52,107,121
23,40
11,140,147
85,103
67,94
71,84,110
20,100
43,85
108,142
37,103,123
23,47,128
144,145
25,115
10,51,98
72,107
9,26
35,69
33,140
4,110
23,125
88,111
51,103
8,94
7,27,65
6,31,150
121,129
3,19
2,9,145
35,47
65,97
5,49
97,131
7,147
83,100
38,44,51
35,99,142
20,108,115
1,10
28,56,122
10,147
109,137
32,121
40,86,125
29,78,105
25,43,73
26,46,139
60,122
58,118
58,87
65,81,83
100,135
73,101
12,107
76,135
90,146
10,73,95
56,133
44,63,134
47,106,129
17,48,52
115,132
58,72,90
12,108
25,149
74,110
60,73
15,29
113,142
49,90
22,87
16,145
41,150
46,53,145
47,103
49,67
68,139
49,97
40,62
38,83
16,133
99,142
54,71
96,138
123,138
20,56,127
21,34
49,68,108
108,131
48,82,101
40,61
4,93
11,69
93,126
47,88
46,127
59,85
21,79
22,93
20,85,90
30,53,57
24,43
121,129
43,149
4,39,98
26,148
79,83
44,75
107,139,146
23,100,102
5,35,106
53,81,99
35,87,147
36,75
82,94,97
4,6,116
70,80
7,83,116
1,12,118
38,64,95
34,54
79,101
115,148
70,102
67,72
96,118
9,125,144
30,127
81,92
91,143
76,84
76,104
10,62,122
30,41,121
96,137
16,118,142
1,140
84,93
97,105
106,147
5,124
85,129,150
10,11
31,109,128
9,131
75,82
1,147
23,60
2,65,127
32,41,117
14,93
115,143
65,131
43,62
41,66,108
15,31
38,44,134
107,126
73,147
13,30,83
57,82,134
80,108
63,124,129
3,57
94,147
69,114
93,135,138
69,140
30,40,113
45,135
34,41
126,145
46,136
66,92
46,55,142
31,85
120,137
11,12
30,38,137
9,48,127
29,137,144
24,128
19,47
100,129
80,113,141
51,94,98
22,57
7,37
22,25,148
119,135
144,145,146
4,33
42,73,140
102,104
56,127
41,82
60,100
54,100
108,127
13,52,120
76,121
43,69,133
64,141
72,87
77,81,96
70,100
66,83,136
80,145
62,132
74,123
11,18,102
65,85
51,119
65,66
26,145
67,105,137
5,102
128,130
30,36
28,107,117
91,145
66,144
117,127
67,80,91
20,89
6,44,98
5,42
76,90
33,50
13,39
8,25,77
67,75
25,60
54,106
23,89
7,73,140
14,31,51
16,112
28,56
95,148
95,117
54,112,135
72,122
74,143
41,92
72,88,148
22,42
128,132
3,85,88
117,137
82,113
26,74
37,56,72
85,109
9,56,94
14,63,141
45,126
5,23,106
20,51
78,84,135
16,56,144
67,125
7,132,145
36,46,57
97,142
94,101
68,113
50,56,87
32,140
49,107
23,43,79
9,43
62,73
148,149
56,143
96,136
105,147
28,136
56,57
17,111,140
87,126
111,145
84,121
50,148
71,123
54,107
75,101
21,73
26,136
13,107
56,114
127,146
29,89
70,119
7,53
9,52,131
72,133
1,28,75
51,92,127
71,134
103,132
25,73,88
125,148
62,115,117
39,54
47,135
91,114
4,107
15,47
2,58,93
2,91
59,109
7,10,28
39,67
72,76,119
31,76
44,147
33,134
13,23
13,97
71,85
59,102
53,96
72,131
8,45,135
56,70,77
47,130
65,147
52,137
30,44,148
69,90
86,142
31,39,51
108,139
4,8,51
8,125
82,132
26,111
124,149
71,76,134
63,98
6,106,121
45,119
103,126
5,123
84,110
105,126,134
72,89,135
11,35,132
54,119
86,118
3,18,41
19,51
60,113
46,52
90,119
83,86,127
117,147
8,47
73,88,94
49,103
77,113
23,97,146
36,66
10,21
4,85,147
21,87
15,88
3,76,127
29,66
19,123,143
36,60
68,104,113
83,112
134,138
94,96
42,75
16,150
36,142
88,149
87,127
36,77
54,141
74,93,103
67,97
134,149
29,144
41,67,102
22,111,123
8,47,88
137,145
93,123
50,67,71
8,23,51
57,65
93,134
115,131
98,146
114,142
14,19
55,61,86
19,78,98
23,93,111
46,101
69,149
24,146
19,90
87,101
108,136
88,148
13,55,144
68,147
6,108
25,62,95
25,73,148
129,134,150
54,89
39,77
70,116
6,59,93
46,120
11,43,124
105,144
4,11,15
8,62,98
17,64,123
33,77,134
7,115,132
38,84
57,68,92
104,128
20,76
25,35,88
121,128,129
63,115,122
12,13
22,71,150
30,47
69,124
19,105,150
74,135
102,106,135
66,72,135
28,56,132
17,59,141
32,148
5,21
96,136
11,62
72,139
12,107
66,105
2,57,92
9,136
101,149
36,53
67,113
29,131
128,141
103,121
38,49
28,50
129,140
103,104
11,94
87,120
57,67
32,43
27,75
9,13
