8,82,120
58,82
37,150
2,53
64,106,130
53,124
54,65
99,122
29,61,63
60,90
12,42
84,85,145
133,149
43,106,122
49,130,142
81,137
59,112,120
33,106
5,6
69,126
4,6
2,128,148
40,42,142
41,126
29,106
57,111
103,149
35,48,53
95,138
87,114,134
139,145
17,107
75,147
112,142
22,148
39,52
65,87
122,130
27,116
53,55,61
13,102
38,135
14,119
115,134
31,100,115
99,118
24,70
50,100,134
35,130
15,110
3,18,150
20,37,122
17,144
36,126
71,104
4,81,150
70,89
96,98
56,58
122,145
33,39
34,120,123
39,66,134
26,64
58,82
24,87
72,123
78,81
22,30
25,54,134
105,118
31,60,98
60,131
73,110
56,110,141
74,133
19,83,150
12,75,109
65,67
37,85,113
15,98,141
6,103,124
6,50,97
38,120
11,120
18,45
25,105,125
66,103
4,30,86
103,124,134
86,124
7,92
28,82,139
4,62
56,80,147
65,110,112
34,139
54,102
41,138
57,68
63,119
102,137
12,25,78
69,72,107
18,138
100,142
43,107
18,80
2,89
8,123
67,78,135
1,76
13,92
9,135
3,33,64
38,65
32,35,64
31,98
33,90
23,60
28,35
27,56,130
105,136
5,68,104
11,45,86
17,83
23,64,83
92,93
92,118
11,52
26,142
110,119
109,150
13,90
4,143
36,41,126
59,131
72,111
3,52,132
58,69
42,87
1,79
19,149
24,107
55,115
23,62
92,93
24,61,87
6,69
4,44
37,49,101
60,118
65,85
100,127,145
10,35,72
86,111
1,51,147
83,98
6,29,31
42,65,134
78,94,146
97,99
30,69
61,90,102
16,46,47
59,72
4,22
90,115
74,84,113
31,136
13,56,135
141,144
25,29
35,60
3,65
79,145,150
112,123
11,72
23,95,99
2,28,45
116,117,142
7,13
20,40,42
29,149
23,45,81
10,122
41,69
67,104,116
90,106
119,134
40,129
10,36,120
11,82,147
61,67
36,97
141,149
38,59,104
13,58,78
30,72,135
116,138
2,109
27,84,105
33,85
30,129
3,70
6,115
11,70
74,107,128
9,56
13,21
56,124
89,91
93,97,131
17,107
108,121,148
84,143
52,100
31,99
25,117
43,67,122
30,76
9,80,127
122,144
64,113
27,121
43,91
32,76,87
2,115
24,87,141
54,136
25,80
53,119,134
59,71,108
19,70
44,127
49,102
66,73,150
22,108
48,92
6,29
40,54,79
16,145
6,52
63,132
68,119
13,56
70,83
1,44
69,114
47,104
95,119
7,99
67,69
3,123,136
35,128,129
125,130,135
31,109,134
89,92
4,108,120
127,146
117,146
9,60
47,123,135
20,26,61
80,118
60,121
4,15,86
24,80
98,100,103
32,55,61
50,87
58,104
96,131
73,124
39,120
35,53,128
40,56
14,30,115
47,150
99,125
9,58
41,50
57,103,145
78,95
10,43,58
48,121,145
107,132
59,124
40,137
101,121
55,74
17,56
46,95,148
58,61
63,121
53,90,96
18,138
9,57
78,79,146
93,98,149
72,143
62,90,126
1,27,121
42,143
76,113
3,71
14,55,119
61,105
24,138
55,87,110
111,140
21,65,107
82,98,131
48,96,118
2,127
57,107,109
85,102
5,141
33,65,112
27,56
11,128
85,112
43,49
71,138
112,150
79,86
47,48,94
49,107
58,128
31,100
28,70,111
78,127
13,134
33,48
25,38,133
71,132
64,83
64,150
29,97,100
30,145
33,100
80,89
14,61
8,46,59
37,145
64,149
33,131,149
56,113,116
5,20
8,23
113,127
95,103
91,143
6,119,135
9,85,145
29,134
61,98
17,98
90,110
85,105
23,46
74,111
56,130,145
32,69,90
47,109
4,44
53,79
70,143
30,99
18,105,118
66,79
17,72,111
79,134
78,82
72,134,147
55,131,141
51,122
96,118
86,92
47,147
25,51
64,75,120
116,134
17,88
13,142
56,136
82,122
108,138
13,56
21,44
68,93,100
91,126
51,117
52,70,83
3,12
50,101
51,67
61,79,108
80,95,109
3,60
97,125,136
21,92,106
107,123
99,148
38,79
111,114
61,112
48,69
24,35,110
29,61,131
52,135
30,63
56,78
53,109
22,72,150
34,120
104,138
6,75
17,28
74,130
9,12
5,70,126
63,114
30,68
58,135
22,46
113,127
10,141
54,134
55,130
2,52
20,134
99,100
78,136,147
44,91,97
118,127
21,112
21,37,93
7,89,92
17,62,91
50,79
9,29,50
48,111
89,109
4,35
22,60
74,137
2,9
71,78
18,41,47
80,122,144
17,91
97,134
93,124,128
41,86,137
44,131
23,86
25,149
87,145
106,118,141
6,108
1,91,131
57,126,138
12,78
83,135
15,27,148
24,141
10,58,143
104,127
77,119,124
48,99
18,85,110
87,129
1,126
16,37
91,132
4,30
12,128
45,71
35,100,121
65,91
108,120
128,149
80,145
14,88
17,112
84,147
40,116
19,28
62,70,132
54,67
99,128
21,86
91,127
2,4,150
26,101
63,87
25,38,135
112,148
62,120
48,87,124
130,133
65,135
46,51,84
61,120
116,117
37,38,84
42,48
4,18,123
42,121
88,129
19,46,75
33,79
68,100
26,37
115,128
21,63,93
61,96
121,137
21,96,115
57,95
22,101
61,128
31,106
16,61
96,128
58,116
55,128
42,66
18,62,66
53,131,141
24,31
5,41
56,80
17,91
14,30
107,124,127
56,70
21,92
2,116
78,80,104
7,33
67,85,127
16,128
15,35,92
123,150
79,139
104,133
23,138
29,118,128
39,137
1,10,121
17,71
17,80
57,119
4,102
27,145,146
114,137
66,83,125
28,117
21,81
8,107
11,61,83
14,53,68
39,85,92
125,127
13,80
11,108
13,37,122
33,55
23,45
13,80,85
47,128
34,47
34,72,140
25,57,149
3,11,62
77,87,106
51,56,125
18,28,140
38,116,147
99,140
109,136
3,33,74
76,131
16,121
43,85
42,77,105
27,31,124
60,109
75,145
14,48,141
53,108
37,130
78,102,104
42,113
2,133
62,91
122,127
124,129
24,32
113,127
59,139
26,75
21,84,106
36,59
32,57
29,149
15,61,74
20,99
16,43,84
45,112,120
9,51,136
116,142
8,83
6,98
55,103
26,126
16,102,136
46,108,138
44,67
82,111,134
73,129
4,72
5,69,73
75,142
12,149
94,112
35,124
36,70
144,148
58,147
72,107,137
57,84,111
130,142
84,89
54,81
8,50
113,150
77,141
63,121
33,129
21,29
18,66
4,29,103
93,102,110
28,52,75
20,37
30,119
46,60
93,99
90,131,149
21,55
7,62,141
27,121,125
15,93,118
81,126
91,112
5,17
34,118,145
22,26,86
50,60,100
9,27,121
73,106
128,147
37,127
50,96
25,123
14,76
42,79
43,145
2,123
93,134,149
8,77
50,119,141
2,73,94
19,94
57,88
45,47,109
66,110,130
51,135
61,106,118
29,87
133,135
114,143
55,98
7,102
25,46
103,106
29,93
15,68
87,149
84,94
14,57,136
24,87,96
2,24
66,117
38,61
13,84
12,121,133
48,115
44,100,114
33,123
103,129
30,128
66,89
8,78
79,85
67,130
99,129
51,121,136
116,117,121
56,84
19,73
36,70,72
46,51
63,141
61,124
57,63,95
9,79
54,104
45,84,98
34,67
35,88
30,68,92
40,79,125
85,124,145
42,147
85,106
41,144
9,48
22,70
118,136
3,57,123
48,71,91
7,148
118,120
12,122
67,150
53,90
78,116
40,54
10,150
18,22
45,70
85,96
33,101
37,139
50,83
37,74,105
54,69,109
6,76,87
126,148
14,30,92
46,76,132
27,117
50,76,115
34,57,138
28,95,108
93,103,119
6,50
107,114
44,46
20,56,122
55,112
77,97
117,135
9,130
19,70
88,97
93,96,129
107,120
46,112
27,59
2,71
37,74,144
79,132,149
32,97
13,54,133
33,59,87
10,95
84,133
79,85
2,112
51,105,113
35,90,98
53,92
38,53
48,92,131
41,135
80,104,147
91,137
96,125
54,56
36,109,133
65,85,108
18,117
16,17,148
3,26
28,111
104,121
1,55,67
7,14,87
6,48
64,122
98,133
44,108
79,91
65,127
42,78,125
12,42
8,114,143
29,78,123
72,103
29,30,129
46,55,104
14,21,123
24,32,88
34,41
67,81,118
24,120
121,136
24,50,120
113,125,133
99,138,143
108,112
53,98
30,87
53,90
6,29,103
12,142
31,37,139
88,106
17,22
11,22,47
68,110
72,77,99
102,133,142
103,110
25,101,147
85,114
89,112
77,81
47,133
25,125
60,106
4,22
21,134
1,100
19,73,123
39,66
37,38,102
32,76,98
14,102
77,134
2,69
10,130,145
76,84,134
52,69,143
4,70
114,120
7,22
12,87
12,38
4,138
119,141
53,113
9,60
4,8,83
51,68
49,134,149
31,35
71,139,148
74,146
72,98
1,13
80,86
60,65
46,131
1,123,124
74,130
63,88
71,106,115
56,112
101,127
132,150
25,67
74,101
119,121
11,48,130
10,117,147
74,83
10,56
1,10,37
38,51,116
106,118,128
7,149
26,43
48,106,149
57,131,142
42,64
26,106
15,28,85
30,88,118
56,90
9,118,136
26,105
11,69
49,102
30,97
28,147
42,74
106,118
51,54,85
60,128
40,53
6,24,55
58,118,123
11,103,109
40,63,74
29,110,129
37,67,136
21,119
33,53,149
44,73,148
48,106
137,148
25,39
20,43,133
47,142
75,107
55,149
36,141
12,20
38,115
27,115,150
86,134
107,148
37,109
68,126
20,31
28,125
26,109
31,131
54,101,141
9,67
25,84
39,80,102
37,45
66,122
72,75,139
19,67,143
47,69
34,66
10,66
24,122
64,120
27,85,135
16,102
60,93,143
30,40
49,122,135
41,49,71
22,66
27,56
68,85
116,122,132
35,50
55,124,131
74,102,127
8,127
42,43,78
16,42
39,114,126
22,69,143
19,45,94
106,150
49,87,103
71,109
59,70,82
75,86
89,91,94
15,121
115,132
40,74,130
16,89
97,149
89,108
30,104
72,147
10,116,125
50,131
25,78
13,126
59,143
18,112,137
8,131
31,73,122
19,126
14,24
84,90,101
26,44,70
92,97
65,146
14,60,134
32,124
31,90,98
15,102
64,72,112
57,82
91,107,144
88,113
96,136
43,102
65,104
2,150
50,60,93
29,105
94,107
59,72,108
65,79
47,77,120
93,118
51,61
34,36,144
37,65
32,55,99
82,90,97
11,18
10,51
54,130
22,44
9,116
63,120
21,92
63,149
70,103
43,98
25,101
22,107
61,97,149
42,65,146
6,22,147
67,114
64,144
43,146
61,132
71,82,144
8,130
15,32,134
42,80
82,108
12,49
16,49
82,111
12,25
23,111
67,78,102
12,39
47,54,139
16,43
21,53,110
72,137
93,128
70,127
20,62
57,112,138
74,90,131
1,16,27
60,125
113,129
15,124
48,88
95,138
108,119,131
58,80,85
63,89
56,81,148
87,141
8,25,89
2,71,132
25,123
1,20,117
19,52
6,76
91,127
8,50,108
62,114,139
87,114
116,141
75,146
64,147
7,92
30,55,98
61,103
15,97
5,18
1,80
45,111
71,115
20,102
6,97
60,63
100,102
67,127
5,98
21,31
40,121
87,114
41,145
113,123
19,52,137
77,94
77,147
20,134
4,109
42,136,146
44,124
8,86
125,142
3,34
24,38
86,135
74,89
41,47
3,94
126,142,149
51,73,93
74,125
26,81
23,75
109,143
56,140
13,87
7,61,131
58,86
81,120,150
73,89,102
136,145
55,90
43,84
94,147
21,87,92
3,19,57
7,148
77,88,134
18,73
99,127
24,96,147
58,106
90,100
37,116
125,130,142
137,144
35,63
25,102
64,120
43,74,101
20,80
20,128
59,148
48,124
19,42
98,110
60,123
23,58
115,131
39,89,126
56,122
62,126
32,55
71,102,140
80,137
16,49,136
101,118
83,84
2,97
22,125
16,37,136
91,138
16,105
83,137
120,150
100,115,118
38,125
102,117
17,95
10,81,123
115,133
13,104
17,36
2,82,112
26,52
34,61,146
1,80
47,80
30,142
66,114,127
25,31,132
62,112,139
81,132
36,103
38,56,127
106,128
15,78
16,101
39,47,120
15,67
25,51,56
42,85,117
28,125
67,136
94,114,148
22,28
28,132
61,141
126,139
57,135
8,94
22,74,109
10,37
7,122,136
33,103,112
66,100
1,104
119,124
78,80
4,36,120
103,144
77,125
6,137
11,132
39,137
16,59
43,144
65,66
33,93,138
71,95,108
71,134
57,82,83
116,130
94,150
33,110
89,115
62,137
8,114
45,111,144
96,131
25,51,146
32,120
4,132,144
79,99
56,113
84,102
7,68
84,144
127,135
41,64
66,79
30,92
87,119
19,36
27,105,125
65,113
65,99
68,140
11,25,81
11,72
21,118
65,111,135
62,148
71,114,138
20,122
88,98
105,122,125
116,127
15,96
72,150
57,107,140
76,89
66,85,110
56,98
78,96,116
48,63,115
4,109
63,91,128
80,131
55,64
4,46
40,85
33,114
1,92,123
66,82,139
35,103
13,146
8,64
108,116
27,67,79
72,107
25,121
57,72
12,22
12,67
98,122
16,40
5,47,148
38,135
24,97
120,139
7,34,105
87,106
29,88,124
96,124
45,121,139
15,124
18,82
51,86
3,148
15,33,35
37,122,145
44,72
73,123
101,108
26,74
52,110
30,115
70,88
58,78
9,138
9,142
72,73,86
81,114
24,48,68
5,121
3,34
9,54
71,113
27,57,121
10,80
76,119
113,114,119
31,115
33,50
9,67
44,104
46,126
26,68,79
63,72,117
90,118
22,47
102,117
69,81
10,42
24,104
5,91
77,79
52,101,122
18,42
32,53
57,106,107
29,60,103
12,58,135
52,70
40,71,118
77,110
16,80
50,113
3,33
6,61
9,98,127
52,82
21,134
15,35,118
63,88
1,49
33,35
35,72
7,25,104
24,96
3,47
30,92
72,75
33,68,122
13,127
27,105
94,98,130
113,114,144
89,117
20,57,95
67,125
96,149
4,70
10,136
37,140
33,63
111,140
94,95
13,113
39,120
75,95
115,124
73,100
7,132
58,80
33,115
87,118
103,128
31,68
10,79
117,135
20,116
26,132,145
41,99
27,85
85,133
2,3,83
4,20,79
18,119,144
10,25,43
75,110
39,83
87,137
78,113
68,141,145
6,92,129
110,130
15,141
31,61,110
130,134
44,137
1,58
22,126
21,24,99
1,79,121
121,127
41,94
113,133
22,87
71,139
84,102
3,4,75
53,68
47,108,126
41,150
117,130
31,71,80
55,63
55,76,115
20,65
21,141
67,79
70,140
93,115
25,100
63,132
96,140
21,125
18,66,109
69,126
24,99
9,54,74
10,51
33,94
25,140
96,136,150
105,125
64,70,109
68,87
77,87,93
58,65
20,93
27,65
42,136
15,111,121
51,85,127
15,60
97,124,141
28,64
17,19
86,124
63,85
26,107
55,88,141
58,74
85,97
96,111,150
79,113
100,108
9,27,127
6,88
86,111,143
40,142
60,77,131
75,83
61,147
46,98
12,67,145
94,107,123
74,84
48,70
46,144
134,149
76,93
4,44
7,48,100
12,84,126
89,130
78,101,135
53,68
20,131
112,149
10,135,142
88,123
76,78
53,112
16,82
72,89,120
15,60,149
39,75
16,77,120
20,56,147
49,123
60,103
64,105,122
30,77,103
49,67
37,136
78,117,122
23,92
58,105
82,87
78,117
67,95
40,133,147
79,128
35,135
36,66,112
101,135
12,20,146
8,55
42,105,117
66,115,120
39,41,72
39,46
50,145
5,94,139
47,57
33,90
52,114
71,86
28,120
109,123
57,127
33,100
49,101,146
38,133
11,91,138
85,146,147
14,63,142
14,88,128
4,22
46,139
21,110
54,92
104,106
122,130
26,57
80,120
44,88
55,93,129
19,30
5,61
138,140
20,25,121
58,150
35,92,149
76,115
49,65
95,121
102,117
53,90,124
102,117
47,103
3,141
40,49,146
74,135,142
14,78
88,118
14,79,140
56,85,101
60,131
90,101
30,53,90
29,109
16,58
37,110
2,114
36,144
111,133
128,129
19,58
12,80
43,101
21,61,87
95,143,144
69,76
56,73
18,127
12,22,95
61,123
47,143
20,136,137
31,118,124
29,63
18,95
33,88
2,43,133
41,54
42,102
34,108
64,99
41,51,109
40,106
55,118
49,123
35,48
78,125
75,85
31,92
26,48,104
39,94
13,84,105
38,125
24,30,67
102,138
1,116
34,41,73
11,52
4,5
125,147
89,109,121
114,134
104,122
22,150
7,98,114
11,55
82,143
108,122
81,114,126
15,29
41,66,69
60,141
1,38,43
12,146
6,107,139
35,38
45,51,130
6,48
53,107
15,107
33,64
48,61,98
6,87
19,138
17,143
8,144
16,27
22,137
25,70
35,90
79,125
14,90,128
49,74,130
124,144
37,147
37,69,131
80,128,149
51,142
53,141
32,129
104,127
9,44
77,139
128,131,134
31,80,121
38,49,100
11,34,94
102,117
2,71,141
33,90,106
27,121,130
38,128
2,13,46
3,16
38,68
16,39,98
5,69
79,83
8,60
17,36,114
85,130
36,143
21,25
6,145
34,111
1,65,113
45,100
1,58,78
3,138
17,46,108
32,93
9,10,113
17,23,107
126,132
31,70
23,112
34,82
36,132
8,78
28,123
85,148
46,109
27,65,84
117,145
133,142
48,99
15,30
11,72,117
94,124
36,126,138
46,78,125
59,136
51,52,109
37,67
75,132
91,118
20,133
113,147
43,49,66
10,145
26,137
116,119
3,25
76,102
46,63
37,76
113,122
13,37,125
108,137
21,119
45,83
52,120
99,148
102,105
21,106,115
36,107
68,89
55,77
88,115
10,37
16,74
79,85
10,107
73,127
49,94
56,112
14,115
49,86
112,144,150
7,85
46,72,109
77,101
39,146
7,77
47,57,123
87,88
18,81,150
33,138,143
60,119
134,144
6,110
84,102
52,70
17,25
7,56,137
1,58,142
86,88,104
4,14
107,136
9,101,133
9,100
3,28
67,142
1,117
36,101,110
22,66
12,110
125,128
7,47,65
30,31,48
1,2
17,19
1,104
28,72
21,104
54,124
125,144
96,101
4,57
75,150
11,146
48,115
38,56
45,110
25,113
33,106
106,130
17,39,64
67,126
58,117
28,82,148
42,67
29,139
3,93
28,42
69,72,140
35,141
24,92
16,118
37,102
101,147
90,129
3,57,59
1,45
19,94
7,29,50
70,81,86
23,92
112,147
38,65,78
92,98
10,57
17,36
35,68
30,77
19,64,107
9,54,125
20,40,102
13,26
112,114
1,43
81,82
48,90,129
4,52
88,149
36,94
20,34
12,81
10,146
7,63
40,136
106,124
89,143
113,138
40,74
86,94
90,98
59,123
133,145
43,73
18,59
97,119
72,139
34,65
32,52,126
20,121
18,50
49,50
9,84
37,80,133
101,116
32,50
53,61,87
28,107
63,93
80,89
66,75
66,139
5,54
116,130
4,149
24,77
104,123
88,110,118
15,32,88
41,76
27,37,67
1,101,102
3,17
5,47
29,60
69,143
14,30
79,141
60,69
114,115,126
76,115,119
17,108,137
11,26,44
76,124
25,61,90
18,110,116
28,45,73
60,92
4,109
43,121,122
60,80
4,139
103,130
37,74,78
100,134
2,118
3,75
20,42,117
132,148
7,18
148,149
30,76,99
4,57
13,71
47,80
35,88
16,106
88,144
9,108
123,132
3,4,112
56,73
59,132,137
43,102
33,118,149
101,102,127
48,80
41,45
14,50,90
47,94
61,68
14,90
20,95
24,110,115
74,144
86,118
16,56
46,95
15,119
9,10
6,92
57,72,91
30,129
40,43
48,87,115
17,70
33,44
58,121
105,145
80,102
111,124
17,34,149
14,18,45
56,88
28,108,144
53,55
19,72
48,119
31,128,136
61,119
45,148
47,71
58,130,135
7,13,83
20,79
62,79
68,129
105,143
62,73
50,55,93
39,139
30,96,106
45,127
70,137
77,102
9,65
12,54
2,111,144
20,27
6,9,17
7,97
118,131
115,128,134
12,49
32,98
32,126
54,131
58,132
21,33,97
80,146
37,71,121
83,137
113,136
43,67,136
37,142
64,119
30,33,141
40,135
8,75
77,119
88,118
42,43
31,136
109,131,147
21,29
22,108
50,53
15,81
41,150
127,131
74,128
57,132
78,105,143
67,79
64,124
16,80
30,129
32,127
30,119
13,27,74
38,54
37,38,105
1,74
62,138
12,20
47,70,77
51,122,144
16,37,51
55,77,88
29,104,147
45,69,144
52,59
31,111
13,65,136
9,40
5,144
7,31,43
50,76
13,76
27,82,144
52,53,140
33,89
114,147
26,143
76,90
7,149
12,109
109,112
26,77
9,18
69,119,144
71,139
28,72
14,77
22,126
25,114
97,131
30,61
11,92
106,115
6,50
26,52,107
113,125
29,48
7,29,115
14,61,103
73,78
44,148
9,56,104
58,142
9,40,147
31,138
20,40
79,144
46,89
51,147
135,144,145
15,80
46,140
98,134
15,68
33,55
31,48
23,53
17,109
12,25,65
9,78
100,102
10,57,61
49,126
25,145
120,144
75,148
83,105
13,142
116,141
21,100,128
54,102
20,34,50
146,150
25,45
57,66
64,69,150
15,144
18,57
86,120
64,105
36,120,127
38,39
30,40
30,83,147
4,53
33,93,141
23,34
24,110,124
132,137
28,107,132
62,95
1,40,125
57,134
1,130
81,133
9,96
44,66,107
38,41,66
106,140
15,90
41,150
21,73,99
27,99
46,70,137
48,102
121,122
10,31
5,108
124,143
38,84
21,98
32,92
32,143
10,23
40,79,122
16,130
35,42
72,75,123
29,135
7,142
20,77
38,142
30,61,133
13,112
13,42
101,104,127
66,78
15,90
25,115
56,117,150
93,134
55,76,115
32,141
91,107
8,31
97,103
57,94,138
26,139
13,41,89
8,80,118
84,85,121
59,69,107
18,79
89,150
43,78
52,109
37,62,128
50,123
103,122
75,84
90,115
29,31,48
42,74,98
49,114
11,39,128
10,140
40,135
78,133
106,129
18,34
36,53
72,130
18,75
54,104,113
121,122
6,123
9,147
14,88
56,64,92
32,35
78,109
107,140
3,26
29,69,131
18,138
54,109
8,95
11,26,28
5,32
96,141
22,72,138
93,104
54,125
34,36,73
9,146
82,111
8,11
38,42,105
88,110
2,138
12,90,94
88,145
50,103,110
147,149
2,121
86,110
60,112
23,36
48,65
21,53
35,96,119
103,116
4,115
9,147
53,141
62,71,91
25,36,113
68,103
88,96
78,145
23,28
108,130
23,36
16,135
3,11
116,146
28,114
17,99,113
6,53
6,50
19,29
35,93
138,144
37,38
9,27
2,5,23
58,105
20,105
110,131
9,67
95,104
36,45,138
19,88
4,92,135
45,82
32,55,149
66,81
43,119
65,66,125
70,135
51,76
95,109
26,64
69,143
26,55,61
109,118
13,14
41,46
8,17,97
4,127
59,90
22,23
60,63,110
115,131
71,114
57,132
38,61
59,139,145
97,124
46,121
80,125
31,50,98
62,138
17,82
66,141
20,27,146
40,118,120
96,110
20,133
79,104
27,147
56,58
11,144
25,78,113
68,76,92
23,46
65,74
1,76,123
16,100
46,92,112
29,142
45,86
90,114
76,97,98
95,128
53,119
11,46,140
57,72,73
19,43,46
29,101
57,69,104
32,102
6,134
39,111
21,134
87,96
35,61
11,110
73,82
91,104
84,127
1,105
6,7,32
5,69
84,113
86,144
108,150
61,88
47,48
62,113
25,27,38
29,31,99
7,50
68,110
57,63
8,81
107,112
22,45,92
10,141,143
26,82
17,81
21,55,65
52,95,107
39,144
86,89
141,149
63,65,96
2,98
14,33
7,69
29,120
47,65
12,62
52,138
123,127
63,84,137
17,86,107
1,109
53,90
10,76
30,143
3,28,51
59,62
64,146
92,96
59,148
26,82
85,116
16,48
7,15
113,133
86,118
8,129,150
46,97
40,51,104
26,70,108
29,38
