23,25
4,110
78,85
104,105
92,115
52,71
57,75
84,107,120
65,111
33,101,102
80,82
16,75,129
73,106
48,130
11,45,104
105,119
10,20
11,18,150
59,135
53,54
5,34,143
52,130
80,91
86,103
89,99,144
60,115
1,146
81,147
5,34,88
49,114,121
23,144
57,114
88,97
18,39
20,142
24,30,78
57,118
47,64,108
55,98,99
13,134
55,60,65
17,25
29,63
57,141
28,108
33,61
60,147
4,46,101
19,22
49,59,136
4,96
71,145
43,80
33,87,148
106,109,137
61,149
89,113,145
41,80,105
26,71
106,134,144
53,141
19,146
15,115
106,139
27,62,138
26,121
115,136
46,69,149
1,113,133
60,94,133
78,115,128
93,103
40,72,91
56,107
87,97,138
7,113
10,95,146
18,136
16,54
42,118
17,76
15,54,63
58,85,115
43,46
21,67
7,11,47
29,120
71,111,139
138,146
37,117,134
8,65,86
86,119
111,116,132
90,121
19,39
39,74,99
123,133
71,100,103
88,98,109
6,28
99,114
9,12
21,54
30,125,144
4,40,107
56,61
32,111
41,45
44,123
30,71,92
40,92
9,33
11,119
1,126
80,97
6,15,141
49,131
5,96,146
9,18,147
132,134
60,84
4,143
7,50,112
9,23
50,86
64,119
64,79,103
41,85
52,96,105
49,136
83,112,118
108,122
36,46
36,131
58,64
44,60
21,60
25,46
43,54
21,113
27,38
37,134
24,78
26,148
5,141
36,104,148
21,87
57,127
32,85,111
42,79
89,95
19,60,146
126,150
51,112
96,114
11,12,16
2,115
2,8
97,101
29,114,139
52,98,136
38,41,120
29,56
31,108,148
117,140
28,107
37,48,70
18,70,117
47,118,130
21,108,113
108,139
93,112
49,116
2,110
76,86
28,100
58,99
97,105
98,139
138,145
20,122
62,70
61,136
106,115,131
40,96
48,119
55,127,129
115,147
24,44
7,48
70,95
42,58,95
59,78
90,108,128
107,139
13,142
54,65,147
70,95,99
7,94
3,87
12,65,133
18,81,99
13,109
21,68
10,19
32,106
48,90
34,49,76
34,71,148
43,80,91
78,146
26,91
10,91,114
32,108
54,62,100
6,26
61,133
26,52
40,46,105
65,128,146
29,102,143
33,56
119,124
68,122,138
7,102,108
15,36,63
84,135
84,133
82,85
21,77,148
1,5,23
111,139
23,114
37,72
2,81
16,98
42,138,145
53,135
31,92
16,57,117
69,106
41,51,110
32,131,150
127,144
12,84
26,116
70,127
33,42
7,137,147
9,51,92
66,82
80,139
128,130
1,47
79,122
7,132
77,104
96,136
16,18
97,116
20,138
19,27,61
90,138
33,146
11,65,150
54,99,120
41,73
89,146
88,138
1,37,70
62,132
10,87,118
54,104
1,24,65
10,89,113
50,91
34,72,149
27,105
9,135,144
54,62
52,88
25,28
84,85,111
62,93
101,113
44,60,66
73,150
55,68,117
4,101
63,64,144
62,100
45,127
26,43,133
17,145
45,64
63,123,130
13,57,83
68,72
58,120,150
139,143
115,137
69,144
89,90
77,115
105,107
92,130
80,97,101
86,134
6,27,110
47,129
37,47
28,102,140
17,56,93
99,125
129,142
75,120
74,141
63,81,124
122,131
101,123,145
13,91
46,63,81
52,97,102
27,103,144
14,104
19,140
24,54
28,130
74,134
92,120
61,91
116,119
112,116
21,130,139
14,71
77,131
20,83
14,125
57,83,134
40,61,72
93,131,143
50,117
22,99,126
10,90
16,132
10,13,134
14,134,137
65,119
36,41
23,41,43
113,147
116,118,131
91,109,149
80,117
53,103,116
44,142
36,123
28,97
14,23,75
57,123
83,110
50,62
91,149
69,71,110
52,64,122
30,32
62,75,112
36,148
31,45,72
71,110
5,98
65,130
41,57,117
36,77
20,112
29,46,136
21,49
6,38,76
88,140
43,110
84,86
61,76
82,94
14,23,98
21,75
49,89,128
16,51,88
14,22
2,115
101,115
4,94
104,148
8,38,91
65,106,115
42,142
32,101,137
135,137
2,119
86,103
56,69
103,111
100,113,142
99,149
64,67
98,121
5,96
98,109,140
137,144
8,29,149
16,60
53,138
30,143
48,100
48,80,105
72,97
108,118
40,88
25,39,138
120,128
6,49,71
65,67,106
9,18
14,37
75,83,90
79,112
4,55
24,139
83,148
124,132
61,133
4,33
121,146
27,71
47,60
48,126,146
17,18
117,149
12,144
26,34
27,58,140
70,131
15,73
60,105
89,106
18,78
40,69
112,131
76,99,150
12,85
6,52
63,99,129
4,46
12,61,102
35,42
40,97
86,139
108,111
21,125
58,119
36,80
137,150
16,89
67,92
43,73,136
23,68
7,47
128,150
119,141,144
20,67,123
63,131
18,136
13,42,75
109,149
65,115
38,74,132
65,148
7,26
15,119
23,89
15,21
100,138
32,117
108,111
8,59
43,75
54,146
98,149
4,59
19,28,50
16,25,118
57,65,130
3,51,100
65,103,150
22,132
17,80
37,74
40,113
57,112
68,132
16,127
2,71
5,94
80,125
99,132
62,127
22,109
41,126
8,117
81,141,147
92,104
26,44
10,56
21,123
70,116,131
39,118
29,107
70,106
12,26
23,34,102
100,137
8,52
49,110
12,61
12,109
32,120,146
91,123
17,102
1,85,104
27,42
42,117,132
4,97
3,134,141
105,135
31,45,128
21,31
27,55,102
21,69,131
111,144
61,66,143
53,86
2,36
67,106,108
68,112
118,125,144
9,126
73,87
53,59
65,150
49,137
63,86
74,80
49,96
11,16,72
21,146
59,72
39,53,145
1,46
6,71
87,116
28,97
14,51
89,95
50,144
19,60
90,113
119,145
107,112
63,85
35,62
84,148
7,145
102,112
4,109
99,100
66,74
72,101,107
40,61
23,122,124
75,144
53,56
12,50,116
7,42
32,105
49,126
78,91
91,105,130
12,34
26,144
52,78
27,71,88
32,44,98
47,129
21,40
4,6
61,72,96
6,28
9,125
89,144
37,81
66,84
119,134
33,71
88,117,127
32,39,65
36,60,66
25,79,141
24,66
35,135
66,95
96,110
118,132
120,134
17,114,132
78,104
5,116
28,80
81,100
72,131
4,27
96,102
28,143
73,77
11,31,85
94,120
40,81
55,79,120
65,77
42,145
88,109
32,60,148
87,120
32,78,130
47,127
10,17,138
20,113
99,114
23,75
5,82,88
73,123
111,122
85,131
63,117
35,51
17,22,99
19,73,104
38,98
6,10,121
36,139
40,107
55,89,144
19,78
48,125
15,98,148
15,19,46
63,105,124
70,107
102,149
58,64,66
48,53
54,104
98,99
10,141,144
12,68
99,105,120
31,123
84,115
5,49
79,103
101,141
56,125
68,99
1,106
40,69,149
92,125
62,129
60,116,124
58,71,150
20,63,74
17,74,125
22,99
5,35,132
33,118
24,54,84
51,125
2,8
12,43,88
53,112
88,97
12,118
9,29
48,120
87,124
94,124
10,57
135,139
19,131
106,144
35,51
2,38
79,94
28,38,107
15,111
95,120
116,145
43,76,98
122,132
127,141
93,137
8,82,102
52,134
12,28
95,137
83,99
24,121
7,42,75
81,93
96,111
47,108
130,148
41,76,81
124,144
36,63
44,50
63,64,128
18,75,124
95,145
18,122
118,138
12,94
18,42
116,123
14,37,83
87,146
68,124
70,74,83
40,97,107
94,144
15,48,83
19,24
49,56,140
34,80,133
24,33
31,84
54,66,150
63,128
31,92
27,61,69
54,130
50,113,144
113,134
8,105,123
102,116
19,92
76,84
25,48,55
66,76,99
66,97,102
27,66
22,62
6,46
56,110
22,75,94
48,81,118
8,80,108
8,65
89,124
30,123
9,10,59
88,147
110,136
38,59
58,84
19,127
50,147
6,150
119,141
113,117
89,145
38,88
23,125
78,116,149
9,140
73,80
58,115
119,126
11,128
41,135
26,82,102
9,73
94,113
18,139
106,137
53,79,94
16,42,137
4,9
56,87
43,143
65,123
23,26
56,61
36,64,66
34,149
32,54,104
73,130
46,61
91,132,137
22,71,125
58,113
119,139
3,25,79
38,99
104,111,123
27,56
49,98,133
109,118
36,45
2,130
98,101
26,34,56
32,56
89,108
5,33
47,59,148
24,79
46,61
6,59
17,20,93
1,44,126
87,132
10,83,90
31,58,66
81,124
114,126
10,52,117
25,103
33,136
13,147
50,90
4,29,136
43,140
38,61
1,73,130
41,129
68,114
110,134
6,80
26,38,136
10,148
68,93,129
57,132
24,70,124
5,61
21,32,46
45,123
53,70,74
26,82
19,47
28,61
37,83,132
61,93
83,87
97,126
71,104
35,36,138
55,80
7,70,124
64,65
9,11
69,102
46,149
77,118
1,121
84,146
2,54,104
30,54
98,143
34,35
42,95,129
104,148
52,80,97
19,117
21,32,58
56,83
41,78
34,111
23,35,132
83,125
43,106
34,66
88,101
40,102,149
6,14,86
123,148
78,123,131
25,61,147
52,80,96
7,18,95
10,68,132
133,141,143
32,42
8,38,43
30,126
69,110
31,45,119
83,100
79,87,137
23,147
3,120
45,59
54,65,66
63,137
9,71,92
29,60
52,88
39,89,99
28,76
24,63,148
79,127
5,33
132,142
36,65
73,118
9,125
27,82,91
55,81,126
89,112,139
7,118
50,147
56,111
16,25,35
1,56
63,139
2,21
27,103,114
58,110
29,60
74,90,94
13,74,145
33,80
107,148
31,32,58
74,107
58,86,131
41,150
52,115
113,117,127
27,107,109
61,98,149
55,80
29,109
86,88
23,112
4,72
16,75,142
129,146
14,43
30,44
99,127
54,95
3,94
81,143
57,145
60,71
2,65,146
39,120
3,109
37,147
50,114,129
52,80
32,123
83,112
96,101
110,128,145
35,90,100
103,150
30,129
7,25
61,83
8,53,101
52,59
35,145
45,127
66,83,92
1,15,30
88,102,110
106,148
15,139
120,140
1,63
8,149
24,121,126
75,144
109,125
36,86
64,78
73,105
62,66,127
103,106
14,96
83,109
38,97,101
60,117
23,42
85,119,139
34,116
19,66
16,81
76,98,110
38,61
43,49
18,23,118
1,149
11,109
33,67
71,134
103,119
63,68
84,119
27,28,40
91,101,105
33,52,105
69,76
33,56
71,98
38,140
76,121
40,84,138
6,138,150
21,42,96
69,72,114
72,144
48,99
69,71
38,59
43,46,133
25,147
71,125
23,37
69,71
68,83
46,116,140
54,80
72,102
13,50,112
7,90
98,102
7,122
17,122
38,126
63,137
19,30
28,68
51,59
126,148
29,47,90
53,94
127,134
63,78
68,81,114
85,104
14,80
111,114
22,95
37,91
30,65,126
126,130,146
47,59,74
3,144
29,49
37,74,128
23,119
42,114,141
93,99
125,144
81,110
29,91,98
74,133
92,108
20,119
55,120
51,132
52,108
68,122
111,121,128
8,34,46
41,65
37,96,129
5,76
44,51
71,124
25,112
36,68,140
6,121
26,60
10,121
79,90
97,107,133
5,11
78,95
58,61
9,94,144
22,133
13,32
46,96,110
19,84,140
44,58
40,147
32,103
15,77
121,132
23,68
82,140
29,136
67,77,95
55,115
24,87
36,119
53,64
111,121
55,89
27,97
77,106
31,113
85,91,131
41,85,92
19,86,146
74,134,142
6,22,123
1,27,69
88,139
39,83,125
38,69
75,130
8,28,116
99,118
12,88
24,137
24,54
64,128
22,50
71,149
114,148
122,143
30,67,139
73,102
50,113
2,47,104
82,88
37,63
57,142
99,104
66,135
98,150
42,147
22,114,122
84,99
72,126
21,65,148
9,18,144
7,55,135
115,122,135
91,98
37,68
58,134
13,16,136
9,41
87,113
44,69,119
72,126
138,147
57,99,119
7,68
2,67
14,16,22
43,70,123
79,140
7,115
13,53
66,84
52,106,144
9,134
113,137
14,130
27,38
19,144
29,91
93,95,143
18,51,124
47,106,123
70,127
29,33
27,49
131,146,150
8,73,109
105,140
74,99
15,78,86
108,139
69,128,134
61,82
123,127
17,57
9,45
37,98
16,25,83
128,146
20,79
2,108,150
4,88,143
30,110,141
72,113,135
41,106,150
27,124
1,89
41,148
22,99,112
56,61,103
13,50,54
35,55,74
100,108
88,97,133
20,57,147
11,111,150
3,26
92,105
48,84
106,108,123
4,33,133
4,35
48,104
96,121
38,102
100,124
54,87
23,114
82,98
30,36,104
1,21,24
100,113
3,124,132
67,114
105,128
109,124
74,116
56,113,138
45,65,146
34,104
58,61
24,85,111
43,88
27,75,134
7,135,145
30,121
76,136
56,92
63,123
54,58,133
15,121
40,49,107
3,23,41
8,59
43,51
86,88
46,87
55,62,125
66,115
48,144
87,143
77,95,96
84,121,128
2,148
40,117
43,71,96
10,83
22,116
112,149
9,22
58,116
10,150
25,71
24,77,89
113,118,124
7,23,66
45,64
66,124
20,81
47,66
29,51,137
13,129
9,83,122
1,38
84,91
37,110
63,106
89,134
15,57,86
47,92,139
93,142
38,52,80
33,138
93,132
16,55,62
73,104
94,137
84,121
8,97,111
77,112
20,68
84,130
22,41
27,114,148
23,94,132
14,24,26
73,109
24,84
26,31,62
76,110
65,139
13,74
74,100
51,99,138
11,109,126
95,135
29,64,93
1,24
95,108
22,93
3,117
3,64
46,52
118,137
52,91
73,113
81,94
15,121
69,101
22,64,68
5,112,124
5,88
83,93,145
76,79
70,134
85,103,119
65,146
83,137,144
33,114
42,74
100,117,141
17,129
48,79
82,105
38,91
94,95,124
15,44
31,33,89
30,45,78
18,45,74
39,70
132,141
5,97
24,36
97,133
16,142
109,112,128
24,32
69,149
24,110
83,112,122
107,133,136
51,85
53,87
71,87
81,134
37,122,125
28,81,121
86,100
63,147
5,27,72
22,82
51,113
84,103
20,132
11,142
71,82,96
73,149
44,58
78,147
41,78
135,145,149
75,90,132
17,26,118
52,109
51,145
127,131
25,120
109,123
103,121
59,72
49,130
50,81
25,122
12,26,101
76,96
29,46
29,63
41,78,126
34,132
45,58
71,98
20,66,116
124,134
22,83
36,57
37,79,135
46,143
15,41
2,64
30,93
28,144
81,83,90
37,63,75
80,86,136
24,115,130
17,90,97
7,113
134,143,150
15,21
101,142
52,89
50,100,147
93,142
89,100,122
29,38,59
120,142,145
90,142
26,27,56
15,106
49,149
91,126
45,65
69,89
57,86
21,24
22,147
46,56
46,107
40,116
81,120
48,89,95
5,16,19
84,86
13,89,147
48,94
67,79,92
63,85
59,60
2,64
55,85,141
29,57,61
110,133
55,137
24,100,122
84,111
4,29,49
24,57
2,107
32,139
141,150
58,150
73,108,119
36,129
5,122
26,98,109
39,87,114
32,80
5,12
10,26
7,64,74
8,34
87,120
22,35
90,112,122
7,50
129,131
94,99,112
7,47
12,149
77,92
12,34,88
3,8,98
137,138
37,99
79,131,140
18,114,118
1,110
15,36,58
44,115,146
55,113
39,85,86
64,127
30,86,131
104,106
1,98,114
76,80
62,125
37,56
9,82,102
24,31
47,140
37,55
12,141
86,99,108
2,54
52,76,82
78,92,104
14,122
10,134
113,124
3,92,116
3,137
12,40
45,86
12,115
6,72
46,72,107
111,132
64,103
6,107
37,105
2,150
19,57
97,102
119,128
118,134
52,82
19,58
119,121
7,77
1,82
38,107
22,52
143,149
5,33
13,61
15,29,99
51,100,135
75,132
69,80,136
10,118
107,133
47,64
26,84,138
43,88
32,33
125,141
82,96
75,91
120,144
109,122
46,96
62,121
35,101,136
28,43,80
10,70,137
63,111
53,79,144
62,78
1,64,86
1,90
25,117,129
98,99
20,70,145
76,92
24,25
25,137
53,89
39,42
33,69
21,86,106
85,112
65,123
44,119
90,131
37,141
5,131
32,146
41,63,65
39,138
35,83,113
70,107
80,125
2,92,128
23,29
47,88
72,88
81,89
130,146
51,79,125
79,122,137
42,100
15,19
126,146,150
4,29
15,31,36
58,141
16,68
21,85
54,84
52,141,146
94,120
33,88
18,113
9,55
85,150
42,108
137,138
7,141
12,34
19,116
46,139,146
16,73
132,147
50,65
16,62,114
102,135
34,105
83,144
133,137
31,33
40,52
30,99
22,74,119
14,18
50,83,135
90,129
29,80,136
82,135
26,28,73
106,128
29,131
16,99
28,39,56
11,47
41,116
25,41,142
60,121
14,120
52,113
14,122
13,121
101,136
10,90
1,2
13,18,142
85,90
112,142
43,105
14,35
35,47
65,77
74,93,127
32,85
44,65
4,59,107
24,83
1,54
73,118
76,143
66,68,78
61,140
74,86
50,142
133,134
76,78
52,84
13,50
33,70,123
60,64,128
44,123
1,59,92
31,54
123,124,128
15,102,128
132,139
30,124
2,84
19,20,113
9,148
22,44
36,44,108
32,64,92
17,81
15,67
100,134,135
89,141
9,55
25,143
47,73
14,99,135
6,41,109
114,127
47,87,143
58,84,128
135,137
53,54
35,125
45,123
22,45
1,30,108
89,90
44,72
47,121
9,39,145
5,40
33,149
69,131
46,72,110
11,32,65
81,94,125
10,106,114
83,136
35,79,81
146,149
14,94,141
21,45
18,74,100
46,69,91
103,131
83,135
87,111,134
74,129,138
32,63,148
4,25,144
15,38
7,145
42,85
23,79
123,134
37,47
61,131
42,100
57,62
76,106
30,119
67,86,111
27,64,100
29,133
59,116
63,111
10,114,122
43,104
6,16
4,34
39,91
1,70
49,143
16,37
6,80,116
47,127
84,139
3,135
3,27,66
128,130,150
24,66,114
14,50,53
30,93
75,100
84,86
86,104
46,107
20,22
84,121
14,127,145
18,150
49,101,133
16,73,124
87,132,138
15,44,104
17,74,118
34,58
12,105
29,149
75,114
50,110,119
30,78
47,57
10,114
14,129
103,108
60,131
42,62,127
16,137
100,122
72,107,119
43,150
45,85,131
14,114
116,143
79,100
60,102
124,141
29,49
9,17
13,55
124,137
44,104
23,45
15,84
43,98,149
27,33,84
49,94
13,35,143
33,136
7,44
34,38,140
99,125
67,78
37,133
88,136,140
2,90
25,50,115
3,89,94
50,118
39,77,110
97,118,147
25,119
33,34
72,76,110
73,84
45,58,135
23,86
22,109,148
28,48
4,43
67,104,134
67,130
51,142
126,128
31,123
5,36
40,46,97
49,74,75
84,139
81,118,147
22,147
37,144
91,134,145
10,89,138
91,104,141
5,59,72
3,39,114
23,39,53
14,112,132
112,146
12,49,133
2,14
97,122
76,116
59,82
75,90,101
5,8
112,145
124,128
30,32
7,88
19,95
5,76
77,85
105,139
23,91
32,78
13,93
14,55
60,63
3,94,122
4,72,143
6,72
21,39
21,32,66
10,127
32,44,54
33,35
15,32,108
63,106
69,71
118,124
43,81
126,139
61,79,84
28,102
7,20,132
69,127
14,103
95,127
3,22,87
17,66,96
7,120
29,33,72
10,20,133
120,135
33,69
76,95
98,101
23,95,138
5,34,106
77,85
19,45,47
9,18
28,72,82
92,104
34,97
22,42
30,77,111
64,84,121
33,61,149
17,79
46,133
21,35,91
18,61
47,58,64
61,135
90,115
33,98,149
78,143
127,137
80,95
1,108,111
59,112
84,130
103,128
107,138
3,94
19,45
30,121
42,105,107
54,78
73,84
1,84
79,89
61,94
58,122
69,145
111,137
4,90
11,20
5,59,149
16,25
71,77
131,148,150
1,135
12,133
41,99
26,53,126
41,85,148
30,77
27,61
75,77
7,37,141
14,35,137
38,143
67,127
10,94
29,41,67
94,118
47,115
114,128
55,93,99
27,64
61,124
3,23
110,113
37,89
39,68,70
5,98,149
1,20
32,119
10,48
29,91
35,93
89,129
10,117
67,78
115,126
74,142
115,148
70,134,135
78,103
26,109
47,58
20,70
36,73
19,141
13,116
4,6
12,72
14,99
127,143
6,80
98,128
42,126
30,120
38,78
27,69,116
29,117
104,106
138,146
65,104
14,53
120,139
39,90
50,134
2,107
1,73
59,136
35,62
86,121
25,121
49,59,69
2,100
25,29
94,98
5,27,142
45,60
78,93,98
62,75,142
25,73
63,65,69
73,104
36,103
11,41,135
3,68
44,58,65
56,64
66,122
98,105
32,120
13,17,25
44,139,148
46,53,76
10,109
1,21
35,129
60,91,130
30,77
3,13,70
8,128
19,89
67,104
83,87
31,92,111
17,19,124
60,98,147
22,32
50,54
97,142
53,142
87,147
6,69,82
67,95
1,126
44,54
14,87
18,48,68
91,129
112,135
8,24,51
66,85
68,147
49,58
90,144
25,75
112,129
52,62,86
90,95
48,53
70,145
24,106
48,138,142
5,116
69,127
19,103
95,112
88,91
136,147
65,125
36,41,44
12,69,88
88,112
20,113,124
29,34
32,104
106,119
82,129,135
26,96
63,65
12,29
9,123
16,105,106
60,115
21,64,108
35,112
24,47,104
48,109,130
66,82
43,44,139
11,119,127
17,34,106
1,51
34,109
105,135
61,102
4,12,109
76,105,140
40,55
24,84
1,111
25,106,132
65,67
34,63
41,86
11,123
127,133
106,130
54,150
88,146
66,146
61,69,97
40,81
3,17
16,60
66,137
73,108
82,96
67,108
54,123
15,21
4,101,149
53,94
13,84
74,96
79,129,134
47,95,112
36,96
6,28,46
86,92
83,102
59,119
55,126
51,75
24,54
35,85
81,91
20,131,136
13,89,93
26,121
32,54,117
8,55
19,108,148
24,32
11,139
38,121
23,99,132
33,72,82
47,128
81,93
31,103
85,146,150
66,136
37,59,97
17,47,131
34,133,148
21,71
26,52,133
90,147,150
78,129
8,133
12,49
5,76
46,51,107
2,65
28,54
32,56
32,103,128
26,137
58,111
1,32
55,69,97
55,90,100
34,106
41,72,103
12,128,147
45,103
77,107,110
38,147
49,91
25,79,125
76,98,140
95,120
9,16,18
21,115
28,105,139
19,58
26,37,110
20,24,28
45,103,106
31,79
12,71,117
119,131
84,124
54,58,73
21,74
60,95
58,114
11,89,107
106,146
10,72
9,144
1,106
65,89,90
24,106
28,105,107
29,34,133
24,30
127,131
52,102
39,105
5,75
68,73
19,73
93,109
30,54,119
68,75
15,32,106
26,52,109
91,102
52,130
40,66
87,90
8,37
81,119
80,90
65,139
23,87
66,128
75,124
28,38,117
47,124
122,137
13,149
1,45
53,114,138
10,35
68,118,129
87,122
21,82
63,73
52,72
33,141
45,64,74
117,128
13,147
62,122
119,146
9,87,120
63,143
26,49,149
39,89
96,109,116
73,139
70,75,112
36,90
40,62
9,113
11,142
21,131
55,122
99,100
59,129
5,12,49
1,70
8,71,91
36,108
23,137
17,61,62
1,21
70,118
54,65
37,51,111
23,87
51,102
1,101
40,80
21,106
3,48,51
89,150
43,114
22,70
48,136
35,79,99
16,113,145
8,106
69,107
100,142
16,29,47
26,85
38,80,149
41,42
32,45,119
92,130
4,110,132
38,53,79
77,126
73,108,146
12,117
30,149
32,71
18,117
57,114,142
124,145
1,63,95
33,69
59,149
30,83
120,150
63,103
23,53,86
69,109
10,39
130,146
1,102
84,130
6,54
73,91
66,78
67,86
59,63
14,68,129
25,81,93
105,110
6,82,97
89,120
55,58
31,72
1,58
135,142
9,50,56
43,93,126
32,140
16,60,143
42,100
10,17,125
113,138
30,146
17,49
9,129
44,60,64
33,61
10,95
122,133
30,92
32,123
3,74,89
33,71,98
61,96,143
49,59,133
83,125
10,130
6,33,50
55,88
42,114
35,144
115,148
47,123
16,62,138
30,98
1,10,82
64,85
58,115
80,88
4,101,149
7,53,123
16,18
67,119
120,132
42,98,138
56,69,88
43,69,140
38,49,61
81,147
23,125
3,91,102
36,87
1,63,108
44,58,115
31,139
70,77,139
1,121
13,119,149
23,115
46,111
