83,109
20,80,106
8,27
20,41,64
25,38
25,106,147
6,78
48,83,103
87,119
90,101
24,87,107
111,150
66,125
29,109
64,138
13,82
55,117,149
12,42
87,95
11,35
46,86
41,97
105,132
70,106,122
28,51,112
38,149
67,99,137
39,78
14,28
9,111
15,89,121
10,118
28,30
24,65,115
35,94,100
98,139
7,44
121,134
93,150
61,115
70,112
75,114
2,100
11,104
42,44
88,147
20,49
117,141
3,20
87,119,123
24,45,119
4,95,96
14,76,150
109,137
1,84,108
87,150
112,137
44,86
24,81
84,118
18,135
98,105,119
54,89
2,76
37,145
61,65
72,105
15,97,136
29,77
52,72,137
25,113
9,137
24,88
23,43
36,123
86,107
19,95
27,47
8,34
17,70,131
85,86,101
32,73
93,111
5,72,117
25,76
28,81
95,138
116,127
59,124
45,136,138
62,136
43,61,78
41,58
39,43,59
19,84
76,134
2,18,29
11,96
30,36,89
23,87,129
96,112
94,124
38,57
27,43
8,50,117
43,59
20,69,74
6,145
2,5
27,65
101,137,138
34,141
6,84,143
99,148
39,86
3,9,30
62,106
12,59,118
100,135
29,58,120
14,96,102
80,111,143
116,146
20,90,91
16,22
5,12
145,150
1,2,77
2,98
136,142
71,88,99
17,60
14,27,145
37,59
2,21,45
72,138
41,76,79
140,149
22,29,92
59,62,135
115,135
24,62
79,85,128
24,70,109
39,51
9,13,59
75,102
45,123
75,96,144
113,131,140
43,103
82,141
72,126
46,81
50,140
30,137
77,126
34,35,69
45,58,79
56,95,147
67,68
12,42
99,125
61,115
24,148
23,88
40,64,133
14,36,67
15,26
30,67
107,132
18,68,130
36,67
97,143
22,85,129
37,89,145
40,63,79
10,118
38,40,46
26,127,133
19,49,99
14,108
107,120
113,132
24,86
58,75
74,104
63,92
76,134
28,37
60,92,146
35,106,116
57,107
54,93
70,116,131
64,110,124
7,110
80,149
47,51
47,126
36,96,105
13,102
131,139
58,74
8,110
12,138
64,72
68,124
54,139
108,122
17,100,138
7,118,143
32,76
96,132
93,99,109
81,138
33,78,84
8,52
2,130
53,102
66,67
35,113
5,21
37,66
32,75,149
72,88,94
74,89
17,53
14,54
23,68,146
7,21,87
35,94
105,107,123
40,82,126
41,79,145
27,54,134
30,72,79
13,36
44,85
9,77
44,143
112,140
72,93
62,83
112,124
116,117
12,92
9,100
8,64,75
64,132
103,132
28,72,82
11,92
97,136
52,58
2,24
61,150
3,29,100
46,82
46,143
95,138
62,101
69,72
60,103
36,80
96,126,134
17,42
128,146
21,22
88,98
17,69,75
55,129,143
50,140
75,136
36,130
9,145,148
93,122,142
88,143
51,137
56,65,118
81,128
50,94
75,118,146
143,146
54,122,148
34,122
16,51,108
54,68,89
16,134
118,131
44,97,129
66,87
42,65
7,33,143
7,90
54,134
127,140
40,68
131,147
19,86
67,106
8,54
47,114
44,123,140
79,95
38,133
83,125
27,30
99,137
35,124
16,135
41,97
16,29,137
38,128,129
75,122
1,25,141
6,22
11,56
87,88
21,66
111,122
19,20,50
6,48,83
66,74
89,99
110,124,133
7,21,23
72,93,111
7,24,65
28,38
21,61,88
36,67
74,128
98,132
25,64
120,144
11,35
1,118
38,74
79,126
103,138,143
40,89
83,138
4,69,110
65,84
10,148
91,98,143
39,115,143
22,141,147
1,38,141
26,131
78,147
69,85,87
52,150
25,103
60,120,142
130,138
113,126
23,115
39,44
26,70
32,64
54,83
35,73
40,125
52,79
70,134
45,101
6,83
75,101
38,92
32,144
30,98
68,86,122
133,144
7,131
61,87,136
3,64,94
26,74,113
48,76,126
19,114
18,84,85
31,64
20,112
111,126
40,92,106
7,46
52,110
113,141
33,39,83
13,16,54
9,53
64,87
10,130
61,109,145
42,60
58,67,77
38,150
51,111
22,32,114
4,25,50
66,90,141
116,143
71,119
28,52
29,47
94,116,124
28,76
23,59
36,82
4,148
24,65,91
14,77,126
18,70
2,61,81
26,96
84,130,133
4,136
21,129,138
59,82,99
2,119
64,94,124
36,76
2,137
52,148
77,98,120
69,95,100
22,70
105,121,146
87,97
18,131
23,90,123
28,98,109
1,17,121
27,79,99
6,24,117
26,130
2,39
51,150
91,111
74,121
49,147
20,82,126
41,54
97,100
28,68
81,103,123
51,67
67,128
101,105
67,79
44,78
28,40,111
15,106
7,57,139
5,21
68,80
13,41,58
42,126
21,59
40,54
87,150
68,126
2,39
129,140
6,86,88
16,82,142
27,66,68
125,138
88,98
26,94,107
7,10
77,105
65,101
31,57
61,105,107
48,126
10,32
42,61,97
58,145
86,87
99,150
51,72,77
6,62
32,58,132
52,80,87
34,80,121
112,117
42,138
62,87,105
125,128
39,83,86
3,87,96
52,77,109
8,75
54,67
16,96
28,77,93
60,114,128
108,145
13,59,86
64,83
27,111
27,52
28,131
31,144
45,90
34,100
111,140
36,88
95,131
34,60,146
26,121
110,133
10,46,57
69,75,105
27,29
63,134
53,114
106,111
5,122
38,117
14,20
21,136
5,90
5,78,88
12,37
27,54
44,62
65,147
7,10
17,73
101,107,143
54,139
84,129
67,122
19,79
51,110,143
44,46,61
19,141,149
50,127
11,121
38,117,147
89,91
50,81
60,149
15,103,118
47,54
76,111,120
69,92,127
36,79
46,59
59,90
9,128,143
11,75,95
65,92
17,72,105
15,133,150
38,53,65
103,108
32,102
14,82
1,135,149
9,137
6,78
28,106,129
42,105
32,64
10,119
61,118
24,48
14,29,77
1,92
38,55
36,108
27,33,75
3,41,55
27,36,93
33,132
22,40
47,52,127
11,131
45,87,146
54,93
18,105
9,145
104,106
6,38,42
13,125
32,94
38,123
79,150
2,101
53,95
12,16
30,54
39,51
14,25,121
33,129
29,49
111,136
10,42,61
83,121
5,136
17,140
29,47,54
95,122
45,117
56,69
51,79,93
35,144
41,99,120
60,62,126
16,111
100,127
59,129
50,55,87
78,97
135,144
55,97,112
86,138
22,66,102
36,119
58,87
53,94
12,143
84,136,138
105,143
55,104,128
38,41
78,85
46,107
8,128
29,75
12,65
1,75
104,106,134
40,137
32,94,117
5,6
25,31,100
1,38
18,38,124
74,83,147
111,140
4,116,124
34,147
35,73,139
30,66
5,9
134,146
84,135
12,62,107
104,147
17,84
85,92
53,127
85,86,129
38,104
4,15,43
64,73
42,87,130
9,31
80,97
39,61
6,95
15,16
20,140
56,64
5,87,129
58,145
69,111,118
31,132
17,34,80
46,48,98
77,97
96,146
25,53
17,69
85,88,98
2,61,118
84,123,143
71,101
28,72
35,73
107,117,126
51,134
48,105
34,146
28,140
47,65
38,64
83,101
12,47,68
91,120
122,134,137
47,52,108
13,67,91
5,49,142
7,105
18,64,74
6,65,87
54,134
30,74
11,128
114,146
28,99,124
59,92,104
7,28
7,83
12,101
15,103
27,100
17,91
28,134
3,22
15,42
98,126
66,125,148
46,59,115
16,51
85,119
86,140
9,37
46,50
61,107,143
82,111
20,69
44,63
18,144
37,96
71,93,128
13,18,138
106,132
36,63
97,129
6,7,42
38,75,95
31,34
76,110
7,15,81
50,52,140
137,150
63,66
100,101
48,98,150
101,119
90,133
96,102
9,63,145
74,128
79,109
23,29
5,25
24,37
120,126
18,104
17,85
7,59
85,87
36,92
25,70
24,84,107
88,90,107
7,62,65
4,26,102
105,129
24,48,81
3,140
1,4,63
35,92,146
4,71
39,59,87
42,64,142
22,74
131,138
7,24
70,128
84,103,115
56,63,95
8,88
63,134
97,113
12,98
106,112
29,58
7,143
23,79,103
80,114
37,53
83,101,115
36,60
66,85
53,69,75
9,47
76,122,126
86,113
73,140,141
7,65
44,133
7,71
42,132
33,70
22,101,132
86,132
75,108
4,140
20,106
7,18,76
20,83
14,26
28,36,137
52,99,111
8,66,140
94,104,113
32,104
93,94
58,94
52,138
58,93,121
6,43
10,90
30,99
76,109
10,130
81,83,103
19,27,99
13,51
53,95
47,120
7,16,103
16,64
46,119
16,120,122
88,130
36,40
18,19
7,91
9,122
2,68
23,111
20,100,127
36,145
13,84
76,130
58,72,122
40,54
113,119
64,72
50,69,146
1,136
38,110,121
20,132,147
54,115
105,122
42,78,132
10,81
31,91
2,59,103
4,19
65,75,78
63,93,137
65,74
2,9,87
8,60
19,34
1,8,135
58,114
37,51
34,53,94
34,56
87,98
52,79,82
26,28
94,113,140
52,129
7,23
23,86
26,71
68,127
34,65
7,85
131,146
64,112,149
98,144
27,36,134
103,110
63,125
73,104
73,102,149
29,68,125
25,140
16,72,89
44,55
10,120
44,105
73,139
26,64
31,58,106
16,37,111
28,37
4,17
6,133
36,52,150
28,39,50
10,86
14,58,137
108,111
52,93
110,113
7,83
51,93
40,53,121
18,72,130
16,89
84,107
16,40,135
24,112
74,147
29,75
96,118
81,145
101,133
76,94,115
59,89,92
47,51
26,122
1,84,109
71,83
4,32
68,79
63,67,120
49,68
17,110
42,43,81
19,55,113
111,125,126
36,119
21,30
28,30,108
35,117,149
97,98
52,132
37,58,125
16,19,146
76,124
15,29,72
53,139
83,130
32,35,93
59,84
12,33,118
91,120
110,112,135
55,133
23,58
73,142
41,134
27,79,82
18,116
46,143
1,64,102
17,35,39
72,119
6,10,59
24,107
20,32,73
93,138
121,140
22,125
49,53,127
55,146
51,63
99,137
1,92
36,66,120
6,73
78,80,138
5,43
35,131
58,66
27,64
8,69
102,110,122
75,106
87,111
93,106,142
62,97
79,89,137
19,95
52,67,148
30,58
131,149
51,66,111
62,78
86,128
11,140
61,98
33,65
39,95
51,52,120
2,88
84,105
22,71,81
109,126
28,115
32,106,131
64,117,140
24,149
33,39
9,37
73,131
106,120
40,72
111,138
56,114
98,147
21,81
37,124
131,141
13,93
36,142
57,122
4,79
35,70,100
61,67
97,103
2,48
49,104,114
12,95
81,144
28,103,149
95,141
29,72
87,107
49,123
6,105
69,133
24,88,98
36,142
39,90
6,22,87
58,91
7,60,105
32,136
8,38,144
43,123
56,77
83,86
38,74
55,68,73
51,90
16,43
26,114
42,146
33,44
18,49
117,124
80,110,117
30,89
56,80
20,102
41,44,63
33,42,138
38,146
77,83,118
49,74
11,70
33,123
11,36
2,61
30,52
42,46,81
49,88
65,90
40,68,76
22,48,105
4,114
54,115
16,145
6,69,85
7,47
20,23,95
66,106
3,53
42,86,123
3,69,74
82,93
44,86
11,111
77,119,120
131,137
101,115
25,141
14,55
68,79
51,150
51,122,125
50,61
47,109
13,63
89,108
89,101,113
52,79
59,134
10,22
15,54
5,40
63,108
97,129
127,138
65,123
13,40
43,103
39,137
96,120
49,59
103,112
89,127
14,18
24,133
55,80
48,53
18,99,124
75,104
21,130
47,85
49,64
67,111
55,121
32,59,146
70,116
80,92,121
15,34
64,149
49,102
41,42
49,64
63,132
89,150
45,71
65,129,130
85,96
56,87
90,101
49,133,144
72,77
92,95,127
59,112,122
83,104
56,74
50,66,84
11,34,50
26,83
37,93,134
55,56,121
10,118
18,144
68,91,103
73,145
38,50
27,60
26,49
8,116,128
35,43,108
1,19
76,107
38,150
40,86
17,18,80
17,105
45,76
45,137
44,56,115
22,83,87
2,62,138
89,99
67,120
36,37
50,134
77,81
15,72
11,104,144
106,128
31,33,100
70,133,135
14,109
15,68
18,28
14,111
9,78,143
20,35,75
47,99
21,36
104,143
37,82,99
99,117,131
24,39,83
79,120,150
121,133
102,137
65,105
43,57,78
12,44,90
37,70
48,107
12,114,127
68,137
11,113
15,22
41,108
29,68
45,68,111
102,107
64,115
36,105,149
8,73
61,95
23,45
45,87
22,136
28,44
21,119
15,34,94
3,66,104
47,66,125
4,38,127
74,95
26,71
7,138
61,90
93,121,126
1,45
118,130
9,51,142
15,43
94,133
57,115,132
8,114
51,66,79
41,105
22,42,143
63,120
52,76,134
37,91
110,117
130,141
44,59,119
15,62
72,93,122
49,117
46,77
17,134
39,144
68,142,150
7,32
91,144
5,126
82,117
6,86
46,54
49,70
89,123
26,28,65
10,135
42,112
59,105,119
51,68,145
40,120
37,58
95,146
63,109
86,90,107
9,65
11,116,139
102,121
11,112,146
86,87
70,109
60,146
42,92,100
11,32,50
54,107
27,37,109
31,147
59,132
62,84
123,131
86,91
18,121
8,107
61,97,103
27,40
62,126
67,132
8,92
19,92
119,137
36,126,137
57,126
76,108
61,81
53,75,146
17,43,142
21,89,96
39,146
100,106
15,61
26,95
70,93
116,142,150
33,85
37,126
3,140
6,85
33,136
45,61
4,136
22,54,128
10,129
11,128
1,95
17,96
28,63
21,143
2,24,136
77,104
6,103
44,78,98
86,122
6,46
60,139
47,63
6,146
32,116,141
6,12
60,146
14,47
24,101
79,92
85,103
63,87
33,61,119
6,10
10,87
90,147
64,76,90
100,112
4,60
78,88,103
30,99,126
85,130
73,124
13,120
126,150
17,28
64,135
19,117
1,12,13
23,59,90
41,142
18,108
2,105,130
53,110,147
7,87
102,130
49,140
63,150
91,108
53,148
51,122
37,41,148
57,107
28,53,56
23,129
118,143
92,149
46,88
116,121
1,139
57,87,90
36,111,145
11,115
2,27
25,128,141
60,74
71,109
59,68
47,67,137
28,76
5,31,80
60,100
51,52,120
94,117,127
7,130
147,150
18,144
47,67
22,78
33,138
38,44
41,79
79,148
49,125
7,24
2,24
95,141
32,64
4,80,106
10,34,43
71,119
129,131
46,84,103
16,41,137
118,141
24,137
14,29,36
50,117
53,60
88,115
1,43
113,146
100,105
7,113
81,84,105
5,78
8,67
81,101,123
2,15,143
54,82,134
8,134
34,131
103,136
57,114
52,105
36,62
22,123
93,144
32,92,132
2,88,141
12,46
78,102
78,88
60,73
16,122
94,118
32,60
19,117
102,124
4,46
63,111
28,119
17,38,60
3,77,84
52,109,126
27,59,73
18,64
14,52
95,112,131
5,144
60,140
32,50,66
122,150
55,111
35,69,117
50,140
33,128,147
2,81,129
93,110
67,79
80,112
41,88
70,108
13,51
40,91
79,145
9,16,40
27,134
131,147
15,98
24,48
28,54,66
75,131,135
2,42,143
35,113
4,101
33,42
101,119,130
10,20
55,147
80,111
47,109,111
36,111,148
4,88
17,18
43,90
106,116,149
40,79
73,143
100,142
29,118
13,41,76
37,38,68
46,85,94
47,53,143
5,39
41,123
94,105,139
70,133
108,122
96,138
33,63
115,132
96,99,110
120,141
42,97
49,53,70
96,148
98,103,132
59,65
12,123
58,89,127
20,43,89
16,40,76
8,51
5,6
127,137
82,133,136
34,114
30,58,99
2,7,81
27,63
47,51
78,113
89,97,105
24,73
81,105,127
8,34,92
9,35
93,147
37,97
8,31,141
9,68,99
83,130
74,114
26,60,75
54,63,91
24,98
45,131
91,105
16,77
24,81
31,110
4,115
23,57,133
95,130
30,110
74,88
13,51,137
52,89,134
122,126,134
33,78
29,118
90,127,142
33,120
3,35
5,24,129
50,122
6,96
113,141,149
8,106,117
1,32,127
13,86
64,70,100
48,84,136
2,7,143
14,28,59
15,61
68,78
67,72
19,31,135
2,39
128,139
66,96
17,27
73,128
32,56
55,82
59,119
140,149
49,148
40,68
81,110
71,140
115,135,150
50,121
108,122
52,78
81,84
91,120
83,123
16,105,112
50,94,117
48,78
111,145
79,137
81,113
30,79
9,16
38,45
103,119
71,115,117
43,46,143
3,20,121
91,135
56,93
15,81
9,67
6,93
85,101
16,148,150
14,113
42,71
105,119
39,100,149
133,146
33,113
2,90
21,69
5,71,90
21,83
6,61,130
71,132
113,121,128
93,128
80,97
134,148
102,107
67,77
34,121,146
57,71
8,44,51
25,61
26,43
68,76
49,55
27,134,137
97,138
45,138,140
61,109
22,70
6,22,39
36,41
39,133
6,145
11,149
63,108
37,65
38,56,127
93,108
7,23
46,78,130
107,123
44,130
70,117,124
6,105
6,145,146
51,68,134
61,133
33,78
51,101
9,76
59,101,140
37,90
69,116,117
2,10,103
1,3,50
31,148
1,83,146
71,137
30,67
17,106,140
48,57
28,56,118
15,48
49,56,100
72,105
76,78,127
7,97
2,20
12,46,62
105,141
69,116
57,61,107
54,82
14,91,145
101,111
40,46,147
34,35
135,141
7,88
13,146
76,134
64,102
10,83
18,25
30,52,58
12,81
17,35
124,146
99,149,150
56,73,146
80,117,135
21,101,138
77,99
32,100
77,109,142
65,132
11,130
100,145
76,145
63,126,142
15,86,132
25,133
11,20,135
25,114,139
5,84,86
36,113
1,30,68
93,100
64,124
60,85,91
56,60,113
41,65,74
74,82,105
12,48,101
45,88,119
60,109
24,119
5,22
50,135
44,119
123,129
61,130
39,129
56,80,135
19,133
51,120
6,48
117,129
8,13,72
54,89,91
119,135
85,87,101
42,86
19,134
94,135
8,107,126
9,16,82
27,59
4,38,104
47,139
67,79,93
7,87,131
2,43,87
86,119
39,111
38,145
74,139
11,128,147
71,72
29,89
73,138
46,65,107
2,115
6,22,59
82,150
39,97
100,122
29,42,82
77,139
59,87
55,70
6,42,98
41,98
62,115,129
36,51
35,140
56,139
28,142
109,126,148
64,107
73,124
37,79,122
47,79
32,38,96
5,10,44
25,119
70,137
9,47,91
52,120
118,122
25,127
13,41,47
25,112
7,110
55,114
5,78
103,132
2,103
23,33,115
72,109,134
10,78,115
11,34
99,109
146,147
45,86
20,95,104
21,130
24,118
96,99
8,22
11,47,124
63,142
24,72
17,102,133
17,116,133
51,137
36,77
93,122
17,70,106
100,149
83,105
20,34,69
31,35
6,43
68,126
101,115
60,100
51,78
103,127
2,46,138
22,61,143
39,110
32,110
14,16
6,39,136
15,46,62
13,58
93,120
101,107
34,75
1,22
24,115
35,101
72,105
47,139
58,66,68
50,56
55,68
42,123
24,97,148
114,131
7,43,65
29,119,145
111,125
24,103
47,53,119
22,84
68,137,142
30,76
30,109
70,82
100,116,141
37,126
15,45,97
96,128,144
15,50,121
29,142
37,54
19,36,79
7,94,130
12,109
111,121
37,67,122
5,45
5,45,143
97,107
16,82,148
121,124
82,91
17,81
41,89
105,124
98,115
44,121
17,110
15,59
30,48
8,95,121
29,148
9,47
22,33,46
69,110
24,102
19,26
52,122
42,44,137
15,85,103
101,148
28,120
45,69
113,137
96,124,144
33,91
27,108
47,96
8,22
15,103
85,87,107
40,67,120
41,65
114,131
19,32
60,140
37,54,93
5,119
6,43
97,131
57,129,136
13,76,137
31,34,38
4,146
3,104
23,45
18,116
37,99,134
85,144
7,98
119,133
123,129
4,34
57,97
36,79
77,89
14,53,78
28,99
39,61,106
10,31
16,25,126
29,84,144
63,87
22,44,90
36,40,47
13,66
1,14
3,147
66,68,77
79,120
9,109
44,87,99
54,72,109
5,15
53,87,98
36,111
56,110
118,139
76,126
52,111
76,131
42,74
34,116
13,27
15,32,50
13,41
71,138
106,111
55,65
78,88
29,108,109
46,150
123,138
12,15
28,102
29,86
62,136
74,144
65,141
48,92
32,140
4,70
62,121,141
33,48
4,62,103
46,115,142
11,124
14,41
14,40,126
89,125
76,122
100,103
18,131,147
57,74
30,68
4,123
39,139,149
41,51
117,118
71,118
14,37,82
38,112
99,108,111
46,78
54,77,123
1,14,67
58,93
7,35
81,118
70,116
88,150
50,69
96,139
117,128,146
14,51
75,78
85,149
34,70,145
93,143
22,144
55,121
49,95
17,112
28,67
66,140
82,142
99,139
19,38
33,114
26,59
43,61
30,58,108
35,66
41,91
36,77
56,85,133
20,68
128,138
27,72,108
29,38,40
31,56,82
59,134
54,66,93
40,133
40,41,79
25,105,127
30,89,122
63,77
1,19,55
15,31
25,75
2,10,136
39,130
130,136
24,39
30,91,125
58,134
31,139
46,101
12,97
31,121,127
62,136,143
121,140
28,52,108
2,23
48,62
57,108
57,111,114
6,22
79,148
44,62
8,139
29,37,111
7,135
22,90
6,123
73,88
21,32
71,137
9,29,134
89,109
21,46
17,96
95,141
92,124
8,76
118,135
31,149
26,102,146
17,80,137
10,53
95,127
77,145
80,135
64,141
3,106,149
23,61
4,98
27,67
72,76,126
81,143
9,13,137
51,141
95,138
53,68
51,108,142
94,117
16,58
13,14,63
6,138
4,138
91,99
32,94
26,62
15,27
15,58
96,121
53,86
124,148
7,57
28,77
8,26
13,29
16,30
69,94,140
67,94
46,129
29,37,122
4,84
105,126
18,19,94
34,146
29,41
33,97
36,77,144
66,67
18,150
89,120,148
10,45,129
21,44
42,61
27,91
106,116
22,132
24,134
15,42,88
36,93
2,15,117
1,86,100
2,10,143
16,37
52,67,89
53,77,119
62,112
67,76
40,47,137
38,104
132,150
98,101
15,23
5,88,129
52,137
88,141
9,91,125
59,63
58,83,110
18,49,80
20,74
49,80
92,141
10,132
88,91
82,106
32,35
2,57
109,118
36,115
1,141,149
8,62
142,150
67,68,145
6,62
119,123,130
40,47,148
49,64
31,128
1,70
124,134
12,123
11,95
12,57,115
43,78
106,149
69,113
41,58,145
58,72,137
40,47
29,109
76,125,137
22,115
41,81,145
78,98
96,150
53,83
97,129,136
79,111
57,61
65,78,143
9,126,136
4,74,87
50,121
92,123,141
46,86
38,109,137
10,43
21,87,88
7,81
34,80,113
25,43
91,109
46,105
7,146
80,133
23,32
22,59
95,96,146
66,126,150
97,115
1,25
63,104
3,11
84,143
123,138
16,106
72,79,125
20,25
28,126
17,31
10,85,87
82,99
31,120
122,137
24,65
5,33,65
1,92,100
85,97
19,100
73,131
38,80,123
65,83
31,146
9,30
61,84
129,148
96,139,141
17,81,116
15,46,62
131,149
3,132
111,126
35,113
24,101,132
15,105
118,139
51,66
4,11,50
80,104
26,139,140
12,116
63,79,92
30,148
64,133,146
37,67,122
10,78,130
117,146
73,102,128
105,123
90,98,115
60,96
56,97
15,51,135
63,134
93,150
14,99
18,66,88
67,120
23,24
27,148
59,105,149
6,33
3,144
32,69,133
14,108
70,92,114
5,7,106
103,130
51,56
1,35,131
20,69,147
16,27
11,26,121
12,105
42,60,134
21,133
10,87
48,84
28,29,108
36,104,116
26,117,139
51,77,143
11,113
102,106
87,126
124,125
17,31
22,81
59,83
27,68
2,7
5,81,86
128,144
10,110
14,37
129,130
45,115
39,83,97
90,126,127
39,78
30,63,120
3,25
53,124
42,76
21,80,140
122,145
33,55
37,67
9,30
62,87,141
128,149
118,128
55,93,129
23,146
28,72
22,132
1,56
108,120
102,149
48,88
1,17
43,62,138
20,69,117
17,55
6,86,118
90,101
28,52,125
11,22
121,131
118,128
27,110
115,123
34,117,130
63,108
94,116
64,73
62,103
117,126
86,88
8,108
79,122
37,41
85,88
25,92,140
15,79
40,95
13,77,106
93,126
43,123
11,38
74,117
42,65
2,65,88
117,137
137,150
92,102
1,24
72,150
21,68,146
7,84
20,110,124
25,69,113
32,70,96
