25,111
35,118
20,51,53
100,131
42,118
19,133
70,146
38,90
12,54
47,95
20,96,106
58,108
60,108,134
95,105
10,51,133
104,112
18,104,134
6,23,125
62,127
4,147
19,87,127
15,33
141,145
99,118
7,89
55,137
44,134
9,60
29,32,56
42,92
50,115
8,45,60
39,86,128
31,45,55
92,126
18,82
87,127
95,98
129,139
33,137
82,134
103,109
94,111
10,80
45,61
50,68
79,90
13,135
2,146
1,5,53
45,95
104,117,149
57,67
76,113,129
68,108
24,36,39
75,91
9,54,93
96,129
116,117
6,83
70,114,126
11,129,145
79,92
69,81,129
66,129
38,93
11,66
61,90
5,39
66,132
84,86
120,144
37,65
2,7,119
31,59,68
11,146
18,88
29,133
27,143
11,43
7,133
60,77
58,116
24,47
16,132
59,149
29,125
30,44,95
48,135,141
3,57
63,78,139
123,136
48,109
2,43
57,144,150
103,116,145
36,67
13,109
44,49,62
92,142
58,118
15,24,104
4,33,72
41,61
62,132,137
43,129,130
66,95
70,79
21,138,150
87,104
12,16,67
10,93
24,72
1,62
25,70
5,12,134
67,120
24,87
25,150
60,82
9,61
65,68
20,66
11,31,52
21,126
69,106
46,82
7,45,72
81,126
1,14
8,77
6,87
40,78,137
3,88
102,136
50,140
37,102,124
53,63,110
112,135
129,145
46,149
91,144
53,62,116
98,111
67,86
79,118
10,51
20,54
79,82,99
55,64,112
22,110,146
26,72
16,93,117
75,89
104,112
13,111,124
48,146
36,42
19,57,83
79,129
69,77
110,145
8,34
13,87,110
14,47
34,62
1,110
19,88
38,62
11,70
110,140
78,146
8,16,52
26,90
26,73,124
15,88,104
85,148
36,89,144
106,120
25,26
104,140
26,120
12,131
73,150
92,98
61,86
69,75,132
37,73,93
92,126
52,56
107,126
11,83
124,129,146
10,97,119
54,82,95
22,99,118
74,84,98
2,52,127
24,77,103
94,111
25,46
33,109
60,95
70,95
48,112,116
62,130
110,120
69,86
39,136
3,41
120,126
112,124,141
102,110
1,36
47,67
25,41,150
4,143
4,108
74,95
101,113
22,107,135
40,47,144
48,55
15,62
10,93,97
1,5
89,101,138
77,92,133
11,83
10,60
2,16
99,110
49,84,121
8,144
29,136
60,135
88,107
119,125,130
93,140
135,137
74,134,142
77,117,126
45,76,110
18,90
55,70,127
96,141
54,126
4,108
42,104
66,142,145
82,126,133
21,33
27,28
24,121
65,149
135,139
49,54
46,51,138
30,46
56,84,133
33,65,82
134,140
33,52
15,18,45
2,85
14,37
102,139
58,147
59,122
21,59
11,82
22,72
36,53
120,131
87,146
2,75,125
75,106
34,98
27,131
28,39,87
23,67,140
6,105
35,54,142
18,105
31,149
107,120
79,136
46,133
20,99,108
84,100
66,138
64,143
81,105
70,148
72,118,140
21,37,62
52,106
73,146
41,44
30,85,100
14,71,148
70,103
12,150
22,129
12,129
11,112
29,149
27,37,68
18,74,123
76,80
34,80
61,136
6,91
64,70,99
48,116
5,75
43,48,109
5,40,107
69,136
38,62,132
52,62
50,70,73
29,44,104
13,117,124
18,108
108,141
17,77
25,98,144
111,140
14,78
3,14
70,137
65,112
9,63,69
8,131
74,81,108
37,140
19,137
43,87,113
10,102
51,86,92
23,50
79,127,145
19,83,146
15,121
37,124
76,78,99
6,28
16,28
20,32
23,53
13,60,70
110,148
60,93,103
10,108,133
13,143
25,86,106
44,66
74,133
40,49,58
31,60
1,61,120
71,112,146
47,114,122
95,105
50,99
11,46
34,105,117
34,61
59,133
115,142
9,20
8,62,91
110,134
52,121
24,74
28,91
54,88
53,107,119
1,130
68,108,142
25,76,120
36,130
38,125,143
100,126
54,88
19,109
113,146
123,142
20,98
32,49
15,75
14,48,99
13,26
66,82,110
27,37
105,140
33,119
36,106,150
32,113,139
86,141
55,83,143
15,24,50
32,77,105
52,63
1,5,62
43,120
71,94
76,137
53,68
8,116,134
21,44
32,97
9,74,88
131,140
12,41
9,80
52,130
76,78
42,51,100
50,62
16,26
13,87,143
54,92,95
5,41,50
54,65
13,52
27,117
23,36
45,58,146
42,46
47,50,53
83,116
28,36,121
23,119
30,140
1,57,132
13,141
57,91
51,149
24,67,130
11,20,41
50,144
110,121
90,95,134
124,149
6,37,142
95,105
87,129
79,101,113
37,119
91,115
45,83,112
107,127
30,31
28,101,126
58,99,127
9,127
50,138
90,104
63,89
31,104
40,62
84,104
126,139
43,116
15,75,132
1,39
28,122
121,150
87,135
71,138
9,125
4,140
18,114
21,85,97
125,147
17,123
80,95
12,132
51,98
118,148
28,39,52
4,58,140
54,119
13,97
58,143
68,84
95,133,149
19,88
121,123
16,113
22,149
70,117
70,137
101,134
2,69,106
16,55,97
3,50
65,113
1,12,91
23,25,144
87,138
84,104,138
67,69
46,63
57,86
70,87
8,69,119
8,16,91
25,74,139
35,115
35,100,142
15,121
43,77
39,102
6,47
46,51,90
14,84
21,123
27,55,137
27,147
28,128
13,22
81,90
99,113,129
51,62
5,75,91
38,53
66,86,90
9,18
10,59,142
55,72
18,49
18,77
75,131
57,138
23,130
2,23,47
5,104
55,83,122
22,103
1,106
59,70
62,86,136
29,66
43,59
8,62,94
35,45,83
31,32,49
74,139
88,93,108
115,132
13,33,139
45,148
30,66,134
99,123,137
14,78
48,83
23,53
5,116
112,113,148
5,58
35,104,138
43,133
78,105
54,76,84
95,117
24,52
8,41,57
19,64,87
19,139,143
53,120
54,108,148
96,129
59,90,108
50,89
14,36
25,38
38,133
12,133
16,125,128
14,112,127
46,92
17,92
44,56,59
55,94
15,62,75
2,24
26,78
6,144
38,69
134,143
64,139
45,139
22,105
22,132
41,75,89
55,78
67,132
13,147
9,21
1,5,50
35,39
7,69,144
15,23
93,100
82,126
38,86,119
21,60
16,35
58,145
23,91,102
38,71
89,131
78,149
65,128
53,91,113
49,126,135
64,78
36,40
79,94,105
88,123
29,100
39,68
104,142
60,80,138
58,67
101,141
77,123
89,118
116,124,129
82,105
26,121
21,70
125,128
9,93
67,128
10,60,105
64,113
55,71,111
12,121
32,51
2,39
11,93
113,150
56,136
2,75,130
18,118
120,136
73,138
41,89
73,85
26,34
19,144
85,100
3,26,139
31,54,74
67,75
96,114
85,133
57,61
22,119
8,69
37,110,132
57,66,85
4,112
63,120,150
71,118
15,19,36
82,98
19,25,61
37,45,147
91,125
73,81,148
40,63,74
31,126
1,77
50,62
67,112
49,85
23,39,119
29,60
26,76,87
94,145
3,87,126
9,132
17,63
24,84
25,39
45,72
17,97,123
142,146,148
6,61
89,98,121
8,38,91
5,17,143
83,125,135
47,50,63
7,50
65,100,149
94,110,129
36,64
48,71,112
13,145,148
86,107
107,132,144
26,143
123,138
44,59
76,124,137
13,116
53,61,144
17,44
68,96,115
22,109,122
63,112
58,84,136
63,66
121,141
14,111,117
7,42
12,70,86
23,76,105
30,44,74
44,118
32,77,81
85,110
88,117
66,104
141,143
15,77
34,37,105
49,60,115
61,69
20,26,123
31,32
51,67
28,47
94,111
26,116,122
67,73
120,124
28,79,127
88,142
34,104
5,53,125
18,95,117
2,6,139
75,102
3,137
66,100,106
43,52
91,102
25,124
50,55
52,130,136
87,114
46,77,149
34,92,150
111,114
36,125
26,79
16,28,139
33,89
19,105
18,97
14,19
46,84,104
73,131
33,94,110
71,116
39,69
35,84,134
101,144
10,66,120
17,48
78,136,147
52,61
96,100
19,69
78,83,96
73,85
38,150
50,86,144
3,106
64,122,139
29,42
65,74,97
7,13
25,39
39,137,142
28,80
17,97
48,71
5,12,136
50,132
45,102,137
6,62,63
20,122
89,108
39,75
9,85
98,138
49,76,91
41,125,132
38,64
64,110
33,78
31,42,101
7,50,52
69,144
27,75
14,22
70,130
49,54,104
39,62
68,101,123
19,64
47,75
7,39,62
4,12,117
116,129
2,52,114
46,119
43,78,79
40,85
11,109
51,63
24,119
111,150
10,131
51,111,146
99,101,143
41,75,78
17,81
68,75
115,126,138
25,34,39
14,81
18,68,74
83,129
84,98
78,116
2,16
38,91
91,124
11,102
64,101
31,98,109
4,95
30,65,100
2,29,30
4,48,124
68,130
82,107
12,89
20,34
64,146
58,124
38,130
69,86,128
5,104,115
46,114
37,70
5,25,61
72,126
30,66
64,109
32,51,88
87,100
112,137
25,41,53
21,51
27,68
43,150
24,132
14,71
4,147
3,45,143
29,60
81,136
86,120
42,55
47,54,146
28,85
7,136
104,122,149
81,90
14,78
13,64,78
12,39,63
25,69
22,43
82,92,131
72,82
44,140
47,100
54,79
76,86
69,125
23,84
63,91
11,78,83
22,110
29,129
80,81,105
30,66
15,121
9,17
19,46
33,116,124
1,6
47,50,52
126,138
67,68,93
73,85
15,57,81
135,150
122,150
10,55
21,143
50,107
51,65
6,31
48,62,144
22,135
14,78
33,45
3,58
30,92
33,62
73,99
20,80
23,136
42,120
130,133
113,128
15,136
6,52
76,101
19,127
1,136
24,121
27,144
85,134
4,142
48,111
71,125
40,95,128
3,122
54,62,72
118,146
3,91
41,53
49,73,90
99,141,142
14,78,124
74,112
11,12
55,116
64,100
132,141
31,93
10,42,46
52,67
109,120
19,99
66,85
32,51
51,108,126
48,112
71,145
35,115
30,35,117
7,52
121,125
26,58
59,135
71,147
55,94
46,81,121
33,109,145
3,141
62,121,130
101,102
86,114,121
42,52,58
21,47,99
87,143
33,94
19,26
27,120,144
2,55
10,75
124,144
109,111,118
84,95,142
49,66,133
106,144
45,143
33,118,129
26,139,145
24,45,71
17,139
112,116
32,77,96
127,135
35,65
11,118
77,84
72,124
6,143
70,78
88,94
74,95
19,22
31,118
60,133
5,112
21,92
10,100
22,109
19,58
64,70
6,89,91
35,132
32,112
52,104
21,68,77
99,119
75,86
8,10,42
10,74,81
70,107,134
10,54
26,141
61,90
25,146
61,114
106,141
5,135
5,130
26,119
58,141
104,142
57,67,121
27,89,128
11,51
46,75
51,115
39,58,90
1,53
5,15,41
10,104
37,98
105,107,109
23,117
86,89,144
85,128
54,137
90,95
87,138
23,36,86
23,31
10,52,129
8,15
39,130,150
115,142
15,119
37,87
32,46
56,104
64,108
31,68
12,41
54,66
93,127
112,127
58,79
82,108
19,96,106
57,125
1,111
31,98
39,136
73,76,145
28,31,87
3,76,135
15,40,89
3,79
98,123
4,43
48,124,139
13,103
68,98,123
20,45
58,83,143
4,137,140
70,122
4,148
22,71,118
16,23,67
91,129
30,59,96
43,64
32,59,104
83,84
14,101
9,123
71,78
10,51
26,76,111
2,36,61
34,59
6,106
22,140
33,67
120,122
15,67,128
114,144
56,58
39,75
24,83
33,121
43,83
90,96
45,110
11,103,129
103,116,135
110,140
99,116
72,91
52,145
62,80,146
42,97
1,52
4,83,145
93,105,115
19,40,139
10,42,100
55,99
22,87,118
24,73,97
25,68
99,101,146
83,129
3,110,124
27,125
41,66
65,150
5,60,122
40,128
37,63,88
12,62,107
63,81
8,75
29,93,105
44,86,87
103,146
95,135
102,141
56,74
43,95
27,34
40,57,119
46,134
78,150
6,36
22,103
28,118
54,145
45,47
24,28,69
37,51
40,126
26,70,136
27,59
6,39
92,99
91,136
102,129,147
64,103
109,140
31,44,66
73,82
47,141
51,123
36,47
20,44
26,33,124
33,64,127
22,67,107
113,143
72,145
45,65
17,83
87,111,140
33,37,62
35,131
11,58
2,71
65,100
91,107
73,77,104
69,75
120,128
98,132
89,112,150
14,37,45
51,92,106
43,116
82,98,126
12,68
44,68
26,55,147
92,102
99,122
44,120
35,119,139
30,34,51
72,82
30,110
37,71
47,107
38,52
10,91
69,100
14,123,132
124,137
34,124
26,36
55,122,141
5,62
99,131
20,121
90,98
46,123
54,93
7,25,150
104,111,115
11,43,113
105,149
36,131
29,93,120
47,52
44,148
3,69,107
82,83
70,101
64,78,98
13,149
97,107
31,77,95
43,110
73,82
97,103
26,116,122
135,147
42,143
24,28
59,75
47,63,120
139,141
83,93
5,16
22,54
49,129
46,58
50,130
72,102
94,139
16,72,125
132,144,150
21,133
118,135
83,141
140,143
30,45
27,41
147,148
20,73,108
4,25
28,38,89
3,148
13,43
47,83,124
56,92
47,121
76,83
5,38
44,60
11,97
86,136
75,102
21,34,56
4,120,134
61,89
1,2,6
13,99
92,95
27,88
15,16,25
94,105
122,137
53,62
5,62,120
83,99
20,34
20,68
37,89,135
26,73,150
13,111
36,54
18,31
23,71,88
92,98,131
67,71,135
28,41
29,46
12,44
26,133
49,126
34,75,125
26,130
46,93
26,70,111
5,149
36,130
76,129
20,94
12,69,123
2,125,127
38,42,117
51,100
56,93
123,139
40,76
120,149
24,36,111
49,76
16,63,132
43,78,103
23,27
12,50
49,108
63,125,146
51,77,98
50,124,125
36,62
30,59
32,127
69,120,130
29,126
27,146
73,117
1,87
21,74,126
34,44
65,98,104
79,126
13,147
3,58
46,78
48,134
20,62,92
8,110
22,71
104,115
7,27
103,137,145
99,124
32,93
83,147
65,85,88
25,53,61
6,15
105,142
125,132
10,59
68,76
21,66,92
83,87,102
71,78,127
24,72
128,143
30,65,82
71,141
7,62,89
54,126
77,108
25,136
131,136
15,23
16,39,57
100,123
56,96
65,90
49,150
75,92,98
55,96
53,132
64,112
78,110
11,136
71,101,124
25,57
93,142
41,91
40,107,146
4,116,135
109,116
20,92,133
133,134
13,26,79
39,116
20,42
19,80
74,75,97
49,88,134
49,71,76
89,114
88,123
16,53,128
35,141
9,85
13,22,45
34,115
91,98
7,130
11,33,45
36,39
34,44,134
13,134,147
26,76
2,118
4,31
110,140
13,78,124
98,106
119,122
34,81
3,14,113
47,150
38,57,106
76,102
48,58
35,127
3,122
28,122
29,116
84,111
11,45,111
18,35
113,148
27,62,132
34,56,149
43,88
81,117
2,56,98
12,18
84,92,142
24,50
70,112
59,73
41,69,114
32,34
15,27
53,125
10,82,92
66,114,119
23,41,52
16,112
6,25
1,63
7,44,91
125,130
6,81,114
10,40,85
7,52,107
60,66
58,122
59,101
65,81
14,29
35,149
8,16
11,146
14,81
17,32
38,90,119
29,84
64,124
2,75,106
33,94,143
58,64,135
80,108
36,69
60,134
14,127
61,103
129,137
7,47,81
32,100
3,129
56,85,111
18,118
116,127
57,130
41,133
37,72
7,12,121
31,80,98
118,120,136
87,137
94,110
83,143
94,143,147
19,102
62,91
48,145
60,98,117
49,67,123
17,115
33,61
36,144
8,66
32,132
70,113
6,89
16,30
34,42
33,44
2,69
21,135
80,92,123
35,123
7,64
86,97,129
6,120
16,24,121
71,89
44,93
35,82
32,66
15,58,68
28,114,138
33,145
12,27,57
101,149
69,146,148
49,94
49,77,115
8,44,78
18,81,90
64,86
54,97,133
72,122
37,148
109,118,143
83,124,139
20,44
9,69
31,74
20,126,131
20,59
33,139
47,111
72,103
42,93,133
5,51,133
106,121
9,100
18,123
29,129
39,148
39,107
112,145
139,146
84,104,105
20,95
103,147
17,119
30,80
28,114
109,127
90,149
22,146
26,122,135
94,103
57,67,86
28,63
15,29
74,149
20,87
20,50
38,39
35,46,138
82,105
16,102
122,143
9,10
121,122
26,33,37
66,138
108,114
53,71,129
57,130
16,61,121
30,33
1,75,144
5,17
14,109,135
76,102,148
47,50
14,110,141
78,141
98,142
22,109
10,88
89,96,105
130,144
61,76
72,122,140
88,125
118,132
69,150
2,52
52,106
5,50,67
67,88,123
36,106
21,108
91,98
79,110
49,117,121
59,142
6,62
112,124
38,69
10,23
1,121,136
51,88
90,101
39,130
113,139
26,59,77
119,144
34,48,112
32,57,137
122,144
3,47,142
57,116
65,90
16,117
66,127
131,132
4,14,101
41,99
20,98,146
8,109
97,138
27,49
25,67
41,57,136
124,142
52,61
56,59,123
35,100
10,93
40,46,110
54,77,85
11,119
27,147
98,126
54,60
29,77
77,124
104,130
8,36,128
43,136,150
36,136
87,126
104,138
67,99
69,118,133
2,69
7,62,136
83,137
82,99
37,61,120
28,76
86,106,150
25,150
37,79
44,108,142
53,66
57,75,89
65,72,149
40,47,58
112,125
85,123
98,148,150
85,149
63,144
45,59
25,86
49,59,82
83,95
14,111,148
115,117
88,92
28,68
66,118,123
79,145,146
53,85
34,113
63,75
67,143
61,106
110,140
68,70
130,135
22,102,103
19,27
48,72
54,66
15,25
1,109
40,65,94
43,141
7,28,62
47,89
5,64
50,127
31,33,35
69,121
4,83,118
57,61
45,112
81,133
40,141
109,137
32,141
8,135
4,45
96,105
90,136,143
35,118
2,132
2,49,75
78,99,113
43,55
69,150
65,108
31,66,129
102,127
64,74,136
60,88,136
60,142
86,100,146
72,79
48,81,103
36,120
44,105,108
83,107
3,96
55,90
84,131
10,56,68
2,51
38,108
64,103,110
127,132
14,140
2,135
7,41,120
44,92,115
55,127
72,109
44,90
74,78,138
42,130
47,132
43,146
37,60,71
8,89
5,24
24,67
22,100,106
112,138
99,124,143
12,15
39,41
56,103
86,91
44,73,93
4,29,63
25,120
37,125
101,148
24,27,132
23,34
2,49
102,122
79,101
51,88
2,109
32,51,149
48,58
78,109
15,114
49,109
20,125
37,78,101
64,110
27,45
67,145
15,39
24,52
86,102
54,81,88
8,61
4,103
58,69
36,53,87
50,68,79
11,58,70
82,93
12,67,136
4,141
67,97,112
64,109
15,107
33,106
90,138
22,141
19,76
47,66,91
14,103
33,45,84
59,88,131
64,141
39,88
102,122
121,130
25,67,128
100,104,149
93,105
89,136
77,122
7,15,121
41,57
18,120
29,73
36,55,104
68,77
69,91
12,145
88,131
13,49
8,24,83
133,149
38,75,91
9,54
91,123
74,97
72,129,147
35,100
29,56,117
127,137
42,53,76
7,8
39,119
27,74
67,78
102,116,135
15,120
48,94
73,131
110,146
52,139
50,150
114,125
29,111
4,135,147
32,65,131
55,58
124,133
33,113,137
108,109
74,117
3,128
2,39
36,50
4,61
71,83
127,129
32,88,93
23,112
42,44,56
5,98
135,139
9,32
21,46
6,50
58,103
10,49
48,99
36,117
64,79,131
32,134
19,31,68
30,115
14,92,98
15,121
51,80
106,120
36,82,122
93,133
54,149
54,96
5,31
57,86
4,139
50,114
11,111
26,122
106,114
25,39,125
104,117,130
12,50
57,61,89
101,143
63,83
31,148
43,49
11,33
27,117
6,27
45,113
108,136
101,116
143,148
44,82
25,96
60,130
17,54
8,62
28,125
58,135
33,107,140
41,52
22,85
44,139
9,60,97
69,120,144
24,125
50,132
46,132
10,49
48,72
67,120
15,40,61
59,142
30,32,133
34,130
99,129
117,119
7,89,121
20,59,149
44,85,100
61,119,128
60,97
37,40
17,24
41,52
29,97
37,140,146
90,98
36,113
17,121
78,101,113
82,93,105
77,134
44,92
11,139
103,139
15,93,143
21,142
30,56
43,94
51,88
17,40
22,86
94,118,147
41,54
13,27,85
89,106
11,28,140
45,68
67,75
55,127
87,144
59,115
36,125
90,145
74,96
120,126,145
51,70,95
91,92
3,121
129,143,148
50,142
33,72
98,123
20,59
30,59
5,86
19,25
46,82
47,79,101
101,116
56,60
47,106,121
78,145
4,83,113
60,117,119
52,125,128
13,27,73
81,142
32,80
20,29,49
53,144
108,131
91,107
39,125,128
45,125
25,69,106
91,107
32,63,130
103,118
48,70
47,103,118
26,99
99,141
15,25
42,72,98
6,106
27,85,138
33,113,145
56,86
12,121
42,69
77,138
22,58
17,77
13,118,137
53,97
54,115
37,46,58
29,73,88
22,36,135
61,82
30,61,106
9,138
59,74,84
72,96,105
35,112,126
16,57,150
47,129
100,108
62,125
104,126
21,76
2,40,47
34,67
8,130
8,121
105,125
98,112
10,42
23,77
34,35,117
9,88,138
3,52,54
70,126
23,41
97,100,138
22,131
73,142
75,150
4,143
9,119,122
31,68,95
6,37,56
47,70
32,56
103,138
24,52,89
64,85,126
80,97
80,132
8,83
3,37
9,138
97,105,115
23,91,136
95,110
11,102
1,136
10,27,69
6,126
57,111
21,100,123
114,130,150
79,112
39,144
97,126
56,100
35,138
13,122
33,43
77,106,134
35,131
102,112,113
37,63
18,138
23,80,91
4,64,83
37,45,55
50,63
49,56,63
69,83
44,127
19,25,123
136,139
86,150
71,105
102,141
36,75
18,35,85
64,101
1,144
75,107
1,57,125
31,86,88
49,131
28,149
40,89
129,143
32,147
20,95,117
96,133
122,143,148
30,93
5,24,119
9,54,60
37,103
66,113
15,107
17,85
99,139
82,95,98
17,74
83,144
7,106
45,46
76,143
5,6
76,98
6,12
49,98
9,27
58,122
2,39,114
10,54,134
23,46
51,106
68,104
99,130
2,75
89,112
83,148
112,131
121,130,150
6,23,69
70,111
33,101
21,134
86,120
80,113
42,51,126
75,98
37,71
80,98,126
9,73
30,99
4,122
12,95,131
8,23
73,96
125,130
42,83
3,70
87,110
134,149
3,86,138
53,106
3,111
11,22
60,117
28,67
1,36
60,98,105
128,136
13,138
49,138
6,71
69,86,125
61,143,147
30,66
2,25
11,17,48
49,96
35,97,122
68,97,142
7,34
105,142
86,104
23,27,52
64,70,123
20,79,99
104,147
96,103
73,117,134
12,125
54,137
62,118
43,46
97,148
37,70,112
34,149
26,146
66,123
17,102
4,99
9,16
5,15,53
95,98,126
2,128
98,131
74,133
38,99
74,82
31,93,138
15,57,75
6,52
6,79
22,80,124
52,119
14,141
78,127
40,56
106,128
22,100
28,52
26,43
42,105
87,130
43,131
31,96
6,50
18,82,145
9,99
130,131
54,87
9,46,98
18,117
31,134
39,115
14,113
1,69
31,80
59,105
4,30,65
26,87
94,139
58,76
54,127,145
35,73
17,145
54,130
84,126
47,119
79,103,134
34,80
114,147
6,28,130
15,39,150
45,83
5,83
27,57
121,142
89,126,129
18,54,104
49,126
36,67,89
3,103
6,27,52
33,110
5,75,121
31,68,97
61,67,106
115,150
22,58
42,60,74
9,116,127
19,140
5,10
1,12
98,136
37,45,112
61,138
46,66,85
49,121
30,80,123
68,141
13,79
5,101
133,150
21,34
137,147
28,120
57,149
66,109
7,133
28,121
19,122
57,82,91
49,86,101
47,52,64
83,102
109,145
71,87
16,57,128
40,107,149
84,117
13,102
32,119,140
67,89,106
133,147
136,144
14,72
43,102,143
74,108
4,42,122
9,86
46,138
91,94
7,127
5,110
42,56
140,146
34,84
89,126
53,114,143
38,47
8,67
35,68,90
4,43,143
56,60
8,85
15,135
59,104
121,134
16,27,120
53,63,91
111,147
89,95
11,35
71,135
13,20,85
22,89
46,64
68,107,149
17,92
13,126
19,96
19,55
86,130
92,112
110,111
24,42
67,69
20,141
24,36
70,101,112
89,128
