1,47,103
12,18,45
2,5
1,19,128
49,104,137
39,184
74,169
71,181
13,85,189
20,91
40,147
40,100
3,177
5,88
7,96
65,187
9,16
14,81,139
8,64
13,43
176,200
112,185
49,167
21,51
3,162
148,170
6,35
82,198
4,66
3,59
16,22,23
23,24
7,121,195
41,80
28,86,140
7,32
44,46
50,158
14,144
146,163
27,173
53,130
4,20
37,41
26,98
102,165
2,122
6,38,110
23,77,155
24,38,61
1,95
56,134
3,9
62,70
8,25
7,15,174
10,108
10,34
1,131,138
11,63,171
4,46,143
47,109,191
27,42
69,73
55,141,179
32,164,194
58,113
6,15,48
2,79
33,50,117
12,24,44
11,90
16,21
1,31
8,19
2,160
168,196,199
52,78,135
119,188
19,149
3,22
6,124
26,161
7,30,87
34,99,156
60,118
4,107,153
15,183,197
92,150
6,20
2,9,31
18,21
5,43
37,120
5,68
12,33,136
115,152
116,190
186,193
4,48
17,105
123,126
2,28,101
8,133
57,93
17,83
18,22
4,114
1,89
36,72,84
76,129
10,175
29,125
13,45
39,94
14,145
5,180
1,11,51
106,172
54,151
42,142
75,178,182
3,132,166
111,157
29,127
67,154
30,97,192
25,36,159
17,35
