27,47
16,29,39
9,17
4,8
5,42
24,34
2,35,45
36,48
16,21
2,23,25
2,11,35
1,21,40
1,44
21,27
8,41,50
25,30
4,39,45
24,33
43,48
24,48
26,38
19,28,45
29,50
12,50
7,8
8,16,48
24,27,38
39,40
22,32,42
24,46
9,15,31
28,32
13,15
33,36
14,38
9,28,31
25,49
21,26,40
3,46
26,43
10,37
10,26
26,40
26,47
2,11
9,16
12,20,48
6,32
3,10
28,44
5,32
35,42
10,20,44
34,42
6,42
14,24
22,23,32
23,32
6,11
16,20
40,43
17,19
12,17,41
2,12
10,12
18,25
48,50
18,20
23,28
5,28
4,10,22
2,11
9,22
7,12,30
22,39
5,6
23,38
17,50
24,26
13,29,41
15,18,28
5,37
35,42
25,32
16,17,43
41,49
16,17,49
15,17
15,32
18,23
41,44
30,34,36
25,37,50
1,24
22,23
18,25,31
13,26,47
11,13
18,28
48,49
22,45
29,39
49,50
42,45
4,45
12,49,50
21,25,44
24,29
34,41,50
3,33,47
41,44
16,19,20
21,38
19,26
8,20,30
34,45
39,41,49
18,45
23,24,42
6,22
10,28,32
19,49
13,40,46
6,48
2,9
18,42
36,39,48
10,45
8,43
39,41
30,34,48
15,45
25,28,37
24,33
33,46
28,32
20,24,29
18,29
6,24
5,45
24,29
1,13,26
20,39
3,38
2,9
2,22,35
23,32
1,44
6,9,35
6,32
33,46
31,37,38
1,27,46
14,33
15,27
12,50
29,34,48
15,31,44
14,19
11,18,35
16,49
1,44
14,46
5,32,42
4,8,34
7,41
7,25,50
19,29
36,43
3,13,47
3,13
47,50
19,36
4,48,50
17,36,50
2,19,33
8,17
16,17,36
2,6
23,48
10,28,48
2,6,45
46,47
17,30,43
7,20,50
13,18,32
15,28
14,44
4,7,20
5,23,45
22,39
13,46,47
45,50
18,45
2,15,23
33,42
4,8
6,18,42
13,22,24
14,26
16,23,48
18,32,43
12,19
13,21,27
22,25
4,28,49
21,46
18,39
1,24
6,44
17,28,46
5,28,35
11,28
18,34
36,49
6,39
20,46
20,32
10,30
5,28
32,38,50
25,48
15,23
4,12,36
2,9
24,47
20,43
7,42
23,25,32
14,45
6,28
10,25,42
6,41,43
18,30
12,19
3,25,31
33,44
13,38
11,32
10,12
7,10
1,33
7,24,44
1,41
14,33
4,10,49
2,37
2,15
25,50
1,27,46
17,24,41
32,37
8,39
26,33,47
33,40,46
12,34,50
13,33,40
5,15
9,48
28,30
8,32
11,37
13,44,47
1,27
27,37
3,36,48
5,22,25
6,31,35
32,37
2,6,31
15,22
10,17,50
12,35
15,37
2,37
14,21,47
28,35
21,24
9,28
1,21
10,14
30,35
21,34
