17,23
5,42
38,50
28,30,33
11,30
5,8,25
32,41
17,40
18,21
41,42
8,30
20,31,47
5,46
3,9
28,30,44
32,36,43
26,32
26,46
5,38,41
35,36
20,30
21,23,31
21,37
7,14
2,17,31
10,34
2,17
6,44
27,37
27,28
38,43
25,26,36
9,28
10,31
7,13,30
4,18,25
3,4
2,41
29,39,46
19,20
21,27
17,32
36,37
26,39
6,14,41
6,7,50
30,31
29,49
10,19
23,32,37
37,45
30,44
9,16
30,39,46
41,45,50
4,48
20,23
17,43
3,31,33
12,44
23,35,50
26,41
9,40
37,48
3,6
39,41
25,42
4,39
28,49
26,39
29,32
3,6
34,46
32,38,42
1,28
13,33
19,31
14,33,37
28,44
18,26,42
40,44
1,49
18,29
3,36
13,30
22,47
9,12
6,8
2,25,30
5,42
41,45
25,26
15,20
29,31
10,23
17,21
6,9,30
11,25,46
34,36
2,4
15,17,26
15,21
10,23,40
22,50
9,10
27,31
18,35,41
17,31
7,13
10,40
5,10,34
24,41
23,26
29,34
10,37
24,30
26,39
1,11
7,13
10,15,22
24,49
13,48
19,37
13,44
25,26,45
6,10,12
14,16
34,42,43
25,36,50
14,27,38
13,21
15,38
8,12,25
40,50
10,23
3,12
3,16,33
4,49
12,43
15,49
23,35,42
19,47
8,17,19
26,32,43
26,44,47
20,23
9,25
5,17
9,14
10,45
7,49
2,35,42
2,20,31
26,41
8,13,24
19,20,31
10,35,44
6,21
14,39
21,27,31
16,28
14,19
27,32,40
11,14
32,38
9,12
9,13
9,12,14
7,33
3,11,15
42,50
25,45
4,5
16,19
40,43
18,32
19,21,47
32,36,43
13,14,49
29,34
17,26
5,26
21,47,48
7,44
32,38,45
41,43
1,24
1,32,36
7,9
36,39
6,37
15,17
13,45,50
12,27
2,15
29,36
9,43
15,37,40
5,25
3,49
19,31
23,42,46
37,39
19,50
6,7
14,16
1,27,49
2,15
22,27,39
16,33
25,26,34
6,33
7,29
29,38,43
12,30,44
3,28
2,27
3,10,48
12,24,30
13,48
2,17,20
10,20
4,20,41
10,23,37
31,32
18,38,50
26,35
15,43
2,19
1,16,44
18,25
18,35
15,16,18
18,32,46
4,8
10,19,47
2,40
33,38,41
5,41
19,23
1,13,16
22,35
20,40,48
20,23
40,47
9,33
3,28
18,29
6,44
3,6,8
15,29
7,11
7,12,14
19,21,48
10,19,40
21,49
19,47
12,44,49
15,35
15,32
15,22
23,28,48
24,41
23,41
17,31,40
4,35
30,43
9,36
8,30
25,30
19,47
2,17,39
29,42
26,35
30,39
13,14,44
1,23,24
16,22,30
2,21
23,47
36,37
4,19
21,23
