3,6,22
39,49
36,37
15,27
1,8
2,5,44
2,39,48
3,15
8,15,17
6,29,34
2,48
19,20,48
37,42
36,50
11,17,30
4,9
1,46
9,12
5,32
10,42
7,22
38,40
6,29
20,43
4,32
8,13,50
19,23
31,32,44
12,22
7,35,37
6,34
6,20,33
46,47
4,37
5,47
5,6,15
17,34,47
8,16,31
22,33
12,20
6,20
3,37,43
23,25
11,16
3,23,34
26,41
42,47
25,30,31
22,31
24,46
35,49
37,40
8,34
3,4,35
7,47
13,34
24,30
13,48
28,41
12,27,46
25,42
26,36
34,35,45
8,26,33
24,28,44
2,20,40
18,20
13,27
32,41
17,31
17,42
33,42
8,16,32
29,34
44,47,49
9,17
8,12,30
13,34
36,42
31,49
19,34
2,13,34
13,29
13,23,43
14,36
12,27
18,35,45
23,38
42,45
5,45
10,31,44
4,31
3,25,39
10,45
12,41,50
36,37
40,50
4,24,47
14,26,47
11,16
22,25
27,44
3,9
4,41
14,45
17,27
20,47
6,22,34
14,18
25,42
4,50
15,28,38
22,46
4,28
11,12,27
23,39
33,49
14,25
19,20
27,40,50
7,30
24,31,45
3,29
25,34,43
8,30
10,49
23,25,26
9,34
20,42
18,24
7,38
3,49
5,35,37
6,19,31
10,28
16,26
2,39
12,15,16
21,38
8,16
13,22
14,37
11,15
15,37
6,21,31
5,36,50
8,14,31
28,37
16,25,41
10,48,50
39,43
21,45
23,43
14,35
7,38,42
2,22,34
16,27,31
19,23,49
18,50
7,16,37
8,12,22
3,13
1,17,41
40,46
6,43
24,27
23,34
3,22,39
4,25,42
13,33
1,28,30
12,13
3,34
20,33
16,26
15,25,32
4,28,31
20,23,28
23,49
8,46
33,41
10,27
3,13
20,49
12,13
37,45
5,24
18,42
34,50
7,27
20,38,42
3,48
14,45
23,49
1,8
37,47
14,40
2,9
19,23
5,38
2,39
22,36
21,38,40
14,30
5,7,18
10,27,44
9,16,44
5,47
23,46
2,34
6,49
7,50
20,26,47
7,40,47
6,15
19,41
18,32
3,39
11,12,30
30,46
4,17,32
3,13
28,39
35,45
13,20
36,38
22,33
8,16,31
15,29
35,40,45
35,48
1,24,40
18,35,36
10,46
27,46
12,41
4,41
7,50
21,34
34,48
18,36,45
9,17,32
33,49
23,49
1,28
23,29
25,26
9,16,26
36,49
7,35,40
10,49
6,34
1,5,22
8,17
25,40
12,32
8,28
2,33
14,33
19,33
20,22,29
13,20
20,32
18,21
16,44
2,40
12,19,21
21,45
18,49
3,49
5,17
33,39
35,37,47
5,18
30,46
6,7,37
13,37
33,48
28,31
32,41
2,3
21,41,49
6,34
