9,25
8,10,48
6,19
32,39
12,19
20,38,46
28,38
7,14
11,25
2,32
6,9
5,18,46
44,48
6,9,40
6,16
34,44,50
42,44
2,20
34,43
11,39
34,37
2,42
1,4
21,26,50
16,32
12,14
5,10,47
25,33
37,43
44,45
7,47
20,39
17,40
1,21,29
10,17
6,9,29
12,49
45,46
23,36
32,44
18,20
8,40
3,32
9,40
7,26,35
43,50
1,31
19,44,49
18,26
2,50
13,40
13,47
21,32,40
4,5
6,8
22,32
12,43,49
34,48,50
15,19,34
14,30
3,13
24,34,44
19,24
3,7,47
45,46
14,20
24,37
18,30
4,19,48
42,44
10,14
1,6,21
38,39
19,40
15,48,49
3,22,27
11,29,40
10,30,38
31,41
4,20
24,26
25,40
43,49
22,25
27,49
1,25,39
39,45
31,36,41
4,16
12,49
15,49
4,42
10,41
15,20,36
18,40
7,35,45
13,35
31,40
10,44
16,21
7,47
36,41
1,15
37,50
14,20
3,10
10,30,45
10,40,41
30,47
18,41
30,37
8,34
18,30,47
6,21,25
1,9,29
2,22,48
2,14
13,18
28,50
37,48
3,5,17
17,23,34
1,25,28
5,17,43
25,29
8,32,50
22,24
16,21
3,23,34
4,19,34
17,22,34
10,47
3,17,32
1,44
6,15,40
15,22,42
4,43,49
4,16,32
18,27
3,47
7,9
37,42
2,3
19,37
14,26,38
26,46
20,47
6,12
7,38,46
11,23
5,38
3,5,38
3,36
12,48
6,25
3,38
29,42
1,11
22,43
1,16,33
5,42
26,30,47
22,27
8,16,23
11,39,41
5,13,46
34,41
18,38
6,39
4,50
27,36,45
18,19,39
19,42
30,38
3,22
15,49
8,22,42
5,10
35,46
16,40
14,30
2,22
6,37
13,46
36,44
5,47
34,44
27,43,48
28,31
2,34
17,29
28,36
2,32,48
8,41
1,25,29
16,21,33
2,18
15,27
14,45,46
9,21,25
23,25
13,42
2,40
24,48
8,19,48
11,39
28,29
28,32
26,45
7,45
13,26,46
10,18,38
5,17
40,42
5,20
4,34,37
26,49,50
24,44
9,38
10,17,18
17,38
1,31
24,49
1,9
42,48
22,32
7,20,47
18,26
22,27
12,19,32
20,46
1,16,36
4,5
3,30,35
3,26
25,33,36
5,36
29,33
15,50
10,17
27,43
13,31,48
23,25,40
9,36
22,48,50
5,27
10,26
27,43
26,30
21,47
6,17,35
8,40
19,32,34
23,36
6,10
8,36
12,33,34
34,42
27,32
18,26
28,34,35
13,38
15,48
5,47
3,5
16,49
10,11
11,28,41
33,37
5,14,20
22,24
11,23
6,28,29
9,12
2,32
13,17
10,13,38
12,47
17,32
28,33
30,31
20,37
2,43
