12,16,38
17,45
25,48
11,18,44
18,47
6,31,33
8,37,40
5,36
11,31
16,39
4,15,20
13,43
21,24
4,46
19,46
29,42
21,27,35
39,49
7,33
22,38,43
33,46
4,24,47
13,16
6,17
6,42,45
7,38
9,33
12,15
16,17
12,48
7,10,33
11,34,45
36,48
3,23
28,48
16,22
10,30,46
5,15
21,28,36
4,39
12,15,50
10,49
26,29
6,31,48
17,45
46,49
18,48
34,42
2,30
13,35
20,31
15,22
20,24,27
1,9
3,32,50
24,34
14,37
4,29
8,27
5,16,44
5,33
31,32
7,33
6,25,41
23,50
13,34,44
2,12,50
16,31,43
3,28,37
17,18,25
1,13
3,13
6,44
30,44
26,28
25,34,44
10,24,27
2,10,38
8,17,28
2,23
16,43
24,26,46
11,23
26,36,48
28,48
14,21
25,43
24,30,35
11,37
26,36,37
8,10
1,48
1,45
1,45
7,18
37,48
33,47
7,30,46
3,21
25,31
2,26,33
14,28,50
14,23
29,38,49
23,28
5,8
3,30
16,17,18
8,28
8,24,38
13,25
17,21
11,13,25
23,48
8,29
21,50
18,26,28
12,21
2,37
6,41,42
4,19
12,49
3,40
19,49
18,50
36,48
31,34
16,21
44,45
28,50
14,21
6,42,43
3,29
6,18
20,49
11,20
14,23
8,19,39
18,25
18,45
48,49
13,31,42
5,6
3,15
28,32,46
6,35
4,49
8,9,30
11,43
2,7
37,43
5,19
3,41
25,31
2,26
3,40
17,48
43,45
19,29
22,47
32,37
21,23,26
26,32
7,21
7,31
11,18,43
15,32,37
19,30
11,29
2,31
16,33
26,29
2,40
11,30
5,33,49
34,41,44
9,39,46
20,21
9,27
34,48
7,23
18,41,42
4,5,20
13,18
31,44
5,30
7,30,49
12,37,48
29,37,50
12,36
24,35
1,13,17
17,36,40
8,19,29
26,38,46
25,43
14,28,32
6,42
9,30
9,39,49
15,26
22,50
9,20
16,41
8,39
12,45
13,17,45
3,14,28
11,13,41
4,7,49
7,8,50
34,45
29,47
7,22,49
12,14
1,42
10,39
24,47
30,35
7,29,30
10,26,28
4,27
42,48
10,35
18,42
5,20,27
9,15,36
8,10
24,27
19,27,38
16,40
1,11
12,21,25
5,16,42
10,27
4,12
3,34
2,44
5,27
3,36
2,17
36,37
15,28,43
6,49
19,20,37
4,9
2,33
6,39
10,15
14,26
29,48
22,35
3,16
31,45
38,49
7,12
1,24
3,23
15,23,32
35,49
8,18
31,43
7,33
5,46
24,48
27,44
18,30,32
17,34,44
34,35
7,38
19,27
6,36
13,45
1,34,41
6,20
12,39
21,33,43
3,12,21
43,45
22,37
35,46
6,41,43
21,50
