4,40,98
5,70
14,36
17,27,49
49,180
11,149
2,12
9,129
34,58
39,185
3,45,117
1,34
2,9,11
26,124
4,94
7,158
44,166
26,81
9,71,109
23,30
2,116
72,194
29,30
1,13,67
32,52,56
51,190
24,31
23,24,27
1,128
5,177
10,28,161
10,57
60,95
1,131
5,41
5,18,23
5,125
2,5,51
1,3,162
21,63,118
12,171
21,135
6,38
8,47,76
35,146
50,155
1,35
6,53
1,37,119
71,99
55,57
33,41
63,199
1,2,7
1,115
3,28
2,145
19,68,75
1,34,172
4,41
112,182
7,143
3,25
8,13
2,18,38
26,62
4,66
17,27,152
69,113
8,85
138,175
10,32,46
69,165
2,84
16,187
16,18,127
1,79
6,111
6,7,91
68,123,192
20,31,96
92,186
40,55
90,170
21,36
2,31
2,11,37
6,141
1,133
12,54
1,22
20,154,198
37,137,173
4,65,104
1,40
21,29
17,20,157
16,197
10,15
2,48
1,5
11,74
5,61
14,191
3,52
58,100
3,11
19,76
144,179
5,14,134
2,13
24,62
3,9,167
13,16
103,168
11,50,181
10,43
29,178
2,3,73
14,24,176
2,39
8,140
26,195
3,120
1,19
6,7
33,80
15,107,122
15,83,101
2,9
2,19,93
12,73
25,87
6,44
25,160
136,189
12,183
13,97
1,17
9,54
78,193
4,30
74,75
25,70
19,86
29,59
88,102
4,64
7,163
8,65
32,184
28,132
1,6
44,66
8,67
47,151
4,28,42
5,22,72
1,139
1,4
45,56,159
7,23,53
16,77
10,21,59
3,42
1,43
22,39
22,108
43,174
18,77
15,89
64,126
1,10
46,110
17,147
20,106
1,200
18,61,169
20,38
15,30
6,156
31,142
4,8
9,35
14,22
114,188
48,164
150,153
12,13,60
23,36
1,121
27,42,82
33,196
1,14
2,3
105,130,148
1,15,24
