8,55
35,57
84,137
36,152
3,12
11,70
12,19
7,33
51,126
25,56,178
29,41,161
2,38,93
4,39,53
1,150
9,57
4,132
13,73,145
45,86
34,47,136
22,76
26,108
14,74
1,194
1,167
1,42
1,91,197
1,87
6,49,78
5,112
45,77
31,97
1,8,15
104,149
1,128
5,12
2,107
22,192
6,180
7,16
77,80,196
2,27,179
2,72
23,39
1,3,18
1,65
9,92
8,15
2,40
74,156
2,55
19,69
6,96
6,155
10,117
11,170
13,75
18,164
3,9,11
20,28
14,24,60
8,13
20,25
22,23
1,12
59,63
13,26
4,26
26,188
1,82
11,40
8,11
46,65,169
3,44
7,90
2,29,66
24,39
4,6,185
32,34,71
2,18
1,195
7,43
2,36,131
30,68
2,31
14,37
5,62,200
39,95
10,14,23
2,61
5,20,71
5,148
17,21
24,88
2,105
37,121
1,147,191
22,33
16,123
16,46,144
48,111
41,42
10,37,103
58,130
9,171
9,54,59
38,193
14,51,182
2,15
3,13
3,4
50,113
11,29
110,129
33,36
2,30
5,101
5,7,16
17,21,28
29,102
7,174
21,25,28
22,36
12,21,32
13,16
13,19
7,67,69
3,9
29,181
19,20,115
4,31
1,133,159
146,175
16,160
38,139
32,177
25,122
18,42
2,10
1,30,44
19,47
58,165
5,13
2,187
13,27,124
2,9
12,73
7,34
120,140
11,85
38,81
62,70,114
35,76
17,154
6,24,78
5,27
5,20,44
16,35
10,14
26,33
4,6
135,176
24,118,153
18,52,184
1,15
23,26
4,64
9,18,183
9,53,173
50,143
2,8,157
2,23,30
1,30
15,18
31,66
27,32
23,138
19,42,163
1,2,34
51,98,127
15,31
4,11
16,41
12,46
28,38
7,35
5,28,43
4,10
6,186
1,11
8,75
17,36
50,52
3,49
17,162
17,25
18,172
3,106
1,2
83,116
15,48
10,37,134
6,43,67
17,19
21,199
12,45,100
7,125
4,24
6,27
2,94
4,14
72,109
10,22,168
14,33
21,34
79,89
61,158
47,68,189
32,151,166
25,141
1,8
40,63
40,54
3,35
1,99
3,56
10,53
15,52
12,28
64,190
17,198
8,20,27
3,49,60
9,41
48,119
6,37
8,142
