133,150
113,132
6,50,136
57,64,97
2,16,147
65,107
112,116
3,73
6,138
13,47
60,104
52,97,150
32,138
22,25,138
62,85
36,84
42,137
18,19,71
33,42,138
128,129
29,68
54,115,149
15,48
28,72,81
37,110
56,110
35,40
10,34
9,131
32,64
30,38,98
118,138
30,36,121
101,106
42,66
83,91
57,125,149
82,134
26,112,147
72,90
19,22
69,81,140
92,128
22,141
36,37
77,113
62,147
70,78
40,146
138,139
122,141
53,77
27,59
48,89
23,121
52,143
44,58,146
84,114
45,69
42,72,104
38,62
17,109
52,126
73,76
36,67
6,10
13,27,87
85,106
107,120
24,79,86
33,121
47,79
28,147
51,97
28,29
73,99
88,90,138
77,147
28,139
38,84,117
63,150
53,60,116
71,142
42,50
33,46,109
69,144
2,140
57,84
104,138
99,100,113
48,76
100,102
93,125
36,54
20,127
25,95
64,85
37,73,111
35,89
41,77,137
37,42
2,80,146
53,126
35,122
21,145
76,87
23,44,112
75,94
26,45
52,108
145,149
17,114
57,97,139
17,63,117
69,116
13,15,121
1,83
24,87,92
22,111,126
63,70,120
145,149
6,80
140,143
6,80
12,68
20,103
5,96
26,119
15,38,119
1,142
76,102,119
13,96
36,37
7,67
15,54
53,91,134
31,37,84
23,45
28,98
31,132
44,94
81,121
43,95
5,81
53,74,81
43,149
22,109,142
29,132
50,51,53
8,72,116
5,62
18,125
37,144
122,148
24,106
61,118
91,123
112,149
12,99
80,131
7,26
43,113
87,130
93,122
4,42,69
4,137
3,66,83
29,78
6,50
48,96,141
16,23,52
16,69,120
5,76,90
13,125
60,77
40,94
27,35,115
1,34
13,83
96,141
27,122
70,94,134
12,103
87,92
126,139
60,110
48,49,72
71,107
41,116,134
74,93,109
47,111
120,139
91,115
2,42
110,139
44,143
67,71
57,144
97,144
40,104
14,45
98,108
34,54
6,128,148
9,132
36,50
81,107,127
94,142
53,120
1,113
79,111
36,52
26,79
62,72,76
5,132
44,88
31,141
35,106
45,121,142
75,78
1,102,132
25,91
32,64
77,116
72,77,102
27,112
24,94,106
17,146
71,74
11,98
61,146
37,124
6,27,136
28,128
66,118
98,135
31,78,84
19,34
104,148
19,123
47,69,86
95,147
31,66
57,141,149
43,78
26,32
48,136
46,55
103,127
38,149
56,103,123
11,92
50,62,136
56,81,92
4,76,96
52,133,148
40,103
16,26,85
9,60
16,56,106
13,19,139
90,95
57,129
7,68
43,135
28,110
64,138,142
11,66,108
68,134
22,35
113,133,144
12,40,132
8,29,73
11,73
14,136
9,129
43,67
35,82,121
17,30
36,65,73
31,36,108
36,99,132
39,144
10,123,130
63,107,121
110,120
23,52
114,141
84,128
36,121
33,59,88
16,53
84,93,139
88,103,109
35,53,120
87,128,149
9,24
45,109
43,137,147
19,43
6,35
92,108
18,27,103
15,20
70,122
74,106
22,145
12,124
9,25,110
33,46,88
81,140
27,122
52,148
31,76
38,73
4,39
53,59
8,74,83
83,137
59,109,148
30,121
11,83,147
38,66
9,61,92
72,74
48,72,131
99,107
54,68,143
87,110
100,136
31,109
87,146
8,22
18,92
67,113
61,117,148
3,29,128
2,23,34
3,44,87
56,143
75,112
21,114,147
56,91
71,98
48,98
34,54,70
107,150
32,52
24,51
128,138
14,49
9,93
6,50,76
60,69
7,22
107,142
79,121
28,97,145
83,86
25,54
55,150
80,110
21,52,75
6,74
2,80
73,130
3,49
61,71,138
4,42
11,93
10,64
53,122,126
17,130
17,23,39
90,91
48,70
73,84
8,113
47,65,88
66,106
21,54,103
6,88,121
5,74
41,116
83,95
52,109,131
5,73
63,125
51,123
1,99
12,139
7,101,139
32,51
40,130
20,26
68,78
1,73
66,127
20,53
104,114
51,86
75,78,84
2,103,143
38,49,116
59,111,141
72,84,122
18,39
18,22
66,93,150
42,113
4,67,81
64,138
62,68,71
52,57,59
41,65,90
1,13,51
8,42,117
55,148
59,115
32,108
64,86
68,131
51,91,137
4,72,135
12,150
74,136
37,124
12,123
80,88,150
40,50
87,95
80,115,132
7,17
10,40,147
83,125
6,63,74
67,134
52,120
95,108
65,132
32,34
29,43,51
55,70,148
41,97
29,45,144
81,94,110
75,84,105
115,140
79,141
70,92
18,24
12,110,132
41,143
78,99,133
41,60
31,129
94,114,125
29,75,112
76,113,114
11,19,130
6,130
60,82
35,59
13,147
18,30,149
34,88
60,146
84,133
9,138
57,147
85,106
31,98
6,73,75
105,114
42,104
50,140
4,120
10,95,149
6,139
10,137
90,114
19,93
41,58
108,123
33,89,118
20,132
42,65,144
94,107
8,108
4,100
131,132
11,92
58,91
3,59,115
82,121
62,78
50,105,132
21,104,115
50,150
68,87
16,34
28,43
33,68
98,114
35,150
78,84
136,144
59,61
49,98
58,133
13,120,144
99,147
100,103
1,36,96
72,73
72,103
91,122
53,57
72,73,104
49,74
35,84
29,76,144
86,125
73,113
1,79
49,76
64,97
72,87,104
52,81
66,130
10,40
29,91,127
41,64,87
5,38,44
27,142
25,79
52,57
18,52,69
123,129
49,78,104
75,144
11,19
120,144
79,129,137
29,75
41,147
76,125,139
5,114
1,72,98
119,130
16,90
18,80
38,105
45,105
25,41,64
21,39,75
3,32
57,66
90,116
9,79
92,124
21,64
1,48
83,125,133
53,54,125
142,145
10,138
6,7,44
29,56,63
9,51,126
34,139
52,94
38,75,99
31,42
65,71
18,111
25,28,145
23,45
9,125
79,89,92
38,79,98
96,117
66,89
12,115
38,133
20,53
4,5,141
27,58,92
1,24
6,55,106
77,138
132,136
44,52
43,128
112,121
19,67
51,66
63,99,113
5,17
50,143
11,123,149
89,138,146
28,46
41,94
39,62,144
7,107
52,61,91
135,145
5,116,133
81,140
128,138
142,145
95,123,139
17,70,106
15,91,116
35,36
41,142
71,123,137
13,27,149
52,129
40,100
38,72
5,73
59,61,150
63,80,143
66,84,140
65,123
27,34,88
8,144
43,89,147
92,145
80,106,140
63,70,109
87,92,142
32,136
36,118
2,131
8,65,78
15,50
48,50,98
56,115
19,40,145
36,65,100
18,92
36,38,141
18,77,95
57,102
62,133
38,83,137
28,95
3,121
105,136
13,149
91,109
8,14,129
14,113
92,111
19,121
4,38
9,44,70
34,78
17,88,131
79,111,123
37,50
94,108
28,63
3,143
30,99
33,70,118
117,135
55,71,147
2,53
28,85,138
94,150
20,138
8,141
11,24
53,63
7,66
50,141
99,102
86,111,128
16,101
22,69
8,29,36
10,25,83
39,149
63,119
78,123
21,55,111
116,135
40,43
32,77
49,54,72
19,115
106,121
45,75
91,127
4,31
47,51,60
15,83
3,55
2,4
20,120,134
66,106,109
6,72
135,139
8,99,102
3,68
17,30
47,86
16,55
122,134
24,32,51
38,71
44,123
24,145
11,115
74,118,150
53,93,120
84,130,132
9,22,30
57,99,136
24,43,109
49,50
70,133
33,132
13,77,113
73,84,105
89,95,145
3,125,140
104,114
41,71,89
9,142
43,77
3,60
31,141
39,112,119
39,114
3,68,121
40,43
9,32,43
22,79,126
68,90
69,116,136
86,107
129,144
28,124
48,65,77
6,68,138
111,142
134,139
83,86
82,108
15,88,101
24,50,57
33,44
23,33,143
8,136
82,88,109
23,91,127
2,101
7,16
32,108,123
42,123
119,150
123,130
32,92,111
29,49,96
17,76,91
19,52
70,141
112,135
2,143
24,39
80,88,124
47,108,121
6,68
1,23
78,115,132
45,98
63,119
8,36,62
1,8
34,116
66,121
30,40,43
15,81,82
55,68,146
46,47,60
40,56
6,112
29,122
34,55
12,39,135
80,105
58,75
61,67,150
4,97,139
4,42
73,100
22,92,149
78,133
30,121
10,45
25,100
109,142
19,145
6,56
127,131
117,132
101,120
25,134
109,148
28,60,66
29,69,73
32,41,108
98,135,144
117,142
53,121,124
25,58
1,59
105,115
76,129
9,123,138
12,74
20,29
115,127
67,108
20,22
27,63,80
113,135,146
67,91
25,109,118
51,72,139
88,109
19,49,114
4,149
68,115
113,114
48,98,113
23,115
32,81
77,82
37,101,146
50,73
33,67,139
39,88,91
2,115
6,122
16,55
45,104
77,99,135
47,92
13,24,130
19,92
13,41,86
23,74
84,136
10,49
41,98
57,124
32,77
76,139,144
47,139,149
61,118
10,68
