110,146
64,126
100,114,138
27,123
25,95
68,105
44,58
58,103
51,136
55,93
86,134
51,80,141
12,72
109,145
15,51
58,134
6,93,141
41,94,115
66,128
102,149
57,73
4,133
23,53
34,91
47,83
12,28
11,60,97
43,68
116,137
26,126
136,149
34,80,123
26,62,73
69,135
44,143
103,105
55,124
78,144
63,81
33,112
11,104
65,100
25,41,107
30,89,145
63,111
81,140
41,119
27,125,146
117,134,149
36,91,110
82,114
2,32
54,141
30,87,88
26,68
105,145
55,61,117
33,44,147
7,57
32,82,85
38,44,91
123,150
55,124
17,98
31,33
4,69
21,78
31,57
43,73
74,121,150
2,89
49,64
55,107,110
92,132
12,20
14,116,137
140,147,149
6,129,150
27,67
49,81,113
30,140
39,102,108
41,89
10,91,107
88,141
2,121
42,56,108
91,92
2,39,68
52,127
38,121
106,141
35,96
29,94,145
7,95
70,88
5,17,31
17,60
46,127
68,90,145
12,140
44,107
2,33
18,46,49
43,95
56,63
18,23,85
15,84
5,72,126
18,27
43,106,108
71,134
60,81
13,145,147
17,131
56,105
4,44,100
69,84
1,71,72
121,128
76,81
38,114
12,24
28,29,109
53,115,130
36,73
14,32,65
60,63
103,120
91,97
16,82,101
47,132
16,20
33,56
10,20
23,74,94
24,45
58,139
92,146
24,114
47,113
7,26
23,67
24,77
67,89
39,133
106,123
21,44
16,120
19,88
82,129
41,68,147
46,129,142
30,34,48
60,133
41,58,78
109,124
123,125
102,105
42,110
17,83,93
102,128,135
10,90
92,114
34,106
11,38
8,42
7,74,148
98,120,141
23,129,136
37,99,101
36,47,139
134,144
65,104,106
10,12
65,119
46,73
92,140
5,36
48,53,64
22,75
48,125
33,122
58,127
29,132
68,105
73,114
13,37
130,146
28,143
13,66
81,125
8,14
43,100,122
31,62,113
9,105,122
74,138
19,66
4,39,100
89,143
114,121
24,121
10,74,81
2,114
16,49
135,142
5,13
4,101,131
121,145
72,112
83,104
13,46,49
91,114
37,79,149
130,140
117,128
32,64
35,101
45,57,141
99,127
31,51,60
14,98,140
18,39
8,54,80
120,129,142
39,99
1,77
15,62
12,55,139
71,123
131,143
103,134
78,134,139
79,89
63,85
30,118
10,66
3,11,43
34,125
59,137
57,80
96,130
12,40
19,124
24,121,134
103,148
70,99,129
101,148
46,82
118,131,135
42,133
38,43,136
57,82,134
35,122
57,119
95,141
42,44
2,94
19,146
111,147
17,90
10,68,147
12,16,143
74,76,91
19,91
60,77
3,83,95
22,76,86
15,95
50,90
11,43
28,38
75,119,142
31,126
10,36,144
127,147
57,125
3,98
17,62
40,50
23,89,133
6,33
101,109
42,88,100
53,142
11,38
62,106
82,137
75,132
26,29,44
91,95,139
84,109,146
109,140,143
56,111
93,122
8,27,29
62,85
40,46,132
1,57,94
8,42
8,43,120
13,68
46,81
33,102
3,28,29
40,90,127
57,139
74,91
78,92
45,143
54,113,119
52,126
39,63,133
87,133
38,117
87,91,134
96,103,142
11,27
14,20
34,59,107
25,53
53,95
6,43
34,36
111,149
22,115
19,92,134
93,120,121
11,14,61
21,44,128
123,134
82,95
108,118
8,45
59,136
117,134
22,148
49,130,141
3,141
7,82
122,128,149
23,108
17,97,129
20,72
3,99
99,131
110,123,134
40,54,91
71,120
38,93
36,51
30,80
89,133
46,106,118
121,134
41,100
42,70,88
90,138
49,124
23,98,107
139,147
19,55
40,102
62,138
32,95,138
44,116
73,86,93
54,134,146
8,60,92
23,33
73,98,128
41,147
35,42,68
21,110
10,91
25,103
108,110
89,135
72,81,125
17,95,120
24,48,123
40,103,149
39,129
8,93
67,149
35,85
67,128
62,90,118
65,105
10,21,107
62,70,138
37,77
87,102
34,137
6,105
4,116
117,142
95,115,143
5,38,72
35,99,149
5,78,126
40,97,127
33,39,147
42,48,141
44,57
28,34,65
30,129
78,148
67,104
89,95
76,85,124
19,24
11,127
79,108,138
34,50
72,101,139
75,122
47,67,130
4,17
112,125
14,34
15,42
61,63
6,62,123
52,56,79
15,20,93
121,127
52,133
4,23,90
3,49
91,130
2,107
89,132
5,78
59,103
36,47
100,150
20,87,146
1,86,91
13,81
12,16
45,127
124,125
4,105
115,135
20,30,50
63,87
18,127
37,105,149
38,103
5,91,105
91,101
22,58,77
33,100
37,143
32,71
25,98,115
79,100
83,137
14,24
104,106,131
21,132
29,58,82
41,100,147
68,133,138
41,55
10,64,74
113,144
96,99
9,42,122
6,101
44,138
26,131,133
8,22
77,129
55,112
29,73
42,71
105,131
100,147
63,146
43,106
135,142
36,54
67,70
23,78,111
16,36,134
5,24,67
110,124
55,79,148
11,60,71
55,72
35,44
86,118
103,129
98,132
46,71
23,116
70,90,135
72,113
77,140
90,105,145
113,149
57,121
99,118
3,8
81,107,126
60,80
90,146
27,44
14,93
38,114
45,86,118
6,43
10,49
28,60
11,127
25,92
69,73,139
28,60
15,115
47,74
27,43,120
64,104,142
64,97,106
72,96
59,79
19,119
64,82
49,85
58,65
17,48,91
136,147
51,131
67,122
102,135
4,69,70
47,67
57,67
62,85,133
19,128,134
53,78
26,127
24,46,67
47,61
52,80
18,100
95,98,137
16,19
1,62
143,145
18,63
100,108
52,114
64,93
38,65
81,107,119
47,144
22,102,106
39,72
39,52
45,48
18,84,113
70,76
57,86
26,33
4,145
21,67,74
37,116,138
61,116
24,89
85,145
6,98
64,140
86,128
24,113
13,123
28,95
55,122
21,110,128
1,76,78
12,142
91,133
52,118
20,22
31,104
36,68
44,52,108
46,57,128
49,97,133
69,75,125
36,91,121
49,76,124
9,72,82
16,93,96
26,139
48,75
39,133
5,82,131
56,84,116
47,72,78
59,111,115
104,136
7,99
114,126
95,148
70,148
20,123,131
53,74
116,149
35,68
28,104,106
33,97,125
2,59
92,126
29,129
25,31,60
129,135
46,119
94,102
62,74
110,114
50,123
54,92
72,110
90,135
23,84
90,93
117,144
72,146
1,11
12,46,137
113,142
48,92,107
17,64
27,67
55,123,139
17,53
27,53
27,28,32
47,94
2,133
28,105,115
6,77
60,136
15,39
47,116
21,48
33,41
115,133,135
15,35
91,129
69,89
83,95
32,150
83,117,148
102,124
3,96
3,16
113,150
11,29
51,90
26,39,144
97,117
64,117
57,86,87
14,52
62,131
137,141
15,37,105
5,50
40,79
18,111
128,133
43,58
13,30
118,147
43,119
45,84
49,125
56,62,111
98,129
54,120
32,83
35,116,127
13,36
17,60,93
23,101
58,120
50,139
30,146
11,72,90
8,22,38
80,137
34,77,142
4,41,147
34,96
42,137
21,46,76
4,31
39,50,74
134,135
39,41
121,139
9,149
18,52,127
26,85,135
136,142
94,101
3,95,104
46,91
45,121
59,89
71,118
13,98
52,72,110
39,101
68,69
74,114,132
24,40,126
77,80,93
72,124
131,132
71,87
3,11,142
49,110
13,87,112
22,58,106
28,101
58,79
1,113,134
11,16
9,128
43,65,116
132,143
14,90
5,24
95,116
52,97
13,96
76,108
5,144
126,135
4,15,85
98,129
23,79
28,41,76
41,51,95
68,100
2,56
41,138
17,115,120
7,50
117,129
108,145
30,92
64,132
2,72,139
138,141
22,41,141
12,112
7,91
73,86,113
16,102,105
41,131
10,32
9,73,100
21,25
48,83
7,70,86
45,134
87,108
63,85,113
28,36,77
52,138
89,122
55,91
35,125
14,83
41,90
126,127
35,64,150
11,31,53
56,138,143
61,88
21,56
43,148
67,137,142
26,133
10,128
77,83
52,131
44,89
60,130
21,22,33
124,146
49,92
47,115
57,117
37,98
37,88
66,122
57,114
45,69,108
8,120,129
67,147
102,112
36,110
65,150
128,146
64,82
41,130
22,62,95
60,80,98
29,139
123,132
44,71,110
33,78
33,35,70
73,114
97,103
50,65,99
66,107
33,39
30,88,131
66,85
61,100
1,20
6,64
87,110
65,134
20,112
51,104
23,127
9,23
33,90
55,126
66,132
12,19
15,106
57,119,138
1,112
54,127
72,125
66,92,114
46,47
32,93,130
63,138
80,105,108
18,37,99
8,11,29
51,148
4,89
5,76,94
5,85,132
115,123
20,81
100,102
90,131
64,103
29,59
46,63,81
46,103
82,135
10,39
49,102
72,74,140
