27,67
11,54
2,103,146
64,116
50,116
108,110
31,122
3,75
19,29,92
9,32
45,54
9,28,31
50,53
31,64
62,91
82,84
4,90
25,79
81,92,119
6,73
27,45
78,102
94,119
6,62,89
119,143
59,85,141
65,130
54,103
62,102
66,126
72,147
36,125,135
124,133
43,49,71
42,127
52,136
92,102,108
25,47
90,114
97,104
14,90
60,125,130
61,126
3,57
113,139
1,142
34,119,134
43,55,91
23,77
16,74
10,59
29,100
113,140
48,90,139
43,56,82
83,131
45,67,148
11,85
6,67
16,25,64
69,81
7,62
121,150
129,146
34,75,120
45,125
76,147
17,94
67,76
2,83
44,90
116,150
11,108,138
13,43,64
93,99,126
60,131,139
88,90,99
30,110
16,64,73
18,109
90,94,124
11,27
49,104
90,135
6,8
50,56
11,131
103,122
13,115
6,9,43
13,22,61
105,108,116
55,57
115,131
115,122
35,58,75
19,92
28,90
17,75
21,68,121
35,113,139
45,57
64,66,95
46,83
25,77
41,43,45
48,90
29,115
24,83,109
56,92
68,133
2,99
29,33,66
45,103
39,126
48,91,123
3,83
16,60
58,138
83,115
13,67
6,33,87
18,44,51
16,101
14,130
40,146
38,75,99
3,24
80,113,116
74,105
105,123
89,131
83,113
41,97
46,48,99
85,105,150
125,144
69,149
118,128
45,61,124
32,36
46,60
1,73,134
43,67
16,58,105
132,143
7,109
76,115
14,73,121
53,98
49,126
66,109
1,112
34,53,80
60,97
35,144
53,147
19,69
35,81
16,62,137
57,109,133
10,30,58
41,81
6,16,98
34,99
49,88
34,77,88
29,83,102
20,94
54,81
13,66
104,108
54,148
5,80,117
62,82
22,81,82
11,16,108
84,116
80,110
53,122
37,97,140
15,132
75,101,127
53,127
18,70
30,116
16,79,150
7,124
57,97
32,52
24,27,82
51,86,117
61,145
32,71
53,143
22,86
102,145
1,128
44,148
115,143
44,74
39,78
9,117,131
32,37,136
49,138
46,121
22,43,67
30,127
128,145
63,98
15,117,126
46,101
21,23
19,99
43,62
28,121
21,82
79,92
14,69
4,27
75,91
44,105
16,89
23,114
16,114
3,107
33,111
22,49,66
72,112
137,142
17,59
9,114
8,87
13,41,62
77,91
107,149
75,77
97,117
45,76,142
63,72,76
2,55
43,83
90,127
81,131
91,119
63,138
96,128
11,64
19,86,103
7,29,56
95,104
3,11
59,73,133
65,147
79,106
30,142,150
118,146
15,27
74,139
54,56
10,109
44,75
64,144
107,134
50,69,127
49,146
48,146
62,148
53,134
13,72
8,104
85,137
34,48
11,107,138
25,139
4,143
18,32,147
32,38
110,147
71,124
27,33,56
10,90
49,91,129
23,85
57,101
62,73
24,134
73,105,138
2,27
40,45
8,92
13,127
48,69
102,127
28,96
49,73
27,52
35,85
19,126
35,54
95,137
92,94
27,54
93,104
18,91
51,109
10,147
95,99
36,44,65
26,58
12,113,125
17,43,134
1,96,106
41,111
23,89,104
96,114
31,58,108
8,81,103
26,84
23,121
64,69
52,120
1,58,107
42,145
49,114
29,68,111
8,79
12,138
142,149
139,148
14,149
10,126
18,56
6,25,83
66,95,124
64,121,150
47,57,96
102,124
60,75,77
34,38
108,118
44,75,120
23,139
11,59
6,138
91,143
53,74
42,120
117,124
8,92
36,127
104,143
58,139
47,64,106
10,78
27,118
85,109,119
118,145
78,127,145
35,65
36,109
3,5
71,137
22,118,127
65,132
31,124
62,66
3,22
62,119
46,75,139
43,118
93,113
69,78
31,76
1,87,96
71,128
42,73
69,114,119
78,124,145
44,129
66,146
60,102,118
46,93,118
70,104
3,36,103
40,141
44,129
60,75
59,68,111
9,19,138
83,128
13,46
76,110,147
14,119
12,92
9,128,145
74,119
1,80,99
20,79,100
9,110
62,67
82,101
11,16,47
1,43
25,114
129,139
40,138,144
67,85
15,96,121
96,110
31,63
87,121,133
16,94
39,150
34,75
60,137
6,25,141
27,113
125,137
126,145
5,48
53,93,132
36,62
4,88,132
25,31
49,98
88,96
29,74
15,140
11,15
24,26,29
6,79
1,28,141
34,52
84,89
37,51
37,79,135
35,120,132
4,99,137
71,89,111
15,39
28,146
8,75,125
99,113,143
89,148
6,102
33,34
82,105
11,87
74,104
76,128
14,39
89,136
88,93
126,140
15,113,125
53,129
7,89
28,97
91,132
83,101
9,39,110
4,34
138,141
132,146
52,62
37,67,100
35,43,83
86,87
100,137
58,95
23,125
7,77
133,135,145
91,113
86,100
23,73
81,92,107
2,10,144
39,96
1,38
98,113,138
100,130
38,130
34,36
3,52,150
5,108
18,86
25,110,113
18,122
77,99
112,146
15,47,95
8,67
39,100
124,130
75,144
65,125
37,43,138
68,109
1,55
29,125
88,113
24,46
69,109
106,129,148
24,45,49
60,135
78,118
2,90
123,125,132
90,144
5,129
18,36,47
64,78
32,52
22,111
14,46,130
23,62
1,68
73,87
44,103
18,35
58,72,95
129,132
24,78,117
40,78,136
27,54
35,90
14,113
122,131
36,53
28,65
4,132
31,33,73
51,97
94,113
38,65,104
16,21
15,76
18,67,69
30,63
19,85,105
37,97
2,8
6,39,112
133,142
119,123,139
5,27
38,94
1,22,110
22,71
35,84
78,109
5,88
29,146
60,75,77
3,17
77,90,109
7,40
10,87,96
33,59,105
40,140
18,110
54,97
38,82,89
2,16
43,75
65,116
1,95
11,72
12,75
137,150
69,83
62,71
49,117
66,95
18,26,50
64,110
1,41,82
102,148
35,123
27,115
40,122
31,49
5,14,90
35,88,130
10,35,67
29,52,80
26,141
1,15,121
19,96,102
55,118
68,110
72,88
49,141
35,107,120
42,45,51
11,95,96
83,148
56,148
12,88,110
51,82
56,103,117
120,146
54,133,135
25,79
17,23,47
23,30,141
82,150
5,91,118
24,46,73
18,19
47,110,134
31,146
69,92,116
56,100
79,113
37,89
19,59
4,90
9,64
43,122
54,83,110
45,59
75,94,132
11,16
57,107,134
44,124
28,89,141
93,119
94,135
26,127
16,59,63
8,123,138
73,107
15,58
21,112,114
11,14
4,94,100
20,150
50,81,118
18,71
38,125,130
65,132
26,68,79
37,127,145
25,89,105
11,42,120
11,64,80
90,111
107,112
34,101
124,129,141
21,106,111
2,24
38,60,93
13,71,92
9,28,108
9,76
32,121,143
36,46,93
1,25,107
39,141
10,73,121
29,117
34,123,125
30,66
17,76
26,142
1,119
46,149
56,84
77,133
9,16,37
7,21,119
9,82
36,42
4,14,60
50,54,71
48,75,132
113,139
74,123
4,43
53,64,86
28,107,143
125,131
77,90
23,32,132
34,137,144
45,124
29,55
2,46
108,128
68,110,150
12,14
16,70
31,115
67,136
41,69
58,89
38,91
108,135
40,81,115
4,65,137
38,88
131,145
6,33,76
18,122
90,137,143
27,72
19,102
5,44
46,95
21,53
44,90,135
69,133
2,19
33,64,83
31,96,108
3,147
72,128
31,133
29,69
65,90
15,44,72
8,19
53,61
56,61
77,91,137
34,38
31,32,132
76,78
22,87
101,119
5,38
125,138
91,119,148
36,115
52,88
51,82
34,129,130
101,129
9,87
123,127
18,102
114,141
31,137,145
34,48
14,144
10,100
33,134
93,127
5,14,120
47,149
89,95
82,94
30,141
36,60
31,108,121
48,53,90
5,53
80,106
59,111
52,54
88,140
48,90
98,132
20,23
20,29
70,79,150
66,90
14,91,139
105,119
55,81,118
87,107
69,93
134,135
54,107
51,126
36,47
26,68
63,64,112
24,115
15,21,23
45,75
133,147
67,69,70
8,61,145
22,76
135,137
90,138
22,45,123
103,150
85,110,144
18,32,66
34,133
33,52
90,132
8,13,67
57,146
23,123
48,87
62,102
24,38,74
9,111
46,93
72,102
84,126
34,138
43,84
2,49
94,132
107,147
71,109
88,137,144
47,116
30,110
69,95,125
42,69
29,131
34,143
78,97
24,106,143
80,108,141
6,42,129
24,106,136
94,106
27,57
40,101,140
109,115
54,71
41,54,81
33,93
22,75,89
70,71,141
92,120
47,94
51,118
117,131
47,81
13,37,55
19,79
16,33,134
36,53,65
22,122
29,97,121
62,140
37,41
54,103,129
1,73,121
111,135
54,103,136
30,134
37,60
140,146
81,83
3,44,140
20,53
12,53
12,119
25,126
137,150
20,72,100
93,102,137
78,115
49,124
