21,71,98
25,131
43,69,91
80,138
66,83,133
14,89
14,21,96
10,96,136
39,42,51
11,82,141
112,147
8,120
19,29
39,52
25,54,139
7,128
122,123
36,47,138
34,76
46,48,93
3,61
39,108
32,57
32,34
34,45
13,37,83
120,141
4,31
38,145
38,75,97
48,59
84,123
88,117
4,92,107
59,66,98
13,67
55,137
34,86
40,86
115,133
74,106
19,52,87
80,99
18,50
63,99
7,15
89,100
1,4
100,143
110,122
14,24
37,49
40,63
28,136
32,100
27,75
39,109,134
137,145
3,95
91,96,98
13,79
18,123
44,81,97
71,78
66,75
16,112
94,145,150
102,105,125
77,138
46,48
26,28
44,81
99,127
24,54,149
95,130
117,128
10,67,73
100,141
59,125
45,87
3,22,95
25,71,131
44,61,74
43,126
47,139
2,37
63,147
3,89
3,53
76,105,146
31,143
13,55,131
1,63,125
132,143
63,124
41,53
80,111
56,138
51,112,138
29,68
64,106
32,37,53
49,101
19,39,122
118,142
22,136,141
93,110
35,121
75,94
38,89,108
97,133,150
87,102
19,125
113,129
110,121
13,35
57,125
43,133
39,72,111
32,118
21,140
96,111,119
55,107
9,77,104
35,119
33,147
45,110
18,83
13,113
42,124
25,98
29,48
12,60
5,137
118,119
25,82,89
26,69,144
17,83,106
57,79
46,50
18,106
34,93
24,59
131,149
59,60
36,58
63,145
60,90
36,125
47,63
105,112
21,25,37
35,150
21,108,126
28,72,140
58,129
10,62
101,142
84,106
48,147
50,69
63,136
17,70
112,144
62,66,103
9,32
60,123
21,36
23,51,150
64,115
3,101
89,149
81,89,125
39,146
55,83,87
76,114
30,93
39,147
43,98,108
97,148
23,149
17,56
13,51,84
10,57,114
34,115,117
51,89
24,54,111
54,95
46,143
47,89
8,43
11,125
43,124
25,72
39,90
27,106
32,76
39,112,125
39,66
5,39,94
27,44
40,121
51,56
34,87,140
18,22,37
89,143
31,39
1,95
19,57,74
60,74,107
22,67
9,113
6,105
135,137
89,138
7,50
33,42,51
35,69
109,136
21,139
13,75
95,123
36,91
8,85
29,32,144
23,92
3,87
40,63
3,41,143
56,136
88,137
61,73
33,136
67,115,150
21,50
16,150
58,67,73
35,43
17,67
10,92
59,94
29,112
7,39
22,140
18,74
17,139
82,134
56,132
2,92,103
39,134,136
14,149
16,100,101
125,133
34,115
53,69
46,142
32,109
10,51
13,46
36,139
3,132
37,53,78
69,128
81,133
42,86
3,38,72
27,136
85,104
88,112
54,64
21,24,119
26,93,100
51,103,112
33,60,134
19,108
110,112
39,48,54
125,146
67,102
65,74,79
111,121
42,78
1,118,134
66,115
17,30,98
102,141
22,85
45,93
97,105,120
60,90,124
11,57
25,35,72
10,22,85
59,105,110
23,54,100
24,76,89
87,119,139
39,42,60
86,105,132
92,106
20,57
92,100
14,71,72
118,138
41,141
51,90,142
53,139
115,142
44,117
47,149
56,112
60,91,105
12,127,150
23,78
79,83,100
3,30
18,101
21,27,138
52,63,84
6,112
2,19,92
9,62
54,102
37,54,102
32,47
91,105
94,100
113,130
55,80
24,146
12,110
34,125,137
10,64
102,138,140
83,140
13,20
53,82
74,115
37,54,117
86,96
26,123
110,150
9,116
18,96,98
71,118
33,65
56,66
34,75
73,103
80,81
30,94,148
55,133
114,150
61,68
2,73
48,77
43,133
87,112
53,76,129
5,10,140
51,138
38,54,127
23,148
59,105,132
35,38
47,83,107
24,79
4,67
24,108
106,127
3,56
40,130
41,108
53,91,126
24,76,131
19,32
1,15
2,34
21,69
109,139
51,121
46,124
40,42,93
20,116
49,89,97
55,119
4,77
50,70
74,131
80,148
69,113
14,56
92,123
20,93,147
38,90,138
37,47,102
1,15,23
72,119,131
63,124,134
25,36
50,62,113
3,76
24,95
31,67
88,125
40,66,120
32,66
52,78
28,41
78,90,123
5,63
55,100,150
31,58
40,137
38,71
48,110,140
13,67,81
7,19,128
51,70,136
44,50
42,147
15,80,94
62,92
40,105,122
43,139
82,90
40,100
11,55
60,144
106,117
97,102
49,96
39,96
41,133
84,125,142
2,22
87,104
46,50
56,78,124
3,43,101
114,136
20,43
31,56
6,40
31,81
36,141
35,72
21,97
12,121,138
11,83
56,145
7,104,108
34,57,150
86,125
51,90,138
5,77,104
20,58
5,66,103
95,148
84,147
25,111,143
12,97
104,149
83,90
59,122
11,52
2,117,127
18,91,98
51,83
21,49,55
127,144
80,118
102,108
20,58,61
37,107
36,89
26,105,126
2,43,55
28,71,142
37,98
73,105
24,35,135
19,133
9,47,121
35,47
29,60,86
3,20,71
15,40,80
58,104
52,118
29,97
107,127,140
84,146
6,71,142
39,101,103
50,127
6,42
44,141
128,144
56,99
10,20
29,76,110
13,55,92
20,27,57
57,94
44,77,81
26,64,126
15,74
80,82
16,107
18,57,116
136,147
5,31
53,96
16,51,112
99,136,149
3,40
14,101,126
93,134
47,76
12,123,138
92,142
56,147,148
34,127,145
1,59
36,76
113,115
1,109,136
31,70
28,144
112,121,130
103,107
14,26,140
69,134
77,105
120,137
29,46,56
51,93
54,133
126,129
39,132
19,85
3,80
64,81
61,81
10,88
74,131
18,65
46,105,130
72,95
87,115
23,78
114,128
40,71
3,21,143
69,101
117,118
73,87,150
4,19
107,111
56,110
78,85
4,72
116,147
14,82
72,98,100
120,124
12,84
9,76,101
33,68,105
62,106,115
127,135
94,101
2,45
24,91
16,81
95,144
128,135
136,141
45,92
18,91,108
47,102
117,125
64,94
88,94,150
18,69
34,56,107
27,81,117
103,133
14,32,37
18,69
13,57
42,52
59,126
60,68
49,53,87
70,130,146
15,99
103,116
55,129
19,89,120
62,87,94
23,132
11,65,115
34,126
27,113,137
128,140
81,137
65,73,88
49,119
99,130
31,145
3,24,57
51,90,125
76,118
44,74,113
19,145
86,134
20,95
4,24
8,77,127
30,49,102
72,117,140
94,145
45,142
35,53,108
59,148
7,73
26,126
31,62
12,23,112
37,40,86
20,96
60,111
16,146
2,92
10,61
53,91
83,126
50,118
20,139
14,45,138
66,75,92
120,136
64,74
62,117
71,72
39,146
81,133
110,132
105,134,148
21,131
37,105
49,104
57,69
5,29
46,124
79,150
36,95
11,127
38,54
36,132
3,98
77,107
58,100
12,42,142
120,127
55,81
2,109,139
109,133
18,72
59,94
18,35,119
59,75
24,41,56
51,91,100
66,70,83
22,24
45,109
12,93
89,135
66,77,145
53,119
82,96,101
19,21,28
2,31
70,99,147
89,109
95,132
6,99
83,145
30,101
19,73,88
3,138
47,112,150
3,55,77
23,80
35,38
31,117,150
119,125
7,17
5,8,113
26,100
29,86
64,104,128
113,130
44,149
62,87
68,126
140,143
16,21
118,120
3,21,54
36,99
7,67,115
21,79,134
33,40,59
69,134
73,104
49,65
77,128
69,114
37,42,106
35,41
48,62
28,32,102
70,127
2,129
20,143
117,135
4,43
26,31,38
42,143
45,93,118
52,86,105
74,147
27,58
59,65
40,147
34,116
64,75
23,34
125,142
40,129
101,131
9,44
19,135
2,13
95,100,136
26,97,131
16,75
45,59,105
14,15,59
14,140
9,49
4,112,132
36,43,96
39,124,136
92,105
39,60,90
33,43
40,46
2,128
120,146
15,125,149
29,39
114,129
10,16,44
11,127
8,55
48,78
15,29,99
17,34
36,96
134,142
36,125
37,49
46,130,149
58,88
30,35,96
3,68
54,101
20,41
11,58,74
33,147
8,11,115
42,54
33,36
75,87,90
87,114,127
17,88
67,73
43,69
17,83,95
27,48
11,51,107
130,148
39,78,148
119,140
40,139
48,81,88
39,125,148
99,149
31,57
4,148
131,144
2,67
43,127
9,126
83,131
18,91
51,80,99
24,75
90,130
16,75,136
102,114
70,129
18,77
60,130
11,15,54
103,128,146
1,45
4,17,81
3,24,32
3,79
123,133
27,77
17,129
27,58
24,72,100
63,132,142
95,97
88,117
103,148
62,69,133
72,93
76,91
6,17,54
20,34
26,85
26,91,100
105,123
27,44,116
45,93,117
57,94
46,147
9,124
32,53
122,140
24,72,126
8,34
67,92
85,128
30,49,144
62,80
18,105
33,129
34,61
77,116
27,55,137
76,79
57,106
41,118
3,18,36
13,94,137
3,91
107,129
