37,43,46
56,137,144
10,104
10,109
21,138
82,104,129
16,25,74
45,121
46,109
26,30,108
101,117
3,52,80
91,122
11,60,128
109,138
107,138
18,34
78,104,105
4,146
69,83,150
61,84
55,89,126
46,50
36,118
26,35
109,134
75,94
32,42
9,53
4,32,40
65,95,149
7,126,138
27,135
64,98,107
117,147
34,53,83
31,68
11,23,105
28,83
2,144
94,108,139
111,146
28,67
2,85
39,146
24,75
14,103
20,61
95,97
76,103
43,131
30,54,130
37,67
86,146
10,35
51,104
48,62
28,88
56,115
8,22
5,17,21
55,112
28,77,84
93,134
49,93
31,122,127
33,61
46,89,111
53,57,136
89,143
99,118
56,62,128
18,64,69
24,61,70
38,142
22,79,81
56,83
56,61,148
31,75
7,44
40,62,85
6,127
14,30,51
27,139
17,39,128
68,143
55,75
22,68
76,138
111,113
24,116
4,47,114
14,54
11,116
100,126
17,105,122
14,45
125,129
27,29
39,97
27,63
7,71
42,128
137,144
121,133
7,119
68,87
3,84,145
21,42
65,138,147
38,52,77
97,121
19,91,146
79,150
71,95
19,85
15,22
65,85,147
4,92,118
82,91,117
12,113
9,121
79,139
60,68
46,68
3,135
1,8
36,134
13,35
7,130
57,64
49,81
7,147,150
61,67
61,98
119,128
28,125,128
11,81,128
138,147
19,127
60,121
23,66
5,84
55,65
42,78
31,48
21,115,141
73,105,138
105,134
26,127
20,27,34
16,104
108,118,124
104,143
5,82,142
39,57,89
45,67,82
71,147
118,147
23,64
51,61,72
120,130
20,99,103
4,74
47,61,94
59,99
24,66,136
11,143
14,28
111,138
49,89
30,100
51,89
72,124
14,136
9,39
11,73
5,122,141
55,108
12,104
38,52
80,114
50,126,139
20,32
24,60
31,52,136
5,83
30,146
99,129
38,108,148
40,91,95
104,108,143
36,134
31,68
82,132
32,98
105,132
6,25,49
7,142
78,142
9,57
6,32,138
11,58
83,103,104
7,35
52,123
16,108
4,102,134
60,110,139
11,58,74
62,147
30,113,126
14,46
71,90
29,66
19,30
46,114
6,43
34,147
10,22
3,63
46,120
27,40,64
90,103
9,35,41
95,145
70,105
38,137
3,8
60,87,122
75,133
61,150
127,145
51,78
30,143
8,77,129
29,59
49,51
80,85
23,142
5,130
34,144
76,78
63,136
83,93
3,127
45,150
10,63,115
12,54
6,117
15,20,95
26,40,96
25,87,143
75,142
14,67,144
2,3,18
16,148
75,126,143
28,90
57,134
41,103
75,98,103
91,127
121,128
66,87
25,95
68,89
74,106
61,148
6,78,110
11,44,97
95,96
38,98,101
94,112
4,8,52
18,99
36,77
75,80,104
92,145
52,94
32,57
6,111
66,100,138
25,72,132
31,96,127
58,84,115
5,39,62
15,45
8,107
23,50
75,131
63,145,146
52,92,108
54,130
35,67
18,86
94,115
7,127
37,75
55,76
70,138,150
7,10,22
72,105
24,65,117
23,45
57,127
44,63,92
41,53,109
50,91
16,20
57,100
28,107
22,121,144
20,47
15,129
69,129
50,122
91,103,116
34,71
50,73
60,82
23,28
32,88
15,114,121
61,139
28,40
26,97,117
74,77,124
69,136
87,88,112
55,76
41,143
106,141
72,88
1,76
7,93
23,34
24,85
68,136
67,112
17,36,94
49,91,146
9,40,123
41,79
83,90
86,99
52,80
91,127,141
100,109
4,7
77,99
59,92
7,76,138
87,131
6,43,139
13,146
44,71
17,78
9,30,144
18,95
111,131
45,56
22,127
97,106
76,81,96
35,130
93,143
17,44
24,123
78,102,136
59,99,110
14,104
47,110,147
105,120
90,123
45,74,111
34,74,134
10,43
72,80
51,89
97,145
94,135
78,149
1,136
25,129,145
11,80,121
35,61,140
85,89
46,109
51,89
59,132
20,92
1,98
2,61
18,125
37,71
67,130
32,147
38,80
133,143
67,69
44,83
101,120
14,125
13,143
66,86,108
95,139
21,49
12,63,109
111,138,149
51,140
45,58,131
4,55
85,96,132
46,78
8,136
43,45
14,70
88,139,145
106,115
51,138
27,98
27,142,149
20,77
40,81,97
16,72
129,141
42,75
54,100,111
82,102
28,39,145
48,88
54,58
80,96
49,66
62,139
87,106
6,100
72,149
91,122
21,136
52,74
11,91
22,54
41,65
2,131
90,127,150
52,116,137
52,133
89,98
105,137
85,109
21,40,127
80,99
40,130
67,105
33,139
75,135
16,93
54,94,105
68,113
32,74,117
37,118
36,95
63,111
87,139,150
33,94
46,76
20,38,88
33,58
78,130
89,143
56,70
124,144
44,50,59
137,144
15,58,101
125,143
14,130,137
33,53
107,119
11,126,133
72,137
43,96
94,110
30,80
12,17
31,50
17,106
31,62,106
45,73,122
71,72,133
109,138
31,105,131
89,107
98,150
44,127
27,94
6,67
69,131
130,132
60,84
17,21
6,19,26
45,78,144
72,142
72,101,120
109,114
107,111
71,98,135
3,74,92
12,16,125
1,51,63
50,83
141,142
9,134
74,85
64,102,109
7,119
96,124
87,103
21,138
16,27,148
70,102,136
61,99,146
28,108
22,89,106
91,97
60,64,78
6,11,122
15,69,95
5,60,81
25,96,115
73,106
48,131
71,132
69,93,133
59,77
78,100,149
21,54
56,145
17,98
125,136
33,71
34,119
55,76,80
103,112
17,140
59,118
29,130
90,108,144
42,47
3,10,138
33,38,108
107,113,138
31,45
46,65,134
49,61
6,83
1,14,76
1,28,80
67,142
16,112
86,123
42,118
36,77
36,87,110
24,50,67
16,52
51,81
61,109,127
11,25
95,115
32,84
10,107
41,78
57,138
10,29
8,76,130
6,49,116
10,12,119
5,47
79,80
4,14
42,147
53,143
45,97
63,89
31,38
50,128
5,60,82
144,147
101,114
47,99,126
25,49,81
119,140
29,80,88
77,123
13,83
81,131
49,75,125
32,79
6,72,83
46,76
89,105,149
5,56
29,36
25,85,97
68,117
39,60
4,108
8,22,105
48,105,139
31,115
45,98
53,85
38,71,80
24,83
16,64
71,86
77,103
44,150
84,111,150
84,108
3,8,142
20,34
13,78,89
1,10,113
84,142
57,95,139
62,97
11,129
47,98,105
69,135
32,66
61,69
11,43,121
88,124,144
82,115
76,126
52,79
53,107,143
44,132
10,16,37
95,121
20,34,86
15,73
13,37,93
16,147
21,143
51,52
95,115
35,89
99,147
51,65
33,141
33,88,147
4,80
45,97
7,55
40,81
74,125
7,63,120
29,90,135
59,149
24,62,106
77,79
73,102
103,149
8,38
31,62
34,50,86
64,71
39,76
17,78
67,146
34,68
37,60
26,74
3,85
54,105,140
14,97
126,130
102,107
111,130
38,52
83,122
21,43
91,140
42,55,82
66,69,79
26,83
73,141,148
11,41,56
117,143
42,71,122
99,121
34,111
108,110
43,48
51,111
39,121
39,93
71,73
43,69
6,48,140
39,146
73,91
42,147
4,103,139
12,68
50,56,96
84,133
92,99,124
55,124
14,70,106
19,62,117
3,121
78,89
75,129
34,69,92
66,122
73,130,138
32,66,135
78,92
28,78,101
24,28
16,54,99
4,106,107
20,125
63,120
92,102
63,136
76,128,130
51,130
50,95
10,53,114
89,111
23,77
35,50
23,66
25,67,122
36,142
27,33
14,83
58,64
38,141
54,70
12,57
49,91
55,68
77,139
25,85
66,98,123
115,142
19,40
22,102
44,48
45,129
15,53
47,59,126
89,120
107,127,129
48,56,125
67,113,144
23,69
52,144
29,91
61,73
46,109,136
2,76,86
12,93,104
8,128
123,150
72,84,101
16,55,117
57,100,114
70,104,149
13,105,133
3,150
25,44
41,107
50,56,146
17,25
71,82
13,41
97,112,132
68,70,137
7,37,65
85,89
8,107,114
36,69
65,109
36,141
60,72,91
34,124,126
55,140
1,10
54,133
43,119
28,40
53,63,95
102,107
18,33
118,131
81,91,145
28,115
44,67
100,143
130,138
30,103
10,63
33,145
130,143
33,112
24,75
19,98
70,115
5,17,70
139,144
120,134
86,90
23,72
47,79,101
9,113
17,87
13,57
1,28,82
16,97
41,116
81,96
16,112
5,47,86
29,58
62,97,106
52,72,109
100,120,149
37,138
51,138
40,115,132
23,111,132
45,47,49
26,34
6,26,91
73,127
28,130,148
47,51
76,89,149
24,67
56,90
14,26
98,115
22,105
14,83
60,91,114
35,140
9,51
12,57,134
79,90
52,123
48,60
41,51,63
11,48,56
37,72
111,127
50,122,127
40,68,95
