26,33,35
8,17,23
1,8,45
9,17
20,31
4,15,39
9,42
21,50
23,34
19,50
14,22,38
42,45,49
13,28,42
13,29,31
11,19,39
4,37,41
18,32,34
1,16,19
28,41
26,36
19,29,49
1,31,50
49,50
14,23,32
11,14,29
27,29
5,16,27
6,29,50
4,12,49
9,25
37,46
4,41
6,31
20,34
38,45
9,43
25,50
15,20,34
1,25,38
37,40
12,47
13,30,40
19,29,42
9,45,48
9,10
6,19,49
11,39,48
19,31,39
22,48
5,24,47
7,41,44
2,41
2,3,27
4,9,14
24,40
40,41
1,16,37
9,23
1,24,34
3,5,46
6,11
10,25,50
34,35
37,47
6,39,49
33,40
3,7
2,17,47
2,26,40
19,35
3,22,26
4,27,41
20,34,41
4,50
8,34,48
16,21,30
6,9,37
14,19,48
7,16,27
26,29,43
9,10
11,31
7,40
18,22,26
3,46
20,26,45
9,26,36
19,29,42
22,34
1,11,28
12,23
5,21,30
27,30,41
4,30
35,37
13,24,50
12,22,35
30,33,36
32,43
2,18,29
40,41,47
13,22,44
6,28,31
16,46,47
12,14,26
21,24,46
25,32
18,29,42
2,44,48
2,4,7
16,27,46
40,50
5,46,47
11,39,42
32,48
4,5,40
4,16,47
28,29,49
23,47
7,48
14,22,34
26,33,34
24,47
8,10
27,37,44
16,29
7,47
28,31
6,31,49
1,28,50
9,14
17,18,38
13,22
4,30,41
19,28,49
4,17,36
28,29,49
28,29,33
15,24,31
32,33,48
11,39,42
9,21,37
17,26,36
21,32
16,24,44
1,6,11
9,23,43
40,41,46
16,30,46
11,28,29
44,47
9,12
7,16,47
2,4,30
7,16,24
29,39,50
4,7,41
6,7,43
14,25,34
1,19,50
2,44
2,3,35
14,15,45
41,47
4,27
3,5
10,32,36
3,24,40
16,24,46
29,31,50
6,32
2,21,40
23,30,39
35,45,50
22,38
11,31,49
28,50
8,34
1,19,31
19,39,49
33,43
44,47
2,7
16,21
13,49
14,27,32
7,21,37
22,26,35
5,24,46
25,35
24,37,41
27,42
32,35,48
9,14,15
3,9,20
20,32,35
2,7,37
9,23,43
9,23,34
2,19
3,4,25
12,31
13,27,35
7,37,46
5,32
18,31,36
37,40,41
16,41,44
20,24
2,43
13,49,50
7,27,44
12,36,40
2,21
26,45,48
11,35
19,28,49
3,7,27
6,19,42
6,11
2,7,44
8,17
25,38
19,23,32
1,11,20
40,42
15,34
19,34
11,19,50
16,25,31
33,41
28,49,50
14,34
1,27,36
1,17,40
13,28,50
37,41
6,19,39
2,21,27
5,46
8,34,48
19,31,42
3,7,34
16,37,40
10,34,36
2,7,35
29,42,50
3,9,14
1,6,39
12,32,48
3,40,41
3,9,31
27,41,44
23,36,38
8,12
40,44
11,15,30
2,38,48
9,18,23
24,44
13,50
11,40
9,18,20
1,6,42
18,26,43
3,6
4,20,35
1,6,50
5,19,20
18,22,48
3,5,46
18,20,34
18,45
3,7,13
24,27,41
17,18,23
9,49
21,46
24,27,30
28,39,42
22,36
5,27
11,28
