10,14,41
2,7,31
28,32,39
5,28,36
24,25
25,40,46
3,11,30
26,50
23,37,39
8,13
20,43,48
1,12,38
21,25,32
6,11,19
34,48
8,40,41
8,16,41
17,23,31
22,37,41
17,42,50
11,18,39
18,27
10,29,38
17,18,44
11,30,42
5,24,41
3,14
11,14
13,37,40
24,25,43
13,16,40
28,30
19,29,30
18,49
24,25,36
8,9,28
1,30,34
7,20
8,31
35,45,48
28,33,48
22,41
3,14,40
11,47
31,36
10,11,19
19,20,24
12,33,44
14,26,34
1,6,12
22,28
35,39
3,5,22
28,41
23,31,47
21,25,43
6,26
5,11,48
7,25,32
7,38,45
12,45,48
37,46
11,30,35
17,20,44
6,23,29
7,43,44
21,27
8,14,40
9,16,40
2,14,16
1,16,31
1,31,44
17,25,36
13,25,35
6,12,26
15,26,34
4,32,49
7,32,47
29,50
1,6,48
10,40,49
22,41,42
14,36,40
15,35,38
15,34
15,20,28
2,7,32
1,21
7,34,42
4,21,25
9,37,46
26,38,48
5,16,22
16,30
3,34,40
3,14,37
26,36
19,38
31,47
5,16,41
6,34
38,48,50
15,45,50
21,25,44
5,37,42
17,18,27
6,35,48
15,17
10,26
31,47,49
3,37,40
16,46
7,31
9,48,50
4,24
9,28,37
6,24
43,47
15,25,45
6,15,38
3,8,40
36,46
1,6,26
4,28,32
20,23,24
13,36,37
2,20,28
6,35,48
9,45,46
20,24
5,31,35
9,18
15,26,35
3,37
43,46,50
5,16,42
16,28
1,6,30
27,37,43
8,9,47
2,21,33
15,26,45
8,23,32
11,22,23
22,32,39
18,45
19,23,33
3,22,41
12,38
12,50
12,38,39
27,50
17,31
12,30,39
6,12,15
21,23
36,37,42
10,19,29
41,46
20,25,31
7,47,49
35,45,50
11,45,48
11,18
35,39
4,43,45
22,25,46
6,15,19
12,19,37
5,8,9
4,20,43
13,22,42
9,16,40
25,44,48
13,25,31
12,31,44
14,31,33
26,33,34
13,41
7,23,32
3,24,31
24,32,34
20,21,22
2,8,28
3,5,8
15,27,48
22,41,46
5,14,37
15,33,35
22,36,40
48,50
1,34,45
5,14,40
10,11,12
29,35,50
6,11,27
29,34,48
22,25,34
3,28,40
10,14,17
9,20,45
5,10,11
3,16,36
34,40,49
21,34,35
36,40,46
28,36
21,22,27
3,8,41
7,23,32
3,16,28
9,37,40
22,37
15,17,44
22,36,41
4,16,29
8,16,46
17,23,33
16,36,46
30,34,48
13,24,25
12,41,43
10,12,29
16,38
22,37,46
6,11,45
36,37
2,20,43
3,22,37
33,44
34,37,47
3,13,41
14,43
1,19,38
29,34,39
12,34,38
4,7
14,16,36
20,36
20,23,43
12,27,48
11,38,48
8,20,24
2,7,20
29,39,45
10,23,38
11,38
4,10,34
7,17,25
3,13,22
20,47
4,10
10,29,45
5,16,40
4,5,41
2,16
24,25
2,5
18,47
14,16,22
3,8,22
18,20,43
3,16,41
22,28
6,11,50
34,39,49
22,36,42
26,29,30
25,43,49
30,34,45
27,29,48
26,43
13,20,50
18,27,31
3,22,28
16,25
30,35,50
2,4,20
2,4,47
7,17,47
7,21,49
1,6,39
19,33
