10,17,18
5,28,44
4,28,42
3,15,45
7,20,46
20,21,43
44,48
22,30,36
38,48
10,23,33
17,25,33
11,13,17
13,18,33
2,3
20,50
7,19,50
2,25,26
34,48
22,33
8,16,40
16,23,25
7,19
30,43,46
2,22,30
3,4,42
13,16,18
7,19,35
37,40
28,31
33,37,43
10,47
6,8,28
10,11,49
17,18,25
11,25,47
21,23,48
10,18,23
1,42,45
15,18,31
11,33,49
10,13,17
11,33,47
11,25,49
10,11,26
2,38,50
9,13,27
29,36,50
17,43
34,37
17,25,49
1,21,39
22,43,50
2,20,24
1,2,19
8,39,44
17,18
32,41
10,13,18
11,36,50
16,18,47
11,18,23
28,35
16,25
37,38,48
13,25,47
3,15,21
21,40,50
22,38,41
23,47
30,31,39
38,41,48
6,24
8,41
3,6,38
2,8,29
13,17,47
24,27,47
6,8,15
38,39,45
11,49
7,26,30
26,27,37
13,36,48
24,28,48
18,23,49
4,7,36
13,18,25
13,16,33
12,26,35
8,26
3,8,37
28,47
15,45
10,25,49
24,35,48
5,8,42
7,12,40
8,24,37
16,25,49
11,17,33
15,36,48
9,14,31
7,27,46
33,47,49
4,31,32
17,47
21,25,45
16,33
9,34,41
16,21
13,16
7,12,27
22,39
20,21,30
14,17,39
19,44
24,27,40
5,9,13
11,38
9,26,49
11,18,23
11,18,47
5,23,31
11,50
26,35
3,9,45
10,24
17,25
22,35,40
6,38
18,30,50
5,37,45
9,29,30
16,18,33
38,47
10,33,49
7,21,23
21,30,43
4,37
6,14,39
1,28
6,38
21,49
23,25
16,47
3,14,48
2,38,44
12,32,39
9,25,43
3,14
2,21,43
19,21,26
15,37
16,41
21,35,43
4,32,45
4,16
10,33,47
14,32,41
8,14
26,46
5,16,36
2,26,29
20,30
22,27,35
21,30,38
11,28
15,19,35
9,11,34
1,12
13,25,49
13,33,41
12,22,29
12,26,42
9,19
18,39
12,35
13,18,33
1,4,5
3,4
3,41,50
11,16,23
20,22
25,31
12,21,29
2,13,18
10,13,47
7,42
2,27
27,31,49
5,28,37
23,32,37
37,45
18,47,49
19,31,41
29,37,39
25,33
4,48
21,22,29
18,42,50
20,21,50
23,33,36
3,9,41
9,32,41
13,47
5,9
37,38
5,41
4,39
18,29,49
11,16,25
1,5,38
3,28
3,32,39
12,22,35
14,33,35
20,35
14,33,37
11,33,47
3,38
23,40,45
2,3
11,16
2,35
13,30
26,43
10,16,18
32,39,48
7,15,24
4,38,45
25,26
15,20
29,31
10,23
17,22,47
5,16,39
11,25,46
13,35,36
14,39,45
21,24,36
12,29,40
22,50
1,10,29
22,36,46
6,31
12,19,40
12,24
7,40
5,10,34
24,41
23,27,29
10,11,23
3,26
8,28,37
11,49
28,32,42
17,23,25
5,38
28,45,48
20,22
15,25,38
5,12,30
37,40
3,42
11,13
32,37,39
7,23
14,27,38
13,22,29
10,16,33
36,46
1,6,37
4,12,45
2,42
12,15,50
17,25,49
23,37
8,24,31
20,42,49
11,16
39,42,44
12,26,29
12,15,27
