25,43,47
28,29
1,3,18
9,30,42
13,35,49
11,41
4,47,48
7,32,40
13,33,40
14,28,30
40,41
9,10,48
25,34,44
13,35,39
16,32,49
2,3
4,25,48
21,38,41
15,30,36
27,48
15,30
30,38,42
8,29,48
11,28,31
9,29,47
8,30,41
3,24
35,37,49
31,50
27,37,40
5,7,27
6,9,48
2,16,44
13,40
24,37,45
24,31,43
12,25,47
5,7
4,8,17
10,31,43
13,32,44
15,45
17,20
9,10,25
2,5,16
2,16
18,40
37,49
20,34,41
20,36,42
25,30
29,48
6,9,47
19,25,26
17,18,21
25,29,48
4,9,29
9,14,25
13,31,44
11,18,35
22,28,39
11,29,45
5,13,28
2,13,46
46,49
7,39
5,43,48
3,8
31,35
1,17,46
18,21,26
5,22,41
4,6,12
14,22
7,28,43
16,39,49
9,31,39
37,42
31,46
21,37,50
18,35,44
4,12,43
19,31,34
3,11,30
18,24
2,45
21,30,36
39,42
2,31,39
9,30,39
12,15,33
20,21,30
13,33,45
17,36,41
4,10,43
6,31,35
43,47
40,46
9,34,43
36,42
15,20,38
18,20,42
25,34
2,16,29
34,36,38
17,20,36
21,30,36
11,20,23
32,35,40
12,18,22
17,36,50
9,25,29
10,34
32,49
3,8,21
3,11,23
21,38,50
9,15,35
21,24,36
5,27,32
42,50
36,44
15,17,23
14,28,39
17,21,23
4,10,47
1,18,42
46,50
1,5,16
36,38,41
2,19,45
12,36,48
22,24,44
1,5,18
25,43,48
12,13,30
15,18,50
17,42
21,23,50
17,30,42
13,28,48
6,17,44
17,23,50
11,36,42
4,43,44
11,15,42
9,27
13,38,47
9,29
7,32,33
10,25
1,15,50
10,25,48
18,27,50
13,34
1,33,41
11,17,41
10,29,34
5,13,44
11,36,42
22,40,46
1,8
1,20,21
19,39,44
4,6,10
5,22,46
9,11,48
21,46
9,21,25
15,27,42
4,25
2,13,35
12,34,47
6,12,25
2,31,39
25,29,34
22,44
8,38,45
28,40,46
34,43
38,41,50
13,19,38
23,24
13,19,22
13,27,32
13,37,44
11,30,36
30,43,45
1,8,24
20,30,42
10,15
22,28,35
4,25,48
14,22,31
12,22,36
6,10,29
11,26,41
10,35,37
32,34
6,15,38
10,12,43
21,32,43
7,37,45
1,40
4,6,29
12,25,47
19,36
6,29,48
13,14,27
29,34,43
35,42
6,12
11,23,25
2,5,7
8,20,36
4,6,12
21,47
12,22
17,26,50
39,44,46
10,26,36
26,31,35
4,47,48
11,17,49
46,49
27,31,44
16,22,44
10,43,47
19,40,50
6,17,30
18,33,48
19,28
38,41,50
1,8,18
4,6,22
10,41
37,39
29,47
14,28,46
7,39
26,30
12,29,47
19,40
6,9,48
9,25
19,44
12,25,43
10,29,34
3,7
1,25,39
9,15,24
9,16,27
10,23,39
5,21,48
16,46
7,16
26,38
23,28,38
1,3
8,41,42
25,43
19,37
22,28,40
21,35,47
14,36
25,47
14,31,44
2,35,37
2,6,43
9,29,43
16,32,45
3,36,50
7,16,35
6,33
2,24,28
17,19
10,38,41
7,27,35
1,3,42
11,20,23
4,15,34
28,39
4,25,47
