20,25,47
12,32,46
13,33
20,43,45
23,29,49
14,19,35
2,13,34
18,34,46
8,17,24
10,25
14,27,48
4,31,50
33,35,45
6,46,48
13,39,44
5,39
3,25,39
8,38,42
6,10,18
5,21,41
25,38,47
11,28,49
2,20,32
22,25
30,44
3,9
6,9,40
10,24,31
28,38,48
6,7,36
5,16,39
25,42
4,50
15,28,38
22,46
3,5,36
13,15,30
2,34,43
15,30,44
5,17
34,46
16,26,32
25,37,49
6,9,30
25,34,43
6,36
11,36,49
16,21,44
3,19,40
4,19,24
7,32
2,46
17,23,25
6,19,31
14,30
16,17,27
1,37
12,18,34
13,19,39
18,32
8,24,31
14,19
15,37
6,21,31
24,25,49
8,14,31
29,37,44
26,40
10,48,50
39,43
11,42
32,43
10,23,42
28,30,37
2,32,43
21,30,39
20,32,46
11,50
7,16,37
8,12,22
4,13,50
43,44
31,42,49
18,45
5,9,14
3,13,42
9,41,48
6,10,17
44,46
6,15,29
12,18
18,20,43
21,29,36
19,42
3,5,21
22,39,43
18,20,46
18,34,46
7,34,41
18,43
18,20
23,25
18,32,46
6,26,44
1,10,47
21,35,46
37,38,47
13,14,44
8,37,47
1,4,28
3,44
15,26,40
2,10,20
14,27,39
9,21,39
36,39
19,21,47
15,33,44
6,17,40
11,28
10,31,49
7,25,38
2,34,46
2,43
12,46
7,38,50
20,26,43
2,34,46
6,15
19,41
3,13,30
11,42
9,15,29
25,38,42
20,32,45
2,45
5,21,48
6,15,21
24,31
20,34
9,19,39
15,29
23,33,42
35,48
1,24,40
11,23,24
14,26,44
33,49
5,16,41
4,10,24
2,32,45
35,41,48
10,25,42
13,21,39
2,34,43
4,25
1,28
13,26
15,27,39
5,19,36
19,36,47
20,43,46
12,45,46
12,20,32
2,34,45
10,28,33
6,37
2,33
14,33
20,34,45
15,22
2,20,32
16,22,41
18,32
4,25,48
13,20,33
2,20,46
18,19,50
3,32,47
2,18
2,41,48
8,17,37
2,20
8,45,50
3,15,39
33,48
30,39
30,33,41
2,43
7,31,42
12,45,46
3,14,32
10,31
12,20,34
40,44
10,11,25
12,34,45
12,32,43
2,12,46
10,22,48
4,23,38
9,14,39
20,34,43
7,23
4,10,28
4,10,47
12,20,43
17,49,50
8,23,31
1,17,18
1,4,28
12,34,46
7,45
11,24,49
26,28,44
18,19
2,12,18
18,45,46
10,42
32,34,43
20,46
20,35,41
4,9,45
23,30
30,39
20,32,46
2,18,46
8,34
15,25
42,50
22,36,41
20,39
9,21,48
20,48
18,45,46
12,32,43
3,7,37
5,25,45
9,39
26,30,39
39,40
3,15,42
4,8,23
6,22,48
11,26,50
12,18
3,23,44
46,48
6,32,39
2,28,49
12,20,45
1,14,29
21,25,38
30,32,48
15,48
13,37
8,10,47
4,21,47
41,42
1,8,38
3,16,29
32,43,45
10,12,45
2,18,43
7,8,26
13,16,44
3,7
36,44
18,20,32
10,18,34
12,18,45
29,35,47
20,43,46
18,20,32
8,23,47
32,34,46
13,22,44
30,41
20,23,40
37,49
27,38
5,41,44
18,32,45
