13,16,48
8,28,50
36,42
21,22,46
7,40,43
1,13,40
1,11,24
8,16,35
3,17,39
7,14,33
2,5,16
7,34,36
7,40
30,41,49
23,27,41
4,16,20
13,42,48
20,21,46
34,41
13,19,38
11,13,33
27,48
36,38,39
15,18,41
6,29
4,23,32
3,5
22,34,42
5,29
28,35
7,40,45
1,13,33
20,21,46
11,13,43
6,8,45
4,6,23
30,47
14,36
27,34
3,17,29
22,41,45
15,32,44
1,4,44
7,11,48
13,24,42
4,17,38
9,25
20,45,49
11,21,50
26,31,35
13,42
3,22,40
19,42
3,4,50
7,33,40
29,33,40
28,35,39
9,44,47
11,28,45
6,24,40
15,21,41
5,33,43
20,21,45
28,41
25,34,50
11,19
9,20,50
3,8,16
4,7,24
3,17,33
22,33
1,10
32,39
16,28
15,23,49
22,30
10,26,47
5,26
23,46
1,14,40
4,6,39
31,35
5,26,36
27,36,40
5,36
33,36
8,47
18,21
26,38,50
12,30,41
22,23,45
12,40,42
12,13,42
15,20,22
20,23,45
16,31,37
21,47
6,17,35
9,40,47
18,22,23
24,40
7,10,20
8,39
12,33,34
4,29,35
18,22
30,45
28,34,35
7,13,27
10,26
7,11,27
8,31,50
18,20,45
15,26,50
34,37,39
9,10,28
20,23
2,4,38
21,23,45
20,22
20,21
11,17,23
9,29,50
18,24,32
31,38
30,31
20,23,38
1,33,40
8,10,44
27,34
12,42,48
23,33
6,26
17,25,38
15,18,23
1,40,45
3,17,28
12,16,38
17,45
25,48,49
5,22,44
19,41,47
5,33,50
8,9,37
14,27,40
17,35
11,24,48
35,38
19,24
2,44
19,46
30,42,46
22,41,46
1,9,17
45,48
21,22,23
46,47
17,32,47
12,16
6,18,42
4,37,49
5,37
9,33
18,20,41
15,18
18,46,49
2,31
9,32,40
11,36,48
9,28
7,19,36
7,10,43
26,42
19,48
26,29,31
14,48
12,27,34
2,16
15,41,46
11,30
5,10,20
6,34,48
21,41,45
15,30,41
19,33
6,21,49
20,21
1,10,49
1,13,33
13,23,25
11,14,19
11,20
11,43
5,13,16
29,35,39
13,21,32
19,27,48
14,24,48
35,40,44
16,25
2,46
13,42
23,25,31
20,42,43
15,20,46
9,32
6,46
15,30,46
30,41,49
10,34,45
25,37
1,36,43
18,30,46
22,45,46
24,26,46
12,23,41
18,41,46
31,33,50
8,17,47
11,12,34
10,37,38
23,41,45
5,8,16
1,8,30
3,31,38
20,41
23,46
9,32,50
5,31,39
6,22,30
28,50
2,26,33
18,30,49
20,22,49
6,41,49
15,26,31
4,9,31
27,39
10,26,31
12,33,40
10,16,38
14,24,42
5,26
19,48
2,8,31
18,20
18,26,28
15,21
6,45,46
3,37
6,18,21
13,15,49
3,10,18
23,30
37,39,50
27,33
16,22,24
30,46,48
27,34
11,19
1,40,42
3,29
7,11,27
13,19
9,17,25
11,13,14
12,27,42
23,45,49
48,49
12,27,40
5,6
4,15,37
7,33,48
15,20,49
8,18
5,14
9,18,45
9,37,50
18,20,21
3,41
27,33,36
21,22,30
22,30,49
