15,38
11,29
2,31
16,22,34
2,23,25
21,32
3,49
2,30
39,41,48
15,42,46
1,21,27
33,38
23,46,49
3,45
6,18,39
24,33
11,21,24
30,47
1,38
7,30,49
9,35,44
29,37,50
9,22,35
29,45
9,19
35,50
3,18,19
32,45,48
29,48,50
10,25,28
7,42
9,30
15,42,49
13,25
21,26
1,15,33
18,41
15,40,42
14,45,48
7,22,47
25,30,35
6,7,46
4,43,50
7,24,49
10,12,34
31,43
6,21,32
9,11
1,14,43
14,18
3,4,29
24,31,48
25,35
1,27,38
2,8
12,13,43
15,29
25,37,41
17,35,37
5,39
15,27
23,35
11,22,31
13,17,27
1,33,49
4,43
11,27
16,21
27,38,40
3,48
1,33,40
3,28,32
7,27
44,49,50
2,11,47
19,20,37
1,15,33
11,28,35
11,16,26
6,13,28
22,29,48
17,32,46
37,47
1,7,49
3,4,18
1,27,38
18,19,39
16,21,47
10,18,36
3,32,48
4,5
5,10,28
1,28,38
18,32,41
28,44,45
30,31,44
7,40
15,33
6,36
14,18,50
35,50
3,5,19
13,39,50
32,36,43
9,30
10,26,45
5,24,25
38,46
36,41,43
16,47
3,18,32
2,11,47
8,24,40
17,36
11,25,35
17,34,48
28,34
19,25,44
3,19,33
9,25
17,34,35
45,48
3,42
14,37,44
18,20,38
19,29
5,32,43
6,17,47
5,22,31
33,35
14,19,39
7,40,46
16,46
4,29,39
25,31,46
3,33,50
33,40,49
15,27,46
1,41
2,9,37
8,38,49
33,42
7,23,48
20,42
1,29,34
1,38,42
9,26
15,29
2,12,21
10,22,35
1,33,42
6,30,31
38,40
15,24,46
26,40
3,4,43
18,40
20,45
16,47
33,40,49
7,8,42
17,34,37
9,24,37
1,17,37
21,38
3,22,39
23,28,33
1,8,33
14,39,50
10,34,47
1,41,50
7,24,42
3,22,39
9,36
8,25,49
21,25,28
24,43,47
13,44,47
21,27,40
1,24,40
11,18,34
23,44
5,41,43
39,45,50
1,8,49
39,50
11,33
9,18
31,47
5,29,32
3,48,50
3,5,20
10,22
2,36
34,49
7,33,40
6,22,36
7,9,30
1,28,38
27,38,42
27,38,46
10,47
33,38,42
3,45
13,35,37
14,17,18
26,36
3,39
19,32,43
13,22,28
3,5
14,32,35
3,39
15,27,49
9,19,45
17,36
10,17,25
17,39
30,34,35
25,30,31
7,24,38
3,20
9,26,34
41,42
43,48
35,50
12,40
13,27
1,8,49
24,38,49
13,23,25
4,5,20
3,29,45
3,24,35
3,39,45
6,40,47
3,41
26,37
6,7,21
3,4,18
6,17,37
5,39
3,39,45
29,32,43
14,48
10,13,42
29,39,45
12,28,47
11,13
28,50
24,42
4,18,29
15,38,40
3,29,45
4,32,45
5,34,44
4,29,45
15,27,40
11,44
18,32,49
10,18,33
30,38
21,44,50
3,13,34
22,24,49
40,42,46
16,28,37
24,25,46
15,27,38
19,39,48
16,17,21
10,34,35
8,48
6,29,38
11,17,44
38,40,46
5,50
16,18
3,29,50
34,42,47
9,18,41
1,27,38
7,15,33
