18,26
13,19,21
3,22,30
19,26,29
9,34,49
14,49
22,37,44
35,42,50
30,46,49
2,12,35
11,46
7,16,32
14,22,36
4,20,41
29,32,33
8,15,47
5,23
26,27,45
11,13,37
8,12,38
12,34
4,7
3,25,47
33,37,44
29,32,45
18,21,39
1,3,22
12,30
14,15,23
1,41
13,24,29
3,18
2,37
3,4,6
10,23,47
5,13,24
4,16
21,25
15,50
20,28,42
18,43,44
6,18,36
18,33,44
9,27,42
18,19,36
23,34
13,35
11,21
7,16,30
37,41,44
20,34,43
26,35,49
31,32,45
3,7,40
2,12
11,31,33
32,39,44
13,29,32
18,21,29
35,42
8,40,49
3,40,49
9,10,27
25,27,50
10,12,26
10,28,42
10,23,35
38,43
8,34
21,37,44
13,39,44
2,34,38
25,38
16,17,36
3,4,18
29,41
8,16,17
26,39
21,41
19,21,35
18,41
11,19
3,24,48
5,20,47
22,26
4,7,40
33,44,45
1,3,14
16,38
5,27,47
7,40
9,10,34
27,42,50
18,29,42
21,29,31
19,37,44
11,19,31
25,38,43
9,20,35
5,28,50
1,44
11,33
4,16,49
11,45
2,23
9,28,48
19,26,33
19,21,31
22,30,36
14,39,48
15,39
8,22,49
7,23
20,40
1,3,4
9,39,41
25,28,32
38,43,47
1,21,35
5,42,47
17,32,37
19,37,44
19,36,39
18,33,45
20,23,28
20,35,44
38,42
10,48
10,25,35
25,35,38
9,10,15
29,31,33
1,27,47
2,34
20,27,50
17,30,36
21,33
13,29,44
2,43,48
15,48
13,29,43
3,4,24
2,25,34
28,35,43
8,15,27
11,32,38
28,39,41
3,33,44
4,12,30
9,18,46
13,16
2,40,46
24,26,42
29,30,31
29,31,39
43,47,48
31,50
23,38,41
15,17,34
1,16,36
2,7,15
8,14,17
5,38
17,22
16,18,19
15,19,26
6,41,50
1,16,49
7,16,36
4,24,30
1,22,35
3,17,36
10,23,27
11,31,33
25,28,35
5,34,43
2,20,23
15,25
27,43,50
12,35
7,27,50
24,34,43
33,43
2,23
2,37,44
14,23
29,33,45
18,31,33
16,30,46
14,22,24
17,33,38
19,42
37,45
5,35,50
6,7
6,17,30
15,36
5,45
5,14,48
22,24,40
2,12,20
21,33,44
8,34,46
2,34
4,16,40
18,32,36
15,25,50
40,41,50
43,47
29,40,43
42,47,50
19,30
27,37,50
11,24,29
22,30,46
1,19,20
35,37
26,32,39
7,9
6,20
4,27,48
47,48
10,46
11,37,44
2,23
9,20
10,28,43
15,34,47
16,33
1,20,34
9,42
11,18,44
26,33,37
15,25,27
37,41,44
29,32,45
22,28
19,44,45
3,22,36
29,32,33
32,44
7,21
18,21,41
1,17,30
3,8,16
23,27,28
10,39
20,23,42
19,32,33
13,42,46
37,39,45
23,39
19,31,37
12,37
15,28,33
18,26,33
1,14
13,26,37
19,41,45
5,21,34
20,39,49
10,34,47
10,42,43
4,24,36
1,31,38
16,46
7,36,40
14,22
14,17
15,21,50
28,42,48
27,34,48
21,39
4,16,46
18,21,39
7,33,36
6,12,15
6,14,46
3,4,49
1,30
8,16,22
26,37,44
24,28
