320,325
39,73,178
60,132,162
53,359
116,173
176,288
108,187
186,396
33,315,367
228,242,376
161,175
18,149
164,192,475
280,397
338,345
268,326,384
50,360,490
444,470
316,494
333,386
24,97,237
150,225
26,100,455
113,303,490
296,371
164,212,253
255,291,406
99,277,286
220,282,441
123,402,450
208,331
361,496
209,418
51,106,138
64,314,336
12,189
225,316
67,490
36,48,266
412,422
23,266,405
8,389
118,393
138,266,440
42,371,483
166,356
79,346
13,300,450
241,381
37,119
197,235,420
453,482
197,262
76,447,484
129,423
215,274
246,471
98,163
133,297,442
325,458
115,325
173,335
4,231,290
64,118,302
271,286,461
75,219
31,398,461
408,495
217,269,310
76,328
224,328
211,266
129,383
185,262
258,308,464
189,332
195,430
356,378,490
178,185
86,416
80,468
120,402
362,455
136,250,387
72,148
12,134
70,112
33,66
172,332
154,280
64,350
417,466
147,223,387
209,236
97,264,284
148,442
133,340
154,360,420
382,397
109,119
94,176
274,431
281,480
16,170
70,358
95,305
33,418
226,230,295
46,415
295,454
5,335
106,364
212,349
225,246
25,183
178,492
266,374,422
197,468
52,307
220,496
157,190,219
141,143,468
45,217
289,342
1,17,152
94,176,189
111,340,425
141,154,497
35,450,488
186,442
34,243
72,90
43,295
307,417
64,301
161,344,496
325,453,494
382,394,419
113,115
457,471
304,339,448
248,266,457
119,268
82,166,239
92,424
100,174
171,431
227,327,382
2,181
38,68
32,113
372,452,483
271,322
81,321,359
324,400
203,294
256,353
215,382,478
34,365
256,343
24,445
30,397
141,455,463
42,231,325
31,247,473
92,491
106,250,333
34,317
44,399
109,277,332
67,455
223,401
25,421
68,138
78,182,399
48,358
149,298,487
63,64,221
320,368
32,337
245,430
235,339,381
16,197
110,218,357
130,428
128,175,281
293,298
114,353,433
218,393
138,316
202,305
109,246
186,284
76,459
56,121,473
133,242
416,499
231,257,380
242,348
128,166
76,471
192,456
122,236
361,440,462
131,255
117,356
101,495
206,432,433
431,448
82,241,412
390,441
126,212
5,201
54,326,418
352,395
101,151
74,97
66,393
226,296
37,249,368
228,314
39,229
166,372
276,295,482
448,484
241,406
68,316
161,228,442
213,309
270,483
79,325
253,270
59,402
264,438
302,483
46,382
405,477
291,452
1,283
283,432
29,49
261,322
11,155,343
6,463
42,434
90,219,420
68,319,339
69,383
32,231
28,97
50,97
215,339
216,252
157,198,472
399,452
149,159
264,385
131,175
71,297,497
1,295
6,155
63,79,333
141,210
90,208
151,294,340
42,235
302,325,369
42,287
433,486
165,250
341,377
29,335,447
167,225
206,250
358,471
56,471,494
387,445
193,272,325
290,459
219,313,367
423,436
294,422
83,185,491
117,455
246,316
97,214,420
317,494
239,490
73,114
221,309
81,218,306
426,463
312,410
123,437
128,464
181,262,475
51,82
148,408,460
65,315,472
90,200
92,330
381,402
147,345
231,315
120,329
295,466
80,226
297,352,463
261,388
1,55,190
381,431
216,327,493
182,202,329
180,497
46,131,336
313,456,489
82,128
40,442
164,302
16,265
1,191,295
135,192,396
210,416
193,275
45,224
43,322
6,396
236,452
63,126,445
302,387,391
57,77,306
403,462,486
426,484
52,313
36,465
215,487
46,233
254,498
72,346
273,362
80,442
37,306
83,165,285
214,492
122,283,285
203,216
28,217
198,419
445,475
251,477
169,341
37,59,465
80,275
217,285,407
429,446
142,176,399
29,371
58,132,158
209,373
291,389
241,244,312
125,159,423
90,133
193,437
257,458
70,286
74,471,480
59,461
237,286
117,441
138,451
68,100
32,74,473
101,136
294,404
159,407
109,193,266
119,170
160,165,198
242,450
19,168
86,357,486
108,155
106,379,490
48,494
176,289
143,443
28,177
125,397,484
242,317
203,449
250,492
66,158
226,401
216,237,489
176,178
416,478
235,366
123,189,354
179,184,415
269,271,315
64,150
307,463
9,239,496
463,479
201,389
346,357
134,457
107,272,462
240,331,479
84,99
18,441
29,68,226
409,459,468
54,394
342,353,393
58,391
73,232
169,441
155,296
217,342
1,247
351,464
400,407
69,317
213,308,423
18,60,335
170,290
95,147,292
154,305
138,314
42,229,344
190,270,472
227,246,261
146,402
21,460
18,117,416
26,69
119,146
83,141,263
34,89,173
271,296,468
171,481,490
47,387,400
89,264
69,308
49,101
78,420,429
302,413
417,478
19,54
199,297,461
151,295,428
245,489
132,461
263,457,484
158,209
357,369
172,443
199,351
9,71,149
74,235,245
118,194,353
58,85,400
369,398,415
285,416
411,473
81,91
164,178,209
37,295
22,356
14,54
238,374,424
78,440,488
376,450
85,409
165,312
27,40,497
37,160
30,101
118,470
81,284,463
349,452,453
113,135,368
76,138,420
341,357
69,125
56,271
207,451
137,219,404
175,217
10,242,383
5,250,330
137,417
104,151
76,397
208,366,462
23,27,47
130,372
124,397
54,302,330
148,381
257,376
79,399,410
102,106,335
362,407
122,237
315,325,420
358,424
275,485,490
65,145
10,471
86,428,445
7,44
113,370
82,97,284
178,340
273,329,343
150,214,400
133,296,363
385,386,444
15,238,375
345,429
107,440
41,404
413,480
151,343
218,252
254,332
152,302
98,253
76,305
369,482,497
296,333
72,291
68,288,375
29,211
264,316
102,421
339,369,388
383,401
259,303
125,476,483
358,404
22,163,493
103,137,500
38,178
430,464
220,413
49,307
79,107,325
149,236,435
56,279,491
227,368
425,457
25,335
240,381
83,457
100,381
21,477
403,414
71,367
225,442
246,452
29,143
120,363
71,342
280,406,485
24,48,468
260,410
89,255
363,379
151,476
179,235
179,284
112,297,395
255,276,292
6,174,487
61,356,358
204,448
45,92
97,107,156
227,497
27,116,445
273,440
50,137
110,183
193,312
317,434
190,418
301,492
118,213,400
271,459
286,439,443
185,287
316,347,498
230,235
24,91
80,154,396
113,449,481
330,396
65,243
136,149
208,271,281
50,159
99,113,308
37,95
159,375,459
320,389,390
176,224,437
173,351,494
466,488
82,186,474
217,403
3,203
244,408
239,446
200,297
106,156,227
40,426
174,212
369,460
167,313,338
31,336
31,345
55,158
113,389
54,104
238,261,339
288,332,495
319,332
68,82,374
163,413
173,203,224
75,398
348,374
31,120
185,292,323
52,235,408
4,477
2,372
433,445
144,257,322
153,322,389
421,442
86,337
270,461
9,46,161
233,370,443
134,142
86,496
330,382
291,449
141,357
9,59
115,384
51,461
64,255
246,468,473
170,467
9,464
275,364
328,369
18,73
179,385
165,190
275,308
77,116
58,255,321
99,270
5,337
287,462
1,129
59,300
106,392
188,416
209,303,404
35,115
140,486
64,185,323
74,103,224
67,309,387
1,127
50,284
288,355
308,440
282,449
60,115,187
63,182,432
16,471
194,270
123,422
388,393,492
273,409
363,390
159,268
107,383
95,302
261,273
42,57
328,413
228,436
21,389
262,299,359
86,318
182,494
17,142,178
5,240,436
199,487
64,158,282
106,174,256
34,201,340
34,267
157,194,400
13,419
110,247
232,486
435,489
5,23
327,489
47,284,414
295,462
55,131,366
198,327
117,124
36,366
3,89
20,115
78,270
25,170,227
145,340
37,269,483
174,459
20,161,464
112,352
235,309
14,160,346
233,327,387
45,77
55,118,482
133,327
16,222
323,438
42,331
478,481
2,182
329,396
230,337
261,354
30,144,287
67,442
70,109
5,239,463
196,255,317
102,117,320
340,483
108,399
81,207
25,36,145
169,343,443
18,256,286
245,253
100,301,354
119,283
2,35
300,407,490
348,412
314,477
263,422
32,458
129,243
286,359
58,176
73,189,263
344,386
91,309
295,425
120,191
82,459,466
264,420
60,117,234
18,40,146
116,420,495
22,470
251,434
113,246
213,479
292,293
237,366
109,355,391
118,273
12,285
325,493
197,311
209,319
230,240
28,306
222,439
60,203
75,153,155
64,173
108,254
74,106
360,427
30,189,261
305,308,409
7,238
287,441
58,252,304
146,227
249,421
15,221
267,278
215,248,447
145,201
22,170
165,360,437
182,331
253,383
158,270,359
140,279,430
345,371
194,353,482
180,235
118,457
76,487
193,388
303,432
307,394
327,377
52,272,450
340,377
162,231,235
23,429,498
60,379
399,467
94,383
36,261,292
198,467
316,358
92,283
92,307
261,402
118,119,446
23,249
208,301
78,480
284,330
196,437
296,354,423
140,413,422
110,500
294,359
75,473
115,315,372
185,228
325,361
9,133,379
186,235
148,377
69,91
154,465
106,292,419
38,55
39,106
69,261
165,361
76,450
26,322
16,272,314
56,465
145,161
355,440
20,456
377,441
345,436
163,436,495
396,486
59,206
68,216
103,205
114,494
306,479
70,105
44,120,226
373,465
114,245
301,399
95,369
430,440
95,278
35,251,356
74,244
156,159,387
399,437
18,295
155,390,435
95,301,428
265,329,389
121,341
74,252
332,426
57,393
88,360
41,201,441
101,206,444
94,147,260
42,467
156,218,314
101,428,476
180,401
224,269,390
263,481
117,304,350
244,307
15,446
128,149
14,374
47,79,326
317,409,422
75,431,447
175,217
122,219
101,197
315,405
161,281
245,364
159,269
4,371
397,466
137,345
225,492
164,227
62,313
89,454,481
24,193
31,429
147,449
301,406
65,371
41,365
250,269
283,498
64,185
55,312
7,76
217,263
56,68,380
54,142,375
41,451
251,386
199,273
23,61
182,424
297,300,441
32,281
187,344
150,484
133,355
368,418
329,443
230,309,478
275,382
223,389
349,380
389,462
266,326
61,216,469
103,484
34,448
213,483
154,236
144,352
24,342,354
160,229
233,234
108,397
6,245
247,433
230,393
88,239,456
138,264,412
5,70
80,203
310,433
107,269,382
123,289,300
246,319
31,166,174
228,259
317,494
144,303
96,181
201,329,436
38,160
21,192,267
337,430
28,57,63
28,446
13,32,424
16,281,494
267,286
253,450
154,319,379
235,427
213,231,292
92,285
108,150,156
416,495
33,127
286,456
60,184,340
58,124
21,26
170,174,192
42,420
308,443
8,196,222
217,294
211,385,413
71,99,372
199,313,381
138,423,432
5,116,455
12,265
197,333
276,359
15,114
91,481
134,422
1,285
228,430
124,161,318
35,84,334
13,331
58,194
56,88,352
85,264,341
79,450
388,424,458
235,245
72,158,228
321,398
451,490
25,155,318
18,21,487
18,378,487
211,420
87,134
153,417
42,64,257
389,493
184,337
172,197
422,488
34,245,421
222,444,487
198,462
53,154
248,338
308,470
248,423
3,130
16,79
119,332,469
141,227,399
188,330
99,260
45,258
11,350
81,269
175,446
97,246
83,327
28,384,406
28,312
290,408
139,359,372
9,119,495
153,374,377
49,350
97,108,493
100,354,473
112,367
49,72,320
163,493,498
184,193,358
212,379,450
148,231
287,430
190,291
236,443
207,472
271,459
26,256,275
39,238
34,407
107,387,420
376,417
158,235,292
336,443
227,239
138,260,397
194,264
464,485
196,203,291
258,392
279,416
298,318
185,293,357
141,210
19,243
11,499
210,448
304,475
16,33
63,204
147,177
183,425,470
315,378
180,369
45,57
278,486
283,379,402
32,148,458
382,415,496
11,115
10,429
97,141
64,136
142,414
46,69
35,303
30,235
168,258
51,405
383,389
79,316
53,219,335
105,257,341
79,279
407,487
128,192
257,317
76,416
324,439
121,225
369,411
63,491
117,419
176,222,408
7,148
159,336
119,314
299,465
57,294
48,193
44,77
133,331
86,489
209,375
282,285,470
91,300
134,354
469,497
73,252
110,214
186,499
192,380
336,457
213,482
190,461
54,288,479
78,225
49,428
4,494
233,265,351
146,327
65,209
12,376
103,453
184,349,354
80,213
260,307
91,139
195,471
297,351
135,259
20,403
110,326
59,381
118,132
14,210,270
63,280,291
124,449
26,170,404
247,372
85,188
333,438
34,260,500
152,305
70,125
66,337
73,164
139,146,149
9,421,471
112,217
50,372
78,129
217,306
241,443
233,404
247,264,308
55,217,243
20,498
30,248,482
6,268
343,445
17,305
122,366
105,137,392
42,168,180
168,413
23,150
167,273
166,222
246,375
118,283
349,486
283,313
22,206
74,358
287,339
341,376
366,441
46,189
152,230
162,399
149,377
142,479
182,208
55,61,87
68,256,466
65,446
88,340,357
78,81
56,100,160
175,252
151,207
25,251
46,476
41,225
119,157
247,257
69,214
223,300,418
84,280,446
12,91
421,445,497
114,167,360
285,405
62,136,147
7,304
446,454
224,231
53,498
335,472
5,303,360
202,306
14,201
102,275,362
72,442
183,252
72,135
163,356,367
2,36,404
36,167
25,406
114,221
4,98,407
161,164,367
58,100
179,245,261
59,231
195,347,425
38,364
316,468
64,470
297,344
129,207,279
33,75
180,242,323
147,229
77,236,492
24,137,460
71,415,485
129,187,480
302,420
277,497
409,420
9,187,482
81,185,452
33,51
82,202
219,285
132,299
126,133,338
52,166
256,419
60,161
162,353
361,385,412
37,38,175
3,286
245,348
33,94
123,427,432
29,213
64,236,376
154,161
31,315
174,427
25,86
92,103
256,364
51,480
22,192,320
31,145,212
90,197,241
35,78
67,336
254,287,497
122,277
240,391,449
375,470
166,356,475
359,500
89,218,263
162,315
197,376
82,241
41,201
7,105,121
48,380
64,72,398
6,199,221
156,260
149,286
89,151
213,353,451
292,294
52,115
182,223,271
72,316
225,394,404
99,318
307,381
34,123,192
337,369
174,487
134,431,451
108,465
245,443
315,381
135,475
355,445
128,277,368
197,409
318,319
326,449
424,479
59,468
146,414
363,487
19,183
278,455
189,274,392
439,485
18,237,335
221,297
23,490
57,131
95,270
158,349
99,234,363
181,315,437
351,498
84,93,369
102,473
138,153
24,211
21,405,485
148,405
339,498
249,459,470
133,232
275,320
414,449
109,372
16,57
401,443
127,180
171,350
139,232
192,213
235,296
55,386
34,152
46,285,434
93,385,466
212,278
109,400,489
151,176,177
1,83
27,372
397,481
68,471
253,281,293
61,288
241,279
56,363
255,301
492,499
86,236
23,320
13,420
187,378,445
114,147,178
63,292
46,439
290,413
118,263,446
53,201
156,453
43,265
179,348
273,427
225,404
15,490
147,398
81,141
371,461
347,482
66,132,439
149,205
352,405,498
8,371
302,428
125,148,189
232,303
54,224
31,452
5,175
169,286,304
175,491
44,292
211,300
12,285
457,486
108,145
474,477,480
40,320,365
138,435
301,451
416,419,422
27,389
434,447
214,312,393
416,493
294,410
6,21,146
64,83
199,404,487
265,356,419
90,415
223,340
8,350
318,364
54,207,291
195,431
203,354
382,488
59,248,438
388,422,440
56,215,272
381,401
321,428
54,342,429
88,339
400,477
159,388
25,139
136,497
278,312
289,410
31,405
111,118
71,130
379,391
156,265
92,346,421
416,450
187,372
80,442
12,18,137
240,340,483
134,149,492
222,363
116,232
276,391
150,174
96,256,259
393,446
13,405
30,297,432
32,109
10,235
233,422
113,379
67,466
195,463
246,268
153,486
421,432
26,60
215,246,281
165,451
86,369,377
34,360
276,499
260,301,478
92,468
122,335
158,380
252,321
12,130
19,232
238,486
268,473
189,300
81,153,441
33,479
14,142
31,330
50,70,271
310,403
54,321,357
31,204,268
15,323
8,73,487
91,459
232,272
383,449
9,313
208,380
94,472
285,312
230,390
291,461
45,105
118,247,404
246,277
444,500
27,478
231,264
111,362
102,274,352
186,461
242,417
137,490
468,495
159,213,436
268,304,307
31,333
419,429
46,463,497
17,95
45,49,348
183,210
70,355
85,396
57,191,238
100,313,407
99,277
121,414
43,299
55,340
5,67,86
166,344
5,275
259,319,385
363,380
20,394
366,449
266,408
236,256,319
9,377
28,291,453
86,432
210,408
56,213
262,309
349,356
303,417
416,421
86,253
353,423
407,489
209,225
225,262,455
38,353,410
156,233
424,499
383,408
68,444
202,401
46,293,437
3,61,232
461,493
22,319
352,381
394,494
249,408
128,370
305,483
94,198
287,396
318,421
106,434
324,391,422
448,469
134,160
244,417
141,431,434
101,157,195
17,306,470
67,113
243,430
155,290,459
50,388
49,269,486
145,214,402
104,446
25,46,435
130,304
219,299
23,91,486
83,327
131,279
293,416
39,312,424
104,194
469,487
151,454
49,190,206
287,480
95,98,111
31,444,490
325,383
234,244
122,322,495
145,420
31,97
202,270
228,271
377,452
244,329,431
168,378,438
36,50,178
228,233,313
363,364
21,358
388,468
282,337
408,487,495
319,436
20,451
173,329
105,477
275,301,323
119,183
278,295
45,284,458
271,468
353,374
91,279
33,221
120,175,209
213,252
3,4,383
76,229
171,297
250,326
282,345
138,407,438
337,441
475,488
34,307,321
281,469
150,398
121,214
398,497
267,459
162,377
278,451
269,492
147,403
280,407
341,412
208,317
95,477
108,231,445
58,68,95
42,328,432
98,415
257,405
66,174
96,183,304
4,223,237
229,301
300,480
236,365
34,150
270,323
44,268
140,243,307
28,212
377,417
114,411
78,110,218
212,260,476
59,356
201,271
41,319,433
70,328,473
363,426
354,447
82,261,325
25,36,105
14,54,159
44,365
8,184,495
12,428
45,217,436
250,276
15,280
199,485
130,339
486,487
173,374
75,114
417,498
17,29,312
153,229
47,78,425
28,172
125,311
231,261,494
344,386
256,456
295,405
8,494
117,222
90,344,459
67,285,339
93,459
192,216,225
79,414
88,159
75,322,422
12,314
70,354,495
70,179,377
278,475
242,474
237,402
143,342
238,449
245,431,478
25,357
144,351
37,396
170,296,378
352,425
137,155
94,271
109,286
318,434
153,412
295,347,410
196,230,400
4,80,383
259,415
192,364
84,249,345
21,103
238,272
157,214
150,421
211,271
188,209,342
251,262,346
61,164
135,320
111,449
96,154,308
39,306,391
232,445
6,110,211
165,355
103,163
260,360
191,326
284,345
61,359
309,497
143,453
375,493
250,277
189,317
34,431,448
159,430,465
140,263,494
89,255,375
20,475
129,177
117,221,352
338,497
330,413
170,225
163,414
217,219,403
172,330
184,306
69,328,460
117,172,288
353,500
47,55
19,337,348
70,399
186,194
29,472
211,290
421,481
136,292,447
60,343
34,175
368,431
12,168,460
37,461
228,277
167,375,417
490,500
20,456
13,39
483,499
183,252
39,346
8,25
303,336,367
3,445
150,473
166,253
334,368
87,297,344
55,388,450
91,189
172,384
66,117
111,488
48,90,197
104,240,301
306,438
59,168
219,286,303
60,494
70,242,248
98,270,350
125,481
98,170,243
24,48,138
87,89
241,459
157,202,273
114,255,491
290,492
139,188,317
45,489
428,448
320,336
107,468
148,482
208,266,424
96,186,495
320,481
59,134,466
90,462
67,443,499
454,466
73,173
331,409
293,339
260,433
19,492
97,118,294
20,165,244
222,344,496
102,500
84,301
49,147,240
286,394,444
104,492
114,349,444
266,377,450
256,349
209,468
227,368,372
320,443
5,149
194,398
311,369,429
259,360
101,195
259,374
126,499
308,463
53,249,459
53,495
6,273
230,406
21,115,393
256,293
139,375
349,373
51,90,169
221,290
157,304
217,243
23,75
94,213,267
376,479
69,255
294,302
96,251,493
369,459,466
68,242
190,451
83,394
116,359,455
206,221,304
259,291,419
165,391
35,118
64,354
54,393
13,319,467
208,309
138,302,367
144,214,490
215,380
165,349,452
227,232
28,417
28,191,221
34,136
109,158,283
208,383
10,245
162,167
335,471
14,366,376
193,365
266,353
243,492
98,427
195,269
19,342
141,499
15,342,448
359,440
52,170,335
33,60
8,437
84,316
182,480
79,107
104,329,444
109,180
49,400
39,441
252,467
109,355
89,159
161,286
206,295
110,397
179,354
82,216
63,132
68,131,302
88,259
33,138
92,399,482
25,331,490
212,259,488
128,379
79,87,220
193,211
124,430
217,289
219,469
41,178
18,71,359
201,336,399
247,387,431
41,355,496
182,191,371
170,367
92,136,191
251,289
137,156,286
38,64,89
139,498
151,211
295,340
52,435
53,180
467,473
78,486
58,199,449
12,100,377
28,64,92
46,105
14,124,383
296,385
9,67
248,348
93,186,220
271,362
105,239
154,313
249,442
116,379
4,480
290,438
70,242
38,136,342
159,319
18,319
404,465
88,161,476
44,132
120,282
25,435,496
62,109
101,102
148,274,385
198,449
95,221,223
390,437
41,265
237,485
173,182
164,359
6,81
126,383,397
39,150
129,136,238
99,356
335,365,369
327,383,424
144,417
137,248
158,177,194
320,351,456
38,302,488
144,471,480
146,268
68,236,291
101,347
172,287,300
482,495
221,252
75,296
134,432
138,281
367,463
141,163
211,373
37,340,400
175,250
134,188,242
128,154
46,498
201,454
168,309
260,445
97,185,350
142,177
159,187,219
99,385
69,118
249,275
138,402
149,299
217,345
66,69,144
273,465
280,343,431
106,367
321,333
23,283
436,488
49,411
169,494
153,366
14,103
133,356
281,354,438
122,303,427
71,118
127,416
201,415,445
139,289
14,77,375
350,467
136,373
421,469
63,217,244
36,235
74,217,455
176,483
76,226,248
33,422
224,438,481
17,289
254,456,489
26,137,183
199,247
157,383,443
385,396
404,486
81,156,409
308,318
118,202
4,193,438
84,403,451
277,389,472
276,391
92,365
5,53
159,243,321
330,383
92,173
121,248
29,329,414
171,174
56,246
279,332,472
89,262
121,253,422
24,168
227,298,303
150,224
115,423
29,322
44,436
289,429
110,306
22,164,331
23,52
107,286
55,182
296,450
265,490
44,143,476
36,163
284,423
70,383,385
149,488
45,310
68,440
155,208
60,485,493
305,453,470
23,344
19,55,150
113,126
121,235
166,336,352
228,287
127,396
368,496
303,484
110,286
192,303
85,373
115,231
210,493
399,467
118,356
190,388
107,281,450
121,381
14,74
380,405,459
6,144
34,214,488
68,74,241
47,131,132
4,44,479
45,393
61,96,171
183,366
202,230,399
40,368
284,315,376
234,293,359
22,232
166,265
16,205,290
137,381,409
97,337
218,401
418,476
173,196,199
311,313
16,200,316
375,434
75,91,137
112,225,421
179,257
9,109,283
172,192,273
279,346,371
41,112
41,87,441
260,486
4,274,438
19,301
49,95,285
116,364
107,247,300
12,87
296,409
174,282
218,301,306
176,491
302,496
177,256,263
88,366,380
210,448
8,21
88,313
70,278,290
27,349,386
87,102
142,344
276,472
90,94
88,360,455
250,427
277,370
158,395
142,285
69,85
104,486
21,72
113,327,359
306,452
47,158,403
101,329
150,295,357
41,171
37,479
61,68
5,177
310,428,429
131,237,402
453,488
12,377,392
149,293
140,459
139,147
64,298
199,262,437
213,326
359,449
99,202
56,188,383
4,440
285,386
17,120
307,419
118,296
123,349
388,390
56,72,393
73,246,451
339,469
381,397,467
203,375
99,354
77,98,222
7,358,385
292,342
169,362
94,491
149,215
47,310
290,494
70,231
41,113
114,400
22,141,370
41,421
118,333,340
158,403
239,259
208,344
164,262,273
115,135
34,300
276,464
192,228,437
95,219,220
240,426
110,424
13,91,481
18,255,319
251,364,443
282,323
20,141,184
180,235
75,105,466
96,245
378,473
204,222
449,466,481
44,485
14,247
363,378
375,408
333,479
229,329
32,205,343
20,441,490
259,493
104,201
136,318,417
95,104,118
69,303
170,286,379
38,418
6,179,325
385,445
330,337,413
71,224,392
56,349
39,305
287,468
255,312
168,329
35,293
267,346,444
161,458
189,325
55,482
5,437
265,464
122,383,466
128,478
254,398
203,274
20,21,24
83,498
35,209
338,395
79,382,388
100,296
167,435
71,279
216,288
391,500
141,461
28,84
279,402
8,209,493
195,423
41,338
356,399
221,486
17,444
22,109,239
26,384
107,199
320,327
319,499
117,440
67,277
122,407
7,477
25,386
450,459
70,249
69,238,366
52,286,471
58,131,470
173,234,313
265,410
226,282
48,174
52,169,476
141,211,222
39,500
49,223
300,494
117,236,324
166,443
173,332
262,313,455
3,203
122,449
272,337
281,330
339,422
60,318,390
175,473
51,113,292
290,328
264,434
80,311,383
162,189
216,389,437
236,419
77,106
24,178,250
146,303
318,370,485
443,464
123,344,456
29,206,343
23,460
63,108,289
92,291
48,413
15,310
99,102
288,356,489
134,466,468
161,201
138,339
42,434,468
136,197
106,265,335
73,196,338
182,280
20,276
74,440
263,388,420
111,225
93,103
308,390,437
249,387
6,81
32,371
27,477
287,407
139,166,311
88,187
199,359
91,472
154,308
7,153
39,285
272,330,420
194,361
160,190,204
138,292
131,220
38,282
16,248,409
324,363
281,461
26,267,318
53,399,457
224,412
91,429
61,234
262,293
431,456
153,253,380
217,489
259,499
170,235
3,150
281,306
150,278
141,438
366,384
35,386
226,484
19,241,417
468,489
66,240,433
413,466
45,310
20,25,222
44,100,227
94,174,454
366,410
153,418
156,381,413
49,197,234
3,95,475
199,472
76,258,329
191,304,484
173,258,335
46,112,446
347,366
385,404,451
84,136,340
9,238
82,351
233,360,389
273,425
278,310
88,136
458,471
63,367
118,316
196,386,395
175,296
135,303
244,270
73,208
8,297,335
234,418
44,414
42,148
231,385,468
7,186,217
49,206,243
7,96,236
182,190,371
89,240
179,253
445,493
95,382
376,398
136,329,384
185,279
36,53
319,363
55,289,487
37,282
147,276,407
89,357,465
61,75
262,362
151,406
137,158,476
71,163,267
25,335
138,235
28,230,369
52,113,171
371,491
52,456,499
79,268
83,104
85,97,459
32,67
398,436,486
72,458
159,233
210,223
8,336,355
6,376
104,168
186,453
9,296,344
74,80,498
125,333,385
77,183
68,380
47,162
60,293,421
35,61
11,52,196
156,213
218,278
91,179,214
223,292,474
66,373
117,125,380
213,303
183,230
214,226
328,438
275,364
13,351
245,296
198,496
14,346
12,284
414,470
92,145
176,390
20,267
17,291
157,210,212
17,240
33,86,406
5,89,246
231,342
168,275,300
146,284
134,354,484
142,221,276
95,404
54,401
71,379,498
58,151,302
110,411
67,303
167,495
200,449
233,243,407
124,176,403
137,266,325
140,238
340,345
72,422
16,464
28,174
35,87,364
117,259
205,281,434
2,325,490
65,427
194,217
210,436
101,299,375
157,194,340
294,434
58,329
265,318
412,465,475
147,218
170,498
56,65,107
3,153
212,263
155,466
215,468
107,253
34,35,169
295,365,410
20,313
95,97,295
77,84,367
69,369,478
15,63,398
170,221
211,271
391,500
207,461,483
19,157
48,339
52,62
159,191
183,202
46,290
40,310
7,339
93,467
109,471
146,495
90,383,401
158,371
135,386
348,385,409
354,484
269,271,287
82,189,375
21,121,447
384,463
19,176
171,287
104,384,425
64,287
4,115,188
35,426
36,227,382
447,457
15,294,306
3,159
242,459
74,100,203
295,488
47,451
131,343,476
291,461
314,383
336,495
343,393
207,217
1,235
30,92
259,473
178,407
48,350
45,301
281,398
135,262,293
130,321
64,199,415
190,206
170,336,487
253,468
410,414
359,379,495
66,330,347
27,36,359
155,162,439
17,54
129,469
266,447,481
187,224
49,157
145,304,411
109,444
171,300,453
275,402
308,367
48,95
70,238,475
309,312
22,46
58,315
155,481
412,486
113,151
186,372
86,152
367,381
264,478,484
304,310,433
127,353
139,176,463
116,462
389,465
26,116
400,440
28,224,344
85,153,231
181,338
122,251
309,436
234,468
101,355
62,382
190,353
18,171,291
61,343
316,427
50,196
147,452
17,183,267
39,218,393
208,437
17,83,92
17,397
62,72,180
270,436
167,182
148,290
226,233
20,173,233
262,293
175,346
244,500
13,68
113,189
189,351
476,499
210,247,334
67,164,480
43,237
126,130
249,283,297
243,328
62,85
401,423
160,287
317,401
83,106,349
71,199
298,340
402,458
118,227,356
277,367
8,83
104,205
189,254
336,487
180,197,325
10,127,477
3,380
76,474
386,467
305,355,455
69,140,330
138,420
79,397,420
6,475
383,412,413
46,352
167,429
146,387
134,341,480
25,478
266,313
292,294
357,384
30,242
357,370
99,175
20,159
201,362
53,184,493
371,478
11,53,219
118,321
35,367
13,401
169,211
291,326
2,420
22,445
109,280,480
14,80
206,342
47,315
127,147
381,473
268,497
276,281
408,466
42,395
149,433
25,352
164,421
100,447
340,391,403
28,245
70,190
313,365
395,403
40,179
203,272
11,36,50
196,267
339,447
134,265
426,464
239,290,366
38,278
216,443
398,453
159,244,282
351,497
93,424
