60,90,463
2,56
149,333,469
73,271
348,476
166,317,454
137,412
226,263
94,496
94,398
132,347,381
13,91,261
46,233
118,427
93,373
69,423
154,196
334,405
126,349
41,474
143,345
57,439
253,342,469
214,224,445
186,490
20,98
94,201,478
153,249,465
155,226
52,132,463
52,79,136
37,200
299,370,480
168,243
39,499
51,250,253
102,276
1,130,497
155,184,476
25,84,151
130,487
41,47,174
131,397
110,375
155,192
393,466
117,473
123,276,348
98,238,348
123,321
54,108,110
66,86
144,273,299
71,173
145,224,256
351,488
274,282
163,200
115,260
86,161,400
17,382
62,432
163,494
191,410
110,423
392,499
241,461
183,401,415
164,257,307
160,437
366,424
159,391
138,366
100,463
91,222
200,401
35,121,239
363,430
337,344,450
291,325
244,307
48,436
255,478
183,306,463
227,243
126,292
92,135
9,487
49,141,397
141,260,306
35,358
206,340
191,226
180,275,345
25,181
52,82,162
105,139
221,367
42,277
127,241,316
10,444
247,263
93,312
31,343
55,434
22,200
140,397
71,398
55,121
132,371
31,282,409
331,382,469
464,480
4,48
90,242,430
46,405
49,276
79,395
31,490
329,443
118,396
127,283
159,428
110,132
64,286,344
179,254
316,341,427
338,417
43,160,494
90,165,383
236,353
256,476
35,260,431
64,435
30,174
323,472
108,376
277,306,405
57,72,380
192,423
31,252,344
57,164,466
303,371,480
182,304
85,94
258,332,456
122,193,494
237,288,413
250,497
14,109
203,245
258,412
74,94,372
294,370,460
200,354
448,492
110,312
353,437
76,256,284
132,484
16,354
68,256
88,417
116,223
222,415
244,485
182,314
5,239,487
115,227
255,420,428
238,327
219,387
64,128,414
244,455
1,281
151,388,467
123,337
198,410
24,285
124,240,426
31,420
196,366
153,232
149,402
392,454
2,135,382
206,340,463
106,226,366
84,129,285
380,384
396,458
40,482
76,221
20,195,412
96,392
362,392
89,286
92,221
24,470
75,488
84,417
199,347
78,147
70,370,390
19,130,228
451,494
243,254
194,338
217,431
345,462
25,234,475
55,221,433
16,360,395
138,377
286,287
229,237,326
43,168,303
207,354
102,200,449
249,306,485
69,404
30,349
55,243,382
310,386
55,456
139,379
90,196
198,336
118,141,181
151,215,306
224,267,389
237,286
64,148
129,265
135,185
265,305,363
363,372
10,149,494
91,361,462
234,402,417
337,354,356
41,123,290
5,437
98,295
266,328,396
226,285
407,463
270,424
352,463
117,391
158,423
50,346
196,416
219,350
151,312,346
87,126
73,270
33,38,392
134,348
282,371
207,323,435
410,458
14,220,467
84,436
61,138,196
349,451
90,218
93,364
92,238
54,492
351,374
117,239
71,242,397
1,477
107,244
275,422
172,249
79,164,271
394,454
183,278
35,485
372,439
284,475
64,369,383
122,358
237,367
199,209,407
252,291,399
26,303
6,165,466
58,332
329,348
119,198
230,236,346
64,177
38,213,420
99,293
191,249
177,439
264,483
284,470
105,139
72,299
297,486
396,398
18,448
42,348
24,48,311
242,402
299,384
202,246,297
397,479
199,331
154,316
74,344
58,306
120,264
409,473
209,312,371
167,464
205,372
323,411
97,255
83,163
82,431
276,416
61,484
136,177
107,495
201,309
226,435
385,490
60,388
182,288,401
57,311,416
185,361
85,99,152
91,439
31,287
135,363,367
50,280
87,180
348,351
221,260
187,314
135,320
356,429
38,92,149
163,251,476
20,162
311,435
191,232
49,192,300
60,244
95,284
173,265
301,401
139,190
2,161
7,408
149,474
161,259
31,173,182
214,381,407
377,487
21,247
159,458,482
376,429
54,313
129,453
197,220,400
373,463
307,351
184,351
178,197,402
149,233
190,223
125,379
100,276
213,279
283,445
56,65
79,248,493
22,237,253
395,416
207,325
19,411
76,112
208,436
103,197,267
368,446
198,249
317,444
7,452
267,404
73,192
138,199,312
1,380
9,231,383
73,495
378,454
176,403
42,81,249
252,301,468
69,263,417
3,329,468
29,53,485
171,376
347,477
187,429
55,80,408
3,414
352,402
124,232
241,324
85,267,320
180,200,496
118,260,423
198,354
53,284
298,455
112,454
352,365,412
114,409
240,251
218,402
77,191
255,492
14,259,309
313,374
100,260
6,122
429,434,485
35,135,398
69,320
256,383
75,256
175,474
109,330
69,72,340
155,321
220,441
57,379
140,300
234,298
57,263
267,396
237,356,462
15,73,499
39,68
146,239,309
208,287
141,225,475
358,440
227,334
117,280
99,241
11,404
17,71
209,492
150,205
93,113,168
78,500
337,371
136,280,293
336,438
42,443
303,379
325,423
189,318
40,241
52,383
265,442
142,198
369,414
123,458
73,160,263
32,418
112,256
52,118,147
116,191
451,458
63,438
412,482
6,445
286,344
85,291
112,167
98,371
79,119,277
218,336
110,115,256
461,472,484
156,239,495
130,307,388
466,476
368,466
293,335
175,317
23,63,401
156,362
45,55,450
24,27,220
174,181
59,232
288,490
331,436
183,332
37,119
370,431
10,24
389,455
352,373
347,407
57,132
287,393
430,497
48,200,412
77,328,475
15,31,425
20,261
63,111,138
314,496
111,466
48,50
239,281
60,467
171,385
167,390
32,150,481
34,235,418
454,480
157,272
23,175
54,156
265,322
180,464
38,409
78,344
251,368
290,327,436
124,317
187,335
98,218,445
186,406
333,415
311,358
40,214,332
219,252
123,132
129,248,331
309,323,491
252,259,378
221,426
424,439
388,420,443
154,367
420,432
19,149
215,287,473
21,184,463
244,373
200,499
243,289,315
201,235
69,197
33,425
29,86
233,429
64,469
219,229
113,117,500
182,345
36,69
227,442
1,112,178
299,311
28,123
301,443
186,341
83,87
246,388
255,287,313
219,265,494
72,158,233
24,194
202,287
239,281
13,52,314
67,268
219,309
264,476
103,316
128,442
176,194,323
116,198,470
36,38,90
93,474
311,366
240,348
156,226
258,308
100,111,449
329,356
37,458
34,407,489
40,165
98,429
63,97,253
114,380
276,326
247,411
65,221
142,499
25,135
450,464
30,189
37,413
18,90,341
88,173,412
190,303
93,193,388
6,203,418
90,259
153,248,372
26,250
159,372
130,277,498
357,448
18,153
196,370
4,382
49,493
337,443
22,320
9,230,243
71,358
166,497
175,330
251,374
94,197,448
223,261,418
192,258,324
109,320
293,353
3,496
27,41,310
414,432
336,361
250,292
306,417
55,181,495
136,450
21,410,466
463,493
331,452
158,186
322,383
318,407
110,255,441
378,477
479,490
49,127,131
84,380
11,330
138,214
68,168,470
31,253
94,200,490
389,395
10,247,426
88,204,309
406,477
28,262
183,184
184,253,283
53,58,242
236,289,385
69,296,409
140,220,495
96,152,191
207,345
270,277,477
387,454
174,386
10,336
146,218
66,102,383
132,208
321,451
108,474
108,228
318,398,429
62,409
249,261,296
270,274
231,432
121,223
364,483
315,321,424
79,124
88,92
232,472
54,370,389
230,410
194,241
7,444
19,357,448
350,375
135,334
393,430
264,426
303,415
315,424
52,253
93,162,297
84,322
54,308
384,433
230,231,493
214,466
163,276,286
8,168,249
322,362
394,423
294,385
142,458
22,300
38,158
22,471
242,415
52,183,365
65,384,489
65,309
302,368,488
213,354
450,494
135,303
214,245,347
239,260
20,73,217
48,152,297
177,355
79,87
30,285
49,103
143,475
173,192,372
431,447,460
74,478
130,230
50,364
72,158,161
436,472
153,347
167,310,399
27,266
61,87
84,318
218,444
86,313,449
25,213,315
125,406,441
97,330
102,394
97,454
262,369
197,433
54,340
74,175
46,230,386
220,493
44,467
33,200,228
248,303
123,421
45,143
313,480
50,229
318,357,406
8,196
207,381
108,282
297,480
353,384,478
111,314,428
391,500
33,154,301
116,383
420,475
163,462
47,186
176,193,437
98,382,475
381,412,500
54,369
264,499
122,383
85,88,146
71,365
55,373
133,196
56,385
123,171,317
406,478
370,402
488,496
345,460
154,186
178,212
35,253,500
355,417
217,261
50,224
227,484
50,481
21,63,338
25,119,147
370,413
298,363
108,177
128,270,434
380,466
235,326
91,426
4,202,346
119,293,455
30,31,343
72,229
326,443
273,384
263,397
4,443,448
11,347
282,365
65,71,224
426,435
282,327
390,435
145,326
85,88,233
65,272
66,116
293,400,417
250,294
186,421
411,466
122,283
247,413
38,200
37,334,466
153,332,366
449,499
342,378
211,285
302,321
270,489
30,151
194,240
354,396
133,154
63,436,443
237,431
295,493
268,461
50,159,209
95,159,243
116,416,430
412,481
35,175
27,295
187,336
103,122,298
137,223,230
209,322
385,451
51,267,320
144,163,343
127,231
240,263
115,374
241,398
344,496
315,499
170,183,237
35,434
52,327,359
205,403
166,207
61,188
286,321
352,402
8,147,263
67,415
202,412,445
18,159
2,186
169,170,182
14,235
104,264,310
288,401,439
201,433
199,411
180,269,315
83,121,183
29,36,233
368,464
331,394
171,436
172,469
274,421
290,358
49,475
197,259
112,424
60,265,365
172,293
306,324,455
39,445
172,280
27,327
26,285
384,484
104,453
131,272
275,355,359
237,424
428,472
4,230
61,481
219,249
238,353
97,251
149,157
16,430
291,298
186,363
191,266,424
272,494
479,485
81,269
77,231,385
240,328
175,308,443
155,461
247,410
203,490
5,116
20,97,190
278,282,425
113,472
137,139,247
26,439,499
74,152,281
293,349
121,418,419
27,101,183
257,344,405
10,332,369
1,500
14,97
97,311
206,393
107,174,488
109,220,293
155,301
423,444
55,235
55,150,480
474,490
303,481
275,329,343
5,461
138,428
277,395
454,481
128,308
173,197
21,194
78,240,252
392,483
48,327
188,288
86,218
135,424
370,382
13,392
160,187
98,440
46,210
7,413
422,474,494
150,289
178,380
199,278
249,290,480
143,325,400
23,120,415
163,333
50,180
104,470
54,262
60,191,270
400,416
222,357,486
93,284
166,194
51,165,493
40,84,294
226,363
185,389
9,138,367
55,60,162
88,240
42,252
17,338,393
54,118,220
9,227
301,480
163,210,223
70,479
113,174
95,292,313
173,201
202,465,466
52,123,326
184,321
354,468
478,485
133,275,278
81,188
179,331,452
183,266
73,328
246,291,458
192,463
261,399,476
138,185,292
341,412,481
116,356
268,491
347,500
35,296
83,138,200
176,200,284
107,335
166,297,469
1,232
321,490
186,426
368,443
156,200
264,419
133,297
113,446
202,204
221,371
332,430
146,266,316
329,420,443
20,264
299,318
248,455,479
317,460
266,292
242,485
133,289,380
249,313
285,333
103,197
273,379
132,279
91,104
39,440
25,469
229,443,483
46,202
123,264,440
7,183,442
219,297,309
197,396
161,306,309
27,351
38,183,402
266,427
65,429
328,464
70,234,320
9,226,411
14,17
198,466
341,343,445
116,391
272,436
192,412
222,420
159,437,482
69,305
144,429
136,197
260,379,389
37,87
118,204
59,275
348,353
166,347,437
345,365
98,161
368,406
337,425
430,450
47,463,465
34,219
108,497
260,304,456
230,447
118,485
427,493
114,158
51,72,265
65,295
169,262
217,262
278,293
284,457
257,470
43,90
160,346
370,377
168,366
341,392
69,85,441
59,348,387
156,273,398
157,399,425
246,389
170,184,238
16,447,477
157,310,326
11,48
266,276
183,264,392
229,388
381,412
290,298,486
306,399,500
4,177
308,345
34,88
248,324
50,70
125,340,394
174,319
95,367
353,477
212,241
353,483
214,456
110,177
251,339,355
138,188
267,277
30,34,383
310,385
42,392,436
137,187
134,427
9,174
81,476
43,119,437
182,326,327
381,394
11,402
4,66,326
9,391
367,405
282,337,450
124,407
78,338,411
88,159
186,283
102,389,419
83,308
13,280
38,106
358,482
251,272
21,22
210,485,489
240,425
99,373,379
188,278
40,72,323
43,75
22,371
85,139
396,409
206,422
129,208
104,302
440,476
311,397,491
24,112
201,309
36,215
255,310
193,444,460
320,471
176,461,498
303,389
218,225
264,289
184,453
317,356,476
294,484
66,182
145,354
78,205,408
5,472
146,259
127,293,371
201,498
198,214
179,233
1,10
198,356
66,177
133,278,354
154,485
267,434
247,308,314
166,333,366
81,111,135
37,90
142,444
46,202
106,174
160,408
324,469
227,310
23,156
40,399
62,305,422
76,194
128,354
203,464
89,247,478
28,60,383
18,474
139,281
45,154,497
201,227,315
78,357,475
193,477
145,362,420
14,367
182,244,305
336,358
313,354
315,465
97,237
192,222,480
113,185,368
245,372,491
160,168
311,497
204,273,299
86,153,421
330,365
126,483
14,99,194
59,137
209,214
87,429
113,139
98,370
260,340,406
251,460
40,168
6,236
55,77,325
70,134
29,52
49,194
334,484
88,225,479
73,297
129,354,403
440,451
128,291,406
237,410
136,312
16,30,176
20,108,183
165,481
115,222
15,420
143,259,293
44,58,497
61,110
123,431
5,327
12,15
113,168,341
111,183,189
92,118
91,208
182,374
264,321,488
76,262
164,451
182,290
272,311,457
39,150
123,205,223
9,356
122,293
269,323
6,391
171,467
15,374
140,225
138,272
9,171
213,446
282,304
47,345
28,75
167,191
305,485
49,88,185
137,411
244,283,429
53,109,338
59,404
343,468
197,200
112,191
54,282,365
270,298
179,420
238,396
204,309
111,249
49,484
309,496
269,368,462
145,219,453
196,216
212,239,489
305,436
290,345
401,464
31,102
191,492
186,257
276,330,418
26,469
94,384,495
204,257,444
56,218
25,403
31,189
317,337,356
12,17
23,121
40,218
104,195
275,345,408
346,406
160,350
317,372,425
41,255
106,110
272,368
442,484
219,237,264
8,204
179,299
42,313,319
192,283,444
149,439
101,275
82,155
130,423
346,437,498
454,496
162,319,370
90,273
186,316,340
123,341,496
75,267,280
137,203
170,315
87,200
460,471
186,460
341,357
154,434
268,387
119,129,484
394,444
22,405
176,237
307,317
99,455
195,410
392,425
51,364
459,486
38,222,330
55,439
61,190,341
361,381
168,484
204,278,481
337,341
217,331,388
31,59
175,269,388
116,191,327
8,79
31,155,454
35,348
173,191
34,262
260,433
140,218
16,295
65,176,311
2,163,413
21,211
321,488
82,250
8,285
67,100
90,320
237,302,457
44,242,334
77,432
178,244
160,187,235
183,232,337
321,473
72,332
167,222
282,425
276,439
181,396
196,264,343
141,243
81,309
125,136
62,456
143,286,371
59,286,351
182,419,456
135,255
148,424
336,474
108,246,360
157,165
368,391
359,432,436
85,128,234
132,178
114,153
110,478
27,409
68,151
75,493
6,413
17,338,372
121,142,325
241,371
219,231
160,376
44,226
178,385
229,281
171,278
107,219,324
35,94,179
44,87
74,89,304
67,102,440
370,453
412,465
76,287,304
93,145,441
41,135
161,267,352
84,410
30,464
287,489
314,453
50,209,473
46,359
132,430
52,220
86,301
62,312
433,460
255,328,413
12,153
206,390
418,497
31,264
182,200,396
83,216,245
93,485
186,407
8,108,364
273,434,482
320,364
357,448
188,265
145,211
260,371
103,356
64,230
250,265
211,219
152,253
144,295
276,329
140,320,421
210,236
115,166
82,97,150
18,57,470
200,344
158,365
120,221,410
25,188,348
161,368
217,290
154,282
97,185,253
27,62,394
261,390,433
332,407,412
78,451
60,69
38,345
344,365
65,313,405
148,246
246,418
47,189,450
87,266
184,276,282
49,223
2,45,475
35,299
227,386,472
33,408
165,469,486
241,299,432
132,215
2,66
188,446
64,206,328
168,459
223,470
35,162,388
132,412
150,302,443
153,437
129,168
366,472
243,293,325
260,455
92,294,341
14,415,491
258,348
199,389
178,318,455
97,348,419
235,404
154,293,488
321,330,446
27,40
253,358
161,178,190
239,303
60,92,205
314,401
109,221,363
53,117,417
76,173,493
76,326,329
11,403
77,416
1,44
201,438
191,464
77,445
82,133,460
290,314
40,160
70,363,390
6,462
89,312,393
44,404
145,155,257
421,460
35,61,71
56,118
28,166,375
263,481
192,303,398
208,440
106,129
120,344
49,324,372
163,295
95,251
257,260
26,238
96,310
79,240
76,83,454
31,91,191
203,307
190,455
244,327
17,141,259
11,97,308
116,459
2,257,379
324,403,431
62,142
215,488
278,395
97,341,454
15,416
187,459,461
22,206,430
19,43
185,256,359
53,448
170,202,429
211,431
140,390
124,250,410
196,445
184,402
76,247,391
49,107,393
258,371
144,222
159,420,472
207,375,486
22,359
331,389
340,485
338,430,441
24,242,263
246,456
186,216,318
330,408
113,188
38,266,326
216,220
161,371
269,437
81,484
24,163,351
138,150
277,438
23,455,483
229,245
150,461
192,216,389
370,397
192,231,262
172,195,462
257,343
167,303
175,251,339
166,292
93,435
298,337
132,333
312,377,498
51,132
361,408
270,475
45,363
120,414,418
391,400
367,465
76,266
100,174,404
379,463
37,491
329,355
275,428
201,274
12,390
147,338,476
286,409
148,234,430
8,185,267
28,132
26,272
197,217
210,401
82,424
89,295,344
12,128,485
2,153,491
40,219
59,396,401
37,129
459,478
47,253,290
172,399
241,455
75,157
56,165,482
52,457
79,105
220,303
62,377
203,395
2,100
118,158,370
257,338,429
260,475
364,484
46,124,407
137,342
46,339
111,470
1,103,207
65,316
196,211
125,178,444
89,232,388
31,492
185,258
412,434
105,347
388,499
183,301
247,500
79,212,247
457,463,475
297,471
34,147,323
125,153,216
50,186
377,432
26,101,183
453,454
277,422
84,383
73,321
35,338,398
158,312
88,142,443
318,475
85,400,429
248,317
77,226,465
41,374
202,281
79,229
213,300
187,232
114,347,440
48,230
241,441
4,108,405
316,476
85,489,491
417,448
253,472
346,392
293,385
26,341
356,430
13,116,312
211,475
185,493
152,415
87,253
155,156,485
370,485
309,452,479
76,215,383
356,382,462
122,315,454
58,214
39,291
11,339,375
203,492
245,291
293,393
336,474
243,403
76,190
339,438
43,120
238,252,290
7,70
32,369
304,428
54,325,358
130,137,361
16,148
47,55
62,172,420
226,337
160,364
49,85,103
438,460
120,167,356
283,392
254,283,372
218,321
391,466
38,218,261
69,154,382
13,41
261,460
84,165,497
460,499
63,209,500
49,140
325,493
60,97
307,365
77,110,301
337,403,462
99,340
127,458
199,205,434
63,177,340
59,207
37,366
121,472
29,45
233,372
303,382
102,443
185,352
104,160
305,434,441
411,412,496
96,335
179,224
37,178
127,248,273
200,453
375,412,491
222,348
152,300
8,481
40,198
146,412
87,215
1,105,360
112,143,466
45,370,380
152,212
272,302
241,461
200,422
2,234
99,181
110,227,498
125,147,413
77,468
193,258
109,489
70,479
44,167,478
71,273
20,82
269,293,448
328,348
22,156,230
67,359,440
151,246
193,274
42,235,329
54,133
318,320
114,325
186,398
46,422
374,465
18,288
24,332
32,136,442
23,182,345
425,444
7,21
249,448
224,491
134,305,363
126,471
75,262
241,429
67,157,285
54,154
311,474
132,446
23,190,261
404,462,492
71,146,454
63,91
196,444
164,425
296,360
185,244
116,154
58,497
27,344,364
37,376
161,393
430,446
480,488
4,472
68,461
302,399
53,373
110,418
124,227
259,318
193,380
55,402
366,448
59,101,300
54,474
25,89
168,377
37,441
17,382,489
15,71
385,420
136,209,323
77,135
85,270,452
162,424
20,176,333
270,347
109,385
271,273
147,400
5,8,232
14,493
212,457
214,476
45,370
286,362
109,390,491
408,453
307,366
153,254,434
472,478
30,77,481
119,458
164,194
68,458
47,115
98,280
167,292
84,410,478
271,460
449,454
288,315
67,499
119,410,423
321,377
3,135
79,84,229
99,224,397
276,476
41,73,456
345,355
330,475
92,309
278,494
43,391
35,142,337
214,248
31,75
2,333
6,499
44,64,416
106,164,411
25,157,336
217,358
87,222
61,378,388
213,333
1,170
103,248,434
26,303
253,344,442
280,458
186,221
31,111
117,341
7,268
202,431,447
253,356
75,406
278,355
60,148
3,87,468
22,403
294,332
180,245,483
339,489
58,418
137,230
243,254
43,466
85,241
385,437
140,489
22,460
195,221,394
172,403
182,399
180,191
237,277
285,307
130,228
259,406
71,177
73,211
122,267
19,119,129
197,419
165,487
42,323
89,383
173,187,339
44,328
226,302
22,255,483
122,219
261,459
53,158,475
55,298
201,445
36,92,121
211,339
443,452
304,376
269,303
85,206
61,117
101,266
50,276,455
138,255
84,178
303,444
150,481
212,305
101,195
127,395
72,384,393
182,337
51,258,291
125,192,234
22,147
319,409
337,483
164,426
334,454
344,354
54,286
43,381
30,388
260,446
374,432
151,183
166,361
117,459
18,203
47,193
48,336
168,258
219,404,427
13,62
28,486
230,247,319
272,314
208,251
215,229
229,268,376
290,343
253,365,467
37,226,262
37,101
127,219
23,115
304,458
95,237
56,239,291
221,463
141,475,491
111,302
48,192
249,255,343
424,432
122,306
168,312,380
147,364
94,236
126,376,402
88,177
88,244,370
33,172
467,469
18,219
112,121
290,339,450
28,325
123,189
295,381
35,46,211
32,142
35,107,310
246,472
283,304
426,446
145,152,432
113,481
79,369
189,274
12,196
44,99
238,343
18,23,90
86,363
340,421
125,423
361,494
178,293
116,378
88,343
233,431
121,433
328,411
253,349
289,350,417
27,343
87,386
16,129
228,236
10,90,342
30,447
10,60,273
82,288,488
103,156
148,445
403,424
1,256
68,368
451,477
18,289
110,263
28,79
352,444
418,463
61,207
324,429
324,373
55,241
213,460
224,415,461
380,405
128,135
168,369
239,355
8,190
277,438,486
337,419
139,386
87,328
87,195
446,449,480
136,346,369
143,295,299
48,246
93,213
374,450
57,259
23,29,359
306,463
40,198
149,355
157,462
321,337
26,279
21,341,426
95,457,462
73,147
4,46,58
60,451
35,99,429
343,437
225,434
29,128,475
74,111,361
113,148
301,416
199,207
217,297
28,472
274,289
204,321
402,410
52,146
354,360
153,220
20,240
380,472
430,486
25,267
240,261,330
234,429
181,258
132,347
184,418
102,344
200,427
28,68
109,218
156,342,448
22,434
109,216,372
143,359
351,439
189,210
275,451
58,116
211,279,492
194,371
127,153,267
107,185
105,168,361
242,346
300,434
201,417
54,233,479
196,240,322
271,494
279,317
189,213,301
41,424
268,356
48,412
39,249
21,203
289,460
83,105
53,197,281
420,454
268,460
286,404
228,386,445
285,486
438,465
291,359,434
198,369
149,482
94,466
107,254
277,411
384,437
34,389
140,254
62,485
259,373,389
256,458
78,468
35,403
335,357
263,345,346
65,131
119,185,311
302,374,408
215,217
122,152
12,253
380,383
278,351,403
60,123,301
8,193,358
250,369
272,357
121,220,291
126,141
20,139,223
367,402
371,470
182,399
11,101
117,205,391
74,220,299
262,474
18,368
245,379
58,232,422
19,64
110,490
247,358,414
215,456
332,334,375
197,299
340,402
31,119
39,165
310,415
229,326
201,232,462
1,33
63,321
335,431
109,274
334,454,489
107,452
59,264
146,373
179,300
45,475
301,336
60,189
361,490
98,114
123,329,488
33,173,354
202,246,383
45,128,338
117,500
478,483
15,292
25,230,342
302,473
194,463
192,368
223,498
41,491
112,432,496
18,230,411
55,265
350,449
142,164
241,495
129,344
265,309
118,255
29,204
2,74,303
248,493
26,131
62,490
84,164
44,479
435,492
13,101,359
275,476
68,201,287
192,199
137,198
180,222
184,330,442
229,455
38,177
157,167
158,206,243
112,288,442
288,389
55,98,379
158,428
181,490
132,177,427
81,190,411
202,261
195,310,428
296,403
14,309,382
119,143,348
70,151,363
379,411
179,330,372
446,477
72,125,212
106,261,374
206,434
91,241
94,179
104,170
206,212,225
95,424
126,266,376
23,66,464
290,314
185,243,267
146,406
100,413
352,428
114,131,224
155,276,317
13,63
231,415
43,153
341,357
371,413
147,405
180,451
94,233
73,240,250
255,424
308,418
8,498
190,226
353,485
205,325
6,80
50,105,159
344,397
33,276,305
123,290,425
183,288,425
166,439
150,364,490
249,351
211,482
281,295
67,403,428
6,349
296,418,469
296,312,462
145,427,453
34,89
168,173
135,218
45,179,233
49,241,363
187,435
42,399
462,477
163,473
49,73
91,138
37,44
369,477
113,211,426
145,412
160,397,424
76,98,206
25,204
27,345
165,335
42,86,457
96,429,499
84,314
214,240,311
102,403,459
164,284
65,444
169,285,307
179,453
61,229,313
252,325
169,250
174,432
241,295
43,391
22,397
12,186,320
227,363
97,106,129
207,484
164,341,486
177,393
91,213,480
105,413
313,420,473
172,266
102,420
169,475
31,375
123,425
90,377
145,175,442
18,348
128,206
393,424
125,434
323,380,469
127,245
176,290
303,325,429
18,430
192,298,421
168,373,448
133,455
9,86
413,419,442
112,351,467
74,466
65,450
357,491
304,415
40,277,364
260,467
309,479
66,175,454
101,266,471
344,401
203,238
67,484
36,54,495
27,462,472
215,482
6,319
223,474
33,210,467
76,293
43,119,223
192,225,371
143,339
68,397
27,104,286
221,452
223,293
256,289
146,161
236,454
255,327,403
29,147,393
136,378
174,387
30,477
204,218,243
102,269,364
78,95
122,272
152,185,258
16,211,402
166,237
107,204
165,279
242,357,381
216,220,235
4,80
181,347
32,424
133,200
228,341
105,341,435
224,307,456
38,409,471
329,500
303,408,419
157,374
218,293,300
284,343
56,418,438
20,419
12,114,206
136,472
147,246,337
1,44
336,423
316,367
209,348
6,352
195,288
136,194
155,275
65,389,467
30,110
383,422
56,87
82,272
352,398
446,493
56,154,298
252,326
4,272,450
173,441
347,363,459
115,292,351
275,301
72,241
83,308
294,385
6,377
62,181
286,308
253,292
138,180,184
2,185,495
296,380
373,397
322,430
251,368,491
255,443
226,487
282,290
129,416
82,333,490
105,383
186,340
118,202,481
60,351,436
1,45,249
82,440
17,419
318,441
47,320
313,368
119,209
432,487
293,364
7,192
272,419
17,143
238,488
83,289,386
17,26
100,111,168
35,325,340
31,101,440
360,380
59,272
116,294
117,239,336
97,191
320,489
410,477
74,212
378,416
2,295,491
215,414
2,17,69
73,104,482
64,321,393
153,353
318,402
161,495
33,67,454
84,265
75,453
291,448
59,138,184
110,383
216,370
34,68
63,252,428
32,339
51,356
26,311,452
194,241
27,51,215
89,169
119,299
77,84,196
173,428
85,281
36,153,491
47,156
29,110,133
270,300
247,350
234,329
96,110,125
266,338
23,142
120,431
239,303
398,422
347,458
339,420,464
169,350
167,237
112,486
32,322
3,237
156,273,384
294,492
55,303,324
307,405
253,346
201,282
12,243
129,336,362
172,431
318,379
341,457
2,105,268
26,258,401
262,302
376,428
105,169
74,360
62,300
195,219
269,321
362,418
318,332
321,337
295,441
3,95
325,459
204,444
36,74
327,407,457
54,233
63,251
128,230
228,404
150,497
100,467
7,132,302
29,374
17,133
274,392
251,376
140,236
91,466
92,324
148,333
65,160
192,442
30,397
128,397
30,419
55,127
155,251,326
150,294
41,89
12,154,400
179,455
156,194,235
249,442,462
461,490
229,483
374,462
399,404
357,458
49,328
193,202
272,348
45,126,203
346,400
1,48,482
227,263,389
102,117
154,161,244
202,359
271,334
1,312
140,201,441
210,480
143,277
57,285
322,357
250,497
236,387
70,475
140,467
74,260
114,122
5,336
175,308
40,84,232
320,397
239,303,352
26,280,399
3,48
120,138,348
69,261
292,337
34,134,151
316,431,470
67,160,251
223,405,487
30,200,229
390,455
255,467
172,399
111,343,463
173,366,384
18,346
39,422,461
52,105,270
320,474
29,206
161,374
81,278,315
70,352
23,482
269,318,410
398,405
66,161
54,99
110,119
150,447
63,350
191,475
201,222
23,284,424
90,346
8,116,150
106,319,481
211,410
266,488
150,225,373
118,178,254
479,487
201,229
410,490
236,345
17,131,316
26,282,399
138,272
110,247,499
115,321
411,451
97,313,409
288,427
228,245
191,415,485
178,400
74,111
167,189,200
35,105
22,327,440
355,403
92,141
187,375,422
92,109
316,376
75,205
43,304,306
234,362
96,378
257,351
336,485
213,254
216,275
51,495
189,195,440
244,419
16,193
97,417
161,351,394
71,201,338
321,371
391,500
352,370
290,420
24,400
181,283
150,407
317,374
81,431
330,454
262,263
22,292
2,50,240
71,125,493
