172,347
292,300
29,438,495
426,436
136,374
84,294
344,406
389,401
107,194
158,466
192,300
186,285
209,429
122,317
19,462
68,225
216,284,410
233,453
137,462
3,289
66,235,402
142,224,276
144,437
26,242,305
223,453
11,94
244,277
431,439
56,348,496
161,331
42,299
59,103,387
168,454
71,135,477
58,66
459,488
69,114
118,325
34,486
248,426
173,367
22,68
109,315,389
320,456
65,266,305
130,180,488
267,300,372
13,22
196,352
124,377
6,108,112
139,306,476
264,266,323
309,369,463
68,455
367,395
159,296
8,122
34,375
212,403
201,323,415
374,473
170,315,334
88,149
137,158
320,418
184,292
92,479
116,163,415
66,92
287,405
82,320,430
76,475
43,453
30,262,423
313,405
125,350,484
184,221
136,276
188,317
292,385
133,281
95,388
398,421
96,147
119,254,417
95,132
53,336
191,340
200,395,478
169,274
20,405
460,472
132,406
102,177
203,261
179,373
20,49,64
115,211,474
66,68
173,445
165,301,319
45,159
30,422
120,318
296,425
236,313
156,280,443
217,349
16,488
192,266,292
33,200
21,46,260
58,104
383,484
131,281
177,454,457
87,172
441,466,476
31,226
108,310
47,462
480,494
85,296,329
382,414
12,179
141,333,388
294,445
319,433
40,447
104,335
49,126
235,393
74,121,264
45,435
62,417
309,324
74,268,396
144,362,441
413,498
112,284,419
242,306
188,339
329,374
228,316
186,265
224,293
25,69,120
159,198
226,285
144,492,497
55,220
133,152,408
233,293
141,166
132,471
33,81
93,396
1,301,483
186,338,491
256,350
238,494
185,195,319
6,133
204,356,454
332,343
210,231,465
140,355
53,327,358
232,386
152,318,401
57,226
264,452
22,36
23,68
351,432
78,214,281
236,398
195,246,477
250,394
13,273
323,480
141,165,208
66,100,237
129,255,281
85,138,256
326,479
177,250,406
355,378,500
345,434
25,454
189,365
222,491
349,447
11,328
18,153
24,343,417
70,479
389,406
312,379
74,460
84,292
112,424,467
157,292,499
152,233,340
53,64
170,423
187,404
199,240
18,90
27,87,398
16,419,462
375,423
370,372
201,207,334
135,245,421
24,80,170
61,402
103,402,444
401,415,475
22,46,116
114,192,220
80,222
16,204
476,500
204,369,466
73,184,334
188,438
65,283
121,362
229,426,488
233,247
229,274
123,211
261,292
202,264,409
10,115
92,228
318,450,466
286,289,292
9,127
70,325
187,436
90,225,272
51,115,182
81,476
102,154
9,299
83,263
154,384
82,139
332,461,462
60,207,259
65,435
200,263
158,337,485
209,429
315,344
352,470
165,423
88,203,300
238,247
323,367
92,179
220,254
322,365
202,253
27,176,392
486,488
141,414
226,279
356,408
79,484
199,496
77,194
292,317
214,449
318,444
255,304,428
431,464
16,175
172,330
201,232,238
146,221
180,273
58,186
155,444,446
4,279,398
102,155
40,180
128,181,481
99,147
308,417
46,58,451
26,190
393,490
305,311
375,397
281,296
61,229,496
35,204
127,212,299
27,112
191,242
285,463
89,149,262
30,137
17,279
28,259
11,272,304
123,409
303,329
48,121,352
68,136
10,149
215,278,335
275,334,426
5,249
170,213,223
255,267,407
54,256,414
356,461
188,228,316
27,215
403,480
183,198,269
99,221,348
330,351
191,356
158,394,484
125,271
109,270
59,320,418
316,500
226,288
330,391
264,352
75,405
61,384
110,185
36,131,221
218,308
174,337
53,398
326,383
132,176,414
375,439
75,225
244,438
268,428
382,444
202,282
75,346
92,456
274,429
117,210
403,412
157,459
6,227
21,166
325,356
100,497
289,446
394,433
44,251,452
158,214
80,210,275
257,367
71,118,321
304,406
175,191
151,211
42,123,450
244,463
128,276,316
10,430,459
197,342,493
16,363,458
215,341
287,488
403,498
124,432
79,340
293,466
12,212
29,202
32,239
216,243,271
16,166,377
220,438
38,493
270,413
421,461
67,411
37,442
38,222
67,154
120,206,500
13,311
73,469
295,418,444
50,201
84,127
22,271
450,494
211,274
67,276
445,474
299,330
348,461
241,332
259,312
302,494
54,327,477
324,474
345,415
81,292
163,186
456,498
230,354,471
377,475
436,439
69,124,302
123,346,467
271,388
254,326
246,300
417,447
11,14,364
242,265
289,487
376,418
211,298
187,275,276
117,124,215
130,336
270,361
206,420
134,380
21,233,341
161,437
125,148
215,286
208,379,428
227,345
267,468
113,343,419
164,435
121,469
316,338
98,253,464
401,489
181,344
161,388,422
103,461
29,54
8,18
74,301,442
62,120
168,195,348
168,257,374
165,260
83,423
377,449
59,287,476
112,211
116,465
1,174,276
104,476
242,305
333,420
298,486
447,468
170,195,468
131,299
340,378
65,169,438
55,108
308,395
49,429
43,479
51,60,285
281,455
54,173
256,369,456
268,385,479
24,445
175,441
86,477
276,471
421,489
10,237,353
33,232,384
43,374
119,308
284,363
138,355
238,497
13,455
23,261
210,258
114,458
2,264,340
51,209,381
44,288
142,322
208,237
29,397
90,320,406
338,359,393
161,318
90,296
106,288
33,229,301
300,366
10,144
151,498
338,364
45,241
9,221
51,228
213,467
343,397
230,271
32,264
178,246,373
14,93
164,473
138,141,359
33,162,372
77,130,401
118,217,468
3,87,367
124,357
31,102,117
319,422,437
237,288
255,478
437,500
245,338
245,329,380
319,444
44,448,461
166,347
52,449
23,225,492
272,333,420
219,472
108,405
31,333
243,279,358
475,478
60,261,377
71,231
88,163
354,396
59,311
100,122
209,415
26,51
229,232
29,173,241
2,161,222
294,500
328,492
164,317,436
218,365
180,378
3,380
156,458
148,236
145,206
109,461
69,175
125,167,200
41,429
33,114,117
350,444
321,414
27,164,209
28,273,423
124,278
389,413
134,293,471
126,346
98,438
28,363
125,409
85,347
193,361
89,223,228
48,413
11,261
364,391
99,146
438,469
92,366
18,210
453,498
394,496
136,230
122,374
183,200
115,461
77,364
7,218
208,247
14,346,348
233,500
31,476,490
21,139,152
114,257
294,412,415
173,432
326,423,453
33,388
104,245
208,334
89,106
208,255
274,365,384
215,355
1,298
304,315
410,478
108,431
198,418
12,302
139,375
168,224,494
419,499
280,448
91,151
93,471,485
173,226
139,380
324,453,495
261,376,409
235,275,337
65,386
141,155,378
24,96
262,400
378,408
64,170
263,474
438,453
57,156,438
39,383
259,354
131,266
319,409
205,253,360
130,300,428
139,344,486
24,96,212
46,127
139,257
81,134
271,372
50,145,456
108,320
251,486
252,282
295,324,456
46,188
190,291,488
18,121,358
147,283
17,52,388
60,456
93,412
245,299,367
17,187,425
206,350
250,385
128,415
188,373,449
121,177,441
127,361
19,491
410,441
405,430
377,485
287,447
88,205,496
207,443
41,254
148,209
158,262
283,315
1,80,98
70,388
111,279,457
277,341
361,400
226,289
242,371,387
29,234
45,142
145,213
52,319
345,450
65,233,389
145,342
281,494
194,268,464
104,395
103,448
69,183,258
122,365
51,488
172,264
36,432
44,219
91,273,389
124,425
135,362
92,415
301,368
256,289,300
104,449
40,104
344,479
367,420
4,195,289
196,295,486
380,444
357,417
201,307
73,246,327
262,268
251,275,384
57,345,438
131,393
334,374
49,347,424
129,346
179,362
232,266,500
7,362,472
153,409
24,64
84,90
129,254
2,137,199
317,459
20,181
2,51,65
120,446
301,308,461
339,409,500
310,319
239,288
115,468
317,443
20,374
88,329,349
274,332
383,394
223,442
120,476
44,113
63,190
368,432
23,190
6,483
268,414
56,66
5,231
205,377
150,309
15,442
149,437
128,207
246,402
2,472
280,298
360,401,424
110,127,311
108,387
121,479
31,114,250
131,416
110,132,287
57,239,389
7,389
400,478
128,297,482
250,457
76,353
79,373
300,303
53,439
111,131
256,319
10,98,118
135,170
71,479
305,370
92,443,482
199,327
85,393
222,374
195,436
132,326,384
155,196
202,315
138,239
16,251,463
167,221
310,476
125,301,351
138,164,497
80,166
456,472
4,255
122,439
70,144,260
80,156
68,162
147,451
360,365
254,322,386
392,473
64,404,491
439,491
233,264
43,286
383,417
107,162
81,176
85,467
65,450
100,307,415
117,149,266
362,365,490
104,249
257,293
9,422
141,201,342
83,329,359
341,484
252,463
16,283
139,332,492
70,318
134,183,291
84,145,268
115,405
119,276,401
45,250
439,481
6,368
26,271,491
142,176
381,439
39,363
162,391
42,268
270,383,460
175,416
220,270
99,372
320,399
29,45
272,355
132,171
260,451
165,435
52,69
177,289
262,361
116,387
133,404
65,274
204,358
306,485
269,357
99,167
27,46
39,140
102,294
298,363
141,498
143,187
40,225,257
36,242
281,461
119,454
20,159
436,488
441,473
187,296,470
104,138,440
384,486
248,312
160,271
251,288
304,338
33,60,278
199,313,426
278,296,466
52,413,465
79,392
80,470
40,248
78,237
108,442
146,153,358
45,92,244
131,270,491
60,128,156
301,489
130,461,481
15,19
72,140,479
17,94
74,145
77,499
128,134
19,322
200,342
151,411
123,491
351,474
59,328
64,176,304
208,322,383
192,460
238,250
7,248,310
392,462
15,227
324,463
179,212
18,208
104,124
48,318
113,267
76,480
317,331
8,456
333,465
150,267
139,491
150,209,470
382,386
156,166
40,364,498
95,338
337,444
98,228,464
270,381
100,344
280,313
116,233
139,298,405
81,218
20,103
300,444
84,294,341
41,49,261
68,142,436
42,131,170
38,92,415
31,161
90,175,450
186,261
6,55
46,118,438
182,394,444
427,498
395,404
118,174
30,129,395
4,277,368
163,230
28,199
286,489
52,158
265,342
293,458
310,401
48,276
92,488
164,185,191
106,358
110,148,362
234,421
29,48
138,369
8,303
303,333
8,277,411
28,342
138,217
221,337
280,312,412
300,365
133,184,456
32,360
175,452
307,392
262,463
231,301
95,367,447
171,261
107,449
32,193,199
175,230
274,387
124,493
155,165
212,232,454
43,177
73,155,496
14,371
319,383
221,428
58,483
191,291
192,378
397,463
364,472
192,211
138,338
227,387
22,55
78,401
38,395
53,111,467
260,296
165,326
280,315
291,332
11,201,269
179,301,468
270,381,406
276,495
74,79
18,426
24,75
110,138
261,400
61,158,306
27,491
199,475
217,288
255,331
20,90,431
278,398
212,242
48,283
215,300
276,334,340
218,322
318,407
21,280
42,53
4,457
106,432
350,426
60,186
80,201,315
215,426,475
348,381
4,267
104,144,315
199,500
48,433
88,171,179
223,270
292,418
134,168,331
39,152
27,60
221,278
26,74,151
21,104
18,433
27,175
269,485
78,180,366
355,499
283,315
80,415,499
253,268,472
69,220
204,496
98,178
96,127,157
261,338
40,49,430
55,105,147
39,314
276,479
158,368
94,258
394,481
173,351
91,99,258
352,483
166,470
80,478
108,427
184,246,484
71,473
151,220,341
82,93
146,351
155,271
400,442,498
180,262,331
43,324,415
159,306
125,318,350
263,275
88,120
47,94
129,277
14,99
13,77,187
67,414
85,311
16,115,430
226,231
228,323,383
445,450
334,355,400
87,305
8,422,454
1,392
177,238
104,237
6,181
24,424
167,277,476
133,354,451
246,394
287,488
264,296
185,302,423
86,134,417
167,246,328
145,396,441
143,254,411
227,352
38,204,477
241,399
26,334,494
92,289
332,450,458
365,460
14,245,471
43,215,421
184,286,430
30,185
201,416
193,485
198,430
61,185
147,249
311,492
121,285
14,225,458
57,220
271,492
262,402
35,221
230,256,378
44,239
242,411,448
15,202
223,463
78,392
296,366,500
99,418
38,99
24,49,370
152,336
41,488
39,201,206
174,451
52,466
27,230,291
398,447
198,294
5,83,262
22,143
61,118,388
270,341,342
186,414
124,217,367
115,386
14,86
159,268
26,467
163,380
228,415
378,419
26,359
71,179,350
52,324,439
283,359,481
58,166
222,326,359
87,142
122,176,324
58,491
121,150,300
30,408
29,367
28,100
125,185
118,289,455
70,279,422
372,467
44,182,226
344,498
147,293,471
202,374,407
93,94,479
413,441,500
402,462
180,489
108,187,254
39,241,314
62,106,423
244,277
135,171,447
160,372,447
189,413,499
261,426
56,96
210,299
68,408,430
211,291
200,455
281,293,462
70,89,105
20,314,411
59,220,263
414,484
192,493
389,466
321,328,422
112,235,421
134,302
40,405
145,295,498
53,76,471
53,298
51,342
196,453
169,360,380
180,473
183,246,292
1,126,335
93,135
53,230,488
81,326
98,430
253,264,270
216,421
254,268,368
429,499
78,299,335
8,437
66,435
135,484
136,189
223,237,328
136,294
103,216
126,253
230,251
380,385
39,209
83,330
162,198
76,106,303
47,268,436
88,154
242,487
161,167,189
86,356,456
152,413,498
110,398
80,197
389,431
92,436
23,142
188,354
43,51,472
287,430
39,228
75,347,412
278,315
445,496
16,190,455
13,145
158,314,444
201,234
26,274
342,403
217,251
48,115
290,439
111,245,322
294,384
180,364
123,414
47,248
347,500
31,62,79
285,479
120,141,161
88,378
1,38,297
15,400
131,331,364
22,439
170,203
60,238,441
40,99
124,229
69,234
188,194
21,394
55,389
154,389
22,207,354
139,308
195,494
170,324
112,355
58,166,392
156,395
211,299
301,350,387
212,436,465
201,366
263,336
26,154,210
250,285,479
236,259
95,416
193,437
96,295
11,174
88,160,312
68,100,383
306,431
152,229,299
21,144,188
36,172,429
389,396,407
47,153,475
75,311
15,91
318,359,422
86,308,380
108,167
45,166,304
30,45,174
233,323
47,98,310
10,45
57,253,362
46,422
13,288,347
12,92
12,301
88,106
239,464
106,378,445
38,365
85,377
465,488
282,346
197,292
13,318
111,115,367
146,441
260,341
63,114
17,161,182
116,450
49,108
19,105,418
241,284,411
62,170
32,153
90,308
238,274
119,241,459
61,73,229
185,232
260,435
136,340
79,454
4,176
122,473
289,474
215,394
36,74
302,496
186,241,404
96,243
32,487,495
94,178,500
128,336
157,331
187,194,198
181,204,254
268,340
271,411
378,451
119,460
131,459
108,296
21,330
135,365
19,455
77,496
127,311
151,259
198,210,472
19,221
19,115,343
161,382
194,324
85,279,452
39,136
76,334
111,238
411,433
282,293,439
26,256
386,390
46,220
389,451
199,399
61,71,309
112,313
39,315,403
103,130,462
140,198
331,334
313,337
101,219
235,441
87,491
357,436,493
386,449
163,217
19,147,429
215,497
56,390
24,393
19,84
63,253
212,281
229,258
244,385,473
39,77,412
34,482,483
249,332
170,180,330
195,427
110,380
49,282
149,292,465
29,128,344
82,269
62,71,114
59,160,401
120,234
97,301
68,237
203,327,480
13,412
32,163
65,148
197,307
36,246
105,349
66,273
286,287,327
206,270
266,279
288,384
348,409
27,252,351
373,484
32,306,473
301,322
41,292
49,200
117,344
239,481
30,494
7,89
72,121,288
250,256
114,496
176,244
201,473
150,230
17,205,217
86,131
207,384
269,305
215,380,412
83,318,432
123,421
58,163,439
119,209
151,362,377
43,59
111,216,424
253,482
404,498
335,459
230,470
237,416
93,99
272,494
73,463
14,254
157,391
333,477
125,255
185,355
182,200,446
56,248
268,278
63,234,286
337,360,417
43,438,453
94,480,489
66,297
48,482
297,327
68,74
102,173
85,103,378
56,481
76,224,310
46,354,389
85,241,274
141,220,261
32,401
86,486
40,85,95
309,312,497
80,307
42,495
12,78,267
114,481
358,418
213,252
371,431,447
407,479
177,253,303
21,37
181,474,488
347,475
103,157
257,467
140,218
31,275,495
74,361
66,276
74,405
11,283
271,453
88,313,314
276,460
287,490
153,210
73,262,477
307,451,463
180,222
20,409
254,331,417
107,493
88,109,255
12,274
74,339
301,334
131,323,353
215,489
341,453
112,346
177,373
42,127
212,299
24,80,171
424,499
342,412,451
114,263,481
83,220,485
199,310
145,259,490
313,357,393
21,22,273
11,104,152
349,462
237,275
86,245
129,379
88,333,352
124,161,182
151,295
194,419
42,443
157,215,256
126,142
164,385,418
206,232,318
13,472
202,290,460
118,493
64,474
195,437
258,314
347,348
309,396,438
160,235,320
44,77,210
27,192,390
171,457
120,448
332,370
167,220,275
47,242
201,396
170,222
10,200
19,24,467
17,148,219
162,309
138,214,437
214,225,401
206,432,475
77,449
222,278,360
24,99
223,267,298
103,362
66,345
106,328
346,424
70,251
159,324,393
32,195
72,395
46,197
49,336,366
399,424
6,462
28,228,423
65,460
112,146,180
18,75
50,403,413
340,469
312,382
298,488
193,253
231,318
392,465
209,286,369
146,181
140,212
304,372,421
384,440
54,330,405
248,255
153,350
237,361,466
152,319
216,246
4,215
79,184
175,337,419
88,496
58,393,417
66,68
308,415
161,470
145,374
263,388,485
122,127,464
34,226,428
22,466
353,422
132,477
98,150,344
26,36,320
29,483
32,439
87,216
73,371
217,230
177,259
173,362
96,230,241
282,308
113,379,384
132,249,269
291,320,417
192,428
83,485
23,53
288,319,351
135,358,379
322,439
105,162,365
373,401
22,410
362,392
3,190
214,240,453
319,469
284,416
56,74,322
103,127,281
88,272
422,433,465
63,273
378,400
116,155
186,298,478
33,290
171,445
129,151
331,405
241,320,467
67,164,413
192,249,302
95,225
142,210
100,156,375
114,246
292,441
239,288
363,473
169,315,381
399,423,495
248,377,444
300,373
68,159
124,469
478,482
98,428
59,324
208,457
4,262,279
449,489
107,138
162,228
367,392
137,423,449
128,334
124,210
178,381,389
156,400
163,208,453
89,366
103,191
305,408
104,415,458
74,362
99,321
17,225,239
228,492
18,290,458
172,189,467
149,323,421
155,179
117,200
69,71
282,422
155,447
153,157
248,330,348
108,291,299
406,429
5,263
209,268
46,142
165,190
386,451
330,348
139,357
242,368
55,203,309
417,458
75,291
360,424
69,395
221,321,334
78,202,406
47,432
72,135
339,365,489
151,467
1,235
11,68,361
108,374
132,280
96,119,417
3,330,343
113,311
283,456
38,72
239,369
381,386,499
257,447
183,217,384
90,299
251,419
244,291
227,358,467
80,399
14,258,270
59,240
337,377
388,500
201,266,457
35,83
178,258
7,215,266
17,306
68,339
37,326
8,349
83,394
140,318
229,288
182,321
92,463
57,441
120,153,289
50,218
175,204,237
216,242
16,44
172,315
94,325,349
123,190
24,64,404
63,94
335,449
36,386
323,412
212,320
91,268
15,131
241,474
2,290
313,318
311,365
97,342
12,93
25,333,481
85,434
325,397
114,275
63,178,328
392,481
301,302
58,140
97,368
36,428
255,368,430
254,398
57,383
6,21
18,137,353
152,165,455
257,435
192,275
67,213,295
31,496
169,210
101,231,262
373,394
2,11,400
404,430
95,381
390,419
22,128,493
383,391
323,476
86,87
39,207
351,402
66,84,361
245,430
140,142,329
53,298
234,247,357
3,407
487,493
392,458
217,498
305,429
250,283
123,227
77,252,341
33,424
268,308
268,436
254,390,428
34,244
317,361
180,212,424
35,261
53,249
84,285
274,483
17,315,368
115,208
63,114,137
239,465
49,178
4,449,480
264,477
75,129,190
301,499
63,265,399
108,118
142,228,247
275,446
289,317
37,253,307
347,389
180,496
463,470
216,334
225,332
17,252,285
139,418
53,227
256,458
120,343
13,331
115,393
82,126
194,467
301,469
315,393
221,305,346
79,277
237,274
389,445
193,304
24,447
86,424
105,230
132,489
87,157
457,467
222,303
84,164
252,363
105,139,337
444,472
267,421,488
8,124,481
65,426
303,445
12,258,286
78,301,351
88,455
23,51
361,472
56,490
148,384
115,274,421
11,445
39,165,249
332,346,430
46,402
160,211
100,201,317
76,90,303
2,252
292,446
154,189
37,68,128
396,434
464,498
18,124
70,334
82,376
48,350,446
216,227
247,457
66,151,193
13,53,242
17,414
15,363
43,196,315
75,225
367,397
135,149,263
136,497
371,459
169,197,213
225,466
203,496
220,231,391
97,345
75,227
371,435,468
219,394,477
227,238
108,182
122,247,396
301,339
113,135
9,299
252,471
10,44,353
127,271,458
131,432
5,475
53,368
177,228,415
267,361
136,357
157,233
338,383
262,289
108,230,404
187,424
111,143
148,178,328
7,436,498
230,346
139,387,450
51,70,318
40,113
102,382,468
245,428
355,477
395,466
52,237
34,58,104
304,337,462
376,439
75,86,113
3,471
252,364,485
163,298
283,400
194,478
163,358,476
115,390
276,309,460
104,463
223,341
43,415
93,247
78,191,208
70,101,178
107,442,468
383,490
138,270
118,230,240
160,162,354
148,426
145,207,312
214,427
100,307
88,147,190
216,372
1,497
90,344
98,435
324,498
74,166,354
209,367
9,467
129,180
302,303
268,492
12,24
135,185
165,314
263,291,422
97,250,417
104,142
58,250
305,414,466
122,222,361
31,482
111,170,364
31,200,277
44,61
60,346
163,253,317
41,213
222,295,381
354,361
238,293,438
3,189,376
295,479
219,390
150,164
43,272
220,249,350
58,133,145
97,188
12,237
239,270
76,387,394
141,178,425
36,111,447
245,415,418
400,419
56,299
278,285,479
194,324
217,386
1,329,459
21,407,495
31,326
191,255
9,346
293,409,491
69,220,472
170,401
177,253
151,236,354
206,291,461
237,303
224,421,486
252,254
4,40
50,379
25,474
33,183
374,390,427
90,435
96,459
72,92,264
66,202,342
199,353,489
194,474
211,232
201,449
434,451
208,328,423
53,322
9,471
120,232,439
269,298
50,67
3,243
203,429
89,232,294
121,166
13,35
14,220
246,295
288,438
37,140,156
248,395
396,432
2,441
199,455
118,125
125,491
132,166
125,169
138,208
436,491
141,302
122,366
287,364
398,449
113,331
428,430
54,206,391
166,213,451
205,218
16,447
201,471
62,229
256,377,499
17,68,480
199,278,349
294,472
113,468
85,96,467
383,493
64,178
80,406
253,349,449
163,434,460
357,435
242,281,330
105,399,467
113,191,423
261,369,483
346,360,458
206,258,433
275,283
80,241
50,234
99,269
280,365
106,154
136,244
225,389
90,360
39,91
169,400
126,287
28,464
224,439
32,154,173
20,163
303,321
29,265
52,179
8,55
284,334
313,489,500
78,398
95,270
135,390,409
408,422
69,98
201,263,414
158,203,237
79,229,495
80,415,435
98,280
189,290
24,262
279,426,494
168,328,375
204,449
58,73,257
196,355
108,330,439
199,205
9,25,311
59,419
246,411,497
20,78,99
5,248,422
81,345
424,456
296,320
138,145
68,228,252
50,98
94,438,471
321,401
69,167
41,165,171
31,48,239
120,237
408,492
32,133
244,285,326
38,473
323,487
16,287
135,379,423
183,351
31,219
256,479,482
371,405
100,168
255,376
197,231
153,161,300
148,239,329
54,355
25,232,425
43,126
62,454,500
18,237,394
155,397
10,40
51,360,437
84,295
49,419
65,252,284
198,219
43,146
140,384
339,440
165,178
170,281,470
82,321
9,59,332
55,441
246,277,448
12,303,357
71,194
226,434
46,497
350,476
106,240
391,452
159,247
344,386
174,489
81,363
150,374
8,132,500
66,169
250,351
29,109,128
131,482
10,404
322,458,492
94,99,344
12,280
127,271
298,320
22,460
191,265
188,325,465
126,347
24,371
105,246
243,484
177,485
128,139,462
111,463,482
195,237
23,28
292,489
94,234
30,199
100,333,428
82,366
185,350
41,299
454,468
213,361,456
186,322
98,257,431
99,411
117,217,235
66,451
292,443
60,489
436,456
231,343
73,265
44,63,429
178,194
14,78,439
316,323,466
113,459
432,484
206,224,379
19,364
18,420
42,256
122,396
264,354
53,235
92,260
117,237,486
55,172,404
54,161,454
330,443
41,141
288,494
78,379
388,402
280,306
388,450
174,302
92,193
83,425,459
215,329,449
144,316
69,383
335,447
279,318
364,439
292,355
157,188,458
222,271
207,270
374,478
21,410
64,96,372
93,352
62,432
212,491
55,123,331
325,437
224,498
31,313
262,338
44,104
202,331
24,139,160
129,428
189,262,474
236,422
6,248
25,26
149,191
228,375
132,441
43,163
141,368,499
113,170
52,122,452
138,206
361,439
181,183,398
205,248,489
244,259,383
75,101,482
79,389
378,424
19,77,298
222,460
376,493
207,495
262,365
59,146
367,428
272,446
138,244
215,404
44,51
57,393
75,274,417
251,322
216,393
195,480
267,274,393
32,103
35,307,434
68,427
287,458
316,344
184,355,441
284,419
82,171,286
235,347,452
95,135
197,365
171,394
246,377
11,79
222,244
239,423
197,361
100,371
447,474
11,278,280
67,368
145,488
346,449
131,244,458
359,361,362
96,172,322
90,396,441
175,311
94,435
157,179
56,241,416
64,201,237
194,494
109,151,290
13,34,155
11,454
129,187,333
77,354
179,445
99,216
124,153,321
75,167,440
323,423
100,201
222,312
124,147
23,220,350
196,377
368,463
122,386
304,366
281,304,384
152,166
312,463
22,56,270
67,500
366,457
67,335
145,323,413
231,377
52,431
7,355,446
35,160,267
181,257,409
82,387,408
107,493
320,344
104,420
94,246,288
404,479
14,429
99,130,293
29,400
19,426
5,198
75,371
96,152,163
7,391
75,414
55,139
118,420
190,221
47,103
40,121,442
42,126,267
84,92,207
451,466
65,374,438
82,147
78,436,487
8,65
154,454,480
237,484
27,209
97,259
183,425
178,452
193,455
200,349
139,201
253,312
21,140
247,467
196,324
28,57,500
389,397,472
64,173
244,374,482
86,336
228,442
64,137
241,311
30,39,318
48,193
153,249,274
338,348
142,429
258,416,418
54,492
326,448
158,477
114,336
207,306,428
324,389,395
133,160,274
168,422
149,249,254
56,458
163,297
79,329,449
67,266
145,331
116,156
56,96
48,302
144,364
182,485
228,403
21,94
259,406
98,386
272,324
57,65,116
279,301
116,179,370
2,369
315,344
103,419
37,336
325,392,476
50,273
320,442
100,466
64,283
176,451,476
200,265
208,358
33,233,242
269,286,355
20,76
9,382
182,392
78,398
65,329
125,345
137,217,262
169,309
333,402
223,421
159,173,434
67,467
40,257
27,464
44,117,485
201,494
299,378
289,301,384
263,463
242,339,456
114,126
88,313
338,362
65,267
314,441
52,185,277
160,221,462
158,212
226,444
192,388
242,254
67,483
139,243,255
285,464
62,187
318,445
2,198
151,228
141,288,349
137,207
14,52,259
35,244
229,255
139,454
315,478
121,259,490
167,306,414
323,407
243,255
5,499
6,114,178
85,100,335
55,429
181,450
397,425
112,193,250
34,181
377,434
403,410
150,446,486
103,293,346
127,372,380
276,468
154,379
220,257
40,387
141,282
119,132
144,255,419
25,77,477
154,159,215
163,358
120,221,261
249,336,447
316,408
3,211
53,216
49,340
161,404
73,200,468
185,489
142,218
83,165,318
73,437
107,163
179,364
270,357
335,495
216,435
185,390
9,112,346
94,470
133,486
76,304
116,360
14,90
87,110,326
78,421
3,82,344
116,136,482
46,247
52,63,210
375,413
189,361
32,172
209,400
29,190,479
23,370,411
79,449,494
150,162,466
69,233
38,152,460
70,83,158
273,326,488
67,92,453
330,458
190,286
103,128,267
17,231,363
437,452
214,430
87,336,431
139,377,479
263,424
86,266
52,148,350
104,318
351,410
304,331
134,190,225
7,458
199,469,484
235,353
120,305
299,440,464
279,379
17,485
134,372
221,225
97,446
58,67
140,334
17,114
14,176
279,379
126,235
114,174
38,461
103,494
310,350
38,83
84,162
80,106,331
86,253,333
298,356
33,214
340,473
202,308
286,340,407
168,185,463
296,432
167,396
26,27,459
3,463
155,500
86,274
201,419
112,330
68,315
310,318,466
331,370
273,354,456
300,314
147,229
136,232,455
131,142,299
174,240
23,257,347
307,324
271,493
133,370,459
105,324
128,453
83,254
324,389
206,327,384
212,486
5,51,307
101,277,449
242,244,413
284,306
144,317,324
167,310,359
158,266,321
209,471
26,86
160,288,361
132,318
353,433
370,398
232,350
356,484
276,400,498
38,233,403
244,283
282,424
70,482
192,313
137,187
308,421
110,430
78,459
168,246
131,373
23,82
113,493
249,390,482
168,369,482
332,409
484,496
42,204,476
175,327
131,260
42,273
10,128,392
423,463
153,484
150,177,441
121,177
256,278
57,100
62,458
228,276
157,421,438
218,396
103,366
319,385
65,89
156,431
212,296
19,277
22,329
71,405
347,368
213,479
202,236
141,182
12,27,402
234,420
297,466
271,415
107,357
81,90
349,495
256,298
133,202
53,310
1,92,276
83,360
171,372
293,395
35,132
130,421
145,197,294
2,107
49,271
