116,205
237,344
122,389
91,225
21,271
78,302
190,382
7,409
32,115,466
252,495
6,89
57,220
84,227
294,415
79,93
377,392
237,270,443
368,414
5,38,335
173,482
110,475
107,379
70,126
65,270
24,337
10,229,443
81,229
49,123
17,260
143,151,250
44,367
32,208
201,276
16,214,300
90,228,437
94,411
269,444
246,304,391
193,293
154,325,346
324,480
36,392
60,183
232,278
214,414
245,313,322
98,192,388
63,100
210,211
116,255
232,305,463
182,290
94,97,367
427,466
18,180
254,374,393
267,308,400
7,82
324,408
101,398
103,185,489
69,258
169,217,316
44,54,472
119,425
45,385
184,415,478
109,257
182,480
95,430
357,373
219,479
264,375,405
153,377
164,255,391
7,148,383
284,302,472
84,131,406
284,286,375
263,368,461
232,370
25,288
236,280
124,154
299,438
316,343
81,282
18,336
124,273
408,450
224,324
34,278,352
73,285
117,406
13,455
35,141,411
264,296
76,131
80,237
104,118
438,480
155,274
280,296,492
187,459
11,183,189
77,291
161,286
76,92
79,476
72,473
137,151
58,201
44,396
146,406
141,176,444
188,254
28,129
311,459
325,392
73,473
260,370,418
53,468
119,252,329
8,19,415
70,73,191
128,184,297
77,167,186
14,231,463
158,299
229,330
77,145
48,167,460
14,18
113,483
437,462
200,298
116,146
389,423
113,137,184
7,336
62,92,376
234,292
49,314,424
7,458
117,184
183,408
149,428,459
156,178
70,411
227,499
232,239
31,176,473
393,468
127,176,298
78,373,486
49,195
281,419
119,252,398
333,398
84,222,415
308,339,494
108,249
303,383
96,142,426
174,344
349,484
9,379
60,156
163,437
11,82
18,304
60,102
59,85,110
22,392,410
298,395
235,403
329,339,466
23,444
82,356
15,114
68,377
297,326
340,344
305,462
109,457
120,482
373,406
441,499
345,382
172,425
337,476
62,231
72,408
5,60,369
3,75,275
68,188,412
239,251,460
64,141
152,277
22,26,328
70,260,495
262,421
96,460,473
270,396
134,456,459
368,480
226,379,498
211,299
79,152
52,237,247
147,251
237,275
8,302
73,383,478
291,416,459
219,344,352
18,402
108,377
47,407
362,474
291,447
200,287,491
137,274,468
14,213,359
144,440
271,450
441,457,458
67,71,73
23,142
234,237,314
56,115,426
7,62,292
96,405
148,382
41,73
225,393
198,291
140,491
3,256
181,204,281
75,101,301
131,387
83,481
42,342
185,229
69,220
65,233,293
107,108
255,368
128,244
77,359
163,397
129,311
81,398
134,378
173,492
315,467
290,419
41,431
101,107,466
230,357,418
269,371,493
202,236
127,418
36,369
109,157,370
18,64
157,347
200,487
229,255
157,471
8,173,485
14,429
311,387,389
422,465
55,243
190,355
156,293
99,181
164,381
154,408
251,344,440
93,150
61,140,429
271,484
26,410,435
148,238
135,212
256,460
25,152,348
16,215
198,296
155,256,346
207,368
123,276
101,284,334
331,391
5,333
244,444
141,295,317
266,282,291
314,422
98,260
182,398
36,338
121,233,384
40,50,63
24,35
20,408
87,296,456
180,242
92,288
187,295
288,355
136,161,309
52,118,405
43,65,497
295,308
292,481
41,162
219,311,363
377,445
407,466
302,383
451,498
147,363
331,426
37,488
178,285
173,423
12,302,328
120,442
223,347,495
135,370
88,401
414,476
68,108
345,352
106,371
38,392
282,488
251,389
161,165
77,103
226,478
15,275,378
187,343
312,326
30,42
331,477
92,263,473
6,144,389
329,384
101,214,416
113,251
26,299
12,93,287
275,435
158,392
78,97
249,287,294
43,73
55,336,470
247,265
149,195
295,304
99,228
164,205
43,170,395
97,242,459
341,353
16,36
135,164,255
146,208
20,280,408
219,499
92,96
319,363
53,250,315
96,392
145,244
29,434
37,75,335
240,413
227,261
289,337
35,417
377,398
82,132
190,480
243,391
225,326
88,135
272,347,449
137,206,226
147,237,377
35,98,291
368,393
38,448
94,121
368,378
87,237
128,253,371
127,212
145,382
80,105,230
391,398
41,278
29,111
39,283,422
36,483
116,438
149,481
229,334,418
160,302
70,186,413
61,140
358,389,438
41,214,275
61,236
41,169
90,140
96,449
147,488
12,345,415
147,197,248
258,412
123,254,314
82,115,348
88,342,438
60,212
138,397
133,308,317
380,487
132,464
263,327
265,321
136,197
161,174
10,92,279
277,376
172,332
67,380
5,34,50
232,406
53,478
148,288,478
399,418
63,210
174,216,436
142,227
228,358
266,477
278,322
169,256
49,120
121,264
12,168,299
315,413
169,411
355,401
1,362
3,308,354
121,188
116,308
31,356
47,100
130,447,495
120,268
11,57
292,355
89,437
57,356,408
46,251
25,488
295,349
361,414
225,498
188,216,337
106,416
133,322
393,494
12,204,251
370,467
72,287,385
66,305,411
7,44
87,266,445
125,185
125,280,481
146,301,465
25,286
27,430
240,332,459
54,388
43,195,266
210,246
201,488
67,291,326
298,308,313
44,304,478
92,126
166,427
4,162
289,314,466
184,247
183,346
141,150,165
1,80,459
59,97
13,141,319
33,271,443
323,374,399
48,411
129,279
229,289,326
219,352
153,403,463
299,311
207,402
155,338,426
27,274
176,285
55,433
43,108,119
145,289
71,103
83,224,281
60,209,489
2,112,408
212,482
141,449
225,456,488
147,347
149,314
66,245
211,272,476
244,410
232,406
80,193,340
19,106,230
305,425
82,361
149,404
249,291
259,464
169,418
121,133
77,342
137,154
48,298,377
408,420,453
214,446
144,162,202
29,203
179,288
144,326,373
127,222
218,445
90,111,288
189,417,476
41,457
386,453
152,287
63,250,371
254,416
293,331,464
151,245
112,212
57,129,319
83,459
21,111
87,168
409,448
18,376,392
217,301,400
174,370
199,274
119,252
192,279
104,160,190
260,360
104,499
265,385,500
34,75,277
276,439
312,408
410,411
367,400,496
271,443
64,71,133
61,320,430
325,327
200,389
208,276
222,264
181,293
196,429
15,100,321
244,448
85,172,226
57,157
58,123,316
273,494
267,433
173,224
92,387
89,163
134,198
194,415
272,273
101,204,338
116,178
6,384
467,470
195,370
158,355
99,142
133,227
174,193
73,283
80,267
275,346
231,417
58,147,296
102,295
146,412,416
276,391
65,349
46,373,466
59,248
5,382,396
351,408,431
71,320,414
92,367
375,478
222,352
67,202
74,293
10,89
74,294,302
299,383
45,414
83,88,411
258,473
174,223,255
51,338
165,432
150,423
221,383
1,204,496
84,421
55,457
64,154
40,438
266,268
87,145,314
406,464
357,366
246,331,389
12,92,101
77,350
22,41
13,174
115,187,218
286,485
155,207,373
201,244,477
12,194
438,463
44,227
205,319
69,178
229,486
34,42
177,386,433
54,81
371,451
19,48,122
286,420
182,239
172,328
125,213,355
202,427
216,393
335,355
169,239
279,461
126,353,437
48,98,319
117,463
133,327
2,129,450
48,481
163,407
295,398
2,370
56,207
232,309,436
202,386
105,186
241,461
217,391
119,201
170,327
401,417
212,310
18,40,386
205,255
192,355
15,235,413
103,240
74,213
16,429
217,458
82,404
9,260
298,327
169,282
252,343
58,144
268,298
170,291,471
257,335
136,273
232,297
183,313
172,189
113,310
297,299
107,177,378
94,327
208,291,465
172,395
70,102,240
224,381
180,365
4,207,363
56,242
67,367,486
256,384
218,341,363
271,273
27,59,374
364,493
116,327,346
128,210,305
238,387
170,313,392
278,368,462
35,95,491
48,174
300,402
105,231
373,417
362,381,386
288,338
231,354
331,464,482
291,422
181,305
70,365
210,401
270,488
266,493
203,363
316,336,432
255,393
11,358
56,102
303,441
38,64
63,158,303
21,63
56,482
248,259
90,390
155,462
56,214,279
32,64,363
142,175,420
169,174,331
147,238
165,190,458
83,119,264
86,393
276,476
459,479
72,378,484
82,265,434
128,378
206,248,414
64,174,317
349,432
86,271
322,399
81,224,344
260,345
239,367
150,188,419
61,333
439,442
244,328
73,336
100,265,310
33,206,224
68,419
178,322
230,251,294
205,390
177,255
253,352
233,482
58,192,202
54,324,352
197,259,399
307,494
51,252
197,318,458
199,432
103,171
48,371
50,222,227
99,352
134,166
30,390
117,205
17,131,221
42,69,356
24,68,479
127,320
163,234
336,372
124,150,286
151,294
19,440
7,372
84,159
132,216
59,68
35,357,456
42,409
9,475
410,411,430
47,279
182,387
164,168,482
177,301
170,261
8,310
217,330
27,117,153
230,275
257,306
250,302
253,495
57,457
7,118
356,440
307,362,375
25,98
103,196,310
126,163
219,395
174,371
74,415,490
104,477
267,276
202,463
362,497
145,192,296
12,26,403
54,425
318,420
145,471
119,181
271,355
138,401
360,380
65,97,98
248,279,364
190,354
254,378
120,223
116,133
2,54,410
98,242
338,399
38,318
179,185,344
198,384
114,373,477
240,367
199,396
110,229,452
19,222,344
4,411
197,365
210,232
5,312
102,187,327
147,221
32,420
88,277
12,377
317,486
224,310
12,115
236,268
5,217
431,457
118,234
316,358,496
7,160,488
50,63,483
270,462
481,492
85,122,365
58,191
349,482
15,175,228
280,319
86,465,475
270,377,447
113,272
41,186
107,251
118,165
55,226,467
150,225
42,272
64,440
162,405
206,454,499
272,396
90,333
73,266
245,319,487
88,494
88,153,476
7,109,163
136,318
4,33,242
363,459
339,379
383,443
110,377,378
383,476
41,364
176,200
160,303
235,275,491
172,193
242,432
283,492
218,324,427
59,240,436
148,472
62,298
16,368
113,261
249,411
158,461
84,300
191,267,291
83,342
391,404
20,447
410,500
17,129,375
33,459
305,321
239,242,478
204,387
394,420
228,400
39,342,349
139,448
13,125
167,435
19,152,303
339,387
87,384
60,71,450
159,477,478
120,438,461
16,23
89,176,326
105,304
21,82,356
72,175,220
134,391
39,445
340,392
222,262,264
167,189,209
130,418
15,64,414
220,418
32,192
278,396
114,299
24,288
413,476
115,236,338
82,456
195,264,290
91,311,445
18,275
118,370
188,381
40,208
14,285,337
4,309,399
16,25,261
111,457
247,498
7,136,494
48,183
50,271,324
2,72,354
180,376
26,152,218
154,428
9,299
311,370
403,404
22,166
200,338
35,116
370,449
65,435,447
74,163
275,330
329,419
189,215,269
396,430
42,70,380
244,311
434,446
55,487
244,460
40,133,252
270,498
205,460
215,393
14,95,162
11,436
152,478
76,487
64,69,89
184,192
62,499
212,315
384,499
391,470
320,426
115,432
43,326
11,223,430
79,298,485
77,94,465
245,499
217,224,314
307,426
125,139
254,331
175,430
251,278,284
74,104,449
350,421
309,409
310,434
178,309
152,392
116,318
315,357,437
157,303
219,382
2,142
33,242
80,442,472
115,246
151,177,439
179,297,451
346,367
139,185
191,326,398
187,208
12,76,116
259,338
252,380
141,403,446
104,165,286
207,473
125,260
29,224,244
126,227
82,147,479
96,189
194,480,497
135,356
148,440
54,222,375
163,315,371
113,122,483
140,317,411
34,47,213
220,264
114,252,326
283,445,459
333,354
65,331
19,24
64,124,168
59,166
20,402
123,331
108,172,282
130,155
80,372,413
189,253,440
60,92
240,483,493
256,485
116,396
68,138
392,473
58,70,470
422,483
286,398,471
28,232,496
162,206
22,320,473
1,6,339
123,324
8,216,297
159,424
44,117
1,267
27,61
128,162,404
245,385
98,149,165
177,451
5,194
14,120
387,447,472
43,166
128,322
31,298
128,382
256,320
117,231
92,220
84,228
379,491
20,313,453
412,454
127,291
115,461
29,323
205,254
225,283,389
235,308
14,54,108
14,46,55
28,57
190,260
110,211,401
9,228,236
267,282
182,201
200,408,434
117,372
2,366
5,227,324
36,280
51,434
86,385
350,385
350,392,461
152,260,495
121,267,457
145,177
117,372,438
86,276,406
170,479
43,414
182,225,398
257,344
104,126,180
343,456,471
200,499
126,305
210,438
297,499
413,446
15,194
250,349,396
107,266
133,181,327
350,463
106,472
11,208,298
66,187,402
323,365
22,447
251,314
193,270,414
37,71,231
266,351
37,74
90,161
169,228
194,285
93,341
46,85,134
50,135,175
345,441,448
425,456
361,377
261,303
89,126
8,9
331,392,404
33,176,384
171,305,336
14,72
238,249,400
72,376
236,442
334,370
17,469
260,347
363,432
120,283
7,35,413
19,448
24,38
265,414
72,183,263
18,239
23,441
44,83
278,483
204,430,466
22,491
215,412
60,434
6,254,338
125,345,448
111,446
349,425
26,481
319,450
47,180,271
284,431,437
255,416
15,47
195,441,451
24,91,412
100,123
138,272
49,314,386
188,267,465
149,281
133,422,500
228,417
193,213,214
95,247
119,339,393
4,249
224,291,407
107,114
38,376
106,175,348
98,185
137,163
183,229
191,396
437,449
143,173
255,277,331
84,294
149,393,407
10,192,318
22,48
280,419
152,192
7,255
18,293,463
242,355
309,353,354
46,316
362,395,418
42,374
372,443
150,441
54,95
48,401
284,301
136,230
239,368
5,361
260,423,490
168,391,424
22,49
213,495
91,239,288
393,424
348,372
92,130
202,278
10,429
88,111
61,313
106,424
186,219
91,389
13,59,497
123,324
140,142,209
9,343,367
376,490
200,296
58,386,459
10,401
42,152
113,268
229,235,411
48,475
101,121
59,178
413,471
406,471
82,281,326
72,73,76
3,246
295,362
121,134,242
167,424
78,220
216,420
37,358,444
187,340
238,263
37,143,479
170,413
148,452
127,248
329,464,496
263,348
91,240,330
27,89
66,135,213
101,159
97,329,482
20,257
171,288,372
324,436
345,371
111,310,379
368,489
202,426
57,364
214,460
15,287
172,387,488
18,140
289,326
65,149
152,285
137,322
379,481
231,352,407
91,170,371
159,496
214,338,434
132,261
21,45
30,370
47,294,402
50,415
47,61
90,232,389
144,267,289
327,464
23,146
403,446
320,327
222,401
224,339
249,377
5,333
36,346
139,147
294,490
94,168
386,466
8,64
289,395,408
93,116,165
89,290,414
164,262
211,273,360
2,360,440
289,355
331,373
29,155,309
113,122
244,391
401,438
20,84
34,114,423
88,191
2,79
114,305
220,265,368
44,185,471
9,238
72,452
166,443
245,373
5,274
74,118,333
109,143
120,411
286,354
87,276
30,116
24,114
52,224,421
303,304,357
228,347
163,371
355,390
60,280
110,270
316,459
386,423
196,412
143,480,485
242,481
137,226,251
136,194
128,132,211
61,281
248,442
6,60,94
35,319
61,64,285
90,310,443
289,339
313,411
126,189
88,143
58,164,384
139,213
86,217,229
18,484
6,16
88,217
334,456,460
147,469
25,297,499
328,494
129,285
9,28,100
204,355
50,149,201
332,455,471
186,389
46,410
457,490
68,130,447
303,337,420
180,259
15,72
133,320
6,389,392
63,109
402,449,463
236,291,330
57,198
37,259,474
93,187
5,63,157
239,460
95,245,265
468,496
72,305,306
205,392
263,368,446
117,234
264,283,426
80,233,363
130,170
30,41,196
244,314
149,411
247,320,478
349,416,455
139,376
273,468
241,429
165,284
151,378
98,284,452
263,426
130,145,221
148,191,261
186,270,484
224,227
55,135
341,414
58,217
101,110,496
78,372
151,186,475
24,75
48,87
64,214
356,440
60,226,432
72,215
325,475
85,297,448
71,285,463
111,210,232
392,449
151,333
277,359
86,306,377
44,448
253,355,403
377,439
117,305
191,249
247,347
210,307
248,434
45,76
193,258,475
151,325,373
189,355
176,319
223,378,421
204,332,391
22,364
265,499
112,133
156,421
117,319,349
41,340
423,445
192,245
58,332
53,485
211,239
227,414
180,464
340,408
55,331,460
22,391,477
106,252
319,437
319,327,346
274,494
125,257,290
25,174
105,458
305,382
139,276
202,244
14,133,187
34,358
308,405
344,428
239,259
298,311
50,173,382
224,340
268,498
309,336
129,276
372,383,437
93,275,426
96,275,462
18,175,430
36,241,275
99,218
18,103
106,302
288,480
375,454
231,319
219,277
344,400
381,386
38,306
28,332
27,201,240
212,439
371,478
32,218,285
67,266
324,453
142,178
5,79
203,204
10,96,334
153,271
91,495
325,459
234,361
230,240
200,343
118,265
319,418,446
56,139
422,479
73,86
72,99
56,299,371
363,445
236,477
168,253
120,249
119,404
475,478
131,264,332
154,192,207
200,215,308
223,400,428
267,427
165,313
248,391,487
477,486
162,403,476
111,406
15,116,343
153,220,308
51,444
395,434
152,351,452
218,291
131,137
148,275
42,132,137
2,183
316,435
1,198,293
127,448
7,64,290
353,381
46,185
157,382
145,408,465
262,316
126,444
277,415
35,60
328,457
117,415
53,449
135,323
18,32,444
126,424,428
252,407
3,81,467
37,98
59,185
324,333
70,221
385,402
81,86,170
25,171,286
219,247
308,337
329,421,425
23,68,467
251,294
320,495
106,227
92,126
62,212,324
72,214
237,421
324,442
107,204
399,480
59,150
3,394
159,240
279,418
361,490,498
134,296
41,481
75,372
142,218
296,328
349,484
199,324,414
113,499
73,470,489
151,159,464
85,437
259,491
229,282,289
142,162
81,341
198,400,473
470,490
376,421
109,389
126,148
108,224
134,204
181,276
150,233
291,416
181,266
232,444
160,360
96,280
235,322
159,264
107,480
98,327
226,285,406
428,469
24,438
213,318,478
188,198,270
103,239,349
158,251,420
87,377
59,279,282
130,204
101,342
390,420
132,305,353
21,154
173,364
377,470
118,284,448
163,173
30,177
211,289
32,435
203,363,484
138,199
183,214,245
125,500
169,372
72,106,380
13,101,169
218,298,468
386,475
260,419
45,141
51,115
262,377,395
47,248
44,97
279,500
13,354
78,303,467
274,275
116,214,279
40,77
17,204
403,440
278,312,345
284,393
63,445
195,271,330
7,431
195,258,400
257,319
5,334
155,474,493
255,326
201,277,289
73,231
348,403,485
323,355
81,423
163,335,435
92,459
178,335,373
233,486
35,346
20,78,390
86,434
5,128
140,493
320,385
239,393
163,488
66,273,419
102,183
322,331
47,215
272,365,437
169,221
223,429
358,382
209,280
145,258
30,93,356
49,354
21,189,462
15,68
226,265
42,137,193
139,420
74,216
95,183
288,289
226,422
5,127
432,467
7,310,323
16,280,453
30,196,208
416,457
324,357
86,314,357
40,50
256,350
246,361
103,189
211,376,380
159,420
32,106
140,201,322
189,474
315,499
338,340
115,220,259
20,205
105,107,192
172,266,348
200,338
306,374
295,392,395
13,43,393
238,349
30,240,469
269,369
312,449
129,350
58,244
179,224
53,321
45,259,313
186,367,407
346,473
41,195,287
214,276
32,368
35,142
93,437
101,481
158,347
113,334
371,467
119,291
276,423
114,198,487
96,422
83,332,373
124,171,181
252,466
108,172
118,227
276,445
165,352
351,372
15,406
126,390
46,67
84,481
14,300
11,86,324
124,393
21,294
48,104
275,382
22,29,202
77,229
73,396,500
180,446,463
299,454
214,408
63,263
169,366,475
7,152,179
182,413
276,496
154,402
382,493
164,362
283,490
317,325
166,268
200,496
44,365,413
154,179
247,364,394
195,258,406
102,281
119,146
174,399
404,421
435,477
36,280
303,478
239,313
397,421
182,296,412
357,438
130,342
18,287
427,488,496
10,446
34,272
91,351,428
140,351
134,204
112,425
159,500
2,340
126,360
2,11
1,194,303
187,196,298
110,254,386
183,373
78,239
78,306
146,198
152,372,483
133,138
291,406,477
12,313,320
275,347
30,350
346,354,434
19,127,140
16,420
108,314
126,409
275,500
6,336
174,317
38,52
85,229
150,179
45,81,403
127,449
119,172
372,453
48,126,213
277,404
25,483
75,451
36,116,141
317,408
148,390
186,228
112,265,319
117,481
96,327,394
198,204,420
29,390
293,404
195,431
165,182,290
271,351
445,469
181,322,372
307,495
73,220,340
120,397
194,290
174,267
54,55
138,221
62,95,278
396,479
173,312
121,149,154
178,245
82,402
27,326
42,227,323
5,352
445,466
239,289
131,172,471
4,20,69
158,365
63,324
135,454,490
409,467,494
319,332
13,371,403
159,335,474
61,472
97,122,215
66,209
242,413,490
281,378,455
75,224
477,489
78,281
284,306
175,425
297,304,448
124,348
12,48,144
198,238
124,318,457
29,101
265,321
127,227
19,317
49,53
97,459
182,201
309,310,448
192,461
228,368,391
104,439
58,144,255
80,171,354
13,257
294,479
82,176
77,219
299,324,353
3,211,401
294,441,495
257,370
94,240
147,237
356,390,417
169,445
190,379
117,370
114,185,469
189,340
73,92,105
38,378,427
134,334
327,449
401,445
2,146,204
214,466
311,313
15,163,471
40,380
75,188,237
37,230,315
178,430
100,247
36,427
373,477
92,327,411
194,306,346
22,93
38,286
53,361
63,375
88,331
56,303
66,221
13,94,276
184,232
80,287,433
46,123,387
26,284,294
87,223
131,420,465
117,184
120,141
31,218,497
199,305,372
77,435
207,419
60,240
122,321,467
235,310,425
43,59,458
352,441
71,203
352,452
9,26,127
146,244,276
120,418
250,341
63,73,166
179,439
137,307,452
161,212,232
333,472
238,301,330
183,407,443
297,441
113,310
36,469
231,418
261,364
74,97
15,84
79,123
402,418
81,326
55,281
38,213
304,310
120,307
108,224
98,299,382
334,335,382
83,226,229
61,386
78,163
459,477
61,248
27,464
2,12,209
151,258,477
11,238
88,127,313
212,494
281,339
53,444
69,145,147
235,418
76,141
363,369
83,187,210
162,176
175,447
171,247,378
27,146
82,253,343
125,132
301,344
163,268
123,182,325
20,275
237,400
120,265,444
64,423
235,257
1,151
245,403,414
287,374
224,451,465
42,243
145,443
21,234
132,468
108,231
63,361,478
310,472
250,360
12,469
101,326
21,60,251
67,278
45,87
31,71,444
133,340,364
26,220,465
264,306,359
106,347
308,313
193,315
171,460
194,310,403
33,138
33,299
60,337
245,364
32,434
272,290,365
63,89,330
12,141
159,456
25,237
364,383
109,351
98,109,148
195,270,395
166,184
301,330
5,50,380
305,495
177,219
138,372
84,288
257,401,487
143,463
91,288
147,260
188,329,404
140,247
394,399
203,220,364
206,477
2,446
154,329,391
67,440,490
180,381
350,407
124,272,472
44,286
102,302
3,210,365
13,62
217,247,259
176,322,440
216,248
4,29,290
27,199
91,147
43,49,427
193,379
79,129
123,169,267
111,185
60,312
148,164,304
163,356
87,367
116,259,275
14,22,133
76,425
108,239
227,422
113,216
140,296
103,411
194,255,453
260,346
202,203,375
30,183
11,118,368
252,420
244,450
242,496
45,220,414
103,459
15,236,285
146,185
31,400
147,349
237,455
85,213
102,191,351
28,64,364
36,82
12,55
20,444
97,158,297
92,167,353
26,309
95,284
21,196,203
130,171,325
59,409
24,81,106
15,57
422,424
389,437,494
249,465
65,84
287,392
77,185
30,80
232,492
95,250
320,393
269,485
334,443
252,313,384
195,294,305
146,268
84,397
280,362,491
37,288
18,385
220,225
240,395
195,219
162,226
57,367
127,138,274
78,179,359
252,410,425
92,209,399
358,438,452
179,395
65,330,381
346,437
2,315
404,482
246,274,401
95,461
157,357
3,349
276,354
73,313
280,399
65,151
324,391
43,332,435
175,432
76,194
241,476
96,432
30,259,280
59,387
173,498
191,201,291
56,116,130
239,397
26,34,206
43,391
234,484
89,313
30,98,454
36,72,406
215,404,426
213,438
196,215
70,156
353,447
4,304
66,205,392
20,243
258,266,458
17,143
414,415
190,260
88,254
229,273
364,413
217,424
207,256
353,362,385
99,279
350,412
301,447
200,368
182,420
160,213
64,187
439,495
147,245,379
47,121
84,331
185,343,344
166,215
244,368
111,244
231,253,461
85,226,227
9,111
93,109,442
23,322
126,430
93,442
110,413
263,482
122,367
134,238,240
7,290
423,436
352,491
125,206,249
378,464
186,373
324,491
85,274
121,415
434,472
16,327
118,474
189,409
12,264
116,331,333
194,207
29,377
6,170
154,325,367
39,314
270,479
91,344,495
316,469
97,240
290,357
163,408
26,379
221,427
99,324,353
73,449
84,336
75,217
161,304
200,355
191,201,311
111,365
11,126,287
7,448
61,200
261,317
143,236
181,225,243
167,300
54,143
86,380
139,488
125,152
59,162
391,400
249,330,381
66,295
185,258
101,311
137,145,208
122,132,485
125,485
254,276,393
161,245
36,232
125,443
37,120
4,203
66,142
132,161,284
162,295
251,345
82,218,235
74,171,380
11,379
181,384
29,474
18,229,281
21,157
65,74,316
220,353
14,345
32,71
120,363
211,230
179,214
103,383
130,279
258,404,469
333,436,459
361,396
110,464
46,182
226,265
140,500
129,403,408
166,202
156,364
42,209
298,346
294,335,374
173,262
196,449
41,126
75,185
15,134
194,348
322,430
423,461
129,431
206,227
7,74
62,286
318,354,389
163,196
342,374
297,422
44,59
79,441
182,266
160,176
60,328,413
241,405
87,433
156,282
162,213
214,390
177,393
104,195,486
223,374
240,262,393
49,113
212,497
166,314
137,138
166,204
207,441
295,499
163,260
243,454,457
284,320
184,291
158,369
128,398
131,145,227
284,462
255,270
195,406,453
261,279,345
187,245
165,219,279
49,123,169
86,276
66,320,429
177,186,387
32,393
81,469
227,304,343
243,484
156,170
89,200
86,162
39,377,416
114,144,358
4,63
253,356
125,498
132,284
45,245,392
55,381
149,229
443,455
381,486
13,252
309,386
227,490
295,340
226,258
69,82,153
165,447
257,270
48,239
46,325,471
351,427
103,108,332
231,443,447
18,356
49,227
58,91
44,372
30,258,476
86,149,252
116,338
70,119
345,477
114,199,294
435,485
251,413
101,110
263,399,493
405,441
341,456
109,387
27,92
21,385
199,333
122,215
408,461
38,156,421
244,252
39,347
48,71
136,254
88,199,260
147,225,370
338,358
214,383
119,349,497
58,225
203,315
109,163
75,313
42,480
66,115
84,419
47,114,313
8,219,346
120,194,411
1,156,404
230,464
61,218
37,494
222,345
308,403,417
1,150
415,472
10,105,449
70,138
263,406
9,193,265
24,197,314
168,262,407
102,340
85,124,494
207,401
219,257,441
197,324
317,402
371,434,468
119,154,424
44,70
107,314
140,183,473
129,203,241
150,204,349
61,243,314
106,232,267
306,477
14,421
273,389
33,307
154,178
164,224
297,410
87,92,215
32,451
140,374
211,372,431
112,218,463
131,400
82,189
281,479
211,361
307,334,380
27,218
59,377,439
314,391
49,339,477
315,323
233,364
191,479
137,304,334
65,123,159
179,357
32,69,346
104,491
213,472
207,280
408,438
287,305
83,387
24,355
213,347,365
90,133
208,417
223,440
52,262
86,262
398,454
71,420,440
188,418
248,346
230,272
159,473,476
450,471
87,424
202,308
57,279,500
118,226
151,462
298,321
398,470
249,367,384
163,333
11,22,356
19,271,282
109,454
163,227
12,453
72,178,425
44,458
59,416
1,277
68,283
41,194
26,494
78,351
271,310,352
33,375
139,251,355
287,407
37,171
191,439
120,200
19,485
119,377,465
34,62
199,486
21,112
113,360
262,306
304,370
210,290
106,216,436
33,50
34,290
300,489
212,251,299
334,373
11,198
250,324,375
51,327,426
283,433
243,411
42,402
274,497
32,66,215
201,442
94,384
3,40,43
90,213,336
135,471
58,361
7,372,458
170,339,484
23,289
340,434
168,455
200,493
313,346
175,493
129,408
106,299,480
84,383
174,398
30,102
85,158,495
309,492,495
165,334
384,391
6,447
180,315,335
117,368,481
37,384
7,87
87,407,465
201,245
236,362
195,225
116,202,446
259,265
17,424
203,430
171,465
136,166
266,386,404
22,431
491,499
55,488
116,196,218
112,253
321,457
149,166
102,278
261,494
162,416
42,113
10,124
290,347
131,223,422
25,241
143,354
80,309
215,431
129,439,490
356,363
154,301,344
38,398,457
211,232
88,230
65,201,497
82,403
2,112
349,482
334,350
22,376
272,294,372
8,273
25,221
261,358,443
50,498,499
169,293,432
18,442
118,479
14,385,463
189,378
175,349
118,207
90,153
298,417,474
301,311,488
242,468
8,171
108,123,172
128,258
105,120
121,488
37,97
118,211,396
148,380,490
152,486
221,381
91,398
75,150,182
8,255,278
141,350,418
89,197,243
78,198
21,142
337,388,414
15,392
190,347,470
106,166,219
411,500
182,368
151,201,381
167,466
107,425,487
268,448,452
310,367
221,263
258,349
137,291
233,357
43,168
134,301
275,473
21,28,76
35,434
438,489
70,360
118,184
32,175,196
239,423,433
7,132,495
116,374
13,336
122,136
361,413,467
32,65
181,486
266,369
96,350,364
57,364,489
12,294
56,59
139,345
351,385,497
