37,43
1,19,41
14,24,32
8,13,22
33,44
6,32
18,21
22,38
13,21,27
8,34,36
26,47
3,12
6,36
1,35
22,42
27,28
20,44
19,37
5,38
8,39
40,47
28,30
45,47
13,22,41
19,23
1,32
19,43
24,25
27,48
6,20,36
20,30
22,29
20,36
40,46
4,11
5,41
39,48
5,10,43
4,13
21,26
29,32
23,42
36,48,50
15,35
6,8
18,21
3,48
1,22
15,29
23,47
21,29
34,48
29,41
32,34
17,37
18,36
18,42
21,23,32
18,23
25,29,37
4,50
14,50
7,47
9,19,39
7,26
24,37,44
13,17,21
6,20,28
22,38
35,47,50
15,49
22,35
13,37
33,40,47
3,37
6,9
15,35
14,30
4,21
6,39
12,15,43
1,19
26,31
32,41
30,50
23,50
6,33,36
8,30
15,41
14,48
29,32
5,15,43
1,15,43
18,23,47
10,35
11,25
16,21
22,30
23,47
15,19
13,21,45
10,43
9,22,49
13,26
4,28
8,9
2,4,36
1,5
10,32
1,40
19,32,43
14,15
5,15,35
32,38,48
31,38
9,26
17,18,21
15,35
14,23
5,19,41
7,35
29,32
8,39
1,5,31
12,39
19,31
36,50
6,35
10,32,35
2,14
15,27
5,41
10,23,28
39,46
8,11,42
1,15,29
2,11
35,41
23,25
33,44
39,45
13,38
10,29
8,37
4,48
13,34
39,50
30,45
6,24
30,49
1,5,32
2,23,38
3,14
10,13
21,25
20,44
15,43
6,27,40
7,23
16,26
9,38
14,42
4,15,16
14,30
39,45
8,20
1,32
29,31
19,48
3,28
18,40
20,44
9,30
7,37
16,22,47
19,48
27,43
8,36,37
8,36
11,16,47
3,7
5,35
5,46
9,30,47
6,25
19,50
13,31
21,45
32,43
20,30
10,19,29
8,15,50
5,8,36
6,26,46
7,30,40
29,44
5,41
8,29
21,25,27
35,50
17,47
9,31
23,36
10,19,32
31,49
30,42
41,50
19,46
4,8
5,10,15
14,18
22,31,46
16,23,49
15,32,35
5,43
1,39
10,35
37,48
1,10,41
15,29
3,19
29,32
17,41
5,15,41
26,41
11,37
2,20,21
10,19,32
9,18
13,17
32,41
1,6
19,40,43
1,22,41
17,26
32,41
18,49
17,34
18,47
2,13
35,41
15,28
18,31
5,41
12,39,44
3,7
1,35
3,8,20
14,18,46
7,44
11,13,34
10,15
11,33
20,49
10,41
1,37,43
3,8,50
9,22
26,38
13,46
7,9,49
5,30
17,31,37
14,16
30,42,47
31,40
22,46,49
18,49
22,49
1,10
42,46
17,45
26,29,37
30,31,49
1,19,43
26,31,42
12,23
1,6,39
10,30
5,37
15,29,32
12,33
15,35
