7,9,29
19,25
30,39
34,40
15,44,48
3,9
18,41
21,27
20,36
9,26
5,45
40,49
1,19,21
13,41
9,44
3,16
4,11
5,14
23,45
13,17,25
4,44,47
8,41,45
8,40
17,23,26
5,41,46
31,44,48
2,9,15
17,39
6,21
28,47
20,26,44
18,29
25,34
9,18,21
5,25
15,28
22,30,42
23,26,41
15,28,29
4,45
18,32
13,23,35
16,50
12,42
29,30
9,15,17
3,22,49
6,18
4,32,42
29,44,48
5,35,45
30,42
12,17,34
4,32
1,10,42
1,16
34,41
22,50
19,49
24,43
30,45
4,8,33
26,42
16,17
33,49
20,50
3,23
17,22
15,17,39
32,44
41,45
9,36
37,42,47
13,35
34,36
22,48
46,49
21,27
36,40
31,47
17,35,45
39,42
13,26
29,31
13,25
20,36,42
22,50
24,50
21,34,43
2,3
7,32
6,14
17,41
5,29,33
18,29
8,17,41
17,41,45
24,31
32,48
17,43
34,49
2,44,48
18,28
8,45
29,42
19,39,42
11,48
21,38
8,22
30,36
9,24
5,7
32,47
31,47
24,36,42
16,29
5,38
8,13,45
3,9
8,35
13,18,30
34,43
34,42
15,44
8,25,26
13,41
1,24
2,7,9
11,50
15,32
3,23
4,29,31
23,25
1,33
9,14,15
17,26,45
8,45
2,28
32,38
3,44
23,26,45
37,38
3,29
11,18
13,45
22,44
5,45
24,27
2,29,34
8,26,35
25,36
22,33,49
39,46
6,22
12,33
3,28,47
21,40
32,48
21,24,39
1,47
21,39
38,43
15,28
21,30,36
19,28
4,32
8,17,23
17,35
5,26,45
5,25,45
6,36,38
44,49
25,39
17,18
8,17,23
40,42,43
25,35
45,46
17,25,26
8,45,50
3,40,50
16,50
36,41,42
6,12
4,14
6,49
2,47
7,33
2,47
20,34
28,32,47
6,34
23,45
10,30,40
18,48
20,50
36,50
5,26
5,47
34,42
20,30,38
3,20
2,28,44
5,36,40
26,29
21,27,39
33,46,49
14,19
13,23,35
15,31,32
34,36,40
15,36,41
20,37
36,40
9,26
5,35,44
33,39,43
1,33
3,28
12,40
40,48
5,25
26,41,45
2,29,47
5,30
6,20
38,39
7,22
2,48
25,27,45
2,7,48
1,43
17,23
5,23
36,46
16,33
7,9
3,4,9
23,26
5,13
10,33
1,27,39
3,9,32
8,45
4,18,31
13,33
1,21,33
33,49
16,36
18,48
24,48
2,33,49
8,15
34,40
13,32,46
30,31
10,50
11,42,45
16,24
33,45
12,21,42
3,28
11,12,18
6,17,25
11,15,28
5,13,35
12,38
3,41
10,22,41
37,38
31,40
2,4,16
21,43
21,28
8,17
44,48
23,39
23,26
4,18,31
16,28
7,9,11
4,10
13,36
