17,39
24,34,37
5,31
3,4,44
4,12,25
2,50
13,18
15,28
43,47
11,32,40
16,17
5,20
16,23,28
26,36,40
11,16,36
4,49
45,46
6,8
21,33,46
15,21
27,30,39
35,45
2,11
45,46
9,30
35,37,49
11,48
19,39
2,38
4,32
13,24
5,20
2,28,50
30,42
10,17
24,33,44
27,37
16,23,28
11,31,44
12,21
30,43,47
40,49
1,24,26
3,7,31
25,47
2,21
9,23,47
19,22,29
15,21,39
10,18,38
34,48
31,44
20,42
8,34
24,50
1,3
10,50
2,15,28
11,45,48
2,17,23
13,19
28,37,43
11,24
34,38
21,28
17,28
30,42
26,35
2,46
4,36,45
15,21,38
13,18,37
30,40
30,37
25,27
14,18
2,15,21
16,39
1,30
7,11
14,31
28,39,50
27,43
11,18
8,36
2,16,50
9,20,42
3,33
16,17,34
23,28,39
31,42
34,48
12,41,42
28,34,39
1,22
2,16,28
9,36
2,16,17
10,31
17,50
6,7,45
13,18,24
5,10
30,41
23,50
12,44
1,36,44
22,27
8,40
8,36
38,50
2,16,24
11,34
15,22
23,29
11,13,18
21,39
21,23,38
31,46
6,23
6,22
17,26
16,17
43,47
5,32,47
23,38
10,47
2,40
5,28
4,30,33
41,47
16,29
18,21
12,20,47
8,42
23,39
28,39
10,11,35
16,17
3,42
3,35
1,20
3,8,25
17,23,34
20,25
6,22
21,34,39
4,40,42
19,45
33,49
16,28,50
19,47
32,33
6,13,46
12,20,30
32,46
15,16,39
15,17
6,37
22,37
29,38,48
25,34
38,40
7,20
11,45
15,47
37,42
16,17,39
6,14,45
23,38
16,28
30,33
28,34
11,36
25,40,47
4,37
16,17
27,32
18,31
9,43,47
15,34
11,44,48
8,22,31
5,37
6,19
8,33
32,40
5,9
1,8,26
2,14
36,37
2,42
32,33
14,31,43
21,29
25,32
17,38
3,20,35
23,49
41,43
17,27
2,49
12,35
16,23
4,5,49
39,50
13,46
16,34
5,12,41
3,6
20,27,46
19,34,46
22,31
3,24,30
26,38
23,34,38
10,40
23,38
12,42
41,42
2,28,39
25,47
30,41
5,6
6,31
24,36
26,34
7,47
40,41,47
16,22
8,46
41,43,49
3,24
4,32,41
23,34,38
28,32,42
25,32,41
18,34
30,41,47
6,28,31
17,25,38
20,37,48
35,36,42
16,17,28
16,21,39
4,28,31
33,47,49
27,31
13,44
6,11
5,33,47
26,38
14,31,48
12,30,43
15,24
19,37
33,41,49
20,47
36,41
1,3,10
15,17,21
10,31,35
6,31
11,31
11,19,46
8,38
22,29
27,38
6,8,26
16,17
10,29
36,50
1,34
18,49
2,23,38
16,38
25,40
24,35
23,43
32,41
29,44
24,47
16,18
