21,26,41
23,50
6,25
23,37,50
20,43
12,30
16,42
18,50
10,13,27
10,23,37
14,21,30
9,16,29
6,9,36
9,11,48
13,32
17,23
23,44
14,16,29
23,50
26,46
6,18,23
6,18
6,7
4,37,46
5,41
1,47
1,36,40
7,25
26,41
16,26,48
19,25
5,21,25
3,38
28,44
23,37
24,27
7,10
13,21
6,45
9,11
10,37
34,37,39
3,8,22
26,46
2,50
5,36
19,32,49
10,44,50
2,50
16,27
3,29
35,50
15,20,31
2,4,41
6,42
32,42
13,48
11,26
27,36
10,37
37,50
8,10,12
25,29,37
10,37
26,38
12,22
6,44
2,18,44
8,24
7,40
37,50
18,34
20,23
13,38,46
22,24,32
29,41
44,50
3,8,23
6,44
16,29
12,36
38,42
18,19
4,27,30
2,18,23
2,38
32,48
22,31
1,15
24,27
6,18
34,44
18,37
36,46,50
26,46
9,11
27,46
49,50
10,18,37
3,29
39,48
4,20,24
25,34
7,47
19,28,43
13,24,30
9,26
11,25
6,10
10,23,50
15,23
5,27
7,44
17,40
2,23,50
33,35
12,21,25
19,20
5,12,19
13,29,42
11,12,13
14,43
24,38
21,40
25,30,32
42,46
10,36
39,47,48
7,32
18,20
10,23
24,27,49
26,48
24,44
40,49
23,33,50
27,40
13,16
21,32,43
7,14
31,42
17,34,45
9,30
3,29,38
9,35
16,42
2,21
30,38,42
2,18
4,34
31,35,39
7,21,34
14,34,40
11,46,47
1,3
26,35,47
44,50
3,12
2,5
33,38
11,41
1,12,43
2,44,50
16,47
3,4
9,19,34
11,30
5,15,32
12,19,24
13,42
3,47
34,40
1,24,27
18,19,22
13,42
5,8,36
22,36
5,20
14,34
21,49
10,21
3,32,45
22,26
9,42,50
21,43
11,29,38
3,8
13,38
16,19,33
29,33
2,48
1,39,41
1,4
8,12
16,33,48
2,10,37
14,16
36,49
4,8
31,34
4,20,24
13,14,15
1,24
29,35,41
3,11,26
21,35
4,12
46,47
5,45
2,6,23
27,33
33,42
21,22,27
40,43
2,6,44
24,32
40,49
6,48
25,46
6,14,26
27,49
20,45
32,34
2,23
2,5,23
3,16
3,46
6,23
8,20,28
1,5,22
42,47
16,42
3,10,33
9,42
47,49
23,42
26,38,42
11,33,38
2,42
17,21,23
14,27,43
6,10
19,26,45
39,41
29,40
18,37,50
2,12,20
10,24,32
3,26,39
29,41
12,42
32,35
16,30
1,32
10,23
18,37
13,47,48
3,40
14,17
19,31,46
34,37
14,19
29,39,42
19,21
5,12,17
26,34
25,38
19,36,43
11,18,29
21,43
6,18
4,24,25
6,18
9,17,48
10,19
21,48,50
10,37
15,43
9,29
18,37,44
6,10,50
19,28,36
4,7,22
