1,26
1,39
1,99
1,120
1,125
1,195
2,14
2,23
2,28
2,126
2,163
2,191
3,56
3,76
3,92
3,94
4,23
4,26
4,80
4,106
4,108
4,114
4,167
4,168
4,173
4,189
4,191
4,196
5,14
5,42
5,92
5,109
5,112
5,133
5,142
5,187
6,20
6,30
6,47
6,52
6,112
6,133
6,144
6,195
7,25
7,36
7,67
7,80
7,97
7,103
7,116
7,124
7,145
7,164
7,165
7,183
8,22
8,32
8,39
8,53
8,58
8,77
8,139
8,164
8,176
9,42
9,63
9,71
9,89
9,126
9,154
9,168
9,178
10,57
10,65
10,67
10,145
10,188
11,73
11,74
11,98
11,116
11,129
11,140
11,174
11,188
12,69
12,156
12,160
12,168
13,46
13,72
13,92
13,102
13,123
13,165
14,53
14,60
14,65
14,119
14,124
14,126
14,141
14,158
14,164
14,174
15,38
15,44
15,130
15,146
15,161
15,173
15,174
15,182
16,19
16,74
16,111
16,113
16,134
16,182
16,193
16,200
17,89
17,153
17,183
17,198
18,75
18,86
18,142
19,44
19,51
19,111
19,149
19,157
20,73
20,117
20,122
20,123
20,132
21,40
21,47
21,50
21,90
21,93
21,110
21,134
21,159
21,163
21,169
21,170
21,193
22,42
22,99
22,120
22,124
22,151
23,72
23,115
23,138
23,156
23,173
23,184
24,71
24,90
24,107
24,115
24,133
24,150
24,155
24,172
25,31
25,36
25,48
25,56
25,70
25,175
25,195
26,57
26,64
26,72
26,98
26,105
26,109
26,115
26,135
26,144
26,162
26,190
27,71
27,90
27,131
27,145
27,195
28,41
28,46
28,81
28,87
28,108
28,197
29,76
29,145
30,52
30,60
30,78
30,118
30,175
30,200
31,61
31,63
31,80
31,105
31,115
31,176
31,183
31,200
32,77
32,121
32,133
32,196
33,35
33,80
33,90
33,122
33,127
33,144
33,160
34,75
34,89
34,100
34,134
34,135
34,176
34,177
34,179
34,180
34,190
35,52
35,71
35,140
35,142
35,183
36,70
36,97
36,102
36,136
37,93
37,105
37,149
38,45
38,51
38,92
38,123
38,131
38,143
38,145
38,154
38,167
38,176
38,182
38,191
38,199
39,60
39,74
39,164
39,194
39,195
40,51
40,105
40,128
40,138
41,76
41,91
41,94
41,97
41,118
41,121
41,162
41,164
41,167
41,183
41,191
41,195
42,56
42,59
42,70
42,72
42,115
42,152
42,194
43,52
43,120
43,123
43,124
43,139
43,164
44,47
44,64
44,92
44,93
44,100
44,125
44,184
45,77
45,88
45,94
45,170
45,187
45,198
46,61
46,113
46,114
46,129
46,171
46,177
46,183
46,188
46,191
46,192
47,60
47,66
47,78
47,122
47,131
47,173
47,180
47,191
48,69
48,90
48,139
48,145
48,182
49,97
49,109
49,116
49,136
49,162
50,52
50,166
51,69
51,141
51,190
51,200
52,72
52,95
52,104
52,109
52,136
52,142
52,169
52,186
53,66
53,75
53,77
53,107
53,150
53,166
53,186
54,178
54,182
55,105
55,135
55,181
56,65
56,68
56,75
56,86
56,133
56,140
56,157
56,197
57,71
57,76
57,77
57,97
57,120
57,124
57,125
57,156
57,177
58,61
58,91
58,123
58,141
58,146
58,182
58,196
59,60
59,65
59,98
59,102
59,104
59,116
59,133
59,134
59,181
59,190
60,67
60,70
60,73
60,82
60,94
60,133
60,136
60,165
60,170
60,192
61,66
61,78
61,91
61,134
61,138
61,156
61,161
61,177
62,105
62,114
62,155
62,158
62,190
63,80
63,84
63,174
64,106
64,108
64,122
64,184
65,118
65,121
65,129
65,130
66,126
66,151
66,152
66,155
67,73
67,90
67,118
67,120
67,127
68,76
68,136
68,144
68,145
68,180
69,101
69,135
69,148
69,156
69,163
70,73
70,74
70,98
70,105
70,123
70,139
70,171
70,173
70,188
71,83
71,94
71,119
71,128
71,130
71,177
71,189
71,198
72,80
72,129
72,159
73,98
73,113
73,124
73,131
74,140
74,168
75,103
76,121
76,175
77,109
77,117
77,126
77,130
77,157
77,163
77,200
78,115
78,169
79,90
79,92
79,104
79,128
79,147
79,177
80,124
80,161
80,171
81,90
81,91
81,105
81,189
81,198
82,83
82,117
83,126
83,139
83,158
83,159
83,180
83,181
83,194
84,113
85,115
85,132
85,146
85,166
85,184
86,95
86,126
86,132
86,142
86,157
86,180
87,135
87,138
87,198
88,175
88,186
89,160
89,191
90,92
91,134
91,181
91,188
92,106
92,110
92,111
92,124
92,131
92,166
93,106
93,195
94,110
94,154
94,158
95,113
95,119
95,120
95,158
95,191
96,107
96,130
96,171
96,185
96,194
96,195
97,113
97,129
97,146
98,99
98,102
98,111
98,129
98,185
98,187
98,192
99,142
99,196
100,123
100,144
100,165
100,170
100,180
100,184
101,105
101,155
101,167
101,183
101,186
102,103
102,116
102,168
102,188
102,198
103,116
103,133
103,148
103,173
104,125
104,147
104,155
104,160
104,177
105,148
105,198
106,116
106,121
106,164
106,166
107,113
107,118
107,146
107,200
108,111
108,114
108,125
108,152
109,112
109,117
109,131
109,165
109,172
110,166
111,127
111,140
111,171
111,193
111,198
112,130
112,135
112,141
112,159
112,171
113,133
113,166
113,193
114,154
114,190
114,194
114,198
115,140
115,170
115,171
115,178
115,179
115,184
116,119
116,168
116,188
117,156
118,130
118,185
119,151
119,171
119,178
119,199
119,200
120,128
120,180
120,188
120,198
121,139
121,158
121,185
121,195
122,159
123,147
123,160
123,197
124,130
125,136
125,137
125,150
125,155
125,177
125,178
125,179
126,129
126,166
126,174
126,175
126,183
127,128
127,141
127,163
127,168
127,190
128,139
129,145
129,162
129,185
130,133
130,157
130,160
131,145
131,188
132,157
132,178
134,151
134,156
134,167
134,191
135,152
135,168
135,182
135,187
136,165
137,159
137,172
138,154
138,193
139,156
139,175
140,149
141,151
141,163
141,179
141,184
141,196
142,174
143,152
143,171
143,173
143,176
144,196
145,159
145,188
146,150
147,175
147,199
148,161
148,168
148,172
148,183
149,169
149,172
151,198
152,161
153,168
153,184
153,198
154,156
154,163
154,171
156,177
156,183
156,187
156,190
157,180
157,195
157,197
158,199
159,170
159,171
160,173
160,191
161,168
163,173
163,175
164,178
164,183
165,185
166,169
166,173
166,197
167,168
167,171
167,200
168,190
168,192
168,200
169,177
169,186
170,197
171,193
172,177
172,179
172,184
175,176
175,185
176,183
176,189
176,190
177,179
178,183
178,195
180,200
187,192
187,197
187,200
188,195
1,2,34
1,18,165
1,22,162
1,25,60
1,31,190
1,33,184
1,35,178
1,37,128
1,38,67
1,52,117
1,90,186
1,165,184
2,13,166
2,83,168
2,95,115
2,108,165
3,14,164
3,18,173
3,22,83
3,42,102
3,58,200
3,121,166
3,146,150
4,46,192
4,55,71
5,22,181
5,43,67
5,102,175
5,114,195
5,136,145
6,21,38
6,21,112
6,35,132
6,65,148
6,75,134
6,165,178
7,41,119
7,49,194
7,103,159
7,136,196
7,166,184
7,167,185
8,14,56
8,57,59
8,59,118
8,98,103
9,75,134
9,101,108
9,102,172
9,183,191
10,30,99
10,40,111
10,70,194
10,77,162
11,49,150
11,75,194
11,150,185
12,69,153
12,134,154
12,148,158
13,28,37
13,96,167
13,100,159
13,142,180
14,25,68
14,77,86
14,90,99
14,133,136
15,65,185
15,75,174
15,107,126
15,150,185
16,25,148
16,34,164
16,43,129
16,105,183
16,124,147
16,133,158
16,168,190
17,69,152
17,89,92
17,127,138
18,35,115
18,74,146
18,77,174
19,79,104
19,100,157
19,120,169
19,123,172
20,28,52
20,32,132
20,50,180
20,79,115
20,99,175
20,133,143
21,38,89
21,90,165
21,136,173
21,165,172
22,25,70
22,25,175
22,32,185
22,54,174
22,56,67
22,73,83
22,73,130
22,110,150
23,78,88
23,165,169
24,27,196
24,36,130
24,39,73
24,67,102
24,67,159
24,130,145
25,39,76
25,74,85
26,35,186
26,90,110
26,142,165
27,56,57
27,70,109
27,147,163
28,78,166
28,100,117
28,166,180
29,76,194
29,137,148
30,47,178
30,63,162
30,136,170
31,77,80
31,86,107
31,113,187
32,57,126
32,60,175
32,67,109
32,75,76
32,136,196
33,51,122
33,66,137
33,132,147
33,172,180
34,47,72
34,47,163
34,64,104
34,117,123
34,117,166
34,122,172
34,128,166
34,144,160
35,100,157
35,163,173
36,39,106
36,49,82
36,83,140
37,54,96
37,55,189
37,71,179
37,90,177
37,115,122
38,151,183
39,70,162
39,75,99
39,89,121
39,96,185
40,45,161
40,101,200
40,105,138
40,135,183
40,137,145
41,72,131
41,133,188
42,53,181
42,56,67
42,68,124
43,183,198
44,86,197
45,55,162
45,57,158
45,62,199
45,85,178
46,58,135
46,97,154
46,114,153
47,76,142
47,83,190
47,132,179
48,88,190
48,113,168
49,57,175
49,119,188
50,72,91
50,72,159
50,104,123
50,120,127
50,142,152
51,55,101
51,62,127
51,63,81
51,108,173
52,100,125
53,75,157
53,124,175
54,65,116
54,99,109
54,117,124
54,129,163
55,81,108
55,92,146
55,132,182
56,57,103
56,75,139
56,96,97
56,99,133
56,161,169
56,175,176
57,61,105
57,133,170
58,69,81
59,74,98
60,75,76
60,102,121
60,124,136
60,126,164
60,145,175
61,62,135
61,81,190
61,108,176
61,134,153
61,136,167
61,193,199
62,101,138
62,135,183
62,193,199
63,114,138
63,119,193
63,168,192
64,79,165
64,84,97
64,132,149
64,149,160
65,71,130
65,82,140
65,113,134
65,164,174
66,80,188
66,138,191
66,159,171
66,187,191
67,118,158
70,74,97
70,98,103
70,129,164
71,132,174
72,179,188
73,96,133
73,128,179
74,106,157
74,107,136
75,104,125
77,116,179
78,125,173
78,160,161
78,163,173
82,106,174
82,116,194
82,117,131
83,99,106
83,131,162
84,100,190
84,143,187
85,117,184
86,92,132
86,93,115
86,95,163
86,110,122
88,89,158
88,137,144
89,134,171
92,144,147
94,107,196
95,163,197
96,112,125
96,129,165
96,149,158
98,115,192
99,131,164
99,136,140
103,108,191
103,115,116
103,136,188
103,162,186
104,113,179
104,137,169
104,147,184
105,137,149
106,111,123
106,118,195
106,175,188
108,122,197
109,114,125
112,148,174
113,154,198
113,164,170
114,135,151
114,143,191
115,160,163
116,124,136
117,122,144
121,128,183
122,149,156
128,159,180
128,192,198
134,153,199
135,148,199
139,146,181
141,176,199
143,167,189
146,169,193
149,180,197
152,154,158
154,161,181
156,189,199
168,176,182
168,192,193
170,171,172
170,180,197
182,190,191
