1,3
1,7
1,11
1,51
1,63
1,75
1,100
1,110
1,112
1,140
1,175
1,181
1,184
1,190
1,200
2,49
2,94
2,141
2,185
3,47
3,55
3,90
3,100
3,142
3,152
3,188
4,64
4,87
4,91
4,100
4,103
4,106
4,124
4,144
4,189
5,13
5,84
5,131
5,175
5,184
6,7
6,13
6,48
6,88
6,89
6,114
6,121
6,127
6,140
6,168
6,171
6,191
7,9
7,23
7,37
7,56
7,106
7,135
7,165
7,168
7,179
7,181
8,45
8,46
8,64
8,95
8,103
8,130
8,142
8,143
9,85
9,98
9,105
9,112
9,169
9,175
9,181
10,51
10,59
10,77
10,144
10,164
11,26
11,46
11,77
11,80
11,83
11,144
11,182
12,35
12,45
12,54
12,65
12,75
12,76
12,111
13,16
13,17
13,32
13,55
14,32
14,42
14,47
14,49
14,79
14,81
14,120
14,147
14,171
15,30
15,33
15,66
15,126
15,141
15,177
15,178
15,180
16,20
16,35
16,40
16,84
16,97
16,114
16,121
16,128
16,138
16,139
16,172
16,175
17,42
17,143
17,153
17,185
18,35
18,37
18,49
18,78
18,98
18,149
18,164
18,166
18,168
19,29
19,42
19,113
19,128
19,157
19,176
19,182
19,191
20,26
20,74
20,81
20,90
20,121
20,142
20,161
21,58
21,61
21,79
21,90
21,100
21,102
21,106
21,148
21,159
21,175
21,185
22,48
22,53
22,71
22,83
22,160
22,175
23,26
23,31
23,34
23,35
23,43
23,70
23,71
23,85
23,102
23,142
23,194
24,34
24,72
24,115
24,130
24,191
24,193
25,60
25,80
25,109
25,112
25,121
25,130
25,140
25,146
25,192
26,38
26,58
26,59
26,60
26,68
26,86
26,96
26,104
26,114
26,117
26,119
26,188
27,31
27,36
27,79
27,162
28,32
28,62
28,65
28,100
28,111
28,121
29,150
29,177
29,182
29,184
29,194
30,54
30,59
30,198
31,120
31,122
31,128
32,69
32,127
32,140
32,165
32,186
33,41
33,43
33,54
33,96
33,116
33,126
33,130
33,167
33,189
34,39
34,57
34,75
34,86
34,97
34,156
34,189
34,197
35,65
35,82
35,132
35,194
36,40
36,55
36,101
36,108
36,145
36,179
36,181
37,103
38,41
38,54
38,64
38,104
38,111
38,113
38,140
38,151
38,177
38,178
39,87
39,123
39,134
39,142
39,162
39,165
39,170
39,188
40,71
40,74
40,98
40,106
40,118
40,130
40,169
40,180
40,181
40,198
41,72
41,80
41,86
41,91
41,117
42,52
42,100
42,197
43,53
44,59
44,88
44,112
44,120
44,130
44,135
45,47
45,75
45,109
45,112
45,162
45,186
45,194
46,103
46,128
46,153
47,67
47,85
47,104
47,106
47,139
48,65
48,86
48,87
48,179
49,89
49,108
49,171
49,172
49,186
49,191
50,51
50,92
50,96
50,98
50,135
50,144
50,150
51,88
51,105
51,124
52,54
52,113
52,160
52,164
52,171
52,172
52,186
53,121
53,145
53,158
53,181
53,187
54,65
54,180
54,194
55,72
55,82
55,160
56,138
56,182
57,86
57,102
57,148
57,158
57,180
57,181
58,92
58,117
58,144
59,80
59,91
59,160
59,187
59,192
60,74
60,78
60,80
60,91
60,96
60,110
60,143
60,148
60,157
61,153
61,173
61,174
61,185
62,91
62,101
62,106
62,141
62,142
62,156
63,75
63,77
63,126
63,129
63,146
63,165
63,198
64,65
64,104
64,175
65,80
65,104
65,122
65,143
65,180
65,191
66,69
66,89
66,104
66,134
66,148
66,153
66,157
66,159
66,164
66,192
67,79
67,121
67,157
67,184
67,199
68,91
68,127
68,135
68,146
68,174
68,179
69,84
69,99
69,105
69,147
69,176
69,178
69,193
69,194
70,138
70,149
70,152
70,155
70,163
71,78
71,127
71,138
71,149
71,151
72,124
72,143
72,147
72,151
72,155
72,178
72,195
73,76
73,141
73,144
73,167
74,114
74,124
74,129
74,164
75,91
75,97
75,128
75,146
75,158
75,185
76,96
76,141
76,143
76,145
77,94
77,107
77,183
78,87
78,112
78,115
78,158
78,171
78,180
79,84
79,114
79,124
79,179
79,191
79,199
80,109
80,115
80,160
81,84
81,107
81,142
81,164
81,172
81,190
82,135
82,147
82,173
82,196
83,139
83,149
83,154
83,181
83,198
84,94
84,120
84,135
84,136
84,140
84,167
84,196
85,100
86,112
86,121
86,129
86,163
87,98
87,100
87,110
87,129
87,134
87,157
87,163
87,169
88,111
88,130
88,175
89,110
89,128
89,149
89,153
89,162
90,124
90,129
90,191
90,195
91,154
91,161
91,184
91,186
91,192
92,94
92,102
92,132
92,143
92,158
92,168
94,101
94,142
94,154
94,168
94,185
94,188
95,114
95,147
95,154
95,160
95,177
96,98
96,137
97,123
97,124
97,147
97,166
97,187
97,191
97,193
97,194
98,108
98,135
99,105
99,120
99,121
99,152
99,160
99,188
100,111
100,136
100,154
100,168
100,173
100,179
100,180
101,128
101,166
101,173
101,187
102,108
102,130
102,172
102,176
103,123
103,127
103,166
103,170
103,191
104,112
104,139
104,164
105,114
105,131
106,126
106,147
106,152
106,154
106,159
107,108
107,125
107,135
107,137
107,182
108,111
108,161
108,188
108,198
109,150
109,155
109,161
109,164
109,167
109,180
109,195
110,117
110,145
110,188
110,196
111,140
111,200
112,128
112,187
112,195
113,138
113,160
113,183
113,187
113,193
114,123
114,138
114,169
114,193
114,194
115,132
115,146
115,164
115,167
115,183
116,130
117,146
117,155
117,167
118,152
118,154
118,159
119,125
119,128
119,141
119,152
120,147
120,171
121,124
121,172
122,182
122,194
122,199
123,124
123,175
123,197
124,152
124,157
124,164
124,171
124,188
125,146
125,152
125,179
126,192
127,145
127,158
127,193
128,152
128,155
128,158
128,161
128,174
128,187
128,195
129,175
129,193
129,194
130,159
130,161
130,174
131,142
131,167
131,190
132,167
132,182
132,191
132,194
133,150
133,169
133,190
133,197
134,138
134,159
134,163
134,172
134,188
134,195
135,179
135,182
136,140
136,164
136,168
136,181
137,180
137,181
138,175
138,196
139,165
140,187
140,193
141,153
141,162
142,158
143,179
144,178
145,157
145,160
146,155
146,178
147,153
147,166
148,178
148,184
148,185
148,188
149,194
150,182
150,196
153,176
154,161
154,165
154,166
154,173
154,197
154,199
155,178
156,189
156,190
156,194
157,160
157,172
158,190
159,173
159,190
160,179
160,196
161,178
163,169
163,170
164,172
165,182
167,200
168,189
168,197
171,175
172,199
173,187
174,181
174,197
175,185
176,188
177,193
177,200
178,180
179,183
179,184
179,185
181,189
183,187
183,193
184,187
184,188
188,198
190,198
198,199
1,4,16
1,65,73
1,110,199
1,120,152
1,125,180
2,28,62
2,84,155
2,98,165
2,158,185
3,42,61
3,42,71
3,42,82
3,61,154
3,108,137
4,17,158
4,61,100
4,83,158
5,18,31
5,35,132
5,46,103
6,27,52
6,67,74
6,113,114
7,14,99
7,81,153
7,145,168
8,11,130
8,33,45
8,104,168
8,117,177
8,125,142
8,128,177
8,133,155
9,22,108
9,94,163
10,40,123
10,126,146
10,128,130
11,64,146
11,76,112
11,96,146
11,133,161
12,60,63
12,81,136
12,109,159
13,23,97
13,35,95
13,79,194
13,86,191
13,95,120
14,19,71
14,29,132
14,32,199
14,40,94
14,81,191
14,90,168
14,121,191
15,37,61
15,81,121
15,112,128
15,158,176
16,23,138
16,46,162
16,97,186
16,153,162
17,21,134
17,32,36
17,134,173
17,142,181
17,174,175
18,23,58
18,23,135
18,103,173
18,147,179
18,153,193
18,166,176
19,22,86
19,82,166
19,121,147
20,48,81
20,48,145
22,24,35
22,47,71
23,52,158
23,74,107
24,63,72
24,76,143
24,112,122
24,125,192
25,54,93
25,85,172
26,47,175
26,54,65
26,96,109
26,123,124
27,31,145
27,37,172
27,82,86
27,121,147
27,193,199
28,92,159
28,108,179
28,123,132
29,70,109
30,51,167
30,76,88
30,109,161
30,119,183
30,130,187
30,151,157
31,107,194
31,125,130
32,45,74
32,73,157
32,98,137
32,131,175
33,41,112
33,78,153
33,99,174
33,128,194
34,92,106
35,79,81
35,95,138
35,114,153
36,50,83
36,148,173
36,148,197
37,46,159
37,55,86
37,79,194
37,83,148
37,120,172
37,122,170
37,135,184
38,54,73
38,72,194
38,110,135
38,177,192
39,60,126
39,87,140
39,119,139
40,44,65
40,47,142
40,68,122
40,106,112
40,131,142
40,183,186
41,59,109
41,61,92
41,65,150
42,71,137
42,91,106
43,53,188
43,67,187
44,74,192
44,128,134
45,63,151
45,72,119
45,72,140
45,77,141
45,128,162
45,128,183
46,52,152
46,67,122
46,67,142
46,84,193
46,107,166
46,160,192
47,63,108
47,91,174
48,105,188
48,132,182
49,55,149
49,56,84
49,79,124
49,79,196
49,106,114
49,113,145
50,122,180
51,64,65
51,113,179
52,158,165
52,178,185
53,79,118
53,102,148
53,165,174
54,55,98
54,117,139
55,67,81
55,113,129
55,124,145
55,126,187
56,79,114
56,97,172
56,122,199
58,84,106
58,91,189
58,114,121
60,110,189
60,116,155
61,87,112
62,83,98
62,101,125
63,109,186
63,112,200
63,150,192
64,143,178
65,78,160
65,88,128
65,116,169
65,150,192
66,161,190
66,174,176
67,70,196
67,89,152
67,107,172
67,124,197
68,70,86
68,70,114
68,90,110
69,71,188
69,102,174
69,106,108
69,115,159
69,142,175
70,90,193
70,152,199
71,92,156
71,107,112
72,88,93
72,144,200
73,150,178
74,127,147
75,85,176
75,85,196
75,142,176
75,154,174
75,165,184
75,188,198
76,77,140
76,110,187
77,96,180
77,110,178
77,128,139
78,113,181
78,131,190
79,89,110
79,117,161
79,132,166
80,119,128
81,117,162
82,107,114
82,172,194
84,95,123
84,121,138
85,101,184
86,98,99
87,98,106
87,139,142
87,145,155
89,103,160
89,110,122
90,98,125
90,110,138
90,122,147
90,138,153
90,147,157
91,101,156
93,116,161
93,157,167
94,177,197
97,122,191
98,188,198
99,124,127
99,152,191
101,167,189
102,174,176
103,118,159
103,142,150
103,149,166
104,112,168
104,116,143
104,133,195
107,153,191
110,117,151
111,133,150
111,137,138
112,125,180
112,134,164
114,124,149
114,135,155
114,153,168
116,117,148
118,167,179
120,127,168
123,129,187
125,146,155
127,164,172
129,135,168
135,139,148
135,172,182
137,165,181
137,184,197
140,141,161
142,154,190
144,192,200
147,182,193
158,188,189
165,174,184
170,189,190
