1,10
1,19
1,41
1,49
1,50
1,90
1,101
1,125
1,154
1,157
1,160
1,179
1,190
1,196
2,8
2,12
2,18
2,49
2,171
2,180
3,5
3,16
3,59
3,67
3,70
3,122
3,159
4,10
4,40
4,104
4,111
4,130
5,27
5,81
5,106
5,131
5,170
5,173
5,179
5,192
6,25
6,57
6,62
6,65
6,74
6,76
6,165
6,166
6,185
7,18
7,42
7,44
7,64
7,66
7,68
7,91
7,93
7,104
7,175
7,199
8,16
8,77
8,101
8,108
8,124
8,148
9,19
9,38
9,67
9,68
9,115
9,124
9,131
9,149
9,176
9,186
10,84
10,86
10,141
10,177
10,179
10,182
11,12
11,85
11,90
11,130
11,133
12,86
12,89
12,98
12,106
12,131
12,178
13,35
13,97
13,99
13,103
13,123
13,187
14,141
15,102
15,120
15,134
15,172
16,20
16,24
16,77
16,122
16,156
17,49
17,71
17,76
17,94
17,95
17,108
17,119
17,136
18,134
18,176
19,33
19,79
19,156
20,26
20,30
20,83
20,124
20,144
20,176
21,101
21,115
21,124
21,155
21,187
22,53
22,56
22,75
22,179
22,187
23,32
23,35
23,63
23,93
23,139
23,145
23,191
24,89
24,162
24,178
24,181
25,46
25,59
25,71
25,83
25,125
25,131
25,158
25,193
26,132
26,197
27,31
27,52
27,57
28,75
28,121
28,159
28,165
28,190
29,30
29,141
29,158
29,166
29,169
30,34
30,38
30,40
30,60
30,78
30,127
31,45
31,47
31,65
31,70
31,97
31,125
31,153
31,155
32,47
32,101
32,129
32,144
32,147
32,177
33,63
33,85
33,87
33,90
33,125
33,161
34,122
34,139
34,160
35,44
35,61
35,62
35,84
35,87
35,108
35,123
35,185
35,189
36,63
36,76
36,80
36,109
36,115
36,156
36,161
36,192
37,53
37,67
37,88
37,109
37,115
38,42
38,45
38,67
38,110
38,128
38,160
39,80
39,127
40,104
40,125
40,137
40,149
41,120
41,163
41,175
41,197
42,44
42,66
42,72
42,73
42,79
42,104
42,121
42,184
43,103
43,148
43,150
43,169
44,78
44,92
44,94
44,139
44,145
44,151
44,179
44,180
45,78
45,123
45,143
45,144
45,192
46,109
46,124
46,132
46,162
47,57
47,121
47,127
47,185
48,98
48,125
48,153
48,165
48,169
48,188
48,200
49,56
49,63
49,71
49,86
49,101
49,116
49,118
49,140
49,156
49,157
49,168
49,181
50,54
50,68
50,163
50,170
50,181
50,182
50,197
51,69
51,82
51,91
51,100
51,131
51,133
52,57
52,73
52,103
52,110
52,119
52,127
52,183
53,76
53,140
53,174
53,185
54,111
54,115
54,134
54,149
54,177
55,97
55,100
55,148
55,152
55,162
55,193
56,164
56,197
57,78
57,137
57,166
57,180
58,79
58,91
58,104
58,142
58,197
59,68
59,170
60,70
60,178
60,181
61,66
61,80
61,122
61,134
61,136
61,140
61,146
61,148
61,161
61,188
62,97
62,107
62,172
63,174
63,179
64,104
65,91
65,108
65,117
65,142
65,148
65,149
65,151
65,163
66,71
66,80
66,113
66,153
67,143
67,149
67,161
68,69
68,81
68,83
68,100
68,126
68,169
68,191
69,86
69,154
69,173
69,178
69,193
69,194
70,75
70,93
70,110
70,120
70,125
70,135
70,144
71,154
72,79
72,141
72,155
72,199
73,104
73,121
73,141
73,148
74,77
74,93
74,121
74,143
74,193
75,77
75,84
75,86
75,107
75,110
75,134
75,143
75,172
76,84
76,88
76,94
76,135
76,171
76,172
76,182
76,188
77,83
77,117
77,132
77,153
77,169
77,183
78,112
78,165
79,120
79,131
80,85
80,142
80,171
80,177
80,179
81,89
81,122
81,128
81,141
81,147
81,174
81,196
81,199
82,108
82,111
82,113
82,114
82,144
82,152
83,96
83,181
83,192
84,103
84,105
84,164
84,195
84,200
85,112
85,160
86,107
86,114
86,137
86,189
87,105
87,120
87,126
87,138
87,145
87,147
87,153
87,198
88,100
88,108
88,145
88,151
88,154
88,156
88,165
89,116
89,124
89,136
89,160
90,101
90,108
90,140
90,142
90,144
90,169
91,111
91,168
92,143
92,173
92,184
92,200
93,163
93,177
94,161
95,117
95,119
95,180
95,193
96,122
96,197
97,137
97,168
97,172
97,198
98,114
98,119
98,144
98,187
99,102
99,163
99,199
100,152
101,110
101,128
101,129
101,193
101,196
102,132
102,168
102,185
103,190
104,119
104,128
104,134
104,154
105,110
105,122
105,165
105,166
105,167
105,168
105,171
105,197
106,124
106,161
106,180
107,110
107,121
107,130
107,138
107,160
107,181
108,109
108,143
108,176
108,193
109,121
109,125
109,166
109,176
110,121
110,124
110,125
110,165
111,120
111,159
111,169
111,184
111,199
112,151
113,141
113,147
114,177
116,125
116,128
116,139
116,188
117,172
117,177
117,200
118,175
119,142
119,145
119,148
120,122
120,124
120,138
121,126
121,197
122,124
122,132
122,138
122,155
122,156
123,125
123,137
124,195
125,146
126,128
126,178
126,185
128,138
128,144
128,145
128,189
128,198
129,131
129,143
130,140
130,145
130,150
131,167
131,171
131,178
131,191
132,137
132,145
132,182
133,139
133,146
133,151
133,152
133,169
133,172
133,180
133,187
134,146
134,147
134,178
134,195
135,176
135,194
136,137
136,145
136,150
136,153
136,157
136,177
136,179
136,187
137,189
138,141
138,195
139,160
139,165
139,174
140,150
140,164
140,185
141,175
141,182
141,193
142,145
142,173
142,193
143,147
143,178
143,199
144,148
145,146
145,159
145,171
145,188
145,197
146,179
146,180
147,160
147,190
147,197
148,156
148,199
149,156
149,179
149,200
150,173
150,176
150,192
151,161
151,164
151,172
151,198
152,164
152,171
152,179
153,160
154,179
155,168
156,197
157,177
157,179
157,193
158,161
158,170
160,177
161,189
161,199
161,200
162,198
162,200
163,182
164,173
164,181
164,186
167,192
167,198
169,170
169,179
169,191
169,198
170,173
173,192
173,200
174,197
175,193
179,183
182,189
186,199
187,192
189,190
189,197
1,40,154
1,66,111
1,175,178
2,11,171
2,18,146
2,49,170
2,74,80
2,101,142
2,144,148
3,33,78
3,74,131
3,77,87
3,99,106
3,100,146
3,122,124
4,8,94
4,124,190
5,13,136
5,53,158
5,90,101
5,98,127
6,14,124
6,26,77
6,30,126
6,54,167
6,99,197
6,103,155
6,122,123
7,86,146
7,178,198
8,11,76
8,13,62
8,13,158
8,46,161
8,48,183
8,62,150
8,72,181
8,90,106
8,117,179
9,26,65
9,32,79
9,59,114
9,141,145
9,163,189
9,167,190
10,18,177
10,20,23
10,43,182
10,82,200
10,86,194
10,129,172
11,19,20
11,20,93
11,49,185
11,71,123
11,88,98
12,27,116
12,28,103
12,49,86
12,58,197
12,60,124
12,113,198
12,127,175
12,131,198
13,117,138
14,25,122
14,26,112
14,128,195
14,183,197
15,35,44
15,92,108
15,101,148
15,102,172
15,119,136
15,184,187
16,27,45
16,67,96
16,85,138
16,85,196
17,33,108
17,67,138
18,88,181
18,133,198
18,149,197
19,28,138
19,54,64
19,69,95
19,72,200
19,108,167
20,60,186
20,82,94
20,82,99
20,87,96
20,96,122
20,121,127
20,151,170
21,24,123
21,72,171
21,76,169
21,91,114
21,127,186
21,130,144
21,134,199
21,135,161
21,135,174
21,136,193
22,23,31
22,31,130
22,35,42
22,65,130
22,69,102
22,76,135
22,80,108
22,106,107
22,113,174
23,47,160
23,65,183
23,130,161
24,32,198
24,50,146
24,59,77
24,64,118
24,71,151
24,73,129
24,141,149
25,52,165
25,52,195
25,83,165
26,38,159
26,57,196
26,75,186
26,154,193
27,46,169
27,63,90
27,80,137
27,107,169
28,47,63
28,89,112
28,101,105
28,102,140
29,34,190
29,37,140
29,38,43
29,44,163
29,59,110
29,60,132
29,83,85
29,89,192
29,147,169
30,57,126
31,38,132
31,79,84
31,118,170
31,166,169
32,40,64
32,79,177
32,93,115
32,134,199
33,55,95
33,56,130
33,62,63
33,139,158
33,174,185
35,74,94
35,158,173
36,97,176
36,142,164
37,54,131
37,72,86
37,104,113
37,163,200
38,43,63
38,52,195
38,60,126
38,87,169
39,103,132
39,107,124
41,73,104
41,131,143
42,81,143
42,83,170
42,175,198
43,114,120
43,142,199
44,60,170
44,61,161
44,119,146
44,142,144
44,152,188
44,170,176
45,48,110
45,52,94
45,100,186
45,146,151
46,70,97
46,71,172
46,85,159
46,96,128
46,100,124
46,121,125
47,78,89
47,96,105
48,64,155
48,77,143
48,107,124
49,106,140
49,106,144
50,54,192
50,91,149
50,98,106
50,141,182
51,115,162
51,143,190
51,184,192
52,86,128
52,107,128
53,57,166
53,74,135
53,95,97
53,100,191
53,102,146
53,103,189
53,134,171
53,137,168
53,154,182
53,166,176
54,118,162
55,156,178
56,83,195
56,136,193
57,60,84
57,89,188
57,93,191
57,94,192
57,95,96
57,98,134
57,125,157
57,128,165
58,69,194
58,75,91
58,81,143
58,90,108
58,118,143
59,105,188
60,103,116
61,65,158
62,71,184
62,80,146
62,80,176
62,158,183
63,71,142
63,74,141
63,87,169
63,100,134
63,130,173
63,146,164
64,69,194
65,104,112
65,135,197
66,81,115
66,133,155
66,149,189
67,70,195
68,86,129
69,73,104
70,112,116
70,144,154
70,159,197
71,76,168
71,80,152
71,84,169
72,104,114
74,88,101
74,101,196
74,139,183
75,100,169
76,94,168
76,94,176
76,107,114
76,135,160
76,140,171
79,153,184
80,136,173
80,144,171
81,86,131
82,111,198
83,100,194
83,133,156
84,100,121
86,113,177
87,106,152
87,110,159
88,101,173
88,135,140
89,91,192
89,96,127
89,123,188
89,131,167
89,137,141
91,120,140
91,134,197
91,162,177
92,106,134
92,151,198
92,167,189
92,179,194
93,163,181
93,191,197
94,100,167
94,176,193
95,133,179
96,157,181
97,98,199
97,133,170
98,130,173
98,154,196
99,117,151
99,121,144
99,143,187
100,116,195
100,120,166
100,122,185
101,151,184
102,189,193
104,169,198
105,129,171
105,132,166
105,176,185
106,110,190
109,124,153
109,128,166
111,119,151
111,154,163
111,182,191
114,121,189
114,129,197
114,190,199
116,122,168
117,162,170
118,143,192
119,148,168
121,151,192
126,127,169
126,157,181
127,138,195
127,159,188
128,149,159
129,154,190
130,167,190
130,182,188
131,154,162
133,151,170
134,163,197
136,152,164
136,158,183
139,144,184
141,146,198
156,168,196
157,164,167
158,159,168
168,176,196
