11
4
24
11
1
6
15
8
17
5
29
4
19
2
6
26
5
9
2
28
9
28
14
11
8
6
9
4
21
34
17
8
13
11
31
11
1
9
5
25
1
24
12
5
4
7
8
17
3
24
19
14
2
1
32
8
5
33
13
14
2
16
11
15
7
10
9
8
22
15
6
26
17
8
7
16
19
4
11
1
1
2
4
7
7
13
23
21
1
34
28
1
7
3
1
3
31
11
8
5
7
31
26
2
5
9
1
6
4
2
9
5
7
2
6
10
3
32
7
6
5
10
9
9
4
3
5
15
10
21
10
32
23
2
17
31
1
14
27
2
23
16
32
29
14
6
3
8
35
7
26
9
4
35
10
4
15
6
20
23
7
5
29
4
29
12
10
22
5
5
1
13
35
4
31
7
29
30
2
12
27
2
4
32
6
10
1
2
3
27
5
2
5
12
12
34
8
11
19
32
1
8
15
30
6
15
8
34
6
11
1
35
20
12
6
5
4
12
8
5
4
22
11
9
3
7
11
23
32
28
2
3
6
2
5
9
3
2
13
21
4
20
10
10
1
22
3
16
21
13
17
7
7
3
26
6
11
7
7
27
20
2
12
15
2
28
32
7
2
22
3
3
33
10
8
4
25
3
5
2
34
1
31
11
13
5
3
1
17
33
14
2
20
2
17
3
15
2
6
19
5
3
27
19
3
4
10
18
11
6
9
8
3
6
16
14
14
3
2
8
12
5
5
26
30
10
15
12
26
30
24
3
2
26
1
18
5
3
19
3
2
16
2
11
30
8
13
12
14
3
24
1
4
32
3
6
11
13
1
7
10
28
18
24
25
6
6
1
13
17
13
2
5
5
17
13
31
3
15
27
1
24
7
8
20
8
18
21
4
6
12
17
7
25
25
14
4
14
8
5
24
11
1
5
3
8
28
14
16
9
5
1
1
16
9
1
25
4
16
28
4
1
2
14
6
6
21
1
21
6
23
5
12
14
1
20
16
2
30
2
21
30
18
26
35
5
2
21
8
19
15
13
12
3
2
31
27
1
8
27
12
7
8
35
5
2
1
8
5
6
8
21
14
24
6
29
6
2
5
15
1
14
2
3
13
33
4
2
7
27
15
27
8
10
10
13
6
4
2
25
9
2
10
2
9
7
2
12
6
23
29
4
16
13
4
2
33
15
18
29
10
17
4
13
14
6
4
10
13
7
2
24
16
24
12
14
26
34
2
18
25
8
7
16
10
2
19
1
29
6
35
3
17
9
2
4
32
10
6
30
31
1
34
8
2
1
4
3
1
4
22
4
12
19
9
4
16
6
1
14
6
11
3
3
20
10
32
8
1
12
1
6
19
3
1
21
1
9
18
2
31
1
29
30
7
4
19
25
33
4
11
2
5
17
9
5
15
8
3
7
21
29
2
3
5
5
25
10
4
1
18
10
6
6
7
10
35
1
20
9
4
21
28
2
22
2
1
7
12
3
27
19
3
23
4
3
1
5
17
33
11
8
1
1
8
34
1
27
6
1
13
3
21
13
33
6
3
17
11
20
13
2
5
13
3
4
11
4
19
3
24
3
6
6
2
18
24
20
10
11
2
1
1
4
31
5
5
12
5
15
9
3
5
8
11
27
15
15
2
7
32
29
23
4
22
8
19
4
10
23
9
16
4
7
5
8
23
17
16
7
9
4
8
9
4
12
25
20
14
14
4
12
1
21
15
1
7
16
4
13
8
11
25
18
8
20
3
3
6
14
14
18
5
3
6
6
2
5
24
2
4
22
20
4
8
7
7
1
2
6
5
6
6
35
19
15
5
6
9
4
10
6
2
16
1
3
34
1
16
20
3
5
12
10
33
14
23
4
8
30
34
3
5
5
17
6
7
1
6
35
4
10
7
28
3
16
4
4
23
18
17
8
26
1
9
7
20
12
1
1
12
25
7
1
5
15
4
18
22
1
2
11
3
2
6
3
5
24
6
1
18
26
33
2
5
18
5
6
2
13
18
13
8
8
22
23
14
7
22
1
19
25
18
9
7
28
3
9
11
4
2
1
13
12
7
30
28
4
17
11
24
8
3
1
18
19
22
3
18
27
4
2
4
22
8
3
9
26
12
22
1
16
2
9
7
16
10
2
15
22
21
9
30
3
3
7
23
6
9
26
11
9
22
6
6
1
10
3
8
10
31
29
6
20
3
20
1
3
7
5
17
5
1
8
3
7
10
28
28
7
7
4
5
27
8
26
23
1
4
1
21
19
8
1
25
4
7
7
5
15
