36
17
15
29
13
7
1
19
15
18
10
1
17
8
23
16
4
6
6
6
5
4
4
26
8
27
5
19
20
30
39
26
38
5
6
2
10
30
2
4
1
15
2
19
6
11
35
33
5
39
18
28
2
24
5
19
27
35
8
22
24
10
9
23
8
13
12
13
17
39
19
10
38
4
7
1
32
11
28
27
11
17
6
16
1
32
11
6
14
1
10
17
3
1
31
16
3
11
1
9
1
29
20
10
8
6
16
26
1
14
3
15
3
38
4
7
12
31
11
8
34
3
14
2
3
16
2
4
18
2
7
18
6
10
2
21
11
31
23
26
3
4
1
1
5
11
3
12
22
7
31
4
9
3
38
2
7
10
4
3
14
5
14
19
4
33
1
1
8
2
1
4
4
38
15
25
24
18
8
32
3
3
20
3
37
24
35
8
29
31
33
3
4
4
17
1
34
1
37
11
34
9
20
5
1
34
28
28
12
20
39
33
17
23
7
20
25
5
27
5
11
1
12
26
3
21
16
3
36
8
3
21
25
5
7
37
14
7
12
7
18
6
27
3
9
29
5
4
22
1
13
26
19
17
13
30
16
13
21
12
12
23
30
6
15
26
9
16
26
9
25
29
13
19
15
2
8
6
25
2
1
19
34
21
25
4
13
31
5
20
22
24
7
11
4
18
6
7
6
17
3
32
8
12
24
30
21
24
22
8
19
24
16
2
12
16
5
30
24
3
2
5
2
1
35
30
7
19
28
30
4
8
38
24
2
1
14
14
26
11
1
20
4
9
23
9
6
1
39
10
7
1
28
4
6
7
37
30
22
1
6
22
35
34
18
15
12
34
1
2
10
5
34
17
28
6
20
26
20
3
1
7
20
13
6
10
17
8
20
8
25
9
14
20
14
12
3
28
6
36
37
11
1
5
9
7
36
3
6
24
10
17
19
3
11
11
4
24
4
14
15
25
3
11
15
36
36
28
5
2
4
6
3
1
28
9
7
11
22
13
14
19
6
31
15
6
30
27
7
18
22
38
32
6
11
8
1
2
2
2
14
6
25
33
21
17
3
37
22
4
6
5
6
12
19
20
15
8
13
5
5
1
22
15
18
9
11
7
14
19
2
9
36
6
1
39
6
23
33
18
17
4
35
8
34
1
3
5
26
3
12
3
13
24
39
8
5
35
15
5
1
2
2
3
1
5
23
18
38
4
13
5
20
3
21
12
9
2
3
1
8
1
16
36
37
6
13
14
23
10
9
1
14
28
4
2
5
9
12
5
8
19
11
24
1
8
32
4
9
3
12
10
5
13
2
35
39
2
2
4
22
12
14
29
21
3
14
23
22
3
3
8
2
12
23
1
29
16
33
35
17
21
21
21
3
13
4
20
38
4
7
2
13
17
6
26
8
2
6
4
8
19
2
3
22
21
5
7
10
39
5
10
32
17
39
15
17
9
8
35
1
7
1
26
17
3
16
5
21
4
24
16
39
31
33
25
1
2
9
37
21
1
14
1
14
4
30
19
18
26
33
27
29
25
9
26
4
2
2
9
32
10
12
8
30
28
13
3
23
33
18
7
7
7
3
31
2
7
10
5
10
31
32
2
9
3
27
3
4
19
13
16
38
16
26
2
36
12
13
14
18
8
1
14
21
4
2
10
11
15
7
2
12
20
16
4
37
11
1
18
16
15
1
3
36
5
7
2
17
23
1
5
17
6
3
7
10
5
16
34
2
1
1
2
29
1
10
27
2
7
3
23
15
10
4
35
3
5
34
9
30
5
4
23
27
1
16
24
24
19
1
19
7
2
11
6
13
10
1
31
25
28
10
23
8
17
9
8
7
1
25
4
6
9
3
9
22
2
15
25
5
13
22
29
27
6
5
33
6
5
14
20
15
1
15
10
1
11
2
14
2
16
4
31
29
2
3
11
32
10
13
4
23
27
2
2
22
3
6
16
18
9
28
15
30
33
6
4
8
8
15
2
2
2
4
10
6
14
32
5
1
3
28
38
20
4
16
7
2
27
7
8
2
1
1
3
9
9
16
27
18
2
4
3
12
4
18
8
15
25
5
12
36
30
12
32
21
4
18
29
28
32
2
18
15
10
21
15
3
33
3
6
6
4
13
34
14
1
6
29
7
7
24
11
12
37
11
7
23
27
16
21
13
1
6
18
1
12
9
9
29
20
31
5
13
27
22
7
2
4
11
3
3
22
3
16
4
9
37
9
4
25
17
12
13
2
4
17
9
25
3
2
5
10
11
1
29
3
18
35
