180,851
194,817
92,397
88,345
453,532
275,365
333,450,468
19,708
385,574
20,26
29,37,816
76,263,955
176,448
49,581
29,48
737,974
32,630
205,775
50,82,297
46,353,720
206,670
336,585,856
103,241,827
128,733
181,283
393,509
23,874
23,446,470
412,439
65,998
4,73
216,475
86,547
82,383
111,319,988
164,537,836
42,86
6,60
556,706
27,451
132,833
77,258,767
72,103
193,249,838
68,408
154,212,377
5,704
25,273
289,703
177,567
35,443
145,793
19,985
210,472
10,80
198,678,683
83,174
255,898
131,893
151,699
438,573
205,607
47,367
952,997
546,853
710,990
4,148
324,625,807
67,550
13,84
242,743
4,25
179,876
10,991
322,944
61,540,595
47,156,907
3,52,81
11,520
15,139,301
137,890
580,826
1,68,857
533,643
564,783
72,722,943
66,130
16,995
123,168
29,251
905,953
2,43,820
19,28,541
24,44,81
37,299,718
347,350,686
33,134
290,491
460,968
257,761
401,788
277,936
2,183,841
8,362
53,77,246
484,592
25,379
44,465
37,65
495,872
22,110
221,933
555,680
806,960
35,94
33,34,885
71,206
24,35
62,77,384
126,634
164,272
121,523
22,224,500
31,355,965
9,814
74,352,860
142,777
424,432
110,246,865
96,478,570
170,182
33,129,223
70,784
217,638,668
75,254
100,244,400
27,442
606,894
518,978
20,175
403,778,799
3,149
66,583
227,411,531
95,230
8,560
9,46,534
159,296
626,983
32,92,208
26,51
389,599
30,618,824
221,387,390
81,687
231,903
34,357
5,63,529
368,747,840
207,240
18,351
755,942
10,940
658,664
27,616,906
10,58,242
21,734
56,165
429,794
87,243
3,839
69,657
166,372
866,913
18,32,707
247,434
268,539
456,771
13,47
863,911
12,457,508
100,101,922
43,130
51,93,366
243,370,881
113,454,879
6,21
428,962
156,184
158,762,776
659,980
7,463
219,542,896
12,166,207
144,543,746
320,926
34,215
143,160
172,586
15,102
39,416
45,190,479
116,883
21,374,426
159,566
163,558
757,787
53,95
282,821,880
89,652
26,256,361
71,327
3,61
36,724
4,24,52
9,247,810
65,274
52,200,805
198,199,386
36,182
515,709
391,511
689,694
18,662
82,596
436,918
267,764
37,236
28,524
12,20,123
203,294
94,901
240,554
22,516
107,521
28,895
67,120
498,727
31,431,598
238,957
10,832,949
331,544
137,731
133,323,572
9,261
79,183
178,216
8,34,291
339,858
271,464,917
115,151
222,276,447
55,227,970
220,830
16,354,842
83,310
90,147
73,697
17,59
7,780
99,325,376
96,645
10,27
143,218,804
24,605
11,59,233
66,935
26,58,666
676,719
19,338
181,480
125,715
504,505
97,363
197,904
349,808
9,961
315,329,617
488,716
281,404
169,929
23,230
63,378
21,25,871
413,815
26,136
252,473
185,831
187,759,912
4,849
28,70
15,576
48,474
41,237
420,730
38,700
773,915,989
104,445
91,228
12,507
8,71
20,49
48,51
11,117,908
131,199
142,497
208,292
2,202
26,307,334
398,923
2,847
185,535
150,723
203,358
174,557
144,149
213,525
80,253
68,341
35,48,214
4,210
1,309,611
170,209
510,992
42,388,545
108,249,938
753,924
11,326
51,124
145,215
18,977
40,632
17,494,685
75,105
14,476
8,147,870
201,930
118,519
344,994
317,882
25,514,889
493,601
106,306
286,809,873
119,162,458
437,579
124,280
109,828
15,223,958
23,648
8,16
45,501,745
559,837
503,711
57,176,654
25,56,669
24,899
16,101
1,375
538,869,939
232,993
21,862
406,639
369,651
108,644
112,781
229,742
109,587
688,867
90,293
94,844
38,78,402
235,452
36,47,107
237,966
204,225
83,153
43,57,932
18,834
6,24,233
12,395
54,813
1,90,381
59,483
226,705
171,563,642
117,158
104,619
96,380
44,201
125,191
119,348,1000
623,649,941
22,528
42,226,440
30,86,823
5,6,792
105,798
46,111
698,986
74,191
2,17
155,673,877
2,133,850
35,721
18,636
72,270
115,314
6,34,800
9,155,512
677,751
31,371
29,613,888
69,91,597
33,779
76,660
342,886
222,295,433
7,318,430
571,945
189,916
152,265
89,754
600,950
1,796
29,887
140,141,288
167,304
241,681
14,653
98,136
5,6
661,797,811
32,75
7,173
122,231
228,417
153,157
340,959
4,98,748
140,234,690
3,39,54
88,750
70,85
21,165,578
190,467
193,729
8,561
621,973
489,603
421,604
97,118
53,461
85,427,752
236,981
14,861
8,298
5,40,55
19,802
102,120
30,305,419
2,635
6,60,154
211,996
13,646
741,812
13,126,593
187,248
5,768
825,976
20,549
50,359
17,770
712,972
11,548
49,481
57,224,925
30,79,562
113,735
3,61,964
64,382
76,407,637
582,969
62,399
138,684
1,346
14,78
4,84,584
40,269
232,656
16,967
266,937
12,954
161,422
28,612
15,135,665
2,192
36,172
7,485
239,552
95,160,819
10,244,902
148,526
69,455
845,909,951
56,732
178,608,675
335,360,855
852,892
92,774
89,300
20,23
50,471
129,633
127,196,553
54,575,921
213,278
462,744
39,285,343
1,188
4,87
264,364,410
55,725
1,568
517,650
219,946
41,128,772
7,594,691
245,931
1,42
53,279
2,195
6,829
50,169
790,818
162,444,679
22,84,785
3,33
116,749,786
9,45
44,186
17,184,239
152,308,868
17,311
175,522
260,782
19,717
2,536,891
49,551
64,982
14,139
9,769
316,466,527
1,490,740
122,696
67,284
197,641,927
11,22
287,702
146,409
97,492
218,928
150,192
73,229,979
765,914
64,80,168
682,756,763
212,739
13,200,513
245,530
31,196
141,220
3,620,701
622,695
39,987
106,469
93,854,963
62,157,217
78,313
41,415,947
250,435
11,628
87,672
23,134,392
171,303
31,202
482,900
79,99,302
235,609
499,565,975
15,46
859,910
330,878
262,506
91,477
5,795
16,74,214
121,803
30,758
114,846
112,186,919
16,225
671,692
52,624,791
449,760
32,693,875
27,647
674,738
36,58
14,459
37,163
414,789
127,177,194
13,356,640
589,667
41,211
60,631
38,88
11,189
17,418
337,423
441,884
405,835,984
38,180,956
179,209
502,864
12,843
167,195,577
14,15,259
45,54
146,610,728
85,627
173,714
3,332
238,486
487,897
328,496
138,569
114,188
40,321,999
5,615
132,663,934
312,822
7,135
726,766
161,801
204,373,590
7,655
396,591
425,920
848,948
614,971
10,713
234,602,629
43,248
93,588
63,394
13,736
