164,322
779,937
418,797
1,736
49,87
540,867
196,717
437,912
241,245
1,961
76,151
9,57
521,640
40,163
17,63,330
8,573,943
74,331
11,276,513
53,135
377,390,697
46,567
10,251,830
143,700
41,874
237,626
33,60
11,671
14,37,396
110,458
686,859,885
48,443,688
112,198
146,169,791
52,59
507,518
893,959
28,44
9,157
26,210
35,922
508,637,909
92,399
3,796
605,790
230,385
359,427,733
553,832
189,815
168,290
9,395,925
222,563
140,833
25,334,490
30,251
171,440,892
16,24,172
57,831
628,633
39,75,996
6,718
102,762
239,492,918
241,316
28,298,470
374,407
182,195
39,194,554
593,934
26,128
611,800
123,596
234,317,785
61,963
339,455
176,929
461,635
10,14,71
602,910
585,725
15,111
32,347
31,300,759
161,186,295
37,79,126
83,269
54,656,868
250,579
28,144
525,888
258,595
81,104
108,668
326,950
168,664,866
109,227
220,311
4,36
41,131
10,851,856
24,466,587
16,228,520
2,109,263
177,229
125,425
91,578
51,860
27,254,361
43,87,215
386,746
122,564
6,767,899
37,167
53,312
500,964
257,355,630
255,782
133,304
47,474,783
17,46,904
105,336,465
37,452
162,883
18,38
771,854
555,737
162,824
11,141,229
88,350
217,802
178,698
325,356,532
280,371,987
193,967
58,240
18,209,328
749,799
204,463
20,91
5,260
27,865
155,202
29,247
20,76
82,245
56,499
421,524,614
343,353
16,821,928
487,926
150,277,845
18,773
79,712
17,20,792
23,519
10,87
172,730,794
9,149
18,250,454
163,204
79,187,634
2,94
22,498
167,872
200,691
7,468
4,314
12,970
591,985
653,823,919
45,192
15,852
114,847
23,156,619
57,662
7,663
52,242,958
5,379
13,197,488
43,760,988
108,979
85,112,255
42,478,734
129,543
56,184
98,201
5,47
61,464,895
148,173,189
271,850
50,606
56,226,303
281,514
4,14,25
218,957
105,410
8,95
211,837
829,848,940
70,966
12,130,244
154,291
208,744
219,243
62,636
546,764
1,21
249,786
81,471,632
752,984
76,262,572
3,476,481
173,205,855
11,26
4,533,805
285,601
83,97
933,955
133,181
12,261
51,58
370,816
14,324,624
7,618
165,381
329,906
4,71
754,914
217,534
1,23
70,432
6,115
844,946
333,397,552
615,931
387,424
313,742
60,179,224
62,121,758
107,348
6,24,132
147,201,778
90,238
27,876
48,687
96,143
398,684
100,121,941
81,667
194,509
320,373
174,710
96,98,770
142,769
363,871
113,901
247,774
1,5
253,838,942
279,289,873
41,106
318,388,416
84,768
84,491
21,577
35,735
827,960
170,345
420,897
219,556
315,613
106,226
82,642
581,648
278,389
158,645
246,994
8,882
504,719,877
693,756
139,583
727,739
25,199
34,232
61,429
15,44,949
85,93,992
99,332
206,223
257,323
228,715
243,380
185,835
45,52,808
372,903
405,501
23,125
27,190
20,25,732
35,202
86,433,894
335,828
1,8,506
94,126
1,402
179,654
264,376,747
5,24
130,270
4,479,526
4,441
73,976,998
15,621,826
98,908
101,152,462
29,266,708
232,694
354,891
3,17,575
275,549
181,604,879
99,969
6,119
40,338,480
45,538,858
2,503
203,211
10,21
11,188
53,870
483,522,807
36,71
13,516,550
93,238
246,818
77,368
55,132
155,207
118,166,930
97,510,570
110,294
23,927
27,115,156
7,72
47,983
240,428,650
183,494
46,366,740
11,128
2,141,923
505,819
2,404
319,558
69,175
242,349
148,809
199,236
83,469
482,947
51,721
50,67,360
107,413,541
302,822
145,665
85,88,442
46,62,607
38,185
54,109
136,551
63,161
21,164,576
89,117,661
375,652,689
123,267
68,170,975
67,107,234
435,670
69,422
393,878
221,502
382,450
709,886,971
225,523
95,157
55,59
3,55
252,362
10,137
65,936
776,841
8,15
12,932
35,146
292,678
31,39
11,297,920
78,306
32,127,965
565,980
704,896
94,535
101,423
337,898
165,258
9,628
2,706
12,260
38,660
41,447
92,475,679
6,13,622
231,237
5,8,114
134,641,813
42,116
34,666
346,788,990
144,412
4,609,729
364,968
184,956
19,36,178
47,781
231,674
9,256,644
150,612
209,531
233,625
460,569
453,484
419,772
7,8
31,140
34,748
274,571
188,254,589
55,80
3,39,190
5,15
22,33,795
7,817
296,952
2,171
699,705
28,738
67,129,308
176,582,617
1,392
31,459
27,43,49
16,152,191
159,365
517,692
287,561
22,36,248
32,598
7,42
61,207
104,875
21,307
1,65,160
72,101
42,51
49,216,253
426,978
16,711
29,103
138,537
138,750,944
166,804
436,493
221,592
33,60,235
220,951
64,473
154,394
439,695
4,599
212,560
777,862
48,690
32,703
378,696,780
14,208
403,843
265,608
124,127,869
84,215
213,902
93,430
977,995
203,431
5,100,657
69,720
32,218
235,547
80,159
35,651
18,222
408,489
21,411
34,227
122,153
153,401
145,259
224,557
527,880
273,982
134,675
1,223,629
90,913
682,849
103,714
187,857
12,31
10,861
22,62
106,820
118,142
43,713
180,244,406
30,757
22,321
616,673
183,193
102,286,497
13,814
233,646
10,751,916
90,842
186,722
588,981
50,64,905
89,586,745
26,647
63,456,775
3,789
19,28,383
14,182,680
836,972
44,367
54,683
25,212
444,806
29,448,528
3,954
72,96
16,22,30
198,681
2,5
169,542,889
2,731
40,230
293,793
131,716
103,798,801
261,414,485
236,620,726
6,19,248
26,631,676
38,68,342
180,659
158,594,763
438,669
116,301
191,953
728,935
54,70
214,259
7,515
30,151,206
57,639,863
23,559
102,766
574,907
137,213,216
196,225
88,200
58,638
210,655,803
3,110
124,864
104,986,999
58,177
284,810
34,252
384,812
73,99
20,272
86,467,701
9,119
13,91,544
9,948
283,853,945
545,597
282,723
702,846
89,310,446
74,174,707
117,834
512,649
391,973
56,724,839
66,75
610,623
92,268
63,974
139,900
37,59,761
86,175
113,658,672
66,536,917
6,33,548
26,78
149,262
16,400,603
2,24
3,195,214
48,590
65,256,415
36,49
40,495
352,765
18,434,887
239,530
8,60
29,73,529
409,915,989
19,100,120
357,358
566,997
24,95,643
344,924
136,496
44,477
14,77
74,80,340
743,921
77,539,627
12,78
66,580,1000
445,825
13,881
486,741
685,840
811,911
20,105,108
19,33,82
17,341
19,288
68,457
309,787
53,299,417
677,884
120,755
351,449,584
64,938
753,784
64,562
197,993
50,472,511
25,135
111,890
13,305
15,52
45,59,600
451,962
369,568
327,991
192,939
30,249
17,97
160,205
75,147
