10
11
2
1
7
11
20
24
13
18
2
5
8
10
1
9
3
1
2
6
9
13
23
7
16
15
7
18
15
9
10
15
7
21
16
22
5
12
6
1
2
2
12
2
1
8
5
5
1
6
4
1
4
27
11
13
6
12
21
5
9
1
8
27
12
10
19
11
2
12
20
1
3
4
7
3
2
18
1
19
5
23
13
31
28
7
14
11
5
1
21
28
11
26
12
5
12
4
10
3
3
5
17
2
28
3
24
24
16
10
29
5
1
8
5
10
24
1
3
3
19
14
3
15
7
2
30
10
11
7
3
27
9
26
2
4
4
17
5
19
10
1
7
3
11
6
6
2
9
4
15
22
8
5
4
7
25
5
18
16
9
10
2
17
8
6
11
31
5
7
5
4
10
2
4
18
19
28
11
12
10
2
4
17
1
10
12
21
4
13
8
5
6
6
18
10
3
16
18
6
26
20
1
27
10
4
2
18
2
4
15
7
17
3
22
11
19
8
6
2
29
10
6
9
1
1
2
21
6
27
18
19
4
18
4
15
3
3
1
16
2
19
14
9
5
19
6
16
20
1
20
4
1
22
2
7
24
8
11
30
14
21
4
5
21
8
19
7
10
1
11
7
5
26
1
7
1
19
16
7
12
1
2
18
24
25
1
24
1
22
1
29
8
2
17
6
12
4
4
26
1
4
6
2
15
1
20
15
18
13
27
3
19
5
12
29
8
2
3
2
1
1
29
25
9
4
9
2
8
9
21
3
4
2
3
23
26
8
13
12
1
19
6
1
4
22
9
4
11
20
2
1
1
6
5
28
1
5
12
12
16
10
16
17
9
6
3
17
18
13
9
4
2
26
4
28
18
2
24
14
19
20
31
15
8
6
4
14
21
7
21
7
22
26
4
3
2
6
12
17
2
5
13
31
11
6
9
1
8
21
14
17
6
5
31
13
12
8
11
1
16
2
2
12
16
3
27
1
22
23
23
7
9
7
16
7
21
4
24
16
8
4
23
8
14
6
5
18
5
25
2
5
18
29
21
6
5
9
7
2
1
28
3
2
22
4
14
31
3
4
3
6
15
6
1
1
8
25
1
1
2
16
8
15
4
7
14
10
3
20
3
6
5
24
30
8
3
3
31
8
8
8
9
1
9
4
7
3
3
9
10
3
31
5
5
3
5
15
3
2
9
24
2
16
8
26
9
13
6
9
1
25
5
3
6
3
29
26
9
1
3
5
6
9
15
7
20
6
9
3
15
3
2
1
8
27
3
4
9
26
23
27
23
23
3
3
11
6
10
1
18
17
14
2
7
5
26
25
4
28
9
5
11
17
8
6
3
3
7
19
4
1
5
9
1
2
6
19
18
5
4
8
1
8
11
9
1
19
10
5
11
3
2
30
8
4
7
16
2
2
4
12
14
5
3
1
4
20
11
2
5
4
17
3
4
3
17
23
7
20
7
8
7
23
6
11
9
20
26
3
25
5
20
12
15
22
19
3
21
11
6
7
20
2
7
10
4
14
7
31
8
12
15
5
22
25
27
24
2
4
8
8
11
2
21
6
1
5
6
9
14
17
13
15
29
7
7
17
7
11
13
18
21
13
3
13
1
3
16
1
22
1
5
22
8
6
11
11
9
1
13
14
14
12
20
15
25
2
1
11
9
3
4
2
27
4
13
8
14
16
13
8
3
3
28
12
2
2
23
2
4
18
11
6
13
6
5
1
27
8
7
12
6
17
7
10
23
23
26
20
2
4
19
2
27
2
30
3
8
7
3
10
14
5
7
30
2
13
4
6
13
12
30
20
28
10
31
3
6
30
11
6
1
28
11
3
5
17
15
4
2
4
23
8
17
21
3
7
16
7
24
8
22
10
3
21
3
14
21
10
11
3
5
1
4
10
24
12
1
24
19
3
11
4
10
8
15
24
18
22
6
6
16
2
3
14
10
10
6
23
27
11
4
3
2
23
25
4
17
2
5
13
3
4
2
17
6
29
9
5
17
10
10
10
12
4
4
5
9
12
9
1
25
9
5
22
9
8
1
14
1
2
21
5
4
1
7
1
7
29
20
15
16
13
22
16
4
2
14
2
5
4
23
11
5
6
5
1
15
22
13
3
10
8
25
9
8
12
8
9
11
7
2
3
4
3
10
5
20
5
19
1
3
7
2
1
2
23
7
18
2
20
8
1
9
5
30
2
1
7
24
3
29
2
30
22
1
5
1
21
14
3
1
14
9
17
14
10
6
5
4
15
13
4
5
1
25
10
8
8
