36
26
34
38
6
5
16
3
33
17
16
27
11
19
11
29
6
3
25
5
3
8
6
20
3
12
18
2
5
3
26
30
17
4
18
19
1
25
2
30
2
6
37
10
7
10
14
3
6
8
38
5
24
5
4
18
5
8
9
2
21
9
1
1
24
13
7
26
39
12
35
24
4
29
23
1
31
5
22
14
2
13
27
5
9
6
31
6
31
17
18
18
1
4
1
13
5
34
25
7
7
11
18
16
4
36
23
26
3
12
3
18
6
14
9
11
8
10
3
22
5
1
19
3
27
2
34
28
25
1
12
10
20
7
12
1
1
3
15
5
31
40
4
26
39
3
21
17
2
3
18
36
30
18
1
7
3
15
10
23
1
13
8
11
15
10
29
4
18
13
11
7
21
6
19
16
3
22
15
15
27
7
28
28
17
6
12
4
22
14
21
18
10
4
33
15
17
16
32
8
28
12
1
40
20
1
14
20
5
6
6
9
24
4
16
16
15
40
31
4
10
18
25
40
8
4
38
24
5
5
1
22
7
3
39
40
26
30
5
1
23
8
16
2
4
17
5
2
33
7
4
9
2
3
17
35
35
21
25
15
8
35
10
31
11
4
1
40
16
23
11
38
7
10
1
1
3
13
21
2
10
20
8
8
32
18
19
31
1
3
10
28
15
15
2
1
26
39
10
33
24
2
22
5
8
12
12
24
3
32
17
6
21
2
6
10
4
4
4
26
36
38
27
1
7
19
20
8
27
15
37
2
7
19
21
24
2
15
14
34
26
2
3
17
6
2
5
4
13
27
17
17
26
8
7
7
6
14
7
36
5
2
21
12
30
17
10
11
23
9
14
1
16
11
14
16
3
2
28
3
13
29
3
26
11
9
19
29
2
6
19
33
8
3
5
9
14
16
3
33
31
1
2
14
21
9
6
3
5
10
1
16
22
30
39
14
24
3
17
10
6
4
16
8
8
10
35
11
40
3
29
2
13
34
10
5
2
21
22
22
23
17
20
2
9
13
4
8
7
24
3
22
33
27
5
23
30
12
22
9
16
11
13
39
1
1
25
37
1
9
7
14
13
19
31
16
30
1
2
22
12
4
17
32
3
13
20
8
2
1
6
5
11
5
20
8
15
23
14
2
19
8
2
8
24
4
10
10
21
11
16
1
21
22
24
18
8
30
16
1
9
13
34
15
3
4
1
22
7
1
40
34
22
40
16
19
1
9
18
19
14
4
10
10
12
32
3
28
5
18
37
30
25
11
19
13
10
35
16
32
15
32
4
15
12
6
6
23
10
17
9
3
7
2
2
12
29
2
21
28
7
16
37
11
7
10
11
12
18
1
2
4
1
1
4
1
4
4
5
2
9
38
3
2
8
38
6
11
1
31
6
5
4
7
33
2
3
29
2
2
11
5
1
1
2
11
9
24
9
1
5
8
36
19
23
9
19
14
40
1
3
7
17
18
37
8
5
24
6
35
8
6
26
39
14
27
4
15
2
17
8
36
7
32
13
17
9
20
2
23
13
2
14
4
36
10
6
23
6
32
21
7
12
4
15
21
14
25
19
8
2
5
4
37
15
5
5
34
3
18
18
20
20
3
19
8
10
20
3
5
9
5
17
22
30
3
9
26
13
7
8
27
7
4
6
11
2
22
31
11
11
5
8
1
2
10
4
12
6
14
6
21
4
1
3
10
7
12
2
23
31
19
25
38
32
7
3
13
9
34
10
9
6
13
31
29
9
12
9
34
13
5
9
1
3
33
26
1
2
33
25
1
8
5
23
5
15
6
39
20
3
11
7
34
23
4
20
27
3
27
4
20
4
1
16
5
8
8
6
3
6
38
1
1
6
36
32
19
11
11
3
15
39
10
30
14
2
20
11
21
4
6
33
24
17
27
14
13
14
9
18
1
15
7
6
1
9
7
3
7
1
23
12
20
4
36
7
2
6
1
25
29
9
5
4
36
13
24
12
2
10
2
3
2
21
16
15
28
25
1
1
3
29
20
5
3
10
28
1
1
27
13
18
5
21
7
5
12
18
16
35
29
30
11
35
9
17
12
19
28
29
5
37
1
3
25
8
2
6
6
13
12
35
11
1
2
28
4
38
11
5
8
14
6
7
13
7
16
1
39
4
2
32
5
35
1
6
22
7
2
17
2
2
28
4
6
7
19
1
37
33
37
20
12
14
4
22
6
8
7
15
12
2
9
5
5
28
5
15
4
4
6
3
4
12
8
3
25
7
3
9
9
21
7
3
13
1
9
12
20
