2
5
3
29
27
11
11
19
26
1
5
21
12
6
13
2
8
37
13
39
17
7
14
19
19
10
32
33
31
35
11
6
28
1
1
13
6
13
33
1
8
26
1
6
12
10
3
16
11
36
25
6
22
29
14
1
3
39
17
1
24
17
4
15
25
19
10
36
4
35
1
15
10
11
19
23
22
7
40
18
10
8
18
26
2
1
1
4
5
3
36
5
2
6
8
4
10
18
9
5
5
25
16
6
13
18
15
2
12
21
24
12
10
20
26
5
11
20
8
14
13
17
36
10
2
18
1
15
13
38
1
1
7
1
16
17
1
3
2
2
30
8
17
22
20
16
37
31
27
5
26
2
8
4
7
3
18
2
33
9
13
1
9
24
37
18
9
2
18
3
39
19
5
9
13
7
6
7
7
5
1
3
38
2
35
1
3
3
7
9
17
16
16
19
28
15
34
15
36
1
2
10
2
2
12
11
27
3
6
5
21
10
4
38
5
2
17
3
19
3
4
6
21
2
8
2
1
9
19
1
8
2
24
1
22
26
30
21
31
30
20
5
30
3
5
35
14
32
16
36
10
9
10
33
24
4
13
21
10
7
7
9
11
7
2
32
9
16
4
27
16
20
26
12
19
7
1
14
2
28
1
7
10
11
13
27
35
1
13
1
18
12
2
12
11
15
5
2
17
16
7
1
22
39
16
3
10
34
2
14
20
6
16
13
17
1
10
19
14
6
32
4
23
9
31
26
12
18
17
29
22
21
39
14
12
24
23
4
3
20
17
5
1
14
4
8
11
2
1
18
12
16
35
27
7
2
40
14
3
27
7
24
14
17
17
2
1
20
19
11
14
30
28
5
12
9
23
23
23
3
8
16
39
5
5
17
7
1
15
7
5
1
14
12
1
29
1
28
12
5
9
9
35
2
23
4
21
6
15
11
13
13
11
19
11
25
38
13
3
25
32
1
32
21
24
10
15
24
6
13
15
33
27
3
9
8
5
11
2
1
12
4
9
40
37
32
12
33
22
17
4
26
40
23
38
23
2
32
24
5
9
21
14
4
26
9
9
2
4
24
25
28
4
40
14
9
11
15
1
1
18
15
2
2
4
7
8
18
8
8
3
20
34
9
40
27
20
4
6
1
4
15
3
3
4
14
3
4
7
24
32
22
11
7
26
8
13
6
3
28
1
1
32
13
4
12
28
8
3
5
1
28
9
7
3
14
26
9
7
12
1
10
24
6
30
18
1
3
14
20
6
1
29
25
6
30
10
31
5
1
8
36
3
1
25
22
6
30
7
2
6
1
6
1
6
6
13
34
6
18
8
10
3
5
40
12
20
7
22
21
22
13
34
19
5
37
25
26
3
30
23
12
5
33
34
2
13
7
29
37
19
16
15
35
9
20
3
15
20
12
16
21
11
20
21
22
36
39
16
2
8
19
11
36
4
3
18
5
10
6
9
37
21
14
4
4
1
39
12
19
35
10
5
10
10
36
23
9
11
3
25
17
8
8
30
6
6
33
23
19
4
7
1
27
1
23
2
37
1
4
4
24
27
30
32
3
17
2
11
2
20
1
1
27
28
7
4
22
13
4
40
8
9
8
18
25
1
3
8
7
6
24
3
17
29
31
6
8
25
28
10
4
5
1
11
11
4
8
16
8
23
27
15
23
6
13
19
11
27
4
6
32
36
2
15
29
28
23
9
33
3
10
31
4
26
31
38
15
24
16
3
22
24
8
27
10
25
20
1
3
11
22
21
8
19
3
10
28
14
25
11
38
1
29
40
3
14
1
14
21
5
6
21
1
36
6
12
1
17
19
10
36
7
23
30
25
4
26
2
1
31
21
34
22
18
5
4
12
7
15
18
11
7
17
34
16
19
9
13
4
4
5
35
2
2
31
3
31
2
12
7
21
26
9
33
29
21
9
3
12
2
34
3
4
28
5
29
34
16
6
6
33
7
37
21
8
3
9
4
18
4
4
4
3
4
22
10
40
34
18
33
8
8
7
1
24
4
29
11
39
9
7
34
17
31
38
22
23
10
1
9
10
1
33
24
37
23
37
14
29
14
27
5
20
38
5
7
6
16
11
32
13
1
30
5
39
3
34
1
8
31
37
2
25
38
2
2
20
3
15
9
26
38
2
2
11
20
20
30
4
6
2
8
35
1
16
14
3
3
25
12
1
20
15
3
5
5
10
22
7
2
6
2
35
6
18
4
22
4
15
8
5
38
27
10
39
29
31
5
29
10
5
6
1
7
28
32
4
35
2
