7
1
21
26
17
1
4
5
1
15
6
29
22
20
7
4
35
17
21
8
18
9
19
7
35
33
23
3
1
7
17
9
3
11
21
6
24
28
22
11
27
1
28
14
21
11
1
34
11
9
2
2
24
29
16
15
37
25
6
10
5
12
19
1
18
1
5
9
1
32
10
4
2
25
29
11
37
6
6
28
30
2
17
3
29
5
23
10
34
6
30
2
12
7
4
1
33
4
5
12
12
29
12
5
11
14
24
6
36
24
6
7
3
4
36
3
15
5
9
16
2
24
1
1
14
15
1
3
12
17
18
35
8
5
2
1
2
6
1
2
18
19
8
14
2
1
18
18
18
11
12
22
13
29
19
7
13
32
22
3
15
1
3
3
2
33
17
6
16
2
34
37
22
23
13
19
1
5
28
1
15
8
20
15
2
1
3
6
22
5
27
11
2
15
4
15
32
5
9
8
12
13
6
5
37
7
13
14
2
7
15
5
16
9
23
3
29
8
2
20
26
19
10
18
3
7
9
24
9
20
3
2
10
31
23
23
10
30
6
7
4
4
11
19
9
5
7
12
16
7
21
22
12
20
4
36
12
1
3
18
10
11
18
5
9
14
10
1
2
31
37
7
17
9
4
10
2
1
33
10
3
15
35
31
33
18
32
11
20
14
35
1
21
1
1
3
2
23
21
3
3
12
3
4
8
17
2
13
33
37
6
4
12
8
15
37
8
16
7
6
37
6
8
7
25
10
1
20
1
11
16
22
4
11
3
6
15
6
23
20
26
3
4
1
4
8
18
1
8
5
12
5
24
4
32
9
13
21
10
3
4
5
10
21
16
18
26
4
21
1
20
8
16
1
4
19
7
28
5
12
30
6
22
20
9
16
2
16
10
1
7
5
19
1
9
34
18
34
11
16
1
5
4
17
12
36
7
5
24
11
22
14
15
31
14
4
7
19
26
14
6
9
24
6
5
1
20
21
8
24
7
8
1
10
7
14
5
2
13
5
5
17
14
8
10
10
2
5
2
5
19
2
19
4
2
31
30
15
22
2
9
11
1
23
7
27
27
16
13
11
3
11
7
2
1
9
17
10
16
6
32
25
3
7
6
18
16
3
2
17
22
34
8
34
7
6
1
17
7
34
13
17
21
5
25
23
26
35
12
14
11
35
2
4
1
3
21
20
30
20
6
2
3
17
3
4
36
3
14
5
10
11
14
2
15
11
22
5
4
11
20
13
7
35
11
4
6
11
10
4
1
12
10
6
2
19
6
25
1
3
28
10
16
1
2
26
21
3
17
23
36
13
13
9
27
22
9
28
14
3
20
33
13
5
27
8
16
4
8
26
4
7
4
13
8
10
27
11
22
2
6
14
1
15
8
17
3
32
3
12
8
12
15
18
7
12
1
6
1
21
20
1
1
8
16
1
28
9
9
9
8
22
17
27
5
15
3
2
2
8
11
3
29
22
15
1
3
7
16
12
5
28
2
9
13
3
7
26
4
10
25
21
3
35
13
23
20
13
2
13
11
11
20
31
2
22
9
14
31
8
15
29
4
2
8
15
14
1
3
7
34
24
4
24
11
6
36
1
8
13
24
5
12
14
10
9
8
14
3
27
27
20
2
1
12
6
12
15
12
4
6
1
13
14
9
1
2
8
3
1
15
31
1
20
10
5
19
16
5
3
20
30
18
16
18
6
23
2
5
19
33
12
3
6
2
13
13
9
4
8
5
25
14
33
18
5
24
1
17
7
6
32
10
16
15
6
31
28
9
13
7
2
7
6
4
11
9
1
22
6
2
14
32
4
25
11
10
11
1
4
4
13
7
18
1
12
1
4
10
37
7
3
26
8
9
5
3
2
9
4
12
19
8
8
13
17
33
8
4
35
15
6
30
16
6
32
3
29
12
14
14
12
30
25
19
16
21
4
2
6
4
17
22
3
17
26
6
13
14
9
18
25
13
36
9
31
19
9
17
5
9
3
19
19
25
3
21
10
21
2
4
6
17
7
37
2
30
32
14
12
13
24
26
11
36
16
21
15
16
6
4
4
13
4
5
7
8
10
5
4
11
2
1
9
1
18
26
5
10
1
2
2
6
10
26
8
3
5
10
11
8
17
1
14
21
23
9
28
19
25
10
16
6
2
3
36
23
10
22
7
29
1
3
4
8
5
5
1
4
5
1
11
3
10
25
8
31
17
4
8
30
1
27
15
2
23
6
1
6
3
19
14
27
15
7
1
9
34
18
9
5
13
4
19
2
1
7
20
3
3
