313,817
172,201,762
43,670,921
105,619,744
12,489
511,688
89,119
475,869
77,110
492,718
289,591
112,587
39,212,966
155,839
121,157
22,314,538
463,595,923
26,126
668,669,920
106,713
36,703
25,977
85,524,640
41,186
92,804
219,924
171,603
12,153
87,396
2,107,809
151,518,821
69,130
129,393,650
574,760
58,73,181
252,887
39,370,676
576,717,904
231,844
90,687
226,520,682
246,549
196,592
73,330
223,586
309,381
56,637,942
4,193,545
397,979
17,104,149
33,221,237
277,282,884
50,224
53,84
1,517
37,441
332,337
51,801,894
59,257,557
510,854
165,265
260,374,647
121,401
660,901
8,9
40,114
109,614
87,107
4,184
67,169,259
145,392
624,936
38,342,459
182,276
7,81
177,567
501,958
161,171
256,945
2,107,274
18,78,877
45,108,976
8,58,323
48,82
257,648
35,344
1,55
114,900
12,42
200,629
103,260,859
135,336
239,506
36,88
769,910
15,450
16,122
14,596
443,493
60,281
349,371
335,845
78,175,980
52,105,256
3,93,429
535,733,751
28,469,608
11,950
14,503
98,456,848
160,928
477,663
18,652
31,32,380
63,1000
10,35,772
62,911
100,106,218
74,86,527
157,570
5,410
99,362
82,116
569,793
24,467
23,598
65,882
422,531,996
5,189
15,973
5,891
699,822
94,248,418
70,802,897
8,202,438
47,709,725
594,857,890
7,251
187,542
17,451
117,122,259
102,123
275,350,555
43,210,251
12,40
5,765
62,241,971
31,33
134,191,750
61,664,892
54,226
230,513
156,728
190,974
49,322
182,445
112,170
177,363
69,270,303
5,50
352,504
5,194
44,737
213,417
917,956
1,7,778
22,471
460,692
131,825
188,539,622
937,944
133,233
62,312
36,529
3,358
109,415,796
61,198
20,79
3,732,995
291,550,906
792,818
701,764
215,998
564,753
13,47
12,19,913
51,548
11,12
841,991
75,572,588
8,360
140,986
6,14,634
37,51
13,73
253,767,870
29,116,472
653,685
108,686
22,243,430
48,167
33,666
436,715,989
29,120
68,185,190
249,795
620,881
100,377
80,693
191,814
207,395
94,432
219,671
81,876
38,176
22,969
200,228
41,198,862
49,909
148,470
425,853
67,144
6,58,731
21,203
78,173,794
91,96,100
183,651,656
13,420,512
1,789
2,80
28,39
491,888
4,6,295
187,850
320,919
19,52,627
68,102
49,95
433,568
159,625
116,183
551,696
464,829
238,485,690
13,95
21,48
111,302,466
11,166
120,296,819
23,407
43,262,543
8,98
16,683,908
340,409
82,220
15,677
35,554,946
24,167
6,112,755
346,714,863
558,836
30,115,967
77,103
52,76,247
21,932
636,642
27,241
711,903
38,93,214
367,852,952
118,317
37,53
48,179,526
59,610
99,645,987
1,57,960
40,874
76,399
19,164,243
15,680
486,505,613
20,54
250,331
17,145
19,935
774,810,984
14,23
311,328,414
327,476
42,104
37,168
72,221,679
27,606
635,706
138,216,449
46,391,983
170,867
230,783
86,223,830
2,615
12,509
940,994
108,483
29,31,193
57,253
20,87,605
5,24,700
41,747
71,776
155,178
20,581
571,628
231,480,657
202,405,633
258,398
150,832
104,447
62,97
2,631
184,562
84,522,849
14,254
92,95,730
83,573
40,58
206,879
10,99,290
827,953
45,947
68,266
345,439,788
30,209
61,599,752
17,419
390,726
69,225
32,51
308,604
53,141,229
111,580
2,404
46,988
37,218
79,533
6,239
176,560
9,609
41,292,689
163,431
26,124
497,515
507,939
140,225
138,757,773
3,288
93,146
4,77,300
238,255
124,150,222
803,826
65,351
45,131,948
516,584
72,354,541
143,244
29,39
10,33
22,339,695
215,922
641,786
55,918
192,453,743
60,105
3,546,941
18,473
382,540,878
338,770
197,933
298,474
428,990
10,759,824
103,196
178,268,740
63,132
534,756
465,872
285,434
7,846
537,834
712,938
81,293,593
247,297,632
130,784
366,808,811
128,672
3,556,658
347,500,661
59,771,999
147,262,488
118,575
3,462,644
16,36,168
34,195
125,361
162,283,729
301,435
14,315
83,234,741
7,383
8,44,864
89,612
261,413
94,807
252,748
136,667
39,585
44,144,180
494,777
71,704,925
174,600
334,691,880
458,791
192,272
71,115
90,102,871
54,799
402,716
5,992
57,482
25,210
4,368
153,400,702
4,212
856,893
2,20
21,69
27,72,423
727,907
26,997
88,152,195
205,559,705
133,159
34,375,408
11,406
98,353
261,959
179,630
31,242
30,993
220,452
499,761,981
129,785
23,26
32,812
34,618
426,838,964
213,710
118,359,749
201,525
831,975
96,697
448,552
11,174,739
47,780
121,356,843
63,617,816
228,325,722
11,738
242,742
237,955
141,421,446
16,208
9,21
63,885
481,611
424,519
9,563,902
111,245
17,232
156,355
3,34,91
782,896
180,916
127,164,412
16,972
31,40
75,305,394
42,662
16,957
149,565,943
197,779
64,189
30,487
114,639,790
72,109
1,209
113,324
25,279
66,899
46,478
60,211
7,67,820
64,813,866
126,835
234,649
403,930
55,68,319
61,927
73,299
117,286
188,329
675,858
590,860
47,333
147,758
217,583
139,173
175,607
217,781
18,70,721
45,694
119,185,440
427,442
23,949
65,232,240
165,719
229,264
240,708
34,59,698
9,21,502
1,70
1,75,484
42,143,204
6,376,566
248,951
284,851
60,514
22,536
35,341
365,886
271,985
13,224
66,357
91,385
468,963
8,186
597,768
236,875
27,437
76,905
530,681,754
10,766
139,172
1,11,28
321,638
7,90
74,389,828
136,318,369
32,244
56,280,602
125,865
304,307
137,962
50,127
235,364
29,926
673,837
64,578
24,915
13,454
326,386,912
154,805
56,498,723
384,388,978
86,461
18,120
278,797
855,895,914
19,720
64,806
92,119
621,833
96,724
490,861
379,582
2,553,734
258,579
97,873
205,263
44,961
798,840
9,38,97
101,373
204,655
89,547,982
1,616
27,110
66,181
4,15,66
152,532
74,255
162,868
35,50,528
15,151,646
137,158
2,4
148,735
33,135,479
203,787
6,457
134,142
113,577
25,54
43,684
245,246
736,889
416,929
88,199
19,626
2,227
117,273
10,161
26,57
13,80
53,236
38,654
32,222
55,106,707
56,589
254,643
9,199
24,306
36,455
85,294
659,970
101,113
6,14,158
30,214
83,544
46,101
128,194,250
28,123,206
20,411
775,823
521,745,968
169,495
25,249,496
52,110,444
211,623
67,665
79,287
523,898
269,378
132,372
163,310
65,115
85,235
561,746
10,70
23,49,387
28,207
84,343
267,934
166,508
146,674
208,227,931
154,763,965
216,842
122,316
17,800
71,815
348,883,954
233,678
142,160
18,601,847
