27,77,146
17,133
19,56
36,63
82,146
35,118
18,52
99,101
65,117,123
46,132
50,76,114
14,35,66
50,145
64,93
81,86,142
61,75
7,47,52
14,120,128
56,86,138
74,125,138
103,132
68,81,145
8,49
95,105,128
46,59
66,68
36,93,104
13,82,108
9,91
6,102
76,104,121
70,84
15,31
19,116
49,96
26,133
107,124
93,107
11,35,46
70,81
120,146
77,123
22,58
46,118
1,83
42,137
27,139
75,108
36,107
47,118
6,75
24,138
76,118
12,75,124
125,127,148
12,105,143
65,144
1,74
80,146
68,74,102
15,16
74,89,134
72,103
10,88
4,60
86,125,143
78,142,150
7,115
107,125
32,77,140
16,149
23,84
58,148
28,84
117,125,142
17,121,123
69,124,135
49,73,87
51,61
84,147
4,115,118
31,74
107,143
113,116
98,131
50,132
89,101
19,94
46,103,129
53,79
4,120
120,123,146
58,107
30,90
95,126,144
10,74
82,102
95,141
15,144
7,115
89,149
19,144
13,47,104
59,123,148
78,141
33,140
13,108
60,138
10,51
4,37
64,115
76,104,140
144,148
1,33,66
1,62,71
130,131
18,80
35,65,72
22,63
12,44
4,44
107,111
7,31
7,13,71
9,83
19,39,88
60,137
49,74
5,49,54
32,124
6,59,130
20,54
66,124
29,59,103
100,115
31,38
29,36
35,121,132
45,82,108
61,88,120
76,104
36,41,44
25,42
86,93
66,123
42,53
36,51
17,84
78,82,128
79,100
81,128
22,64,77
53,99,126
62,136
59,101
43,62,122
66,133,138
39,66,118
45,50,80
134,139
21,57
43,85
58,113
12,58,86
103,106,129
28,72
66,122
67,141
56,69
77,117
44,128
2,79
47,52,57
1,68
28,40
24,58
9,24
50,95,97
32,87
33,122
12,54,84
16,47,50
14,93
22,117,126
89,137
80,110
23,64
100,108
18,91
26,58,139
33,104,108
11,28
15,108
46,62
98,125
32,60
14,87
127,146
62,126
18,144
32,105
10,147
88,103
51,113,122
14,21
65,129
22,89
7,61
7,59,114
87,148
52,110
63,133,138
73,107
44,83
99,129
52,121
14,22,84
80,100
21,89
4,78
12,37,103
29,53
85,148,149
46,110
69,104
46,118,121
72,91,130
24,123
112,114
66,77
24,75
93,139
30,37,127
24,80,134
38,53,134
119,147
45,121
32,60,102
42,103,127
87,114
1,65,92
89,133
48,63
86,134
118,129
49,87,94
18,62
9,125
40,102
26,106
91,136
55,82,129
18,133
42,126
53,114
33,104
9,103
72,100
24,31,116
132,142,148
86,128
12,32
13,50,104
46,62,118
5,28
9,145
22,128,146
124,144
43,148
42,62,76
66,113
86,122,123
25,40,47
12,43
28,69
47,49,82
50,129
28,104,142
83,95
72,118,140
40,48,119
14,21,150
15,102,114
81,125
10,117,120
101,123
3,71
1,140
33,123
35,75
11,24,28
28,66
108,115
22,120
22,118
27,61
70,134
15,20,36
75,101
65,118
66,86
37,137
41,57,124
67,111
16,25
8,38,116
116,147
12,23
64,70
90,139
27,123
6,93,149
23,75,81
41,78,144
12,36
93,135
120,134
131,150
15,109
94,135
50,106
21,34
49,65
13,91
2,69
20,36
53,133
71,85
36,127
19,109
14,125
58,89,145
1,31
9,146
84,144,148
17,144
63,88
120,146
58,97
38,131
103,149
55,99
4,92,125
13,30
11,77
102,108,129
49,132
8,106
65,126
83,119,147
32,44,148
51,145
73,96
6,121
35,133
8,57,111
45,97
14,85,115
36,60
23,28,75
28,68
99,142
19,115
2,40
14,35
59,108,129
14,90
35,90
90,146
8,23
57,98
80,103
58,146
16,103
45,76
13,17,130
7,130
71,92,95
5,23,48
31,114
10,75
71,74
102,132,140
96,105
19,97
10,67
1,94
18,51
53,150
37,90
67,68,86
26,131
56,66
61,76,101
42,79
38,149
30,40
58,95,100
15,119
34,58,146
3,66
61,90
9,113
109,135
87,119
10,117,138
48,104
123,131
8,115
9,142
70,123
12,88
34,81,91
92,129
1,37,105
8,73
53,132
93,96,149
109,119
132,147
6,129
7,131
71,109,148
30,40
6,126
31,84
42,46,102
23,89
96,100
17,120
4,147
39,53,137
13,115,126
1,27
121,133
28,127
18,65
69,150
3,116
65,72
88,126
43,87
65,108
24,51
32,54
52,80,121
20,42
79,130
42,45,55
71,103
17,111
7,11
112,129,144
23,24
1,144,147
56,109,116
27,70,82
81,146
5,8,69
8,105
14,86
117,131
22,138
20,72
26,74,124
98,128
113,133
120,139
9,17
98,100
37,69
11,23,64
94,135
62,90
59,77,105
39,55,114
21,69
52,55,108
12,131
10,34
26,35
6,102
39,135
50,80,116
18,133
35,75
60,78
7,119
74,78,146
104,111
43,57,94
24,53
47,62
104,111
137,142
6,100
9,10,107
22,36,84
82,101,132
93,132
50,62,89
4,131
38,43,73
20,103
94,123
30,91
57,60,144
43,52
14,113,128
6,110
21,26,89
11,81,142
27,131
15,19
23,82
104,140
6,40,102
3,44
18,34
119,127
31,68,87
98,122
74,145
57,129
123,131
37,48,111
86,134
24,75
17,119,149
8,66
18,128
22,47,138
86,90,125
56,57
22,64
91,92,100
14,43
92,97,98
35,139
121,144
110,118
23,81,131
19,27
90,98
19,119
36,78,111
27,71
79,142
41,135
87,144,147
92,112
79,91,126
1,97
28,123
53,143
34,37
80,110,114
51,65
54,144
47,98
28,143
10,148
102,127
14,77
2,53
96,121
47,82
7,140
7,115,140
36,44,84
21,121
13,55
41,63
57,87
59,118
11,18,74
16,46
24,128,139
10,14,122
19,68
3,83
1,13
10,69
9,30,84
77,135
18,150
30,71
104,138
38,143
66,108
46,80
35,123
1,23,72
119,148
56,142
61,70
48,77
40,91
33,86
9,97
107,133
121,122
29,100
65,100
63,94,140
32,96
83,87
49,78
56,140
79,122
24,97,146
28,81
92,110
33,96
104,139
33,34
66,78,121
5,99
63,64,142
55,62,115
87,124,143
94,137
60,99
13,25,62
24,139
59,103
93,131
88,108
48,126
77,133,150
30,75
63,122
63,91
113,120,150
116,144
29,92,127
4,78
30,127
20,35
91,97
45,71,142
104,129
26,74
12,17,54
17,19,107
19,20
12,32,111
59,80
3,60,96
7,90,132
68,98
82,112
80,104,115
49,118
38,52,145
58,128
9,39
67,113
2,46
23,142
3,130
1,47
29,89
54,69,87
45,87,99
13,27
51,104
15,36,38
133,138,150
2,35,71
93,115
48,101
68,84
6,57,74
9,118,143
21,71,98
19,143
48,60,87
80,138
71,99,129
5,85
4,8,97
10,96,136
23,26,35
11,82,141
93,145
8,120
19,29
22,51
19,60,144
7,128
117,122
36,47,138
34,76
46,48,93
3,61
39,108
32,57
32,34
50,108
34,44,54
51,55,138
7,129
51,77,122
34,116
104,126
2,100
29,40,116
136,141
1,43
12,41
27,113
6,79
32,44,87
21,35,103
64,89,139
79,118
21,61
63,99
7,15
85,107
1,4
107,148
90,120
4,17
41,54
24,64
28,136
32,100
42,82
23,89,133
132,136
1,94
87,96,105
29,92
118,136
4,37,85
16,44
82,101
10,123
104,146
102,105,125
77,138
46,48
20,31
47,92
99,127
24,54,149
95,130
117,128
25,76,79
100,141
61,123
38,107
96,97
5,78
20,138
55,76
48,137
49,144
2,37
64,145
3,89
3,53
76,105,146
31,143
13,55,131
64,123,125
132,143
68,75
57,83
26,58,142
20,110
30,37,92
19,60
65,110
34,41,57
49,101
19,39,122
98,139
22,136,141
81,90
35,121
80,103
41,85,116
97,133,150
87,102
19,125
113,129
110,121
13,35
57,125
43,133
39,72,111
62,114
104,136
116,137
52,110
9,77,104
37,137
21,145
27,90
18,83
29,112
26,123
19,105
21,28
12,60
5,137
118,119
20,78,144
24,70
33,95,108
57,79
46,50
18,106
34,93
24,59
131,149
12,49
56,83,148
49,85
36,125
47,63
105,112
8,17,41
35,150
8,116,141
31,73,144
58,129
25,62
101,142
84,106
35,145
50,69
64,134
17,70
128,146
48,105
9,32
64,122
12,37
23,51,150
64,115
1,109
89,149
81,89,125
39,146
52,99,100
78,135
30,93
22,145
48,105,116
97,148
23,149
17,56
13,51,84
10,57,114
46,114,118
51,89
17,57,119
60,96
46,143
49,85
8,43
11,125
43,124
