1,49
1,95
1,134
1,140
1,151
1,173
1,234
1,317
1,322
1,347
1,432
2,206
2,261
2,346
2,370
2,444
2,497
3,13
3,138
3,173
3,222
3,229
3,313
3,337
3,351
3,386
3,406
3,425
4,171
4,181
4,211
4,234
4,269
4,286
4,296
4,303
4,327
4,333
4,338
4,372
4,416
5,101
5,185
5,249
5,325
5,429
5,466
6,9
6,15
6,41
6,57
6,58
6,121
6,135
6,155
6,294
6,297
6,421
6,426
6,476
7,43
7,56
7,140
7,263
7,281
7,355
7,426
7,437
8,114
8,131
8,185
8,199
8,344
8,358
8,423
8,498
9,11
9,41
9,54
9,126
9,129
9,172
9,190
9,226
9,290
9,297
9,406
10,31
10,36
10,76
10,96
10,120
10,162
10,174
10,260
10,362
10,448
11,28
11,99
11,114
11,148
11,223
11,225
11,240
11,327
11,345
11,353
11,427
11,497
12,37
12,179
12,268
12,271
12,302
12,409
12,444
12,447
12,481
12,486
13,59
13,76
13,113
13,196
13,260
13,264
13,277
13,285
13,325
13,418
13,479
14,77
14,206
14,224
14,257
14,266
14,339
14,352
14,433
14,479
15,90
15,100
15,135
15,139
15,145
15,160
15,196
15,211
15,290
15,316
15,493
16,57
16,73
16,115
16,135
16,155
16,215
16,222
16,263
17,20
17,165
17,292
17,319
17,343
17,393
17,431
18,73
18,97
18,140
18,226
18,273
18,312
18,316
18,365
18,374
18,381
18,401
18,442
19,20
19,27
19,39
19,97
19,101
19,296
19,351
19,362
20,68
20,113
20,169
20,213
20,365
20,412
20,483
21,114
21,147
21,162
21,169
21,208
21,443
22,31
22,61
22,65
22,94
22,320
22,364
22,487
23,97
23,136
23,196
23,285
23,330
23,365
23,391
23,427
24,53
24,66
24,179
24,193
24,223
24,224
24,259
24,265
24,353
25,112
25,188
25,326
25,415
25,424
25,450
25,476
25,490
25,494
26,95
26,107
26,216
26,223
26,243
26,276
26,282
26,354
26,356
26,422
26,423
27,79
27,94
27,273
27,335
27,398
27,435
27,456
27,458
28,287
28,479
28,491
29,115
29,175
29,206
29,223
29,252
29,267
29,390
29,402
29,438
29,458
30,93
30,168
30,295
30,302
30,315
30,320
31,47
31,65
31,253
31,262
31,272
31,492
32,208
32,422
32,448
32,449
33,314
33,330
33,379
33,415
33,417
33,454
33,479
33,487
34,38
34,54
34,96
34,116
34,260
34,266
34,319
34,341
34,364
34,388
34,396
35,40
35,114
35,146
35,161
35,213
35,236
35,376
35,447
36,98
36,110
36,141
36,198
36,212
36,306
36,387
36,400
37,48
37,128
37,141
37,152
37,249
37,288
37,401
37,418
38,66
38,79
38,114
38,243
38,286
38,300
38,346
38,348
38,378
38,395
38,399
39,53
39,73
39,95
39,103
39,182
39,217
39,231
39,247
39,253
39,313
39,334
39,335
39,363
39,439
39,483
40,121
40,179
40,191
40,208
40,210
40,213
40,307
40,337
40,353
40,380
40,408
40,447
40,500
41,47
41,79
41,211
41,231
41,255
41,266
41,322
41,405
41,455
41,473
41,474
42,48
42,130
42,138
42,142
42,191
42,222
43,47
43,129
43,147
43,156
43,223
43,297
43,363
43,383
43,462
43,493
44,137
44,262
44,319
44,381
44,445
44,488
45,94
45,124
45,137
45,172
45,290
45,381
45,406
45,437
45,457
45,471
45,475
46,60
46,151
46,241
46,247
46,412
46,430
47,54
47,87
47,90
47,248
47,389
47,493
48,141
48,143
48,155
48,241
48,328
48,333
48,354
48,427
49,437
50,54
50,62
50,84
50,88
50,125
50,126
50,127
50,142
50,177
50,293
50,454
50,480
51,157
51,196
51,229
51,308
51,385
51,409
52,151
52,221
52,229
52,258
52,282
52,420
52,443
53,107
53,228
53,297
53,417
53,454
54,84
54,105
54,112
54,173
54,184
54,199
54,260
54,275
54,346
54,368
54,376
54,380
54,399
54,416
55,80
55,83
55,123
55,252
55,280
55,312
55,357
55,400
56,137
56,211
56,286
56,405
56,485
56,500
57,65
57,70
57,91
57,136
57,154
57,187
57,197
57,221
57,240
57,243
57,289
57,314
57,381
57,397
57,489
58,142
58,168
58,224
58,263
58,295
58,355
58,417
58,436
58,443
58,449
58,499
59,150
59,157
59,191
59,200
59,348
59,366
59,398
60,101
60,113
60,168
60,262
60,337
60,386
60,448
61,165
61,185
61,208
61,209
61,304
61,383
61,463
61,481
61,482
62,72
62,165
62,189
62,201
62,261
62,272
62,389
62,439
62,459
63,172
63,270
63,294
63,372
63,405
63,409
63,416
63,422
63,456
63,464
64,65
64,84
64,157
64,163
64,219
64,299
64,481
65,110
65,182
65,193
65,261
65,281
65,389
65,406
65,455
65,479
65,486
66,144
66,191
66,289
66,379
66,431
66,471
66,480
67,131
67,161
67,169
67,179
67,249
67,332
67,366
67,442
68,82
68,123
68,145
68,277
69,235
69,325
69,369
69,376
69,390
69,398
69,436
70,175
70,211
70,260
70,418
70,424
70,471
71,86
71,100
71,112
71,148
71,216
71,349
71,373
71,448
71,493
72,77
72,170
72,193
72,212
72,248
72,301
72,326
72,383
72,387
72,417
72,435
73,124
73,155
73,186
73,295
73,309
73,380
74,161
74,211
74,227
74,254
74,270
74,274
74,328
74,422
75,115
75,140
75,152
75,166
75,230
75,235
75,271
75,274
75,276
75,288
75,473
76,151
76,174
76,179
76,187
76,192
76,250
76,257
76,311
76,322
76,329
76,355
76,369
76,482
76,483
77,145
77,153
77,304
77,335
77,356
77,404
77,488
78,175
78,187
78,198
78,256
78,346
78,358
78,361
78,400
78,482
79,174
79,186
79,272
79,274
79,337
79,386
79,407
80,175
80,177
80,340
80,394
80,404
80,431
80,439
80,495
81,85
81,86
81,148
81,149
81,313
81,323
81,424
82,101
82,143
82,208
82,370
83,114
83,233
83,360
84,95
84,105
84,233
84,258
84,298
84,346
84,403
85,206
85,262
85,484
86,194
86,211
86,221
86,223
86,243
86,290
86,295
86,345
86,407
86,422
86,483
87,90
87,108
87,218
87,228
87,247
87,331
87,405
87,452
88,145
88,210
88,240
88,285
88,401
88,402
89,95
89,397
90,119
90,132
90,187
90,220
90,243
90,265
90,292
90,404
90,419
91,135
91,168
91,214
91,234
91,365
91,394
91,428
91,436
92,120
92,130
92,194
92,225
92,251
92,362
92,396
92,488
93,112
93,287
93,295
93,324
93,374
93,379
93,436
93,479
94,100
94,141
94,149
94,231
94,282
94,310
94,322
94,326
94,394
94,399
95,233
95,274
95,287
95,318
95,399
95,403
95,443
95,451
95,463
96,102
96,106
96,167
96,250
96,292
96,318
96,333
96,362
96,405
96,436
96,466
96,484
97,103
97,154
97,319
97,378
97,380
97,474
98,114
98,156
98,255
98,282
98,293
98,356
98,499
99,161
99,164
99,277
99,345
99,349
99,382
99,426
99,497
99,500
100,112
100,125
100,266
100,324
100,359
100,459
101,113
101,172
101,265
101,272
101,349
101,395
101,401
101,411
101,440
101,460
102,104
102,206
102,233
102,268
102,498
103,148
103,191
103,203
103,316
103,345
103,350
103,439
103,482
103,499
104,290
104,357
104,376
104,417
104,422
104,452
105,222
105,234
105,303
105,402
105,499
106,177
106,238
106,269
106,336
106,377
106,420
106,421
107,111
107,207
107,222
107,275
107,328
107,337
107,427
108,117
108,153
108,163
108,185
108,223
108,288
108,299
108,329
108,377
108,427
108,476
109,130
109,255
109,316
110,118
110,302
110,305
110,332
110,335
110,439
111,173
111,258
111,314
111,329
111,335
111,388
111,390
111,414
111,433
111,460
112,118
112,137
112,156
112,232
112,258
112,261
112,383
112,389
112,405
113,116
113,314
113,364
113,389
113,411
113,413
113,417
114,136
114,144
114,398
114,477
114,485
115,133
115,214
115,247
115,282
115,283
115,313
115,373
115,446
116,149
116,151
116,204
116,230
116,248
116,279
116,322
116,371
116,412
117,121
117,130
117,157
117,240
117,311
117,314
117,383
117,423
117,447
117,477
118,181
118,185
118,202
118,231
118,264
118,348
118,382
118,484
119,124
119,277
119,286
119,293
119,309
119,316
119,469
120,135
120,157
120,176
120,232
120,285
120,301
120,335
120,405
120,412
120,477
121,217
121,253
121,284
121,358
121,465
122,242
122,283
122,381
122,415
122,431
122,435
122,464
122,487
123,128
123,185
123,236
123,294
124,247
124,284
124,309
124,474
125,137
125,202
125,259
125,298
125,324
125,339
125,402
125,481
126,162
126,175
126,195
126,203
126,221
126,276
126,280
126,297
126,320
126,321
126,445
126,491
127,150
127,156
127,199
127,215
127,243
127,268
127,316
127,324
127,334
127,384
127,485
128,135
128,137
128,142
128,213
128,274
128,378
128,414
128,433
128,473
128,492
129,185
129,211
129,326
129,375
129,406
129,474
130,219
130,236
130,242
130,257
130,272
130,285
130,432
130,489
131,153
131,159
131,185
131,200
131,270
131,277
131,297
131,312
131,351
131,368
131,370
131,408
132,158
132,233
132,352
132,473
133,174
133,249
133,273
133,320
133,345
133,370
133,397
133,412
134,217
134,229
134,232
134,253
134,314
134,333
134,385
134,406
134,458
134,493
135,142
135,161
135,166
135,358
135,361
135,439
135,446
135,464
136,258
136,274
136,416
136,458
137,147
137,164
137,263
137,271
137,361
137,394
138,208
138,216
138,220
138,221
138,254
138,311
138,361
139,191
139,204
139,212
139,252
139,304
139,355
139,374
139,379
139,453
139,483
140,151
140,195
140,219
140,235
140,260
140,287
140,373
140,412
140,498
141,150
141,160
141,165
141,189
141,235
141,247
141,325
141,346
141,428
142,252
142,295
142,301
142,335
142,390
142,394
142,413
142,475
143,227
143,402
144,305
144,318
144,331
144,334
144,366
144,447
145,242
145,304
145,398
146,160
146,242
146,249
146,250
146,254
146,287
146,338
146,383
146,408
146,429
146,487
147,197
147,318
147,333
147,420
147,449
148,282
148,294
148,382
148,417
148,472
148,474
149,269
149,378
149,463
150,183
150,246
150,371
150,372
150,439
150,450
150,500
151,153
151,191
151,201
151,256
151,310
151,321
151,417
151,450
152,282
152,287
152,321
152,387
153,159
153,307
153,319
153,489
154,221
154,276
154,289
154,314
154,363
154,426
154,446
154,482
155,156
155,218
155,233
155,278
155,280
155,361
155,416
155,419
156,202
156,259
156,270
156,281
156,302
156,378
156,390
156,419
156,435
156,479
156,483
157,181
157,205
157,213
157,223
157,339
158,325
158,400
158,409
158,500
159,173
159,237
159,250
159,258
159,287
159,438
159,485
160,198
160,199
160,201
160,253
160,311
160,374
160,434
160,435
161,163
161,213
161,265
161,270
161,276
161,341
161,416
162,176
162,183
162,203
162,216
162,217
162,308
162,345
162,349
162,399
162,421
162,450
162,464
163,306
163,365
163,408
163,415
163,425
163,489
164,236
164,495
165,169
165,186
165,285
165,400
166,173
166,183
166,329
167,245
167,256
167,260
167,294
167,333
167,367
167,411
168,187
168,226
168,248
168,270
168,288
168,345
168,367
168,372
168,381
168,475
169,214
169,352
169,369
169,374
169,379
169,396
170,213
170,222
170,255
170,499
171,195
171,229
171,352
171,393
171,439
171,495
172,200
172,216
172,335
172,406
172,430
173,222
173,361
173,362
173,378
173,388
173,471
174,240
174,245
174,400
174,451
175,453
175,462
175,478
176,345
176,400
176,405
176,408
176,414
176,416
176,422
176,464
176,470
176,487
176,490
177,182
177,353
177,391
177,481
177,487
177,498
178,314
178,350
178,390
178,458
179,240
179,250
179,254
179,323
179,324
179,440
180,286
180,305
180,393
181,182
181,225
181,243
181,329
181,346
181,410
181,422
181,427
181,464
182,202
182,237
182,403
182,419
182,458
182,459
182,489
183,213
183,220
183,232
183,286
183,387
183,392
183,396
183,415
183,473
184,189
184,272
184,276
184,290
184,486
185,317
185,393
185,411
186,276
186,280
186,283
186,294
186,385
186,390
186,443
186,468
186,471
187,232
187,273
187,278
187,291
187,297
187,331
187,339
187,346
187,428
187,484
188,269
188,440
188,473
188,490
189,332
189,383
189,403
189,455
189,464
190,192
190,341
190,353
190,366
190,434
190,457
190,490
191,216
191,310
191,317
191,320
191,419
191,424
191,464
191,467
191,496
191,499
192,231
192,248
192,440
192,462
192,472
192,473
192,476
192,499
193,212
193,226
193,241
193,283
193,293
193,365
193,404
193,423
193,442
193,456
194,237
194,382
195,217
195,337
195,370
196,260
196,300
196,419
196,473
196,500
197,254
197,283
197,291
197,292
197,412
197,463
197,472
197,487
198,258
198,273
198,301
198,365
198,367
198,386
198,399
198,401
198,406
198,416
198,419
198,426
198,460
199,214
199,368
199,421
199,432
199,449
199,469
199,480
199,481
200,402
201,267
201,329
201,363
201,378
201,400
201,412
201,428
201,431
202,212
202,287
202,300
202,348
202,375
202,383
202,433
203,215
203,238
203,241
203,382
203,478
204,288
204,295
204,392
204,401
205,351
205,398
206,213
206,384
206,404
206,431
207,381
207,418
207,429
208,316
208,367
208,391
208,395
208,417
208,459
209,218
209,345
209,466
209,499
210,324
210,334
210,410
211,232
211,355
211,401
211,406
211,417
211,424
212,217
212,348
212,354
212,385
213,287
213,338
213,369
213,392
213,401
213,451
214,273
214,317
214,334
214,366
214,423
215,332
215,394
215,398
215,480
216,221
216,243
216,249
216,312
216,424
217,227
217,288
217,307
217,330
217,381
217,391
217,400
217,419
218,274
218,295
218,301
218,353
218,416
218,468
219,231
219,263
219,321
219,322
219,329
219,341
220,435
220,484
221,365
221,401
221,435
221,456
222,232
222,325
222,327
222,328
222,431
222,464
223,242
223,256
223,342
223,441
223,446
224,236
224,365
224,448
225,328
225,469
225,492
225,498
226,328
226,339
226,499
227,239
227,247
227,264
227,309
227,366
227,376
227,380
227,385
227,406
227,416
227,430
228,319
228,354
228,446
228,456
229,329
229,435
229,438
229,462
229,480
229,483
229,493
230,273
230,310
230,344
230,350
230,375
230,391
231,404
231,432
231,486
232,263
232,295
232,296
232,372
232,411
232,493
233,261
233,395
233,403
233,434
234,351
234,377
234,480
235,299
235,384
235,396
235,465
236,247
236,277
236,281
236,356
236,386
236,496
237,319
237,377
237,411
237,431
237,481
237,497
238,313
238,325
238,432
238,454
239,287
239,297
239,359
239,461
240,244
240,299
240,348
240,366
240,450
240,459
240,468
241,378
241,414
241,477
241,493
242,325
243,257
243,263
243,319
243,428
243,453
243,483
244,245
244,294
244,390
244,411
244,452
244,468
245,357
245,385
245,437
245,487
246,291
246,404
246,447
247,368
247,410
247,417
247,437
247,449
247,498
248,303
248,414
248,447
248,482
249,260
249,293
249,333
249,478
249,489
250,262
250,286
250,364
251,262
251,302
251,317
251,362
251,364
251,372
251,377
251,482
252,496
253,388
253,414
253,471
254,289
254,294
254,310
254,313
254,331
254,394
254,443
255,263
255,317
255,384
255,468
256,294
256,319
256,320
256,351
256,358
256,363
257,299
257,349
257,398
257,440
258,267
258,270
258,282
258,382
258,407
258,409
258,411
259,353
259,375
259,398
259,420
259,446
259,468
259,482
260,272
260,426
261,341
261,468
262,285
262,342
263,292
263,341
263,355
263,363
263,490
263,496
264,384
264,422
264,431
264,449
265,270
265,329
265,362
265,389
265,424
266,327
266,461
266,483
267,422
267,466
267,488
267,499
268,269
268,278
268,306
268,443
269,375
269,378
269,421
269,450
270,275
270,278
270,350
270,484
271,382
271,388
271,436
271,437
272,438
272,482
273,310
273,471
274,290
274,304
274,454
275,346
275,379
275,391
275,405
275,445
275,462
275,493
276,301
276,333
276,407
276,473
276,480
277,323
277,333
277,389
277,390
277,396
277,404
277,438
277,492
278,404
278,435
278,437
278,472
278,475
278,498
279,291
279,315
279,390
279,403
279,492
280,315
280,322
280,377
280,472
280,494
281,323
281,383
281,400
281,408
281,459
282,301
282,339
282,413
282,414
282,431
283,311
283,322
283,354
283,426
283,428
283,442
284,427
284,494
285,321
285,324
285,350
285,351
285,359
285,370
285,392
285,400
286,292
286,450
286,495
287,334
287,352
287,381
287,400
287,409
288,293
288,375
288,410
288,495
289,311
289,313
289,423
289,453
289,486
290,299
290,328
290,376
290,424
290,430
291,361
291,391
291,430
291,433
292,410
292,411
292,416
293,396
293,447
294,328
295,305
295,349
295,384
295,414
295,431
295,436
295,474
296,350
296,367
297,424
298,485
299,472
301,310
301,314
301,365
301,403
301,456
302,403
302,408
302,434
302,446
302,479
303,366
303,479
304,338
304,416
305,369
305,402
305,404
305,423
305,440
305,477
306,315
306,329
307,383
308,320
308,381
308,413
308,433
308,434
308,440
308,486
309,335
309,347
309,373
309,419
309,431
309,466
309,475
309,497
310,314
310,355
310,399
310,418
310,476
311,455
311,457
311,496
312,339
312,374
312,419
312,486
313,385
314,330
314,394
314,407
314,411
314,474
314,488
314,494
315,344
315,422
316,318
316,359
316,371
316,400
317,336
317,337
318,332
318,354
318,423
318,439
319,329
319,394
319,424
319,430
319,470
320,321
320,397
320,405
320,414
320,471
320,487
320,496
321,344
321,362
321,369
321,375
321,395
321,399
323,333
323,343
324,412
324,458
324,494
325,393
326,386
326,389
326,480
327,332
327,341
327,363
327,405
327,411
327,485
328,371
329,361
329,365
329,389
329,391
329,457
330,369
330,376
330,383
330,387
330,455
330,458
330,483
331,384
331,434
332,370
332,409
332,426
332,431
333,431
333,439
333,447
333,481
334,447
334,486
334,499
335,346
335,348
335,371
335,383
335,445
336,357
336,410
337,349
337,356
337,371
337,456
337,500
338,449
338,471
340,427
340,476
340,491
341,347
341,375
341,389
341,467
341,480
341,495
342,416
342,457
343,358
343,367
343,466
343,482
343,488
344,372
344,399
344,481
345,412
345,447
345,465
346,441
346,493
347,392
347,496
349,369
349,461
350,377
350,391
350,415
350,467
351,412
351,430
351,483
352,455
352,483
355,390
355,427
356,368
356,369
358,376
358,402
358,475
358,494
359,423
359,449
359,472
359,491
360,455
360,476
360,492
360,497
361,480
363,374
363,403
363,464
364,365
364,375
364,463
365,397
365,402
365,422
366,433
366,457
366,475
367,411
368,447
368,479
370,378
370,450
372,407
372,431
372,454
373,405
373,411
373,449
373,473
374,411
374,470
375,416
375,419
376,438
376,460
376,463
377,493
378,394
378,424
378,483
379,419
379,462
380,417
380,433
381,491
382,386
382,414
383,437
383,456
383,469
384,421
384,462
385,437
386,424
387,432
387,480
388,390
388,400
388,431
388,474
388,479
389,417
389,424
389,425
389,459
390,426
390,454
390,463
391,445
392,400
392,500
395,403
395,484
396,428
396,440
396,444
399,456
399,486
400,423
401,487
402,440
403,409
403,441
403,448
403,457
405,431
405,458
407,422
407,430
407,480
408,428
409,472
410,490
411,427
412,451
413,442
413,496
414,454
418,458
422,452
422,454
423,429
423,455
423,459
423,477
424,471
425,477
425,493
426,435
427,436
427,454
427,467
427,468
428,443
428,448
428,478
429,440
429,444
429,492
430,431
430,438
430,485
431,443
431,453
432,462
433,485
433,486
436,447
436,496
437,443
438,467
438,475
439,442
439,483
440,479
441,478
444,496
445,448
446,467
446,472
448,482
449,483
449,492
452,497
457,495
460,484
461,471
462,463
462,465
463,478
466,491
468,489
469,483
470,487
471,483
471,498
472,482
473,482
474,486
475,497
478,494
480,496
485,499
487,498
491,492
491,493
496,497
1,5,327
1,9,253
1,17,455
1,92,126
1,123,144
1,135,328
1,146,500
1,167,275
1,178,409
1,212,429
1,292,446
1,392,470
2,47,272
2,85,186
2,219,433
2,254,282
2,284,322
2,328,331
3,16,375
3,19,412
3,45,467
3,70,125
3,113,446
3,137,294
3,261,379
3,369,435
3,399,488
4,31,296
4,107,416
4,138,388
4,154,375
4,178,433
4,190,468
4,261,321
4,273,276
4,361,367
4,419,460
5,53,90
5,121,398
5,174,490
5,189,210
5,221,258
5,246,305
6,10,483
6,31,409
6,157,390
6,191,341
6,251,406
6,343,464
7,42,216
7,43,143
7,75,307
7,76,497
7,100,419
7,112,380
7,112,483
7,201,339
7,295,440
7,312,417
7,342,370
7,392,431
8,73,379
8,147,449
8,230,387
8,398,435
9,19,73
9,52,373
9,63,417
9,104,277
9,178,270
9,185,465
9,412,446
10,100,417
10,117,248
10,124,419
10,184,270
10,291,379
10,425,485
10,430,490
11,117,255
11,147,304
11,156,348
11,333,469
12,29,337
12,61,455
12,179,446
12,185,326
13,217,302
13,234,461
13,446,500
14,36,325
14,40,209
14,114,302
14,114,316
14,246,255
14,261,363
14,304,374
15,60,92
15,63,350
15,66,373
15,97,498
15,134,483
15,166,190
15,255,443
15,335,435
16,338,347
17,23,247
17,32,108
17,78,281
17,80,411
17,152,350
17,228,298
18,38,256
18,46,191
18,51,146
18,229,413
18,312,379
19,74,94
19,74,372
19,151,485
20,61,64
20,103,277
20,110,418
20,153,305
20,170,348
20,212,302
21,32,498
21,79,291
21,114,272
21,123,478
21,151,176
21,185,369
21,231,236
21,322,439
21,348,368
22,66,247
22,70,284
22,125,294
22,139,157
22,197,221
22,238,407
22,243,260
22,271,460
22,444,462
23,126,148
23,154,343
23,180,270
23,209,249
23,364,405
24,72,494
24,75,318
24,207,302
24,306,429
25,244,300
26,172,289
26,200,250
26,254,301
27,29,493
27,43,372
27,51,87
27,53,258
27,93,301
27,103,430
27,204,493
27,205,390
27,274,379
27,430,498
28,30,376
28,71,187
28,127,356
28,153,315
29,143,252
29,171,395
30,34,193
30,65,147
30,121,179
30,127,152
30,163,376
30,166,359
30,221,491
30,224,414
30,428,479
31,77,275
31,85,164
31,161,194
31,256,467
31,272,486
31,393,417
32,66,292
32,78,255
32,110,412
32,209,387
32,210,332
32,248,356
32,254,302
32,283,410
32,338,423
33,116,247
33,126,433
33,134,204
33,238,436
33,361,454
34,63,93
34,66,91
34,90,294
34,97,155
34,161,472
34,320,386
34,341,491
34,367,409
34,394,422
35,156,490
35,168,244
35,200,276
35,353,384
36,69,404
36,72,327
36,128,500
36,213,214
36,236,477
36,314,393
36,374,494
37,61,118
37,311,359
37,316,342
37,427,485
38,278,467
38,363,463
39,79,325
39,135,484
39,157,198
39,355,396
39,375,389
39,386,487
40,61,215
40,99,215
40,117,214
40,230,343
40,231,481
40,351,402
40,455,495
41,134,256
41,155,243
41,194,266
41,262,421
41,284,433
42,49,327
42,53,229
42,72,451
42,74,161
42,86,260
42,107,475
42,129,171
42,134,461
42,139,390
42,159,194
42,186,282
43,47,155
43,100,500
43,111,124
43,116,487
43,297,460
43,378,430
43,394,485
44,69,122
44,95,413
44,194,286
44,195,325
44,231,498
44,381,447
45,49,54
45,91,414
45,94,130
45,111,453
45,196,331
45,343,481
46,97,138
46,120,417
46,198,362
47,94,253
47,116,143
47,129,341
47,321,443
47,386,416
48,61,293
48,81,287
48,88,481
48,152,217
48,308,392
48,409,422
49,81,465
50,76,114
50,183,299
50,314,323
51,52,70
51,74,407
51,74,417
51,90,347
51,101,220
51,109,232
51,136,138
51,143,258
51,178,419
51,249,358
51,305,346
52,64,235
52,70,480
52,73,266
52,107,178
52,129,493
52,139,143
52,176,310
52,280,463
52,319,472
53,54,470
53,147,393
53,151,448
53,198,267
53,319,341
54,94,126
54,100,407
54,363,413
54,407,485
54,435,436
55,65,331
55,218,497
56,95,360
56,129,173
56,161,418
56,227,278
56,247,339
56,373,463
56,395,479
57,73,176
57,85,355
57,204,401
57,226,467
57,470,491
58,91,297
58,114,386
58,161,379
58,239,258
59,64,145
59,176,209
59,209,462
59,243,382
60,168,226
60,331,418
60,335,374
61,73,171
61,82,423
61,105,443
61,185,432
61,225,257
61,396,462
61,448,477
62,63,315
62,163,352
62,174,398
62,240,416
62,252,311
62,349,400
62,372,469
63,66,284
63,124,161
63,151,338
63,216,480
63,219,355
63,263,380
63,305,428
63,365,454
64,82,440
64,116,220
64,143,192
64,166,316
64,201,447
64,202,492
65,78,123
65,109,153
65,202,255
65,224,482
65,249,396
65,322,440
66,79,191
66,161,243
66,169,500
66,228,417
66,280,470
66,358,420
66,372,411
66,408,492
67,69,125
67,109,315
67,109,465
67,179,492
67,333,337
67,396,477
67,472,474
68,121,369
68,146,402
68,182,411
68,192,209
68,281,455
68,413,456
69,119,445
69,121,418
69,142,499
69,150,395
69,253,352
69,361,420
70,154,417
70,417,487
71,113,485
71,198,471
71,313,386
71,372,461
72,89,320
72,117,174
72,150,338
72,245,248
72,278,340
72,335,382
73,82,181
73,83,138
73,86,115
73,185,198
73,190,361
73,297,319
74,124,270
74,143,176
74,176,422
74,203,330
74,289,389
74,381,491
74,390,480
75,225,443
75,242,249
75,326,408
75,353,500
76,150,316
77,92,497
77,128,449
77,148,397
77,163,445
77,212,353
77,417,436
78,124,423
78,213,348
79,182,411
79,182,431
79,237,367
79,258,411
80,85,245
80,153,254
80,250,468
80,293,476
81,168,255
81,173,291
81,243,280
81,252,472
81,273,433
81,405,436
81,406,437
82,119,479
82,131,185
82,155,205
82,257,499
83,202,351
83,268,308
83,329,420
84,199,304
85,275,298
86,129,418
86,196,313
86,319,429
87,182,410
88,109,337
88,109,402
88,183,439
88,188,320
89,207,399
89,301,480
90,118,216
90,177,326
90,188,306
90,198,225
90,268,391
90,275,473
91,138,351
91,159,227
91,244,379
91,289,409
92,171,245
92,290,363
92,310,327
93,127,239
93,178,211
93,187,427
93,225,366
93,276,409
93,291,407
93,335,460
93,355,458
94,280,445
94,372,386
96,102,245
96,130,131
96,227,285
96,234,491
96,250,415
96,349,398
97,160,285
97,160,406
97,196,264
97,232,373
97,234,247
98,169,415
98,170,366
98,288,423
99,120,160
99,132,135
99,326,332
99,356,462
100,151,181
100,154,306
100,161,260
100,172,438
100,173,282
100,214,428
100,270,480
100,363,394
100,425,438
101,263,361
101,358,371
101,372,446
102,221,484
102,224,282
102,439,464
103,123,481
103,141,188
104,132,177
104,154,304
104,168,307
104,184,437
104,233,362
105,177,315
106,167,207
106,186,393
106,479,498
107,117,352
107,251,433
107,261,278
107,474,483
108,271,412
109,165,494
109,277,423
109,295,327
110,123,342
110,167,498
110,340,479
111,113,127
111,122,152
111,136,186
111,204,373
111,290,328
112,162,229
112,164,353
112,184,355
112,194,321
112,194,360
112,222,399
112,321,458
112,422,486
113,168,187
113,227,361
113,229,232
113,251,409
113,264,272
113,327,388
114,118,174
114,133,146
114,156,354
114,304,489
114,348,382
114,358,483
115,151,367
115,184,419
115,290,399
116,216,365
117,125,224
117,128,423
117,170,329
117,192,396
117,201,445
117,330,384
117,420,454
118,119,152
118,121,462
118,150,210
119,324,403
120,124,222
120,347,458
120,363,452
120,376,473
122,224,393
123,127,392
123,153,462
123,311,366
124,152,225
124,158,414
124,212,500
124,272,453
124,289,453
124,386,424
124,393,440
125,174,179
125,188,292
125,345,499
125,366,397
126,139,453
126,147,188
126,196,319
126,219,247
126,219,385
126,367,386
127,326,342
127,409,462
128,152,466
129,237,389
129,253,310
129,260,461
129,309,492
129,327,363
130,140,379
130,146,183
130,185,479
131,163,428
131,188,497
131,192,444
131,193,287
131,287,358
131,322,478
133,174,404
133,253,286
133,268,471
134,240,397
134,280,291
134,288,369
135,160,179
135,167,432
135,207,265
135,222,438
135,229,496
135,253,266
135,260,294
136,189,422
136,228,377
136,235,322
136,252,284
136,252,406
136,365,458
136,379,486
136,425,472
137,176,374
137,222,236
137,282,386
138,175,227
138,289,389
139,148,419
139,256,272
139,298,426
140,148,485
140,229,231
140,314,367
141,228,294
142,159,321
142,221,493
143,195,401
144,147,169
144,280,392
144,302,324
145,153,243
145,190,213
145,202,246
145,253,309
145,353,444
145,445,447
146,171,351
146,215,358
146,217,265
147,150,185
147,318,400
147,363,428
148,201,319
148,247,422
148,251,385
148,315,455
149,155,360
149,197,254
150,158,294
150,190,432
150,255,383
150,260,483
151,221,373
151,385,390
152,240,420
152,352,465
153,156,402
153,285,445
153,311,350
153,369,466
154,160,443
154,216,267
154,252,309
154,329,446
154,412,488
155,244,354
155,309,485
155,310,471
155,394,454
156,340,390
156,377,402
156,388,488
156,445,457
157,159,161
157,174,449
157,301,416
157,324,376
157,440,489
158,221,457
158,290,463
159,248,448
159,260,339
160,256,367
161,172,373
161,184,438
162,178,232
162,216,463
162,295,339
163,171,231
163,212,338
163,492,500
164,177,441
165,288,390
165,325,391
165,330,404
166,186,362
166,199,349
166,217,470
166,225,253
166,239,267
166,301,354
167,170,271
167,194,373
167,195,443
167,258,412
167,357,482
168,189,226
168,223,373
168,227,327
168,273,382
168,286,431
168,412,435
169,318,358
169,332,442
170,187,468
170,338,353
171,191,205
171,211,270
171,262,385
171,280,458
171,328,493
172,228,336
172,265,335
172,364,377
172,367,483
173,197,296
173,220,320
174,290,496
174,321,487
175,236,249
175,251,487
176,197,417
176,243,295
176,263,413
176,310,412
176,357,459
176,468,480
177,192,274
177,205,360
178,211,335
178,259,406
178,289,385
178,297,435
178,307,323
181,234,250
181,239,472
181,263,406
181,272,362
182,329,349
182,347,374
183,230,368
183,358,449
184,216,437
184,229,291
184,373,378
185,310,425
185,341,352
185,423,428
186,191,493
186,226,229
187,215,416
187,261,431
187,264,453
187,292,361
187,335,367
187,355,401
188,246,433
188,292,442
188,416,450
189,245,364
189,338,351
190,288,323
190,384,455
191,195,261
191,284,467
192,342,465
192,349,358
193,200,299
193,352,359
194,251,331
195,221,363
195,325,495
196,204,427
196,230,392
196,256,463
196,303,497
196,424,431
197,243,461
197,253,263
197,254,480
197,271,336
197,289,313
197,292,320
197,461,463
198,234,261
198,239,294
201,265,374
201,374,431
201,450,464
202,366,420
203,273,380
203,305,494
203,306,441
205,207,233
206,279,283
206,300,410
206,460,482
207,384,463
207,443,497
208,236,404
208,236,420
209,236,474
209,359,371
210,370,437
211,216,283
211,294,458
211,351,401
211,396,471
212,333,481
213,316,439
213,339,368
214,255,398
216,409,496
217,221,232
217,278,392
217,281,318
217,304,442
219,234,329
219,286,424
219,369,484
220,237,437
221,321,375
221,321,424
221,328,414
222,301,365
222,328,407
222,364,446
223,233,274
223,289,430
223,297,359
223,363,412
223,476,491
226,232,266
226,260,498
226,383,474
227,237,418
227,263,284
229,230,413
230,342,362
231,235,371
231,334,346
232,362,399
233,238,408
233,258,359
234,251,260
235,330,499
235,449,500
236,266,433
236,283,457
236,345,448
237,306,361
237,379,430
237,390,489
238,245,426
238,347,376
239,460,475
240,398,446
242,268,453
243,320,406
243,331,446
245,381,462
246,317,473
246,322,387
246,473,489
247,267,436
247,400,404
248,288,337
248,322,387
248,353,371
248,386,455
249,314,401
249,371,429
249,428,446
250,473,497
251,367,422
251,405,433
252,330,427
252,364,470
253,278,312
254,328,362
256,365,386
256,390,449
257,286,291
257,358,490
258,346,409
261,312,376
261,328,493
261,434,480
261,444,454
261,450,486
262,263,430
262,267,273
264,399,483
265,351,409
265,398,438
266,289,371
268,357,411
270,280,451
270,341,424
270,379,416
270,458,464
271,319,474
271,411,427
272,361,387
272,370,379
273,327,337
273,346,406
273,390,498
274,329,411
274,417,470
274,425,439
275,287,462
276,300,311
277,334,474
277,350,383
278,328,446
280,283,394
280,374,388
280,405,493
281,312,357
283,399,415
283,461,489
284,405,426
286,303,426
286,315,360
286,373,388
287,417,431
288,311,324
288,345,349
288,449,456
289,349,414
289,413,487
291,297,362
293,322,376
294,436,446
295,380,485
296,342,394
297,320,390
297,325,366
297,343,473
297,416,424
298,317,335
298,325,377
299,358,369
301,313,375
301,378,437
303,360,476
304,307,444
305,402,500
305,424,462
307,439,492
308,412,447
309,421,479
310,373,470
311,362,421
314,328,426
314,455,460
315,322,373
316,449,451
318,479,489
323,385,393
325,344,499
328,388,453
331,422,453
335,412,460
338,343,359
338,376,439
340,383,406
342,444,500
343,479,481
344,446,461
346,385,428
350,402,442
352,383,447
353,459,475
356,449,482
357,424,443
358,359,402
360,373,383
362,388,480
362,456,491
363,391,424
364,458,480
365,380,461
368,396,424
368,413,433
369,385,453
370,463,482
371,440,459
373,377,415
373,394,485
378,447,485
379,422,480
384,408,455
385,390,471
386,436,480
389,415,468
390,393,408
390,393,487
394,485,496
398,400,494
400,411,477
407,409,423
412,416,474
417,467,492
426,445,476
466,475,490
477,497,499
