33,87,102
41,82,150
9,36,61
5,51,142
37,112,129
2,87,118
11,131
29,95,129
10,19,56
31,91,120
60,100,148
104,122,124
26,90,100
83,101,144
17,49,87
6,39,82
34,94
14,17,91
10,12,97
68,107,113
76,107
45,95,119
77,86
39,75
15,29
74,149
20,87
20,51,95
9,46,134
41,54,146
30,85,150
21,66
4,55,112
60,86,126
15,25,109
4,54
8,95,108
71,129,138
39,73,135
24,73,128
25,52,133
94,145
5,17
18,88,116
66,77,144
48,50,122
12,92
59,125,138
16,109,149
58,88,119
95,126
14,23,52
7,61,121
57,71,113
69,125,131
103,115,121
71,98
23,33,61
113,118
7,76,140
42,100,130
56,69
86,92,129
79,111,147
41,49,117
59,100,104
24,120,150
41,52,86
23,59,135
68,139
13,106,145
41,53,135
103,119
26,59,77
119,136,145
112,126,143
57,70
121,123,139
3,9,91
29,74,77
21,112,125
22,69,144
56,129,143
52,92,146
20,139
4,8,136
51,101,124
4,60,89
13,24
51,139,142
52,61,131
46,47,134
35,100
3,104
40,46,110
42,84,95
11,100,120
19,28,32
77,125,134
26,34,91
87,90,131
104,121,129
99,143,150
35,97,137
88,101,126
50,103,142
71,123,142
5,10,20
43,78,84
8,96
66,69,133
50,110,116
44,74,115
101,110,144
49,50,58
30,61,133
5,71,83
22,40,78
65,144,148
51,67,103
65,114,131
103,119,124
9,62,83
10,27,59
41,57,133
33,92
38,47,91
83,96,128
14,149
61,128,133
38,97,100
4,126,128
51,118,127
83,101,117
16,32,118
7,90,104
16,70,91
100,130,134
68,70
51,116,123
14,87,118
13,137
13,78
28,36,42
5,110
40,65,94
49,111,123
9,38
57,94
57,94,128
10,49,121
6,36
62,124,135
64,87
31,35,87
46,63,80
54,85,141
82,128
32,141,148
8,58,135
6,34
106,127
90,136,143
35,118
6,125,143
2,47,108
3,63,108
80,147
76,109,147
31,66,84
82,119,129
72,119,123
70,78,87
86,96,146
54,59,120
48,81,103
41,129,148
37,119
81,101,110
3,45,77
93,97,134
3,46,78
2,51
38,108
56,83,88
127,132
12,121
2,134,135
7,41,125
61,89,128
40,115
66,88
35,97
74,78,138
42,95,130
97,145
33,146
37,60,71
8,39,89
30,37,57
34,125
10,22,106
138,139,144
7,118,143
17,23
54,94,148
86,91
35,78,104
4,29,63
33,128
37,85,125
82,109,148
29,62,138
6,89,102
91,108,114
55,69,77
3,91,109
67,76
67,116
60,64,112
24,120
49,68,110
20,47,114
54,62,89
45,83,87
78,145
24,29,53
34,42
26,86,129
16,40,84
14,40
39,57,86
36,53,132
50,68,91
51,72,127
63,70
43,50,139
37,102,135
66,114
67,75,109
2,29,113
48,107
96,145
12,19,123
86,99,126
16,106,118
33,45,84
47,96,137
64,73,142
62,75,94
17,128,143
33,85,135
114,122,149
104,122
84,89,137
70,78,108
19,144
47,90
68,69,77
92,119
55,100
47,84,93
50,110
12,26,139
49,104,128
24,138
37,82,150
47,85,96
44,59,76
91,127
62,89,102
66,115,142
35,101,141
18,55
110,116,117
36,78,93
44,68
24,27,104
71,74,115
80,103
24,25,128
49,72
79,136
110,146
49,52,139
28,78,100
5,117
22,29,143
51,142,144
40,136,140
118,131,136
33,113,137
108,109
80,132
3,128
4,8,53
59,82
17,25,146
47,114,122
16,56,100
24,120,126
34,35,46
5,98
116,119
6,9,32
15,40
6,50
44,55,83
4,61
40,76
36,110,117
43,68,71
26,114,126
32,36
22,108,136
17,92
43,58
46,76
112,128,150
60,89,126
27,99,100
3,9,51
12,81,142
25,92
6,133,146
59,120
11,18,111
22,71,113
71,111,115
132,136
39,117,130
45,60,143
80,99
44,81,124
96,104,149
51,55
11,44,81
12,58,67
39,129
27,108,137
16,51,102
34,62,139
28,76,134
16,65,134
3,7,28
6,37,129
58,119
33,107,135
41,52,107
22,48,85
10,101,142
5,110
91,122
24,125
60,143
46,132
3,7,38
39,58
86,126,146
53,64,92
137,149
22,25,137
34,130
74,115
109,117,119
12,101
14,47,149
35,93,114
73,126,133
65,108
37,40
17,24
24,41,53
29,87,141
43,72,139
49,111,148
66,97
47,137
57,77,150
67,77,101
43,66,71
75,89
51,111
93,117,126
45,75,150
9,64
45,62,133
33,60
40,42,115
22,83
72,110,142
36,127,131
21,23,25
11,107,113
41,60,85
30,68,75
47,56,97
70,90,118
22,36,125
84,86,90
118,120,145
70,95,97
91,93,150
3,122,150
119,137,148
32,51,142
27,55
109,134
13,42,65
30,52,86
10,31,136
54,82
56,107,116
15,105,118
53,57
57,102,129
68,110,124
68,99
60,117,121
5,36,129
27,115,122
73,129,146
32,80,136
8,20,25
38,79,149
1,104,137
108,114
17,39,125
22,44,142
14,31,49
115,117
48,49,68
6,23,89
45,120,146
66,77,128
4,135,138
37,46,54
98,118
4,26
121,144
46,122,131
47,87,95
23,24,128
34,43,69
48,55,74
24,41,57
58,110,123
61,70
40,62,63
58,107,128
5,22,103
50,116,123
65,90
30,61,106
3,145,147
47,79,130
98,111,121
109,126
62,148
47,129
114,130
75,129
36,122,136
7,26,131
87,141
33,59
37,59
19,20
98,106,145
40,61,80
84,131
45,76
27,123
89,92,143
3,52,54
70,94,127
17,54,135
66,105,144
56,69,101
84,87,93
11,124,142
9,122,136
23,63
6,37,150
48,70,84
28,31,47
27,106,139
28,69
64,85,126
80,97
80,132
8,83
5,44
2,145
108,127,131
29,99,146
95,100,110
7,82
4,112,146
9,36,93
65,97,114
14,114,134
120,135,150
43,69,101
20,40,48
20,96,110
22,30,52
30,34,55
3,13,21
64,129,148
15,20,90
56,103,113
37,91,99
14,78,145
23,80,91
10,55,71
44,48,50
59,82
49,56,63
69,84,97
107,117,121
85,138
39,94,150
71,105
81,121
45,89,102
7,28
22,55,81
5,49,56
116,129
84,132,141
2,31,36
88,103,144
16,23
29,138,146
32,80,148
13,105,131
106,140
111,124,144
30,93,114
10,44
2,42,63
8,94,102
2,9,31
8,66,87
83,99,140
90,105,109
9,79,106
34,68,83
14,101
29,64,126
20,37,59
98,141
3,13,28
38,109
9,27
58,122
4,52,120
40,42,141
23,46
3,106,108
85,94,133
2,75
74,89,113
83,88,127
10,30,144
27,115,148
17,85
50,98,99
26,81
14,140
20,92,128
41,81,134
51,81,98
37,53,95
12,53,134
26,31,90
62,90
7,114,131
12,95,131
8,23,82
71,87,106
10,101,121
14,46,106
34,140
33,55,74
107,138,146
5,84
13,80,124
23,45,120
13,70
65,67,101
35,134
47,61
56,111,119
13,38,140
42,145
6,72,144
98,119,124
51,68,139
37,39,54
12,116
8,41,61
35,108,122
40,66,81
7,79,131
86,125
93,106,147
31,34
64,70,123
20,79,99
104,147
96,103
79,132,141
21,133
49,54,137
55,68,77
101,121,144
27,51
30,89,150
22,43,142
64,132
17,102
10,55,77
20,30,143
24,57,125
14,76,108
7,47
95,99,106
35,105,145
15,84,118
95,140,145
19,96
8,60
6,79
22,80,124
60,126
14,46,141
63,115
12,40,57
69,111,124
54,55
47,68
22,32
35,106,122
87,88,90
59,91
13,46,96
18,82,145
5,9,99
55,132,133
11,58,67
14,32,100
11,44,123
12,19,110
6,24,86
31,80
60,105,122
4,54,146
44,74,142
42,70,134
54,127,145
32,78
17,79,145
49,58,74
3,36,130
79,134,137
31,80,90
114,117,148
11,50
15,39,150
45,83,92
42,111
79,130,141
89,126,129
9,42,118
38,136
41,82,94
5,81
8,37,60
33,110
8,86,129
26,76,108
64,85,102
115,150
19,55,111
28,79
9,116,127
19,66,121
39,41,85
89,125
28,67,147
5,138
63,67,116
60,78
50,73,115
16,73,75
20,62,68
1,89,94
121,144
2,16,31
88,124,149
48,55,98
42,66,129
11,88,121
10,51
17,113
57,82,91
49,86,101
47,52,64
69,77
6,110,145
36,78,136
38,114,134
9,84,104
20,75,125
32,119,140
85,94,102
55,134,147
43,67,142
24,102,135
61,64,85
4,42,146
11,56,83
11,51,81
6,7,90
5,110,114
28,35,46
41,143,147
69,120
114,125,143
2,47,76
20,85
35,68,90
5,48,123
56,60
8,61,85
43,55,66
49,124,134
12,43,48
12,69,83
39,126,148
55,88,101
62,73,94
20,85,124
22,83
47,64,116
68,91,107
17,30,112
26,100,104
19,51,71
68,107
46,84,93
77,97,144
40,149
84,134,141
20,41
43,104
36,47,57
123,135
33,146
5,19,81
26,127
28,66
22,115
12,134
66,113,135
80,93,141
27,30,121
70,87
85,131
25,129
42,70,134
9,43,51
12,147
30,143,146
59,138
32,105,141
51,72,113
36,125
66,72,111
81,117
48,74,116
43,81,116
11,116
3,36,91
9,37
68,88
64,135,146
124,139
30,92,109
36,90,100
20,30,133
54,96
109,113,140
2,46,70
1,23,148
39,73,94
26,36,131
13,65,147
25,33,75
12,44,116
24,86,92
17,67,73
20,60,89
10,56,121
133,147
21,57,64
56,91,95
17,53,75
112,115
33,41,128
74,119
8,20
48,58,111
33,95
44,117
75,139
44,86,131
49,77,101
24,75,99
44,68,115
44,48,144
1,110,138
47,115,124
35,57,95
72,141
100,105,131
8,29,112
39,131,136
5,113,139
86,135,145
27,58
16,43,113
59,146
61,77
87,106,114
1,103,120
104,114
2,73,78
107,113
43,49,139
40,83,147
25,103,145
83,112,127
61,73,94
56,100
49,56
12,58,116
60,62,120
9,79,121
12,98,121
5,127
72,90,145
39,129,146
8,48,95
61,116,118
42,106,109
27,40,90
65,96,105
1,21,29
2,93,136
64,85,137
96,132
9,70
52,70,134
31,52
