41,46,94
23,34,145
20,23,65
5,26,101
42,86,123
88,90
45,117
88,101,111
81,119,129
45,68,85
93,133
55,74,118
33,49
10,61,137
68,73,125
25,46,120
47,112,133
43,47,83
24,150
33,115
52,120,121
26,37,121
3,36,93
21,64
116,144,146
101,124,135
61,104,148
13,131,141
44,114,130
21,88,135
13,55,69
52,83,111
16,88
82,122,125
74,111,119
2,46,100
8,52,91
67,143,150
9,25,66
29,137,148
39,137
43,113,120
21,125,135
44,87,137
19,79,139
63,89
29,39,93
1,98,120
30,37,99
10,23,124
71,78,125
60,92,118
1,53,89
23,80
39,122,143
14,52,144
75,96
72,99,107
75,99
20,72,93
82,110,112
22,39,105
33,58,134
26,49,74
22,74,92
48,62,140
37,78,107
4,87
19,74,146
18,109,115
20,101,137
37,88,104
67,73
79,115,130
64,91,123
18,82,105
48,91
7,55,97
117,125
98,121,131
42,83,140
28,83,102
5,82,144
18,69,82
78,115
7,54,75
2,55,92
21,121
4,139
102,128
21,62,93
2,33,77
59,66,128
70,103,105
32,57,108
65,148
21,86
53,103
2,63
25,132,149
103,110
2,13,67
28,110,140
45,65,100
56,81,94
118,138,139
38,50
73,74,130
60,70
9,57,107
67,150
86,112,139
26,99,135
56,136,137
14,106,107
40,55,69
2,50,118
32,89,140
130,139
88,125
120,140,142
47,147
46,60,98
55,74,85
11,130,150
22,118
48,66,85
4,26,135
99,133,145
34,84
62,108,132
82,115,130
6,46,120
93,150
56,67
29,85,104
8,120
14,96,131
28,109,113
44,114,117
28,90,113
67,84,146
21,81,133
74,105,120
16,59,114
53,111,141
43,62,113
3,30
62,82,99
24,26
111,128
44,87,136
43,74,122
26,145
6,119,122
24,80
35,65,137
97,140
66,70,150
80,82,141
95,124,129
114,117,124
24,36,148
59,113,149
14,18,24
67,126
9,45,51
105,107
115,118
73,129
27,53,118
21,24,136
8,13,41
2,22,45
50,141
32,95,144
8,59,123
42,60,69
13,91,99
15,71,103
30,122
19,43,46
1,107,110
5,63,65
3,128,142
25,47
75,99
87,100,132
45,113
39,95,119
10,119
11,54,67
1,42,89
80,88,148
92,122,134
89,94
32,52,127
45,75,86
35,65
2,55,115
12,13,18
42,62,107
119,136
6,131
6,55
68,73,105
5,39,93
31,53,110
49,142
13,19,116
13,51
18,40,67
103,118,124
30,47,120
39,70
4,15
82,146
38,68,85
42,102,106
40,44,72
62,143,150
79,119,134
29,81
97,123,148
50,130
6,94,150
22,66,85
31,32,136
18,76,92
52,64
16,58,149
28,58,111
9,131,141
12,101
94,117,119
18,50,146
137,150
3,4,119
14,21,27
2,125,139
93,146
93,95
40,75
9,118
17,131,143
47,143
80,104
60,79,134
53,55,135
133,143,148
7,55,122
68,74,100
20,80,104
74,88,100
38,70,82
26,29,37
17,100,129
15,51,126
37,41
54,71,84
26,65,79
68,81,82
111,132,147
46,72,127
14,48,123
56,117
30,38,125
83,138,148
88,94
50,116,125
69,82,109
29,34,147
20,65,136
3,63
22,45,100
13,14,128
23,101
70,78,150
39,72,93
3,5,81
46,60,112
34,86,137
36,88,112
22,90,111
50,70,146
29,67,99
37,56,72
27,91,119
47,82,94
14,45
56,145
46,127,144
97,145,149
3,63,129
18,99,111
53,106,133
45,78,116
10,73,97
38,125
11,18,116
1,25,121
8,58,111
61,76,81
31,98,127
68,70,82
16,111
15,26,95
45,67,92
59,113,149
86,138
9,14,107
62,89
97,147
66,85,125
85,98
98,111,147
3,104,135
37,54,131
52,113,143
39,81,124
98,127,147
2,131,147
50,86,92
108,131,140
46,60,149
1,133
32,49,98
1,30,42
23,69
36,135
49,71
91,112
28,41,69
104,129
4,145
39,69,113
10,30,136
10,104,124
45,54,116
89,90,113
27,79,117
2,70,130
49,85,141
52,140,142
28,110,121
82,143
55,97,118
71,119
19,48,96
77,131
18,116,146
74,126,139
65,81,135
34,133,136
41,68,97
82,83,148
7,95
14,16,27
18,127,129
22,82,100
83,98
13,85,130
2,54,100
92,125
31,63,104
54,85,108
134,150
65,104,117
30,107,117
40,71,139
6,95,124
8,52,121
37,80,104
34,132,148
32,57,111
30,135,145
53,121,134
42,110,123
10,88
86,103,150
17,59,83
16,58,149
46,90,142
48,121,128
8,119,145
48,64,131
1,11
79,91,122
64,93,145
9,83
18,50,55
38,75
21,93
31,132,145
62,106,134
29,136,137
105,115,150
75,117,148
27,28,61
15,40,146
17,25,48
68,139
14,114,136
77,110,147
6,46
65,94
50,109,150
31,59,112
57,90,102
32,53,57
61,81,99
18,22
44,108,123
40,86,105
69,103,125
10,65,99
24,44,148
35,63,124
23,57
20,104,133
40,105
37,82
81,129,135
25,127
61,117,119
84,88,139
61,124,137
6,58,106
53,76,99
18,55,85
4,5,93
72,110
6,49,120
92,122
9,90,115
20,72,137
22,108,124
22,39,134
59,113,136
71,145
44,65,117
111,131
25,132,149
42,91,149
10,56,145
108,111,149
70,127
20,126,134
30,79,87
32,39,43
88,140,143
104,107,145
84,92,122
65,102,131
39,84,133
19,70
2,70,115
56,82
45,123
15,38,83
55,85,86
67,138,150
40,112,115
44,147
66,78,81
33,126
34,119
37,88,101
17,64,143
23,30,104
24,29,92
92,128
22,118,141
3,10,124
38,84
7,69,70
8,14,57
93,101,104
25,31,128
16,56,135
12,69,125
80,110
14,113
17,74,136
86,116
28,59,108
115,116,118
33,43,90
24,35,129
16,42,53
3,56
16,94,134
10,37
42,59,99
7,13,125
104,108
96,108,123
38,76,138
13,90,112
85,122,139
33,42,53
11,71,146
24,81,148
6,19,116
87,130,149
16,60,144
36,63,148
68,122
42,88,123
40,73
110,113,131
58,147
26,80,117
7,84,138
116,132,139
87,148
60,113,134
6,49
98,129
29,118,125
62,72,123
23,26,81
31,72
37,79,129
80,81,107
66,118,130
14,31,43
91,121,142
21,87,107
82,122
59,123
39,60
107,140
120,143,149
23,35
58,72,85
25,36,94
83,105,149
2,12,74
127,149
1,9,36
88,129,136
52,105
116,125,143
5,44,122
61,64
14,26
82,85
79,87,97
58,91,141
9,28,132
25,96,134
6,64,122
8,47,57
43,109,142
62,149
41,122
98,128,132
27,56
45,70
16,133
87,93,117
25,32,142
14,127
35,62,140
11,19,54
2,43,67
72,92
35,104,135
8,83,127
34,136
31,100,127
6,11
99,104,129
11,50,92
97,122
32,137,143
36,107
22,68,109
54,76,150
61,77
21,24,32
31,111
2,68,122
66,111
27,34
93,117,127
88,95,136
15,150
109,149
17,58
19,85,103
68,75,86
14,43,59
60,121,123
15,57
3,10,72
4,37,94
28,52,106
49,126
10,27,79
36,39,148
4,61,94
7,46,47
51,118,139
17,113,142
32,33,131
9,47,147
20,56
9,25,113
29,121,131
83,141
88,117
23,81
63,105
96,106,149
32,59,99
45,76
78,118
70,114,118
33,79,101
3,123
61,120
12,103,150
79,117,133
8,64,142
27,72,79
60,106,143
36,40,94
67,118
76,84,85
55,121
21,86,142
41,71,150
62,89,127
48,49,108
66,68,79
52,112
69,116
88,107,119
25,91,123
3,72,90
39,81,148
66,88,136
27,116,134
86,121,128
22,75,109
40,51,75
81,83,96
41,92
19,103
12,50,69
12,18,125
34,47
75,93,117
32,77,110
74,78,126
18,31,141
46,91,136
35,137
142,147,149
31,58
17,43,87
13,38,139
28,112,113
90,127
44,87
5,29
72,101,119
42,62,131
20,114
44,113,129
76,108
19,105,126
34,65,145
57,127,141
9,121,142
98,102
7,62
58,87
3,34,135
2,22,69
21,39,129
50,60,78
63,88
55,127
106,108,147
5,101
120,131,143
21,61,81
70,130,146
36,71,82
11,75,78
17,51,133
32,96
2,103,115
29,56,145
92,125,139
47,131,140
51,62,136
25,31,128
45,59,79
73,119
20,22,31
9,97
41,109,138
29,34,99
25,98,110
41,54,67
68,103,118
55,77
72,98
38,40,116
103,115,150
24,91
28,91,121
54,100
50,103,116
35,89
17,33,108
28,90,102
21,81,114
21,30,137
21,34,104
61,124,129
1,92,118
11,101
2,13,68
64,83,92
8,35,126
69,74,150
125,132
9,82,147
70,82,116
47,128,147
43,89,90
76,85,115
91,118,129
20,103,119
21,34,107
101,148
10,29,35
25,62,134
46,110,132
117,129,134
25,31,90
7,45
103,125,138
5,65,90
74,76,115
24,65,137
1,50,112
21,46,121
61,72,136
42,112
4,27,99
35,91,119
17,56
31,47,57
27,59,102
24,78
55,127,150
13,54,112
17,89,147
18,70,146
58,108,135
104,113,122
42,68,71
3,56,79
19,75,86
135,145,148
45,55,150
68,71,116
58,104
45,83,108
1,58,98
39,88,107
19,40,118
1,8,131
26,56,114
18,65,100
66,71
70,85,126
84,121,142
10,34,101
2,73,97
41,55,69
24,27,79
20,80,81
68,86,138
39,106
74,109,118
33,43,111
63,107,124
65,107
6,46,142
21,23,39
34,141,146
57,83
41,98
90,116,140
13,147
10,52,101
20,116,145
41,93,121
40,146
64,102,125
32,123,147
16,90,98
13,18,146
9,57,110
40,76,78
69,115,138
42,96,142
53,63,78
70,112
27,99,148
5,30,39
45,67,115
13,74,146
67,81,94
64,127
2,40,79
98,127,142
32,89,109
37,65,148
27,65,80
71,82,86
29,52,78
1,91,113
22,43,110
30,36,93
1,127
33,144
114,129,148
35,93
34,52,130
127,148
7,75
14,18,63
56,88
46,49
17,43,113
124,129,136
21,34
5,65,81
13,85,146
41,103
5,148
102,110
41,82
92,100
66,78,116
8,21,112
72,136
140,142
67,93
27,37
34,88
56,108,150
25,60,105
13,14,43
67,98
42,109
39,44,135
60,106
74,146
