55,98,106
65,77
77,102
30,97,142
13,52
108,145
45,77,92
67,106,135
2,18,96
73,98,127
18,114
29,107,147
42,68,142
2,65,127
4,56,72
19,94
5,11
45,61,67
17,51,90
28,105
45,46,77
7,106
46,90,101
20,54,120
44,79
35,61,81
41,56
45,111
13,62,91
62,63,138
23,35,89
84,110,129
87,127
23,144,149
116,131
49,121
79,130
36,58,118
81,88,111
59,71,107
68,96,120
38,79,150
43,143
19,43,110
19,33,66
7,37,148
130,132
78,119,137
47,131
8,16,28
6,33,124
18,141,148
17,25,48
132,140
16,30,93
13,38
44,56,102
68,93,115
57,126
9,60,105
60,65,116
44,86,150
19,148
15,99,122
32,102
9,46,71
58,75
27,86,144
16,83,142
36,37,124
60,104,136
100,111,124
19,30,142
34,98,133
26,74,75
6,146
32,87,125
5,26,55
25,92,117
19,69,115
108,115
53,62,139
40,99,130
12,49,119
45,78
35,80,138
26,72,109
82,136,145
1,11
6,20,25
26,111,140
58,74,128
3,102,137
18,46
58,122
20,96,97
45,119
24,45,85
63,116,119
59,66,123
4,131
8,68,149
18,32,68
67,81
66,102
19,57,120
43,87
49,100,119
106,143
68,117,120
39,58,60
30,77,146
101,146
42,48,134
22,34,61
9,66,112
102,122,143
37,67,119
23,68,120
1,85,102
26,74
10,76
25,83
32,88,117
65,114,115
57,105,141
38,104,145
17,123,132
1,59,64
4,85,126
39,75,91
18,111
5,98
41,97
50,99,123
42,70
44,50,56
48,69,134
44,90
6,73,144
36,55,97
50,139,145
52,53,148
8,95,140
9,46
3,122,143
36,49,103
1,82
17,133,150
32,115,120
99,142
61,120
98,121,138
4,11,131
24,75,118
122,123,150
4,40,93
39,91
1,21,90
118,132
28,29,72
9,86,130
9,71,101
3,5,150
30,62,143
11,66,112
16,28,120
21,89,107
20,69
22,33,74
24,35,129
21,27,102
45,137,138
31,55,80
1,47,52
7,10,73
99,144,145
19,137
40,58,137
77,80,132
52,57
5,14,38
21,126,132
39,118
59,94,112
56,144
58,103,120
7,21,134
69,90
90,115
59,66,150
14,44,144
25,102
46,75
129,140
70,115,134
60,118
20,65,149
59,142
49,134,137
71,102,104
4,20,108
13,72,133
20,120
83,97,115
118,119
2,45,124
26,34,55
8,77,149
31,76,148
14,56
2,68,130
139,143
11,96,114
6,82,147
21,56,123
2,39,82
63,71,110
86,93,144
48,148
39,111
29,37,129
9,61,141
123,124
31,109,116
2,42,92
71,107,110
25,29,133
17,108,110
17,19,75
25,42,142
9,21
115,148
1,27,64
29,51,100
11,17,123
85,101,140
46,102,139
5,59,66
34,55,124
86,90,144
20,77,142
90,122
57,69,117
109,149
79,115
127,141,146
27,53,132
95,136,141
58,72
31,33,81
96,150
1,64,101
37,78,106
74,145
73,111,118
10,100,109
123,130
56,104,132
8,89
38,132
34,72
15,72,75
104,109
10,81
24,56,112
25,28
23,25,120
1,59,66
18,95,125
95,105,141
9,107
2,32,114
26,84
8,68,117
2,32,96
55,63,75
86,112,123
53,89,104
91,95,137
112,121,132
82,88
46,66,79
21,38,107
12,16,88
87,117,149
71,107,145
21,123,130
21,38
26,50
47,99
59,92,122
108,122
21,120
28,68,92
16,127,142
15,106,108
44,108,112
45,78,111
9,41,99
62,67,73
1,5
40,98
12,54,141
32,90,106
45,97,109
36,137
86,128
49,76
1,3,64
6,37,134
17,101,148
23,65,78
69,115,149
13,17,130
63,73,135
54,93,96
1,13,50
60,106
27,50,126
8,28
32,120
36,118,119
31,39
55,84,124
97,113,127
37,45,91
15,22,91
37,137
67,102,138
48,113,127
4,21
48,53,112
64,85,104
101,115,149
83,97,105
14,27,38
65,110
66,150
72,115
52,69,136
16,100,141
4,37,99
34,78,81
22,42,124
126,136,147
11,59,107
70,88,120
17,67,145
53,71,86
39,69,131
65,72,111
83,105,136
15,42
19,134,149
16,113,115
90,104,145
65,145
112,129
33,78
7,106,115
3,27,130
24,26
29,71,126
68,116,134
19,53,142
20,97,105
77,101,128
2,20,93
85,94,107
22,116
90,120,143
41,73
60,74,140
61,106,111
13,30,38
70,142
1,118,144
57,71,83
100,133
2,17,22
6,20,142
60,78,105
44,59,81
59,80,83
21,132
5,66,86
65,115,125
18,54
17,50,103
26,56,91
30,115,120
20,97,119
12,57,120
51,92,108
16,77
50,108,130
93,127
51,90
87,88
48,95,134
69,96,101
99,108,110
40,43,135
86,90
9,56,102
1,38,71
1,3,9
81,84,89
85,112
117,129
30,88,120
60,78,106
52,71,127
14,27,66
59,132,138
17,35,39
12,20
38,47,128
65,95
85,102,110
19,45
12,34,109
21,89,150
13,39,64
93,146
20,83,142
35,61,84
3,6,23
72,91,106
19,87,117
35,55,62
38,82,102
11,59,101
41,88
15,80,133
55,119,120
16,20,25
21,63,145
48,141
21,150
102,110,112
27,53,56
65,148
28,83,113
16,18,20
50,89,114
81,109,112
6,8,18
6,20
42,51
63,72
67,109,118
8,25,39
19,135,141
21,116,150
118,135
23,148,149
23,57,141
79,125
26,31,109
42,48,93
21,85,90
54,65
67,109,118
12,35,117
49,88
19,30
70,117,119
2,77,115
5,89
64,110,150
54,56,145
48,54,92
63,78,106
62,74,135
125,133
37,121,133
8,20
17,59,142
69,113
73,148
123,136,144
43,148
2,65
60,94,117
2,29,105
3,85,90
94,121
8,48,87
73,81,116
33,83,100
87,141
91,116
80,111
51,80,98
9,71,130
28,77
57,134,141
43,102,129
10,129,132
44,50,112
93,97,146
98,111,119
12,141
87,124,145
28,56,105
40,45,62
2,30,87
36,135
27,106,107
64,108,132
24,25,117
100,116
39,51
3,4
3,99,118
35,39,49
14,71,99
8,29,35
44,48,111
4,27,56
30,112,130
30,36,72
53,79,89
89,128
12,43,50
79,93,137
2,83,125
35,133
20,38,65
6,15,67
55,143
9,47,104
49,60,125
76,100,137
1,21,135
40,91,116
51,60
77,148
23,92,142
86,126
22,81
84,114,127
53,121
4,14,128
36,89,93
72,133
93,127,149
47,86,120
2,87,148
15,41
47,64
1,94,102
53,59,99
10,85,108
13,88,123
56,116
30,58
7,143,148
22,93
56,96,109
14,90,136
11,91
97,111,142
68,83,127
15,37
30,77,87
142,148
38,90
31,60,80
20,56,61
67,104,128
95,129,141
32,41
85,130
23,49,89
9,66,76
7,40,91
64,100,118
9,25
93,120,149
74,76,109
4,59,76
44,80,138
14,86
9,64,136
78,97,141
71,101,129
14,107,122
59,93
30,42,125
13,53,68
68,114,146
39,98,137
33,72,116
20,91,129
77,113
14,24,99
24,33,100
16,38,125
94,108,126
54,68,95
10,32,101
43,126,134
7,52,106
82,89,132
68,138
34,129
33,52,101
36,91
45,81,133
31,100,119
7,57,72
28,42,125
9,82,90
27,68
29,113,131
9,35,84
18,146
4,90,102
51,104,120
39,91,98
9,28
55,100
17,137
21,59,112
19,92
50,129,138
20,70
11,57,69
56,124
7,34,80
45,81
14,64
37,68,87
20,88,96
91,93,131
57,58,148
30,78,126
27,32,96
66,109,144
109,112,126
73,76,78
32,36,47
75,108,132
65,135
49,96
66,105,144
6,65,148
3,41,67
42,100,119
110,132,150
31,86,104
72,75,90
32,68,120
49,60,140
79,128,144
74,85,93
56,117
6,58,85
94,99
30,48,97
33,94,102
82,128,131
1,64,139
8,48,93
42,105
30,127
66,92,103
102,139
26,45
45,58,116
5,128,138
105,114,132
24,109
39,43
85,96
15,118,133
1,102,121
48,114,120
26,34,74
49,121,147
4,18,126
95,105,115
3,14,139
114,145
111,140
33,72
48,82,118
10,53
23,42,54
11,61,127
12,95
71,102,131
14,66
22,37,84
25,30,68
45,52
7,60
69,97,105
21,94,130
76,116,135
18,62,98
67,150
24,98
47,91
11,95,124
30,77,105
6,27,131
90,97
44,94
34,100,140
29,55
96,117
40,42
50,82
43,91,111
20,54,68
43,51,74
53,89
13,33
65,70,134
74,103,143
12,23,71
10,48,137
20,115,148
82,127,133
29,35,76
50,112,131
1,99,101
10,52
112,136,150
48,97,148
36,41,139
47,112,136
5,11,112
98,132,135
19,97,140
7,59,107
77,113,143
70,120
49,121
57,113
38,40
33,55,143
42,73,89
103,128
6,48,93
21,41,113
25,120,142
58,88
8,81
33,45,119
9,23,115
30,116
52,77,94
30,93
50,102,145
62,91,120
12,15,82
10,24,33
46,65,140
16,106,108
73,106,140
43,53,74
19,30,65
17,41,145
54,83,95
22,65,87
94,136,139
54,87,113
68,93
76,101
4,38,131
128,130
23,54
22,51,55
77,113,117
1,57,146
116,129
11,85,136
28,126,133
29,96,109
106,140
13,58
70,78,89
26,79,150
62,116
8,16,18
15,84,106
86,122,136
91,118,147
8,12,49
85,150
71,145
102,104,110
60,106,147
119,126
62,95,127
15,61,106
104,136
23,42,141
56,60,76
1,17,21
77,127,143
5,46
1,48,71
4,64,90
21,66
113,115,117
1,101,145
54,86,123
35,92,109
49,75,106
1,64,113
21,46,112
1,94,131
37,125
6,41
2,42,70
25,48,70
56,71,110
112,144
30,141,149
54,146,149
67,77
2,96,148
10,88
57,134
22,100,147
13,27,40
52,62,135
27,44,104
5,50,92
3,133
12,45,120
38,44,102
11,110,139
4,44,94
52,67,82
5,10,122
8,23
7,9,146
55,106
42,95,114
32,93,148
81,143
16,36
14,113,138
43,63,78
55,58,137
29,110,115
20,66
27,48
17,47,77
71,126
2,43,88
13,50,53
7,10,98
24,121
87,97,148
68,80,122
7,46,57
34,129,138
28,30,141
103,121
