28,55,101
32,55,131
89,150
102,135
17,81,92
21,131
18,43,99
55,128
35,101,119
35,53,142
97,105,132
4,66,121
31,105,123
62,75
9,53
4,142
30,116
125,139
12,129,141
34,52,115
112,142,146
50,108
101,120,136
37,101,124
63,102,114
27,128,141
39,101
54,79,102
14,57
91,97,104
35,61
67,69,149
19,125
4,48,76
82,95,98
32,140
88,101,113
92,96,144
73,142
37,69,97
37,90,150
26,57,105
35,138
17,66,107
73,75,129
8,32,108
64,108,133
49,135
7,62,138
14,106,143
61,110
16,37,86
48,74
63,149
8,134
107,125,144
93,132,136
24,54,125
4,110
107,149
15,19,90
27,60
11,19,49
33,74,137
111,133,150
8,22,131
10,34,102
54,63,86
28,80,100
118,128,140
31,44,105
44,60
18,58,134
7,111,124
79,97,127
49,102,135
26,136
26,36,109
10,60
89,90
110,130
77,107,111
4,87,136
1,33,144
54,78,123
9,12,146
48,52,118
20,84,120
29,52,85
37,41,117
4,13
37,64
54,123,135
44,109
31,45
34,110,130
4,81,142
39,109,138
2,79,92
46,71,82
1,107
30,100,107
16,40,63
27,54,149
1,20,96
102,129
45,70,86
5,18,64
42,101
57,74,79
7,35,144
22,138
14,22,143
54,126
14,77
59,74
29,32
8,82,133
79,90,123
118,146,149
89,141
32,48,91
37,91
40,69,70
2,28,108
79,88,143
14,101
25,53
42,81,136
34,52
87,118
20,35,116
12,122
42,61,144
1,102
14,58
10,39,109
118,121,147
75,106,129
18,23
45,125,139
76,142,146
54,125
57,130,142
55,105,135
7,74,93
3,4,63
18,55,98
116,119,145
46,63,64
8,65,86
25,76,98
104,107,108
34,103
115,119
70,129,149
58,81,123
7,100
62,81,145
14,30
80,111
11,60
83,86
15,117,123
15,107
15,40
10,114,122
3,61,118
61,120
12,145
9,18
1,7,139
12,133,141
50,55,60
37,92
39,52
35,52,142
50,82,113
21,48,94
14,36,85
5,120,123
3,73,144
98,113,140
47,57,142
16,108
37,97,104
7,84,97
34,57,61
22,58,98
97,113,115
29,85,124
43,48,150
58,59,140
6,63,131
64,107
43,48,81
121,130
53,81,105
22,50,103
48,57,123
16,53,67
9,81,136
33,122,130
86,114,129
1,70,80
4,68,103
59,66,104
107,134
35,144
45,96,136
9,130,145
30,55,113
2,141,146
38,76
44,105,123
72,92,150
35,38,63
110,128
29,48,74
64,109,130
72,83,121
8,89,146
4,26,42
15,69,75
1,23,60
36,48,147
37,129
43,61,65
87,116,144
18,80,92
53,70,78
45,75,78
21,144
46,135
41,75,127
51,76,149
59,75
16,79,90
30,79,94
2,55,82
24,27,136
63,65,105
30,79,106
38,122,147
53,63,91
35,65,108
43,47
22,82,111
59,92,146
31,68
25,129
11,97,129
51,87,118
68,112,120
76,84,85
55,132,146
25,104,124
24,64,77
20,77,140
22,23,59
88,100,108
73,109,147
5,66
60,134,146
24,109,136
25,105,120
53,108
9,137,142
28,77,82
92,125
38,85
22,36,47
88,94
79,112,125
13,26,87
52,96
20,40,122
53,75,123
47,59
23,58,98
22,45,100
9,30,126
8,141
63,70,104
5,79,114
49,89
101,124
73,120
7,84,97
16,105
59,71,134
52,137,147
33,56,118
8,17,148
36,91
31,102,123
37,98,108
59,131,148
8,40,119
15,40,96
36,54,144
2,14,34
25,70,96
7,50,129
9,29
16,54,139
43,86,92
76,125,127
48,101
18,23,107
6,92,131
29,75
26,36,120
70,116
52,54
114,127
54,91,149
23,46,146
52,99,101
36,137
41,86,127
10,37,93
45,75,90
23,116
63,91,104
11,33,89
52,65,118
92,100
34,60,82
100,131
32,46,71
17,32,82
17,59,60
37,104,141
56,83,99
36,48,89
85,116
16,56,114
83,133,134
3,24,54
73,76
59,124
61,76,103
75,86
18,30,92
83,105,123
40,114
30,34,105
91,97,102
48,49,142
11,64,145
53,67,132
40,75,105
83,120,144
5,64
39,57,116
28,46,133
25,86
6,28,46
20,65,103
6,47
53,54
72,91
16,24,112
9,36,48
50,97,147
16,149
25,39
29,36,120
3,19,137
70,100,124
2,76
62,75
35,37,75
49,86,97
59,77,98
19,142
89,95,140
82,108
55,98,133
66,98,150
91,141
14,142
62,91,132
11,45
42,130
3,21,141
137,142,145
79,86,104
31,63,126
19,25,37
64,65,142
58,77,138
10,75,77
8,138,149
54,77,124
15,64,67
9,46
15,97,113
3,41,79
81,141
26,117
49,63,96
25,62,135
26,61,76
74,82,147
45,67,112
50,79,134
44,79
92,106
59,138
64,90
21,57
3,96,104
38,73
12,18
32,128,133
31,105,112
48,52,105
16,131
48,73
7,129
12,31,112
48,74,116
11,116,128
68,93,109
66,133,134
82,97,149
9,47
81,119,130
36,39,121
39,56,114
6,58,62
5,10,143
24,112,125
21,43,121
39,130,147
27,28
13,43,80
71,141,148
11,85,110
52,84
8,27,148
35,142
17,60,138
102,120
62,90,149
76,120,124
12,111,140
15,18,130
92,140,141
40,86,96
104,105,144
41,90,132
20,129
58,89,146
101,103,107
22,41,139
59,113
87,112,132
72,99,147
11,45,69
27,108,134
102,136
24,38,111
36,140,148
68,109,119
32,92
38,113
14,101
43,52,136
8,39,113
16,29
43,71,77
59,125,131
4,36,64
19,24,96
59,100,138
34,59,100
112,123,135
16,63,115
98,143
56,89,127
51,61,125
33,65,77
62,79,127
66,100,111
21,88
37,54,78
45,135
36,70,87
17,111,137
1,22,66
80,95,140
9,120
41,118
10,76,91
21,39,147
33,105
80,107,128
114,147
41,67,104
6,95
82,92,148
56,84,136
76,83,121
15,54,69
67,82,145
19,33
9,36,115
105,111,125
61,68,83
14,46,128
73,74
29,90,126
7,84,95
2,17,92
5,73,86
35,56,85
83,109
24,102,123
73,139
20,143
6,119,134
24,40,134
8,28,58
36,61,147
17,48,85
14,17,146
28,51,54
38,46,73
57,85,91
31,102
50,55
15,40,44
6,59,100
40,129,132
109,147
11,37,90
5,97,102
93,96
33,75,107
44,62,112
34,78,139
22,23,146
7,101,150
66,80
125,149
78,86,117
67,78,123
14,22,148
50,89,133
53,54,64
79,97,114
32,40
74,76,103
8,84
25,68
94,101
49,60,92
93,94,142
31,102,123
87,110,137
6,58,100
10,47,72
85,114,123
17,64,73
67,70
61,83,99
124,138,149
61,97,149
69,79,105
39,68,72
30,90
45,55
124,135,141
2,77
33,46,84
18,31
37,90
30,77
10,76,85
17,55,107
9,55,122
13,21
74,118
26,150
95,103,143
19,31,45
23,26
64,69,75
119,144,145
36,146
52,101,147
63,75,81
33,39,72
83,136
52,73
3,106
104,140
6,91,115
15,29
24,78,114
37,86
103,113,117
27,28
28,88,111
6,17,100
77,89,133
1,140,141
52,92
84,107,120
101,103,148
68,122,130
4,26,43
24,44,117
48,101,145
31,64,86
24,97,144
42,95
12,55,134
68,74,121
45,65,129
92,131
8,44
11,149
20,92,130
85,86,88
24,31,79
22,106,113
33,67,70
10,47
15,25
39,104
48,67,94
18,77,98
25,44,117
52,68,147
82,102
65,124
23,134
2,35,116
40,75,114
112,126
74,121,144
57,64,72
78,123
47,138,140
27,77,98
74,122,129
27,46,105
133,140,148
4,63,90
45,90,132
93,120
35,38,101
78,104,125
27,35,45
2,28,140
5,40
34,39,145
98,128,148
61,87
22,64,144
100,143
16,86,127
2,77
36,110
30,82,141
16,37,139
120,143,146
115,117,142
53,83,148
4,14,99
47,73
6,105,110
15,125,126
21,33,76
5,19,97
129,145
38,110
103,117
8,129
45,48,52
15,54,78
5,99
4,29,34
55,84,144
46,50
40,132,139
39,68,73
53,75,117
50,128
78,90,114
23,46,92
65,73,119
26,126
125,144
63,142
78,117,132
80,147
42,50,95
28,82
46,60
71,88
27,138
28,77
44,134
89,93
143,150
26,91,109
48,78
15,126,135
11,75,91
19,53,127
33,46
64,141
36,90,104
80,108
16,90,91
23,98,140
34,57,85
99,101,118
73,139
43,101,147
73,76,120
57,76,110
107,113,146
26,121,127
92,98,108
13,42
85,143,146
98,118
9,90,114
11,92
36,75,140
9,74
40,103
25,41,112
30,116
59,77,107
5,37,91
68,94,101
43,72,76
96,139
3,5,127
4,14,15
16,67,96
53,125,149
10,24,54
49,115
14,49
116,142
6,92,113
35,37
5,29,32
83,119,121
68,120
1,12,133
39,81
70,111
14,48
12,71
12,77,105
53,81,124
8,43,47
83,118,142
9,26,115
132,144
4,26
39,73
29,98,144
123,137,143
36,122
41,105
23,113,143
27,137
7,41,115
26,120,147
27,107
19,53,90
12,104,109
85,99,136
107,111,143
95,107,111
49,86,139
22,82,92
87,115
5,45,125
38,115,118
15,42
76,114
13,57,115
2,22,141
8,63,74
42,48,52
38,72
36,52,101
57,73,122
59,95,138
69,70,97
104,112
30,88,100
3,49,54
106,138
51,81
30,68,80
12,74,80
57,58
67,69,145
49,53,63
27,77
16,24
3,14,69
7,81,150
13,26,77
51,73,101
30,48,55
55,73
76,93,120
5,17
60,77,140
38,50,53
18,134,140
4,51,147
32,44,51
37,44,97
65,69,129
33,95,98
82,98,100
42,85
104,112,123
36,101,147
22,23
39,94,144
107,149
56,60,84
37,119,125
62,128,145
100,131
9,65
80,141,146
15,23,100
20,122,136
31,97
36,79
26,118,130
68,87
88,90,131
119,125,127
51,101,150
62,108
125,127,132
25,107
92,98,149
2,56
20,29,115
4,79,135
88,104,140
16,134,143
84,88
35,42,107
63,104,126
17,89,92
12,77
59,80,146
104,120,134
