37,65,70
75,111,124
24,74
3,118
17,41
41,136
51,137
78,114,120
44,104
3,96
48,86,125
101,140
44,85,144
2,39,122
19,35,118
8,23,107
69,118,150
1,146
55,144
47,138
16,121
48,107,148
29,51,112
91,93
107,147
21,60
8,51
51,94,99
12,68,71
86,131
52,80,133
18,91,98
10,86,111
101,124,140
10,26,42
37,77,119
26,106
27,114
67,111
106,118,137
48,86,142
37,90
62,104,135
68,77,133
2,48,93
104,115
68,102
43,71
21,72,132
72,124
48,51
17,107,115
35,42
57,58,119
35,52
101,119
33,49,105
13,116,149
2,60,89
3,58,109
16,144
5,81,118
43,53,61
9,52,105
76,108,129
8,93
65,110,116
52,100
2,29,123
47,87,92
27,73,144
53,66
76,133,142
65,83,94
3,36,53
54,95,128
3,20
86,121,142
39,119,133
86,112
98,142
5,25,124
13,121,146
56,96
59,72,130
9,52,122
35,36,37
47,59,95
6,57,84
5,84,118
11,47,116
81,95,112
106,127,132
14,24,84
83,131
7,33,144
9,96
23,113,122
97,111,150
93,114,125
29,55,95
18,23,98
30,73,136
16,114,133
22,49,149
41,79,108
38,103,143
96,97,127
26,27,112
84,131,132
22,32,143
1,121,146
31,69,128
8,73,79
68,72,74
24,68,75
4,100,135
91,98,113
11,58,65
2,51,128
21,91
40,113,122
8,117
21,26
20,103,140
37,110,140
26,42,67
38,77,82
45,61,76
15,60,102
21,124,134
98,100,145
68,71,134
50,74,118
6,29,147
18,73,91
25,64,68
70,104,140
15,99,100
11,29,116
59,102,137
36,131
27,109,136
41,48,109
43,50,68
22,52,91
7,28,71
46,95,140
92,96,121
8,120,145
28,137,139
53,91
48,131
21,33,66
68,75,118
42,124
4,85,136
18,106
5,16,90
1,49
27,122
18,91,130
56,67,70
79,90
30,51,107
93,128,136
5,89
11,40,121
21,106,134
92,121,149
15,102
17,49,81
71,123,136
7,56,103
39,79,147
25,86,121
9,54,58
15,76,145
23,121,136
104,141,142
20,97,103
91,114
26,41,120
34,142
16,40,51
21,79
39,110,119
5,94
57,63,137
23,48
52,66,150
3,82,103
88,95,138
109,120,129
102,103,104
13,97,149
80,88,139
61,104,121
29,76,98
9,59,140
69,74,127
33,93
50,62,135
45,115,150
10,111,134
22,33,82
59,60,65
72,84,124
28,64,113
24,26,52
15,61,104
31,84,100
68,100,134
38,46,98
62,87,131
13,38
8,86,123
35,106,124
13,32,58
106,107
66,111,114
70,144
24,111,150
27,86,90
130,142,146
21,78
25,81
61,62
71,75,100
21,46,69
1,22,133
14,43
59,93
12,41,115
26,124
61,62
67,101
55,85
26,61,118
124,134,145
30,86,125
41,91,94
8,55,122
11,95,110
50,72,81
44,55,57
83,123
71,118
44,91,133
107,108,147
130,147
41,65,92
32,36,85
80,88
15,47,77
99,145,147
9,31,146
14,67
101,139
20,121
16,91
53,89
124,141
26,129
74,75
45,57,100
72,73,113
101,104
37,140
36,88,116
76,90,129
12,134,150
27,28
41,48,136
31,113,143
51,108,112
66,145
32,65,146
33,116,119
6,123
1,65,70
5,25,40
65,103
119,122
44,46,109
12,66
67,71,101
9,32,139
27,30
28,70,150
89,106
96,101
23,113,136
99,122
13,46
5,45,139
4,75,118
57,104
3,66,75
6,79,122
58,98,123
11,12
5,89,150
46,57,83
16,21,109
41,54,142
34,47,77
73,85,128
21,24
39,109
19,122
50,56,69
9,140
53,68,135
14,69,106
51,91,128
62,84
16,19,85
34,69
22,57,87
70,88,104
35,86
84,100
35,68,149
25,61,89
89,98,104
97,129
5,51,83
104,105,146
36,65,131
18,85,94
46,139,146
5,26,69
58,59,138
76,94
53,82,126
130,131,142
7,37,46
49,82,138
119,120
31,139,149
23,120,125
74,75
7,22,104
7,54,140
78,93,131
69,141
21,144
28,61,84
69,81,84
70,77
10,21
82,96,116
48,86
46,149
91,108
23,107,136
79,144,148
27,42
43,50,118
40,66
13,83,110
76,78,136
10,47,106
79,94,130
80,83,98
42,72,88
72,81,150
23,120,122
24,58,109
43,69,115
62,97
46,60,117
2,6,18
62,66,127
104,116,140
46,87,138
39,79,90
31,148
13,22,126
34,47,146
13,15,80
34,57,63
94,113,142
11,17,122
11,21,127
35,67,89
76,79,142
7,121
5,6,101
28,35,135
105,119
11,81
13,32
10,120,144
18,48,86
9,20,49
40,94,113
12,94,113
30,31
48,108,129
101,126,137
85,123,144
25,90
49,80,146
10,89
41,78,107
78,112,130
81,132
126,149
1,38
54,65
39,147
40,78,92
32,59,95
56,71,100
20,60,137
67,106
63,101,105
81,128
74,106,135
10,26,36
9,21,58
57,95,101
33,38,97
10,64,132
12,64,84
5,57
5,9,72
35,95
32,79,104
37,92,138
14,96
53,89,107
92,101,105
57,110,126
59,72
5,128
2,23,142
46,77,121
33,106,118
1,58
69,135,141
31,105
76,78,130
9,34,83
17,40,129
18,33
34,116,119
5,43
75,112
55,68,92
31,56,58
119,128
44,101
55,103
18,76,144
45,75,91
97,125
86,130,142
28,89
78,106,108
45,119,120
48,79,147
102,105
17,44,114
58,70,80
31,146
5,84,150
51,99,125
9,14,99
54,97,101
21,84,111
6,16,103
99,122,147
9,22,36
17,114,120
25,72,135
11,97,105
1,25,93
80,103,121
61,111,118
5,26
110,121
31,42,87
3,113,143
12,43,64
65,126
51,142
32,122
5,10,52
2,8,123
50,69,132
9,16
9,60,101
2,8,145
10,53,60
45,61,150
11,20,138
52,54,100
50,135
2,17,37
65,70,110
42,50,62
25,145
63,138
70,77,88
85,113,129
66,107
32,83
32,83
107,128,133
12,26,65
33,52
10,42,75
41,75
81,84,135
43,64,67
109,111,119
38,92,116
8,64,124
24,124
29,30,44
55,91,92
58,87,94
24,28,134
46,138,150
36,66,132
7,92
52,68,118
48,71,129
2,73,143
23,113,120
3,102
48,90,147
32,112
24,56,62
118,150
8,9
50,149
22,125
34,50,55
24,83
45,53,58
77,95
30,51,124
36,39,116
56,115,124
37,83
41,98
34,55,149
2,28,92
36,123
84,134,141
11,54,97
19,93,114
5,115,127
74,93,120
31,102
46,55,62
26,92,108
91,100
28,47,71
19,137
10,121,143
53,62,64
16,84,89
15,28,58
53,72
16,98,107
69,86,150
23,76,98
76,98,129
46,50
33,117
26,35
114,131
75,79,95
38,54,65
12,43,69
65,135
88,125,126
88,94
105,142
28,64,123
83,114,127
39,90,128
11,23,105
28,83
1,140
96,104,139
12,45,150
39,98,99
53,112
54,82,117
93,102
3,48
3,102,119
64,67,84
43,77,108
25,49,52
88,96,104
13,33,77
19,48,112
54,68
29,61,88
25,43,67
36,141
32,126
35,68,71
49,88,137
49,93,116
31,44,122
57,110
83,106
59,73
27,78,79
15,33,117
40,68,142
24,28,62
61,66,150
38,107
22,79,104
44,63,137
56,61,83
34,83,110
7,44
42,64,72
6,111,128
31,38
15,139
21,42,127
17,90,147
23,93,109
80,103,139
17,114,123
24,117,149
7,31,65
17,39,113
79,107,130
17,105,122
11,20,47
67,88,127
11,140
32,60,101
7,71,88
37,42,123
84,89,133
48,61,116
62,71
3,84,145
21,42
65,138,147
37,47,70
84,115,132
17,92
12,67,68
23,109,147
21,26,124
61,127,141
4,40,125
15,84,93
6,12,96
16,55,144
78,79,86
30,44
26,69,74
83,137
17,39
6,130
32,57,64
55,85,110
7,54,150
6,30,78
81,93,119
20,110,124
5,21,134
42,141,147
13,119,126
61,111
23,66,104
59,63,92
26,43,67
54,117,121
16,127,129
35,73,94
22,132,138
92,143
1,80
75,129
110,119
104,143
5,71,135
39,57,89
45,67,82
71,72,147
28,67,115
77,102,117
38,77,117
99,103,109
6,91
46,57,97
59,100,106
42,62,66
18,39,112
112,122,144
11,49,93
13,58,80
90,98,130
14,70,136
22,54,119
21,100,118
31,108,125
15,80,97
38,52
68,115,118
5,53,126
47,63
73,144,147
103,130
30,142,148
99,129
38,108,148
42,74,75
68,84,135
36,45,62
21,69,127
19,130,133
25,31,133
17,130,145
31,78,143
11,61
6,32,138
11,58,150
42,74,84
13,31,37
19,94,120
4,102,134
2,122,144
34,58,116
52,53,100
24,54
70,88,116
22,31,60
19,30,76
44,115
4,22,31
42,150
4,92,139
50,115,141
4,22,83
94,111
8,40
50,122
12,41,66
38,88,139
3,8
60,87,122
75,133
57,149
124,141
51,93
28,111,134
35,42,124
50,52,62
6,29,108
12,62,124
35,43,67
79,122,142
73,83,93
3,48,118
12,72
5,24,74
10,106,111
17,41,136
97,146,149
1,87
75,102,144
14,18,144
4,77
12,127
53,75,126
16,94,107
48,114,144
75,98,103
28,66,72
18,99,135
4,31,110
44,86,107
28,74,82
14,68,81
12,46,103
55,97
69,101,114
37,98
101,116,121
8,55,76
14,66
80,88,149
30,91,92
15,49,97
4,32,58
81,106,118
24,100,134
45,81,132
85,150
52,100,141
23,40
9,37,65
24,50,81
75,131
63,145,146
46,95,105
39,55,133
19,29,41
89,150
7,79,98
41,76,91
59,77
70,138,150
6,17,29
114,123,128
22,65,143
126,128
63,92,136
23,91
45,66
18,23,76
112,142
26,89,115
22,43,121
15,58,95
64,75,124
51,125,149
26,52,116
37,83
17,93,120
22,32,121
32,89,124
15,69,121
10,53
33,40
28,84,111
65,70,119
70,114,136
69,72
76,85,93
38,149
67,74,106
34,82,104
3,81
24,79
22,47
90,93,108
67,113,122
18,40,142
53,94,149
9,40,123
41,79
56,83,91
76,114
40,133,147
40,74,139
4,7,82
70,101
49,96,126
5,62,66
