95,108,149
2,48,147
16,22,147
81,138
145,147
26,35,112
7,50,53
103,145
15,66,92
37,98,129
53,111,126
58,75,96
25,108
30,91
22,31,48
22,68,140
45,68,72
93,136,150
62,128
67,133,149
61,64
33,79,94
56,61,146
4,29,56
28,47,100
30,33,36
54,108,137
2,10,73
6,75,89
11,16,76
41,104,134
102,110
15,58,144
19,74,150
3,35,45
21,91,148
37,63,139
92,102,135
96,118,124
19,61,77
6,19,141
14,58,75
5,19,87
104,131
62,128,138
26,91,128
57,81,87
25,103
117,122
2,57,105
39,86,113
20,115,138
92,97,116
24,72,73
6,60,105
58,105,119
102,150
40,119
4,38,58
45,132
11,43,88
77,99
14,96
36,37,138
3,109,147
9,40,119
30,109,149
32,46,136
24,96,110
21,50
8,65
13,25,33
6,33,79
80,116,118
53,57,75
52,131,143
5,74,120
73,127
23,39,72
1,34,56
15,39,103
6,124,135
58,61,145
56,64,146
22,68,118
13,44,99
35,82,112
47,50,96
72,94,141
5,145,148
7,76,99
35,88,140
74,149
5,42,149
15,55
13,84,95
1,22,106
45,113
8,46,66
40,41,118
3,87
86,94,103
7,54,107
73,92,115
11,35,65
71,135,137
6,13,131
44,149
77,83,93
39,73,110
63,128,131
12,24,37
90,136
24,103,136
17,87,147
73,139,148
5,11,106
9,64,72
79,83,128
5,29,49
4,65,131
6,41
7,56,119
95,133
24,104,150
11,59,95
34,67,150
50,106,128
42,84,133
13,98
4,67,129
24,90,146
9,28,126
17,129,150
45,62,65
35,78,128
16,45
54,76,132
84,115,124
28,29,111
17,121,131
29,60,76
28,54,121
55,79,127
46,51,131
40,104,108
25,65,66
4,45,68
5,80,120
21,119,144
9,118
40,50,141
8,54,89
42,104,139
18,57,114
13,38,99
1,32,75
97,109
61,99,144
47,105
31,50,86
79,108,141
81,133
13,26,68
123,136
11,59,101
123,143
40,56,89
19,41,119
17,64
45,91,113
30,31,147
63,108,129
11,14,64
66,79
28,61,77
71,124,126
38,97,106
12,99
5,91,147
22,59
42,84,117
99,137
33,145
54,62,150
22,113,130
72,94,136
18,28
49,60,146
77,90,118
28,102
46,66
115,141,143
68,120
86,139,142
70,120,149
62,72
20,110,141
2,6,78
37,97
5,68,87
40,41,118
5,80,106
18,23,143
44,117,130
45,99,122
5,130
59,60,74
42,82
124,141
34,50,145
34,77
20,104
39,114
94,110
36,69
51,90,104
23,107,143
6,81,136
83,129,137
35,95,140
6,57,77
83,128,129
80,88,91
5,17,33
4,16,27
14,24
59,81,147
33,64,112
8,37,92
16,48,120
13,57,122
36,73,149
5,97,113
4,74,95
45,86
22,132
6,26,116
110,115
122,127,139
43,82,149
37,81,138
34,47,99
29,119
19,69,105
9,41,145
14,105,144
24,115,141
18,40,54
76,78
73,84,150
28,37,41
46,72,136
28,90,103
6,62,97
1,61,105
27,84,132
40,55,99
121,139
27,140
15,79,107
36,72,128
67,97,110
7,26,58
119,125,126
21,58,71
93,115
11,22,35
12,45,95
41,53,71
101,106
38,113,148
27,117
102,133
100,128,137
52,92,114
30,38,132
3,5,112
100,118,130
3,31,113
53,101
5,22
58,61,100
22,113
46,92,137
77,78
4,141
36,51,115
70,71,112
7,69,111
6,7
88,134
26,74
36,99,140
57,104
25,115,136
18,33
84,141,146
62,85,140
7,81,129
44,55,100
6,61,144
7,76,133
17,147
88,106,130
8,85,145
98,138
48,84,147
103,134,135
76,124
15,25,131
59,110,136
5,21,123
35,80,133
6,76,118
12,138
108,136,138
120,139
1,7,71
58,106,134
25,54,72
77,100,150
4,59,82
57,71,105
21,28
12,113,130
11,32,53
17,62,102
65,128
66,90,128
10,58,135
1,64,85
36,51,55
45,118,142
3,91,96
6,9,78
28,56,85
8,93,127
6,29,88
58,111
107,115
9,76,96
80,119,126
13,47,132
45,89,124
9,29,41
9,53
8,54,90
58,75,96
64,69,100
35,113,123
1,7,118
10,143
72,87,91
112,148
94,115,123
13,42,82
15,17,72
26,31,35
36,107,108
58,76,77
37,127,138
12,150
32,77
63,65,79
3,103,110
113,147
60,89,121
49,69,126
20,62,92
30,82
69,71,124
15,59,143
24,30
18,54,75
29,66,142
25,85,94
8,33,69
27,43
104,121,122
37,41,73
14,41,118
79,98,129
12,108,144
67,95,106
71,79
11,43,144
51,124
45,135
39,75,128
97,138,149
102,122,129
22,72,98
5,106,149
31,59,109
32,96
34,64,145
27,62
8,53,102
12,98
99,105
37,125
123,143
72,131
33,108,123
4,35,65
7,25,142
49,74,148
13,38,113
28,40,100
85,125
41,97,127
113,142
70,106,122
28,51,112
40,146
83,115,136
35,81
17,24
9,111
15,89,121
13,97,130
16,148
21,57
34,64,71
98,101,140
3,117,132
80,97,106
68,101,120
66,101
60,89
2,100
11,74,104
86,88,130
22,44,97
99,126
3,20,114
87,119,134
27,130,133
83,87
43,78
59,84,112
1,108,132
1,2,71
47,105,138
20,47
84,91
2,27,84
6,19,117
107,126
66,107
2,76
39,141
61,65,85
14,50,146
2,58,61
57,60,124
28,60,99
8,137
30,95
26,30,42
14,89,96
26,86,117
20,54
8,34
9,57,111
3,88,109
9,32,58
78,111
5,55,72
37,98,125
107,138
21,96,118
7,29,144
12,13,147
40,64,65
43,72
19,21,40
16,81,87
94,136
2,18,29
11,96,117
26,88,140
6,28,76
87,101
94,124
38,57
16,38,142
6,40,41
79,134
68,87,130
10,15,107
27,65
101,137,138
32,126
5,87,149
99,148
39,86
3,9,30
62,107,147
20,23,131
2,136,142
16,56,118
77,126,146
14,29,124
91,101,126
54,78
15,37
55,110
2,117,118
22,27,109
124,126
71,88,99
17,60
15,20,139
37,59
3,22,44
50,58,105
86,87,91
92,123,150
68,112,116
98,125,137
30,74,148
69,99,118
29,40,118
13,59,111
88,101
45,77,124
75,96,144
85,111,124
42,95,116
28,82,86
10,70,77
36,72
6,19,69
31,59,86
35,63,112
50,126
39,150
93,107,143
12,16,22
82,117
23,79,131
24,27,149
24,108,112
40,55,143
22,67,133
45,68
90,122,136
18,68,130
37,83
97,143
26,87,133
37,104,141
46,72,98
10,118,121
35,86,149
27,110,119
33,62,136
76,88
72,132,140
3,35,88
16,58,75
35,75,101
10,72,136
22,35,91
50,64,144
34,76,96
57,107
65,110
57,96,111
53,78,100
7,110
80,149
39,54,62
34,96,145
13,20,79
4,120,133
55,70,90
11,100
13,68,148
83,104,134
65,73,139
89,105,144
127,129,136
80,104
74,97,132
110,114,122
84,148
31,81,87
8,53,65
1,40,41
42,51,67
72,90,136
11,16,48
32,56
32,75,149
72,88,94
103,107,128
16,48,116
23,68,146
11,22,91
34,69,100
96,100
51,103,134
52,102,139
18,65,135
25,92,102
15,37,94
17,55
1,84
44,143
78,124
36,93,110
39,51,141
53,59,105
12,70,95
18,110,141
60,71
56,119
112,140,147
17,90
16,84,116
97,136
62,66
2,24
61,62,109
36,54,150
27,67,149
29,77,126
107,122
20,110,115
51,94,121
99,126,134
12,38,149
26,62,83
25,37
17,90,112
50,89,119
63,93,138
37,75,105
53,64,144
40,80,146
58,63,120
65,93,101
48,115,130
24,98,143
50,77,94
75,118,146
143,146
65,128,141
34,111,122
45,107
38,98
36,136,143
100,119
43,106,133
54,83,103
94,136
8,31
11,97
65,136
88,127,141
17,51
126,145
19,86
52,67,106
4,44,116
44,123,140
7,79,95
38,49,138
8,37,103
77,124
32,35,125
16,87,107
27,132
8,17,146
38,71,128
76,107,149
1,81
5,16,87
4,31,67
16,21,88
63,127,128
14,21,41
5,48,84
66,75,82
95,103
78,100,118
7,21,23
93,110,123
11,30,74
28,38,108
24,72,108
31,70
57,58,111
38,72,133
20,128,136
20,54,143
1,47,119
43,71
103,125,131
89,146
8,41,89
28,69,89
4,59,71
10,103,110
103,146
60,98,125
34,150
22,141,147
1,40,126
1,26,131
71,99,144
54,63,65
36,114,121
11,60,142
49,144
34,45,127
8,10,30
43,106
55,70,131
94,134
49,68,104
103,129
47,64
70,134
43,109
5,86
75,101
40,61
32,144
30,98
68,86,122
118,144
7,132,142
72,122,139
59,82
47,71,121
49,61,111
3,22,112
18,84,85
29,50,56
24,101
125,134
40,92,106
12,43,148
90,125,139
31,35,84
10,18,65
9,12,53
20,63,94
61,111,145
40,56,118
57,70
7,38,83
32,76,105
26,123
3,120,148
66,68,134
1,45,48
10,63,102
51,88
57,89
40,42,78
16,38,68
45,87
15,121,150
24,65,91
15,94,134
18,70
67,68,84
26,96
84,130,133
4,118,137
14,100,124
39,66,94
3,117
58,77,118
36,93
2,12,138
75,105,145
16,102,121
66,90,102
92,104
5,38,73
33,94,128
85,118
23,131,135
50,77,96
80,113,148
7,89,105
27,30,113
4,38,42
62,150
33,114,125
71,116
49,118,147
63,107,131
108,114,136
33,90,93
82,112,132
51,67,93
14,47,56
29,41,97
32,78,120
50,55
60,145
6,53,144
5,21,148
68,80
13,41,58
42,63,126
67,149
48,80,82
83,125,134
4,35,48
35,126,130
3,96
18,103,138
20,72,83
125,138
95,109,120
26,66,94
11,84
57,72,77
16,72
5,16,133
61,90,92
10,73,96
96,117
10,25,72
10,51,95
4,44,106
55,92,98
6,62,108
30,133,140
72,102,143
107,123,127
89,119,138
3,7
90,121,131
9,38,72
2,75,78
3,54,83
45,81,133
49,57
38,95,149
54,108,128
13,55,106
96,145
16,59,130
18,24,83
22,44,45
14,28,131
2,9,78
13,34,117
66,123,139
43,80,149
34,95,118
31,48,130
97,112,132
12,44,59
69,75,105
23,25
70,135
21,49,85
