17,32,104
2,21,62
20,21,38
2,45,130
4,25,102
13,91
3,7,29
19,43
18,30
11,16,99
1,23,65
9,10
9,42
27,145
31,127
6,40
3,11
15,44
22,63
28,29
1,13
96,126
3,7
71,110
4,5,57
20,119
14,93
38,123
4,26
1,4,47
10,122
5,149
4,87
8,39,100
1,36
3,20
77,117
2,28
2,75
7,67
4,5,24
16,140
12,18,66
2,98
3,44
2,125
34,41
90,132
11,35
1,2
10,58,69
17,34
1,26
10,17,143
46,60
1,10
6,12
3,7,32
1,8,22
8,18
1,10,53
1,81
16,61
22,141
6,11
2,144
27,79
4,88
2,116
8,15,59
106,111,115
2,19,82
94,136
16,21
1,9
14,73,85
51,83
33,89
12,30
1,74
13,72
2,5,129
5,13
8,146
3,22
4,37
2,9
7,25
18,109
1,46
4,137
3,17,18
19,40
16,24
4,121
5,52
5,28,120
5,12
3,33
124,128
2,3,76
2,70
1,101
4,36,54
6,11,12
7,14,114
6,19
35,84
7,20
4,48
43,68
2,14,50
3,97
6,135
1,8
12,13
1,133
1,37
25,49
31,139
41,45,118
4,5
9,13,23
5,14,138
3,24,29
23,39
15,23
17,80
15,148
6,21
2,14
11,147
108,131
3,64
6,78
1,24,150
30,107
15,95
6,105
47,55
1,26,92
42,56
15,103
5,9
112,113
3,86
27,142
8,134
