26,146
15,223
384,652
774,796
281,471,500
52,362,901
172,301,863
563,811,999
250,824
186,324
141,768
504,756
264,272
91,777
276,630
506,579
204,338
154,599
689,896,926
121,416,648
443,720,863
81,727
622,788,838
1,251
435,650
262,531
256,276,581
62,252,399
377,880
459,638
63,866
233,508,549
52,933
125,695
292,885
108,429,944
398,956
880,910
117,136,258
6,184,931
169,441,836
154,911
588,712
382,719,942
405,623
117,814
614,970,972
741,905
430,501
178,706
330,609,794
763,801
418,675
30,682
217,897
16,747
415,863,968
246,704
48,522
235,655
81,563
415,952
357,942
532,658
660,939
9,546,679
694,866
518,671
71,251,468
856,966
877,937
82,653
359,800,803
385,684
329,759
88,225
402,458,766
227,980
425,647,720
173,975
233,243
170,183,458
78,86
655,699
131,188,228
80,813
156,323
205,260,624
104,107,940
47,361,445
190,721
583,742,945
157,322,507
145,399,955
116,294,487
687,864
466,825
239,676
443,600
68,967
401,436,867
640,845
108,287,711
103,827
47,349,361
98,852,952
786,842
157,388,566
245,429
32,706,844
200,748,810
64,313
124,904
166,186
137,589
270,483
152,255
872,964
589,648,753
264,876,950
112,623
331,632
37,551,896
762,800
208,562
57,259
530,928
328,686,810
766,949
554,710
57,510
324,510,960
360,753,872
613,667
325,610,686
473,672
496,620
805,816
722,782
107,157,208
302,455,739
379,477,818
401,433,753
655,824,900
37,347
606,673,956
754,978
6,225
581,949,963
713,724
225,560
182,654
285,790,809
206,229
824,946
557,611
288,317,435
96,507
241,842
389,510
22,167
37,395
122,323,826
407,807
797,983
140,460
177,319,408
400,512
419,827
218,535
350,908
158,348
356,420,733
437,965
433,870
675,755
174,995
498,893
229,939
96,802
366,465
432,603,700
99,393,661
137,352,951
73,151,179
89,515
569,766
179,601
205,353,823
907,964
343,483
366,548,882
8,382,415
520,524
23,449
356,909
612,797,951
76,629,722
480,693,914
224,295
2,11
43,407
358,394,462
214,971
389,596
903,969
153,233,278
317,828
404,589,860
343,390
66,286,851
65,69
185,293
816,895
83,250,281
442,611
208,833
62,918
1,134
478,959
560,783
537,934
303,309,569
291,524,887
547,622
280,385
451,599
251,931
127,265
652,873
318,555,703
528,626
344,630
100,671
168,494
297,555,721
255,315
820,871
17,84,256
620,809,838
333,616,617
517,661,683
680,873
70,358
59,486
381,477
216,763
295,694
175,552
117,556
449,885
794,973
278,353,710
360,394
118,211
182,959
59,627
5,336
105,450
170,655,677
76,486,662
827,967
712,896,931
187,511
359,733
72,328,468
298,771
116,167,829
836,936
91,590,832
908,979
200,954
120,181
241,819
855,953
303,748
686,816
427,571,827
414,977
273,528,942
501,553
314,341
304,522,595
405,889
313,567
538,946
173,991
905,922
456,527,984
250,396,875
476,778,913
84,429,447
737,984
325,469
337,940
385,871
730,833
178,543
222,503
216,231
226,680
585,782
437,845
136,309,472
301,399,584
16,752
318,710,806
347,716
59,732,857
25,69
733,837,889
635,754
174,188,506
169,899
188,436,661
563,805
474,548,691
328,808
390,975
275,280
457,574
333,498
463,766
136,720,953
425,626
39,341
290,382,404
113,396,929
119,781,977
131,744
43,99
505,715,874
573,863
819,924
427,717,865
321,592
342,670,935
245,391
292,433,683
322,429,850
92,292,558
430,606
128,526,971
142,552
237,382
344,805
809,854
92,626,973
196,428,620
113,154
459,692
66,135,606
249,938
264,632
297,449
479,803,989
156,679
347,583
366,716
656,926
179,483
85,179
304,341
10,740,886
234,673
236,412
516,529,926
64,429
477,501
317,348,691
190,512,624
166,266
363,536,989
52,618
894,983
388,712,774
11,711,799
567,988
43,559
406,656
117,874
246,415,488
50,981
434,475,580
735,780
529,802
229,775
349,745
151,821,849
116,495,839
454,948
25,466,990
122,839
93,408
197,321
236,310
308,420,956
171,950
147,741
694,906,915
217,455,796
105,259
325,665
101,154
524,590
102,480,645
78,141
603,928
144,394
30,336
96,450
915,966
278,621
248,605
53,369,407
631,815
208,641,926
388,933
217,694,815
50,730
569,954
555,789
299,523,610
463,569,622
516,693
234,852,978
29,472
112,532
19,232,866
188,347
31,185
96,808,820
151,167,396
44,256
837,944
22,787
59,974
202,958
464,583,893
237,468
465,558
776,779
80,412,606
550,617
389,408,566
108,715
570,900
23,615
62,331
452,917
3,805
465,716
9,532
355,593,878
268,780
554,867
436,523,653
344,561
648,737
629,782
413,500
596,911
3,872
103,520
68,902
89,192,915
8,181
273,440
128,765,995
837,872
189,199,780
338,488
254,478
158,214
106,392
303,884
246,767
231,672
715,838
95,498
344,587,845
32,712,809
763,801
363,369
577,953
534,813
116,648
501,536,743
644,932
185,579
85,706
533,912
636,694
49,675
424,824
462,477,610
44,593,711
267,644
6,53,817
122,308,526
134,235
151,882
80,314,631
597,599,830
637,833,906
5,269
87,222
91,615
465,966
199,407
261,690,890
368,623,834
211,467,536
525,569
56,976
161,388,393
879,960
35,478,833
484,517,539
44,137,232
20,347,438
497,835
599,904
120,630
261,889
85,104
150,227,626
9,24,908
403,671
454,625,957
332,660,896
342,706
305,907
121,605,832
15,529,550
525,542
234,262
75,242
131,816,848
197,826
321,473,871
111,423
670,924
467,534,537
53,382,500
692,734,841
206,926
257,517
146,341
454,788
98,487
96,893
48,986
14,340
424,495,720
270,355,742
168,687,823
721,743
124,272,345
76,276,404
260,886
415,691,737
142,905
528,721
600,969
297,554,607
279,795
247,641
510,682,829
203,786
52,932
271,440
155,176,341
425,806
22,819
209,743
246,690
561,723
82,501,730
636,644
514,770
284,869
284,750
196,673
770,805
16,178,503
432,500
511,840,881
189,306
446,635,690
504,764,895
266,701
715,891
202,304
505,529,569
463,495
483,703,996
645,774
232,748
499,641,938
30,518
214,635,977
6,552
514,621
808,964
331,720
633,842,924
686,988
827,829
811,812
260,265,806
49,527
335,497,548
348,703
70,134,187
152,718
384,977
722,882,974
161,449,605
692,972
257,863
555,768
377,473,968
46,943
76,521
286,919
598,723
692,720,998
418,481
107,986
143,935
312,455,918
473,529
110,230
172,377,438
604,797
159,611
114,683
143,207
110,567
170,824,955
595,993
514,972
347,434,643
185,984
160,351,466
162,198,669
390,985
90,437
119,262
194,331
373,716
196,665
408,682
633,737,856
108,375,629
204,907,924
379,401,650
23,215
1,313
25,69,421
505,535,881
279,521
387,450,475
31,114,289
166,628
48,596
4,33,360
182,344,956
212,663
233,716,883
378,776
115,682,761
418,695
50,549
87,416
30,172
567,844
276,377
230,632
741,780,906
322,731
12,217,376
82,135
197,497,503
258,630,799
582,823
199,832,901
109,784
696,838,998
347,696
84,350,612
359,528
277,443,614
5,133
57,122,435
587,781,804
8,967
32,493,731
445,816
212,542
254,423
124,600
249,899
264,397
804,867
190,265,494
41,468
804,958
398,590,868
262,363,715
259,486,530
465,788
176,328
372,700
208,902,904
128,828
380,607
133,578,809
181,369,692
681,751,926
261,504,909
293,949
722,922
494,663,675
70,262
129,519
676,799
778,801
571,585,747
52,578
180,804
40,208,326
237,274,602
259,423
104,755
83,665
364,553
212,607,935
143,886
210,674
222,963
524,885
99,972
336,790
171,256,971
72,173
510,764
386,880
732,898,990
633,881
139,591
211,993
531,624
30,326
359,776
191,387,689
851,944,977
313,560,965
23,597,967
324,747
429,715
115,195,777
47,265
161,540
65,390
157,412,449
467,664
60,132
530,550,581
21,377
31,624,855
328,815
766,803
323,521
263,476
269,453,984
301,503
380,591,673
887,926
560,757,758
156,671,980
178,496,622
468,641
57,479,823
151,642
126,854
541,963
338,840,866
38,779,901
75,832
49,360
452,633,724
309,330,501
878,937
159,681,875
220,445
613,646,976
466,786
10,213,273
10,195,500
742,800,820
62,138,916
646,705,886
136,818
256,677,891
194,303,780
274,307,551
439,614
609,842
144,557,604
202,830
554,899
257,595
230,937
263,715
547,600
101,128,428
208,905,943
333,531,758
73,219,353
369,495,686
598,879
16,564
253,303
787,855
65,345
141,265,272
341,787
249,440
180,423
848,936
203,900,960
520,619
29,400
288,641
192,866,962
476,632,902
632,781
266,517
243,464,935
185,604,695
240,748,990
333,536,668
278,961
373,889
160,241
29,223
6,886
144,205
699,705
235,280
280,954
938,949
202,506,967
183,263
121,570
522,549,641
6,288
98,781
391,828
26,995
855,909
607,823
607,942
57,270
455,909,963
255,831
905,920
36,673,971
257,608,654
18,533
150,226,257
178,437,997
155,992
97,484
345,396
141,785
43,229,320
800,919
281,884
177,358,786
302,494
319,636
513,606,646
34,159
85,902
170,199,728
294,629
729,817
293,915
22,640
241,643
112,789
16,176,871
156,445,855
649,708
344,854,911
104,191,995
713,771,866
109,394
449,816
433,842
229,889
492,875
492,600
353,384
319,933
201,289
2,116
59,533
608,770
581,662
477,567
210,272
143,334
275,553,750
125,843
441,714
492,852
154,949,952
853,909
270,317
63,912
333,601
419,771
153,668
376,900
302,850
244,805,858
160,636,919
380,851
200,913
254,846
380,402
49,966
101,504
641,823
236,348
100,857
640,775
135,298,757
608,950
667,694
29,574
154,678,786
5,47,296
141,467
289,905
68,371
679,892
297,445
125,411
161,730
56,507,510
176,413
398,721
638,994
354,521
14,926
204,577,850
446,469
190,502
69,524
77,515,789
105,665
71,223,371
644,781
517,711,906
53,227
374,612
34,136,895
340,687,987
309,494
225,951,959
446,546
88,102,130
224,354,689
107,468
217,781,868
52,90
526,884
311,336
425,458,715
482,677,980
90,890
23,497,822
68,331,860
286,950
6,850
361,844,957
254,414,482
92,632,769
112,686,802
230,733,883
840,879
701,725
300,391
302,466
509,539
271,401
71,731
702,789
39,448
72,818,999
335,384
152,253
467,726
713,869
400,408,491
693,804
351,950
150,211
53,828,870
32,992
262,580,633
165,406,540
309,480
638,766
365,403,432
256,798
774,850
92,159
64,587
66,879
888,889,937
119,277
134,293,459
456,498,585
174,853
411,558
515,788
597,605
97,233,952
431,597
73,986
163,428
189,530,571
324,665
203,242
1,229,550
194,902
302,368
475,512,774
687,701,820
110,390,839
340,528,913
670,816,985
961,964
9,422
497,626
615,983
130,229
500,861
114,561
155,573
659,680
96,903
30,345
123,131,157
55,473,661
153,341
726,995
136,218,923
114,303,510
121,794
751,878
156,781
12,866,976
154,959
498,654
86,508
439,638
266,370
264,593,853
688,973
530,834
413,573
291,575
457,989
474,975
283,787
683,700
190,360,822
23,177
198,497
187,218,686
478,518,740
576,944
607,623
578,626,846
106,168
64,361
146,318
369,878
64,230,378
582,611
525,794
354,617
308,951
208,262
15,288
327,851,916
207,702
301,753
107,133
234,740,870
390,587
494,725
2,867
320,673
846,865
561,883
236,583
507,878,906
40,675
473,908
28,627,836
488,626,658
359,443
176,598
334,359,441
128,507
161,787
22,218,266
221,291
224,549,697
469,481
354,793
310,907
774,951
575,802
174,265
496,498
867,963
323,883
91,141
133,201,983
209,256
83,381
607,852
48,54,583
143,904
19,248,601
238,303,418
125,387
808,864
135,376,809
377,903
44,409
93,255
96,704
523,931
96,505,593
118,328
177,193
30,137,914
462,582
424,477,956
172,873
12,228
41,710,792
507,992
345,788
912,1000
10,494
199,592
321,530,843
250,327,635
191,511
94,921
312,330
81,603
585,863
24,317,412
247,274,864
156,572
363,423,469
520,783
452,800,852
247,528
223,973
690,849
44,804
145,310
724,728
297,660
36,252
667,989
59,641
35,408,876
60,361,953
82,572,920
612,822
419,871
30,996
406,809
206,242,755
322,495
247,666
27,212,587
46,621,776
623,650,890
358,536
406,638,762
606,614
319,501
162,346
360,425
302,900
379,476
816,956
230,370
657,732,897
4,303
28,625
187,365
379,707
342,566
847,996
152,620,701
221,227,530
45,313
112,524,754
531,779
557,660
647,713
265,778
237,517
81,949
147,456
13,211,486
156,776,980
469,529
45,73
544,728
22,31,904
162,233,755
144,185,333
328,776
198,470,852
91,640
502,833
679,959
84,574,735
463,705
590,773,985
247,287,650
610,725
41,409,678
137,329
281,312,440
118,910
290,543
172,560,755
104,179
7,277
134,179,510
724,749
877,976
365,604
47,247
595,685,907
472,990
276,461,490
215,723,886
356,525
36,230,462
443,451,862
436,929
211,686
410,584
396,452,597
578,894
198,406
589,798
192,463
311,400,817
43,971
293,760,903
189,232
184,566
502,631,855
145,698
356,994
191,724,730
378,768
62,452,719
39,585,968
60,95
377,739
91,587,668
668,910
369,545
384,682
135,569
39,475
326,373
29,257,662
372,386,788
100,268
138,759,760
830,834
37,821,996
438,592
7,495
181,864
164,903
204,890
567,910,986
264,739
294,950
183,763
383,495,873
606,804
201,324,471
98,923
326,811
410,504
382,798
135,439
368,809
467,881
376,517,783
406,695,849
391,709
607,845,923
531,570,879
472,498
691,805,955
471,789
119,170,678
487,918
724,901
198,420,863
419,524
205,280
867,935
572,642
459,645,926
18,33
286,602
274,311,513
330,351
461,974,983
395,480,895
116,492,980
31,942
367,706,811
115,459
103,759
122,304
26,783,789
33,869
193,534,925
57,893
418,637
267,916,985
47,327,511
108,871,945
437,605
82,126,184
491,738
289,746
598,744
540,707
373,595
390,526
109,264,417
219,702
578,671
565,746
357,526
481,841
38,632
109,454,544
315,707
415,629
678,942
428,980
640,881
246,862,959
216,763
213,600
198,920
143,193,886
347,380
500,730
44,786
113,329,805
409,491
157,573
227,333
398,539
137,352,762
163,775,892
2,841
95,213,338
19,139,429
303,661,700
50,861
615,894
407,727
305,894,935
152,561
147,776
80,363,990
470,694,751
190,970
433,684
493,807
376,558,996
409,473
95,447,887
442,961
203,842
70,966
125,389
127,161
415,585
77,255
381,427
241,351,641
656,699
404,457,739
46,575
251,861
186,884,886
58,242
47,147,924
7,524,823
130,881
903,973
22,198,967
759,782
222,424
546,599
227,313,561
217,376,616
252,943
59,632,949
229,871
535,609
431,832
90,144
173,632
97,954
35,334
179,829
105,784
96,169
460,902
181,206,480
101,491
6,670
71,232,394
28,580,866
34,476
31,386,395
68,230
370,558
69,293
381,631
68,381
63,567,599
157,477,902
156,218
73,205,988
714,901
314,337
308,339,980
377,590
136,168
117,460
3,358,958
140,697
227,443,588
967,992
186,505,995
303,355
110,349
197,524
149,240,632
625,679
157,257,614
342,948
630,833
276,443
152,688
276,772
524,866
339,350
119,656
250,465
282,921
693,706
474,516,684
368,388,908
407,690
588,888
80,762
282,685,912
787,823
59,166,454
485,674
915,983
35,545
7,502
84,182,758
311,615,986
442,612
237,508
125,964
541,783
57,830,984
281,516
441,535,615
64,598
381,425,490
13,472
104,423
49,434
335,420,879
64,602,670
512,561,657
577,809
188,191
295,812
618,660
547,631
209,476,716
895,975
445,825
204,590
74,219
346,850
74,163,568
775,826
289,426
479,778
338,565
135,480
220,275
880,933
687,829
372,746
408,865
129,243,314
231,333
785,848
553,713
288,543
165,449
101,560,745
553,746,837
462,899
412,502
247,709,978
555,734
576,825
577,990
18,22,912
713,970
510,856
131,785
73,795
155,473
107,370
714,773
510,805
50,140,357
149,472
382,767
56,423,683
508,746
159,399
28,728
188,280
72,167,543
298,512,620
131,262
269,836
5,336
527,625
373,796
270,525
475,489,842
817,833
119,814
194,238
742,972
173,517,850
241,730,973
145,731
439,913
480,757,836
169,294,595
229,362
35,369
477,901,985
628,941
182,293
239,532
725,843
209,856
252,396
328,371
127,685
529,608,735
3,203,911
248,595
733,832
168,626
266,950,993
45,284,402
64,987
2,928
214,732
235,643
587,670
463,965
115,178
5,356
284,921
136,914
409,897
228,937
400,908
168,280,570
126,819
92,433,611
244,485
216,914
265,723
264,714,893
120,169,680
121,842
320,918
199,260,598
52,631
68,253
789,918
148,320
157,172,352
487,812
482,659
107,620,957
171,529
206,284
523,607,671
21,585
40,314
333,430
341,425
88,536,874
104,178,904
277,597
476,610
768,852,872
143,441
102,673
53,648
243,955
372,633
15,300
134,674
24,290,874
543,678,922
136,325,504
249,437,466
305,773,796
466,636,806
290,717,721
156,529
83,475
436,637
386,953
575,722
885,930,961
383,393
570,872
79,129,555
461,794
207,521
35,779
720,829
722,939
767,856
413,535
768,954
49,611
88,124,691
683,963
456,495,631
397,756
526,591
692,783
437,792
383,922
649,835
126,744,748
929,995
738,771
244,360
50,237,935
240,723
184,245
559,713,776
52,697
732,875
482,688
616,894
16,218
284,481
452,779,829
906,996
25,533
725,869
281,458,643
95,321,945
152,284
405,429,666
270,554,629
454,472,934
199,217,946
188,269
894,976
99,972
225,495
199,420
442,579
150,756
481,643
219,999
7,267,693
95,369,939
455,664,818
295,352
155,765
250,582,599
488,743
97,151
12,347,452
3,690
444,799
318,626,900
527,912
194,299
286,908
4,94,135
108,925,939
196,684,967
237,389
33,893
262,721,940
266,344
186,697
201,298,876
273,654
408,968
78,355
268,456
7,685
453,937
35,470
579,686
255,851
143,880
339,844
751,943
10,171
98,415,684
693,822
221,575
821,905
253,395
679,896
276,941
501,858
654,963
777,933
212,307,714
572,998
168,806
480,596,681
396,995
80,611
247,846
176,556
184,219,824
461,789
275,276
59,841
138,777,793
31,167,324
245,298,756
467,981
413,583
2,393
342,392,650
471,478
31,127,689
210,372,503
57,592
102,845
719,764,963
230,599
297,316,602
555,614
427,948
389,795
6,690,772
482,633,820
513,615
18,260
863,914
466,969
630,819
19,95,442
49,899
557,971
302,748
194,990
251,451
423,499,683
114,562,901
473,657
93,388,417
403,668
425,764
429,745
585,861
468,867,894
127,458
182,756
263,739
170,689
690,828
367,501,994
440,461,980
258,347
516,760
76,976
337,493,801
299,780,807
93,901
654,963
671,733
218,519
36,913
280,478
124,158,614
217,808,991
886,950
696,708
254,386,470
37,984
313,487
206,510,974
158,789
142,688
144,431,827
206,693,935
336,455,928
92,315
11,835
625,983
628,968
246,529
179,708,930
100,266
75,899
246,505,728
425,638
387,847
52,846
222,997
502,688
632,906
130,882
934,972
315,363
111,938
49,867
173,420
632,793
655,775
710,778
24,344,713
433,498
558,634
677,706
698,849
348,547
810,884
491,709
471,586
565,927
439,910
222,724,981
54,379
161,175,350
427,611
22,749
386,418,788
452,998
147,211,362
614,644
305,522
525,903
370,809,882
325,553,957
258,688
122,591
124,450,472
159,702
371,626
361,688
692,708
36,882
162,912
442,661
380,695,999
5,445,930
526,849,948
718,857
81,200
475,882
50,704,894
478,528
83,956
165,213
204,426
469,776,793
259,629,936
109,563
199,558,824
85,887
81,762,966
454,752,832
187,267
11,88,262
770,820
314,492
242,627
241,466
37,294
737,823
56,753,794
465,619,857
498,657
63,394
183,407
508,761
136,764
431,835
261,612,976
351,670
21,296,532
162,832,881
458,624
184,476,707
107,134,611
496,985
395,424,547
53,949
352,955
93,242
799,993
109,708
79,769
243,889,959
20,663
387,596,753
420,435
56,368
120,629
612,845
671,867
67,346
48,968
338,751,858
290,376,828
285,663
72,621,990
140,265
166,500,879
712,800
187,839
342,390,518
196,786
315,909
438,445,868
568,700
627,680,786
198,261
155,355,783
545,848,894
138,341,936
349,561
193,254
448,515,530
226,455,652
96,226
372,528
896,928
93,217,811
280,360,797
696,707
205,723
184,759
111,286
538,624,988
197,798
421,687,921
611,635,976
713,921
145,607,995
327,420
490,692,919
230,464
149,733,919
150,786,866
204,275
419,555
264,943
149,564
117,562,839
47,397
511,998
782,954,976
82,777,913
48,340,478
310,469
209,548,677
820,874
261,607,628
324,418
107,617
307,708
118,255
137,585,598
507,622
253,443
435,549
326,777
224,602
642,790
734,812,966
78,419
86,476,548
588,980
338,596
643,663,804
156,965
443,508
369,845
310,633
190,736
395,642
414,930
177,433,488
85,212
258,385
121,203,428
11,576,698
602,672
54,821
384,623,644
683,723,795
506,785,822
625,825,915
178,196
38,230,821
153,602
815,962
358,875
104,979
419,691,891
306,669
207,506,721
213,630
182,373,944
577,615
162,753,769
324,426,505
471,496
160,979
158,616,818
452,901
571,835
219,864
299,589
452,886
354,611,678
16,1000
113,586,794
658,756
238,286
44,89,595
90,159,695
320,745
672,787
302,736,888
243,584,655
2,383
53,588
176,805
419,629
337,547,632
372,655,798
589,736
178,648
106,553,900
59,371,602
518,598
492,624,883
515,982
419,976
1,546
801,875,911
151,882
277,292,437
526,646,914
508,615
333,554
571,580
196,852
211,744,968
82,938
410,995
249,554
232,264
254,549
381,662
707,712
21,124,390
322,380,817
290,452
5,342,595
90,232
54,590
282,444
17,528
16,268
250,941
328,820,925
330,662
72,267,397
96,427
385,877
668,972
88,416
319,610
177,215
462,482,785
129,156,518
32,248
390,943,977
43,402,929
72,612,1000
643,794
742,900
706,944,952
911,929
159,433,932
344,991
431,847
265,617
286,937
319,769
549,804
139,661,941
538,700
564,973
559,986
474,747
72,970,991
94,783,882
325,338,382
301,423
681,777
273,471
218,649
659,777
154,906,949
288,873,895
487,785
21,282
539,691,853
407,469
167,398,613
78,826,888
61,781,918
604,823
540,852
258,464,724
865,880
138,629
792,992
242,958
213,622
180,535
675,835
592,619
422,610
139,267,857
97,197
734,861
252,735
833,890
133,261
62,907
72,480,916
463,548
826,934
423,625,992
124,798
574,971
118,990
459,729
474,516
17,477
22,154
270,295
300,845
115,446
268,727,877
186,625
170,283
67,496
194,287,773
20,234
90,249,500
389,474,551
313,365,372
200,386,402
657,784
886,938
593,989
78,647
355,810,879
336,974
613,619,734
457,548
847,882
152,342
141,573
33,43,821
368,420
568,584,598
112,725
400,811
257,456,942
607,908
451,509
932,964
382,654,994
209,477,488
97,991
446,665,982
443,930
41,685
194,204
53,589
74,210,450
274,334,664
1,369,540
533,942
20,644
60,327
272,928
12,90
32,364
33,366
520,664,694
42,176,795
48,267
601,793
16,358,571
408,945
265,478
211,315
312,536,808
507,593,776
143,776
101,214
264,843,974
87,333
729,807
73,324
443,571
279,915
603,736
168,640
358,640
171,968
976,979
193,818
56,303,604
96,739
226,715
526,755,809
52,310
289,787
300,638
585,888
377,565
119,701
531,898
345,498,680
321,808,866
103,441
68,591
603,611
55,177
337,588
282,823
45,506
121,215,603
12,635
295,412
105,981
414,477,561
446,631
739,915
535,899
365,535
25,338,827
786,837
126,455,554
743,798
235,681,829
93,867
612,705
373,473
26,420,819
515,796
13,109,270
277,672,936
376,695
273,636,777
307,322,528
182,208,243
331,378,998
844,969
129,531
386,585
6,390,755
266,876
130,915
121,354,636
664,991
458,549,955
37,68
69,180,208
169,484,962
429,935,975
675,932
229,454,995
68,138
56,506,913
64,371
2,989
22,48
34,571
165,323,820
34,336,493
204,895
260,969
824,858
488,527,554
517,761
924,951
289,946
311,801,906
292,593,811
666,731
456,701
182,937
270,861
422,628
221,288,711
178,189,864
94,139,663
186,371
260,549
151,482,931
475,916
35,839
550,914
727,909
417,903
85,489
6,828
712,774,889
159,638
151,301
184,400
784,804
37,525
587,687
277,964
140,853
516,989
765,767
326,882,943
84,976
928,930
243,488,970
128,195
41,681
511,850,903
60,568
56,161,926
389,390,396
187,795
298,996
293,706
315,753
153,221
395,669
75,591
48,283,875
75,313,439
218,831
482,951
495,828
279,535,563
152,352,383
491,882
451,776,837
226,253,903
356,909
357,503,847
161,222
301,365
269,709
97,220,520
633,636,697
469,494
351,545,593
479,730,880
124,397
320,759
291,438
352,504,698
221,932
243,365
161,305,407
696,791,803
937,997
81,728
260,756
91,102,323
201,517
240,848
411,423
214,570
331,765
665,965
266,734
156,944,998
36,424,480
833,935
483,536
224,641
120,955
110,392
605,835
649,915
58,339
701,886
379,528,993
462,639,822
433,516,856
242,698
742,928
274,393,404
86,928
355,600
364,423
366,721
353,856
190,499
165,977
43,373,526
515,981
323,508
533,629
564,570,753
536,980
253,540,617
574,775
412,460,742
602,744
96,353
578,849
482,685
495,784
79,899
837,844,951
123,218
230,392,890
123,320
699,701,913
14,265
418,436,663
50,697,946
23,946
601,837,899
356,725
173,299,868
623,870
228,723,775
763,829,846
693,707,907
140,875
59,795
54,743
84,877
484,612
438,965
751,864
330,900,949
146,421
99,442,874
601,602,625
131,321
118,642
297,743,999
140,443
5,840
325,366
692,722
808,830
739,885
733,868
682,813,934
892,946
317,394,627
513,897
62,341
93,310
308,359
155,624
619,863,874
635,729
538,660
81,522,683
304,631
115,208
380,577
97,425,825
54,750,977
85,184,242
482,527
245,965
85,920
223,362
430,503,642
442,712,722
450,912,984
173,632,737
276,631,919
357,583,982
94,533
38,354
115,609
256,374,529
487,862
269,358
762,839,915
790,872
594,800
218,666,813
88,598
494,683
214,695
819,999
19,602
126,535,944
13,171,394
15,600,861
565,842
495,631,642
169,183,193
568,618
377,604,682
104,254,479
429,781
135,231
339,542,727
147,176
271,389
136,753
142,815
390,957
376,860
476,959
258,658
282,665
204,999
64,781
375,637
231,233,902
4,153,393
399,912
207,265
44,514
100,629
367,407
73,714,822
488,680
158,985
83,454
67,902
273,424
385,527
225,464,749
185,386
93,830
345,415,896
658,688,868
408,462
72,811,951
203,911
654,812
369,537
358,401
653,681,736
607,688,806
619,857
590,630,963
224,501
614,673
542,623
189,933
242,608
99,130
504,747
24,613
177,785
529,925
286,659,953
223,573
572,931
133,239
128,436
68,574
252,791,859
443,781
214,931,965
484,663
191,896
357,811
400,881
17,918
149,559,937
588,810
231,925
270,530
281,528
325,392
64,707,997
804,872
36,307
179,260
94,137
648,778
83,700
838,983
405,837,928
646,996
187,461
703,971
652,870
125,179
33,405,781
166,334
316,521,876
625,776
391,508
275,355
163,724,1000
571,625
27,701,730
455,976
661,926
341,466
234,966
351,407
292,461
147,532
198,401
296,508,659
470,681,751
259,472
27,467
178,777
118,356
70,816,975
685,932
16,769
392,781
118,308
41,625,995
104,121,174
398,529
92,260
390,966
25,186
41,792,964
644,973
81,117,860
489,692,909
133,673
28,328,627
188,470
342,420
751,997
378,500
132,747
307,317
470,535
532,764
761,820,842
145,715
598,806
511,806
167,310,747
127,632
79,81,824
794,807
90,168,675
369,449,569
684,688
51,740
284,425
622,728
143,789
278,958
11,535,630
209,240
414,578
250,590
508,774
697,758
359,705
239,928
321,600
951,980
215,432
678,725,921
44,150,442
350,828
846,995
520,989
127,358
115,185,304
344,432
13,948
333,474,661
75,233
89,143,166
316,390
185,929
111,904
409,704,744
538,562
595,639
636,655
659,836
87,175
388,559
74,561
770,811
460,675
122,588
165,349
303,739
209,715
356,415,712
494,994
69,483,785
176,879
189,302
508,922
72,728
528,688,856
204,814
81,625,640
896,911,942
222,228,231
68,688
38,602,855
166,457
65,738
702,982
91,568
143,473
130,845
515,917,974
10,757
410,979
580,995
61,357
724,759
516,984
316,343,415
280,309,875
246,835
6,320
689,847
123,169,908
472,902
37,68,398
252,686,879
463,521
2,934
267,509
132,190,471
102,247,992
540,793,879
122,709
176,583,600
274,294,412
221,284,795
642,953
124,404,499
703,906
240,665,869
200,685
192,483
282,639
794,867
330,533,609
333,360,403
505,888
473,523
236,672
565,664,815
77,220,422
50,396,469
131,435,707
186,753
87,523,577
115,357
288,800
134,506
603,933
602,790
314,508,613
161,962
169,171,197
456,513
29,363,441
468,541
32,135
132,348,564
433,978
132,655
238,801,948
37,745
275,629,859
173,445,850
337,409
332,865
25,760
546,784,927
407,563
20,122,732
281,630,671
18,321
268,287,944
258,459
81,366,581
132,626
241,946
451,462,930
229,243,854
98,443
580,608
196,874
153,803
430,640
578,677
492,618
765,866
706,982
34,375
123,400,764
50,453
405,464
345,515,726
249,835
72,678
18,527
253,263
659,960
109,196,947
382,592
139,478,942
615,849,947
846,964
250,603,964
113,516,810
80,545,817
324,653,967
458,702,885
66,146
707,716,827
172,437,870
93,823
169,315,517
416,618
506,822
178,544
575,585
107,326
324,825
50,593
213,245
538,618
446,463
242,528,909
13,227
442,660
123,249,401
23,331
319,444,474
4,436,919
525,703
397,953
43,164,350
311,415,779
180,686
99,248
752,853
140,737
107,410
361,492
8,562
75,173,805
270,873,906
418,651,885
325,566,607
69,938
597,835
135,696,785
504,678
151,322
93,399
43,100,187
134,276,306
53,417,934
18,164
112,398,756
307,744
232,296
358,682
306,314,673
276,666,961
246,898
92,816
209,439,813
19,95
7,91,239
297,914
214,373,561
424,944
48,589
53,55,840
513,910,959
103,505,909
522,883
563,613
440,502,843
308,564
57,946
550,846
239,944
473,619,667
507,779,925
555,667,909
136,229,572
63,871
317,657
28,166,408
32,428,689
271,989
911,913
701,888
280,336
509,979
100,717,744
55,416
25,581,649
314,702
156,607
472,760
193,389,941
255,547
279,743
156,566,928
245,821
85,851
206,328
218,702
850,953
21,124
193,520
382,836
89,575
115,270,293
44,59,124
204,738,913
124,628
419,452
146,527
51,651
225,419
99,488
591,676,733
799,996
75,245
371,675
139,322,760
282,545
633,846
795,944
469,914
154,536,905
309,914
271,514
112,895
267,658,813
859,919
162,598
148,490,508
49,331
569,622,672
154,301
497,901
381,415,842
364,802,867
261,511
354,738
480,650
756,778
814,839
208,379,986
785,957
491,716
177,619
439,610
81,633
230,780
173,451,523
782,797
437,600
19,447,709
484,566,608
466,890
611,809
8,422
101,152,475
486,509,906
179,244
17,663
126,592,783
264,703,961
704,752,802
249,685
193,332,703
400,435
605,731
195,531
326,928
66,86,513
69,762
313,980
24,144
507,888
412,832
136,785
183,776
180,181
43,418,534
563,734
342,370
638,973
34,287,787
825,884
312,903
518,773,998
708,766
115,345,421
104,263,941
10,684
427,991
313,831,869
655,956
296,513,916
378,607
131,528
242,404
271,338
789,838
123,816
273,865
589,942
339,925
274,798
794,811
701,718
333,706
84,378,998
440,812
166,566
328,348,389
450,891
11,220,968
755,916
145,897
667,919,943
202,423,549
624,737
62,348,579
195,219
655,686
505,574
194,665
878,936
85,757
51,350,980
716,734
271,545
37,811
572,698
567,787
68,370,821
3,964
1,129
17,569,771
39,291
605,946
14,35,683
640,721,966
76,356,427
33,764
586,737
84,409
214,231,501
333,816
340,705
505,792
826,973
127,810
714,973
639,793
479,655
924,959
5,730
389,578
714,887
95,118
500,766
516,714,856
384,388
381,893
492,543
745,831
336,862
423,867
255,630
34,739
81,137
271,334
186,760
464,824
222,238,946
136,622,970
490,627
538,805
187,518
105,872
515,568
58,555
341,767
343,551
59,197
274,818
486,668
398,518
878,944
120,448,798
137,258,998
843,995
259,361
335,795
9,369,937
245,361,526
10,280,452
652,837
81,479
261,791
302,609
848,928
722,822
753,839
457,500
149,561
357,921
114,710,984
206,700
374,799
71,87,635
16,690,994
177,252,756
54,227,435
68,427,924
77,716
313,588,919
23,511,689
595,803
12,278
659,809
72,910
58,366,670
127,784
188,535,832
823,927
55,62,355
149,397
96,943
158,413,571
20,526,895
644,741,954
90,949
87,656
89,417
141,579
68,218
35,578
629,899
520,950,989
532,752
239,308,439
166,465
659,817
623,985
712,768
183,858
808,867
683,892
1,239
163,289,531
168,190,601
689,879
150,488
168,478,967
236,282,815
704,966
259,467,743
428,732,945
504,922
20,400,512
55,126
97,408,904
142,153
437,695
374,465
387,888
9,610
82,198,719
6,553
127,369,673
372,390
388,391,397
477,902,971
105,115
159,599,983
38,921
68,90,458
337,566
379,834
246,795
264,526
273,292,801
10,161
112,731
395,432
50,442
164,203
286,905
269,628,866
21,132,289
518,523,848
24,742,855
17,830
682,753
134,153
745,849,859
38,293
643,826,910
517,878,959
194,252,285
137,846
153,907
149,701
417,950
155,875
955,984
52,271
405,644
228,900,980
182,440
205,435
530,842
197,595,926
137,602
129,280
131,960
53,148
103,704
121,545
368,731
555,812
311,910
116,453
581,728
1,464
79,700
45,873
534,856
585,917
719,892
118,236,795
156,380
56,433,747
194,476,674
298,665
534,563,746
160,813
384,765
81,636
180,499,997
79,822,991
17,353,708
238,416,725
513,965
192,911,930
335,673
110,286
70,206
549,557
68,199,460
232,627
666,916,980
31,248
25,145,730
424,676
288,367
568,759
228,812
140,162,205
448,581
393,535
810,856
208,536
319,994
462,923
272,363
67,807,859
582,784
308,316,865
258,688
215,249
137,951
120,529
156,997
211,715
567,869
29,262
670,915
155,396,502
699,895
53,325,614
454,741
290,571
286,671
276,619
171,811,828
120,653
415,820
124,455
494,582
349,546
223,807
142,456,559
438,944,998
59,294,419
145,699
363,509
81,641
356,412,975
36,336,677
140,641
157,648,720
18,31,470
664,940
224,607,922
341,973
63,463
302,677
242,407
242,698
203,455
155,440
190,280,942
756,957,965
301,396
186,203
182,378
444,788
221,708,925
216,628
440,692,720
860,995
934,947
214,548
19,220
787,988
529,678
18,803
351,981
49,205,633
151,167
251,585,619
277,596
23,913
124,993
212,487
91,845
349,673
347,761
477,505,808
280,528
98,571
29,374
698,943
220,300,748
321,489
196,502,639
554,862
175,809
372,618,638
191,444
414,889
309,477,584
108,271,595
157,407,690
505,639
830,864,892
205,912
89,188
735,969
92,205
407,896
304,553,719
476,867
421,856,899
518,787
98,229
516,584,775
639,640
164,200
685,790
242,714,827
480,492,732
217,667,720
198,568
786,963,974
517,865
219,496
135,416
68,208
442,453,643
652,989
68,809
314,405,706
44,795
60,349,937
205,218,911
268,361,714
602,912,950
35,433,453
360,630
327,645,930
544,551,573
404,487
130,1000
14,580
76,753
77,262
198,832,843
928,944
6,758,943
52,203
434,864
118,793
35,199
47,139,202
122,356,621
508,834
143,541,735
586,740,987
672,974
544,751
848,894
370,456
690,781,802
141,143,334
288,840
65,222
199,763
740,884,886
545,930
242,703,993
286,462,732
593,942
813,914,986
195,261,283
33,449
592,865,954
470,490
71,259,343
658,668,758
271,372
13,113,667
33,687
376,417
689,976
550,826,955
157,625
8,574,662
77,818,925
111,114
531,633,961
44,517
37,535
149,870
74,879
350,753
766,782
366,944
161,854
230,355
686,733
150,680,799
115,199
749,807,811
336,849
32,135,247
26,75
383,916
20,669
373,920
587,716,879
31,656
193,463,738
40,81,222
227,486
184,217,263
36,617
78,408
491,631
520,697
589,945
286,450
551,782
232,410
8,169,917
652,969
839,937
39,107,203
112,341
624,763
56,166
12,782
329,726,951
629,708
120,707
177,867
1,445,894
151,998
207,381
305,785,819
670,866,959
163,396
438,470
552,654
576,924,965
366,378,665
55,396
417,479,807
339,668
371,393
184,347
80,673
336,544,818
76,353
66,902
123,474,490
201,750
308,512,775
426,568
851,937
765,865,989
262,672
461,544,703
357,384
211,331,728
135,606,690
289,674
832,942
531,747,804
104,479
118,940
171,740,914
506,934
517,952
109,315,994
251,808
502,515,873
39,299
37,262
402,876
357,832
666,937
184,610,849
98,195,856
368,813
3,867,918
108,797
156,427,691
635,762
197,788,994
115,260
782,853
36,131
188,351,980
115,435
256,595
546,787,890
189,486,989
283,688
682,801
418,766
564,873
282,921
106,541
180,973
125,464
451,491
584,938
331,508
460,730
64,327
937,957
258,939
184,230,476
430,746
34,320,668
231,531
397,956
521,536,936
612,762,920
164,624
330,949
24,822
319,992
6,835
528,952
10,995
225,724
96,539
3,128
703,972
441,918
686,898
407,733
59,173,672
158,697
430,464
861,989
248,534,782
129,752
192,294,735
266,389,668
386,464,995
11,291,409
374,765
329,810
303,340
439,890
680,718,827
254,981,984
236,754
279,364
380,503,624
292,601
94,843
467,627
235,611
361,532,837
155,950
39,602,774
113,723
519,712
286,451,780
183,281,464
267,543
154,588
262,707
153,768,997
377,861
72,466,644
436,673
562,584
165,296,848
671,721
241,390
33,774,790
116,898
645,890
281,521
362,743
566,669
519,551,847
57,254,641
127,881
255,393
522,683
118,595,859
175,325,785
306,829
283,685
397,791
439,618,879
120,597,620
86,755
27,962
144,503
78,472,853
61,292
443,972
632,839
41,199
187,774
78,103
472,622,944
439,690
272,419
315,656
651,835
23,104
763,999
34,727,869
752,828
60,718
480,896
14,459,832
452,605
702,992
512,928,959
46,335
182,397,438
43,476
373,428,907
475,811,897
727,864
185,500
503,920
162,174,641
13,305
77,84,569
801,870
2,395
234,650
100,334,556
107,567
88,234
760,860
112,364,617
161,198,385
631,644,780
98,847
356,656
387,504
389,803,927
147,380,768
285,881,987
2,292
29,482,830
412,692
851,916
236,705,997
623,899
331,693
191,222
148,481,514
25,398
193,870
649,705
132,183,777
82,983
640,695
340,948
414,588,698
261,487,993
126,626
230,722
214,322
38,93,520
201,364,578
79,768
102,221
95,654
154,379
293,888
71,97
327,579,829
461,470
215,663
668,844,996
135,645
44,581,925
316,454
337,477,652
54,117
548,857
536,994
89,482,975
146,342,499
70,948
121,438
211,571,995
248,815,870
115,545,967
493,693
218,457
313,548
350,483,499
337,490
440,652,666
362,832
331,493
166,247,428
47,284
740,855
49,480,654
503,609,684
281,884
413,530
456,512,686
223,609,711
155,721
11,382
152,795,801
269,288
310,413,941
76,99,468
429,910
374,474,578
451,731
340,899
640,907
101,110,581
13,570
571,761,936
348,729
688,706
15,478
778,780
345,371
697,780
147,548
158,592,767
308,903
18,802
349,830,883
495,787
239,336,908
395,715
388,782
32,792
237,404,880
82,174,605
55,834
596,684
9,352,943
452,804,829
432,459
43,122
553,693,857
114,265,640
307,447
381,461,807
420,482,967
277,293
7,43
372,640
456,707
253,887
535,656,759
369,559
771,964
6,239,755
123,809
97,168,952
218,231,341
91,459,831
565,886
461,489,627
516,633
517,783
60,462,676
128,573,586
88,645
312,529,791
298,412,458
234,951
204,286
122,553,848
726,872
84,928
335,764
976,999
166,426,944
44,343,789
412,782
96,311
60,302
163,186
205,336
423,890
30,617
36,131,352
566,827
665,755
548,815
914,916
329,586,730
365,938
290,873
26,593
390,546
134,825
104,383
44,167
541,720
4,276,348
253,311
32,193,405
39,476,893
174,911
10,658
377,426
358,472
27,262
551,622,855
904,928
375,439,658
405,691
102,370
663,683
281,396,991
379,855
252,654
848,958
509,874
267,529
197,522
643,872
294,509
2,827
106,227
107,826,989
69,113,981
50,194
463,796
288,875
357,557,989
275,528
275,379
515,918,943
571,637
488,723
46,51,634
415,724
153,279
813,947
702,760
27,386,776
439,925
90,354
118,159
788,855
161,547
491,532
403,772
736,929
601,835,892
219,377,841
196,600,627
56,119
367,916
423,766
487,903
94,723
217,312,957
193,580,694
637,840,881
96,345,539
395,544
204,584
393,844
188,994
175,937
309,760
473,726
167,365
145,388
150,985
501,565,813
529,822
51,289
11,113,508
495,655
114,669
148,812
87,975
63,266,427
338,404
78,887
185,769,911
773,869
610,657
464,737
22,281
283,694,826
915,968
103,440,497
167,397
70,589,768
221,565,802
544,765
610,890
540,659
765,863,896
74,429,977
3,16,212
486,536
359,993
123,873,925
171,501
227,316
16,689
157,917
22,161,892
156,304,475
498,925
69,84
353,458,921
265,744
257,520
98,817
265,402
416,457,623
326,852
369,927
342,487
441,463,859
784,885
655,901
267,446
342,988
9,849,850
108,479,527
649,661
280,340,825
103,211,485
212,247,253
34,684
181,818
167,618
409,749,889
88,928
836,919
617,868
391,923
392,931
433,864,905
362,584,748
442,634
533,820,947
574,767
391,476
781,996
691,764
10,830
479,500,823
597,680
143,427
265,536
325,546,666
172,674,998
71,498
484,588,730
438,953
345,651
368,647
521,563,600
586,822
467,632
605,650
27,88,992
338,467
337,476
189,336,584
344,526,889
260,481
591,889
148,614
556,897
221,574
763,794,912
136,814
60,507
20,201,206
216,443,714
151,523
830,944
160,375
656,823
432,564,936
194,268
300,658,873
531,713
467,528
913,946
370,414
130,393
77,989
677,852
24,147
26,604
410,591
515,747,828
552,681,743
223,326,863
104,277
131,989
353,396
493,620
67,178
277,867
160,807
103,534
86,822,849
373,530,957
70,879
363,657
497,778
196,379
664,989
654,676
720,721,861
90,362
138,248,853
915,945
406,477,756
215,306
28,316,694
203,737,835
169,443
60,179,741
147,993
307,315
371,490
276,744
702,748
368,488,972
56,973
286,461
297,350,406
517,903
393,467,982
332,422,698
820,955
136,326,553
983,999
355,797
195,442,611
178,689
945,954
47,102
105,348
462,604
134,736
521,680
306,385,867
30,172,834
87,281
579,632
763,963
572,980
61,101
512,831,882
568,656,969
206,344,426
312,745
586,1000
412,912
197,332
558,784
488,705
387,674,699
639,704
435,735,850
109,555
171,448
640,886
330,779
560,762
872,938
290,514,583
101,420,787
520,605
126,545,574
556,673,813
26,43,564
9,336,405
677,852
579,747
611,963
123,259
120,486,742
91,833
53,790,921
549,658,996
358,605,901
92,358,431
301,753
229,776
595,756
217,901
224,699,766
386,534
421,929
276,595
44,865
475,545,965
760,949
85,632
642,872
202,599
227,883
490,934
373,500,956
811,934
526,861
49,442,535
10,78,338
59,272,575
285,543
417,667
757,896
102,696,727
542,693
251,597
64,390,860
106,202
10,640
477,563,740
444,470,663
60,86,839
793,952
444,546
1,924
111,194
350,502
608,631
104,146,465
621,629
607,999
291,740
558,597
185,358
468,511
102,975
694,773,986
155,448
266,484,974
492,781
155,558
236,853
378,780
194,845,892
141,150
811,922
3,146
285,475
930,957
108,664
109,772
792,946
47,55,559
459,588,763
122,865,970
309,712
45,627,994
373,686,757
549,689
863,897
383,754
135,325,615
173,975
438,622
103,320
276,498,918
395,502,741
507,865
200,468
94,648
204,916
527,633
258,568
437,775,946
391,851
228,360,685
190,298,865
159,463
171,276,585
123,912
410,821
363,764
737,856
94,477,856
112,585
116,200,385
191,721
481,599,858
688,707
451,844,922
198,280,987
530,707
673,780,781
64,494,902
18,523
162,993
165,961
373,815
708,925
556,736,805
71,155,844
483,838,843
351,414
353,582
310,671,879
660,885
11,440,550
82,912
498,552
105,191
483,497,678
813,845
107,112
4,738,783
136,477,504
719,766
340,798
191,353
205,290
265,998
46,901,904
21,103
306,773,870
62,497
31,545,989
357,437
578,597
130,359,651
76,141,271
476,680
42,194,526
145,391
479,825
317,871
254,471
194,630
175,903
48,82,431
4,531
93,719
557,584,829
445,598,807
81,487
751,848
735,996
104,920
188,231,632
126,565
197,970
65,801,885
565,657
123,767
469,848
167,533
196,734,994
429,540,849
453,624
20,352
630,999
347,463
6,756
310,478
495,673,772
357,881
342,896
23,313
474,582
687,900
318,421
157,863
434,531
70,213
129,493
115,872
197,310
204,405
490,530,876
554,796
562,633
296,704
95,120,412
530,888
270,277
332,657
602,761,950
106,299,824
491,696
131,793
711,925
503,713
902,975
600,982
28,672,982
259,853
180,236
694,803
52,984
366,386,861
98,190
622,693,734
490,830
381,628
169,319,816
196,901,946
79,386
38,512
26,143,958
724,805
133,706
635,756
569,751
271,494
503,584
107,530
674,944
445,522
537,600,739
34,167
134,810
475,965
19,529
391,779
701,872,967
458,792,794
400,768
642,696
220,737
516,797
305,429,787
208,540
107,690
756,914
255,426,691
289,388,636
461,584
513,708
230,451
324,487
168,278,570
663,669
8,396
11,239
635,916
281,675
306,480
659,788
245,632
253,609
14,81,797
79,267
264,367,838
133,279
60,325
445,519
66,332
350,871
223,246
242,724
51,682
539,833
626,823
206,307
8,503,682
716,785
448,675
360,498,998
90,695,754
405,921
357,362
420,424,693
850,862,952
669,843
673,885
68,696
218,238
881,883
468,946
258,261
668,860
19,714
17,966
75,771
459,626,781
729,780
224,441
150,987
94,636
132,544
476,623
356,550
161,594
9,686
566,710,839
220,782
221,487
285,366
47,206,507
91,492
42,225,802
439,527,687
197,341,771
19,26
91,98
584,875
688,787
118,550
122,438,774
44,503
112,542
699,984
304,728,840
141,866
179,687
295,371
510,789
429,952
889,951
79,920
732,772
280,619
36,82
270,574,593
191,272
42,532
149,305
777,872,987
386,473
166,736
70,746
296,569
162,312
80,256
785,871
342,860
728,771
162,570
125,938
85,322
308,449
612,985
44,795,941
395,712,915
49,191,681
211,676
311,990
453,907
514,622
586,858
196,978
139,362,779
696,900
121,437,862
701,864
404,422,814
190,828
60,106,805
436,924
161,895
726,987
340,681
21,293
351,531
540,787
51,204
81,588,623
758,848
83,490
948,982
502,602,897
303,521
531,648,760
80,468,495
874,999
119,664
532,698
257,455
625,730
313,641,797
496,540
99,909
996,1000
650,937
297,525,991
402,674
912,988
403,747,763
254,805
190,992
185,506
172,272
449,650
89,189,501
850,981
521,616
101,485
230,809,821
686,985
119,942
552,880
227,318
33,679
18,340,824
91,495
8,192,974
492,706,816
212,247
786,825
124,322
764,818
348,950
371,872
5,232,750
273,956
542,615
374,448,486
332,483
451,693
164,778
250,822
687,864
142,163,678
571,792,953
492,783
86,576
881,978
296,734
320,996
689,824
299,924,930
461,678,832
367,419,484
85,421,647
314,560
218,610
848,959
811,826,865
380,673,690
93,510
432,908
303,388
96,999
802,863
177,583
6,95,484
48,224
270,743
700,952
448,549
42,375,610
457,593,742
746,925
138,821
278,607
620,696,809
304,352,834
288,861,870
849,937
184,596
117,746,772
359,927
695,878
210,536,608
129,391
336,730,912
429,788
232,454
583,712
195,361,730
684,695
616,709
333,833
36,637,664
361,676
125,240
732,910
83,231
862,948
138,918
96,140,678
718,960
490,704
59,63,616
222,806,882
626,736,872
215,737
232,472
19,895
299,792
27,627
796,909
129,583
212,696
692,718,842
867,874
376,808,866
93,675
235,451,903
153,865
195,353,804
66,122
568,913,997
169,796,870
708,842
19,606,983
231,336
363,937
258,635
453,665,893
129,284
75,790
208,532,732
18,862
94,862
1,496,834
29,64
392,566
365,478
176,486
422,793
79,132,948
477,762,919
233,475,924
404,440,866
191,554,635
152,980
188,194,349
530,897
80,451
387,432,651
798,986
282,733,989
131,298
416,615
256,574,842
304,741,891
315,551
248,522,968
101,905
512,652
41,273,643
523,902,951
115,394
78,411
343,350,982
270,664
843,874
83,437,682
146,185,605
218,334,503
197,917
334,897
484,565
597,675,880
980,996
179,477
180,305
88,367
369,477,607
211,945
288,484,940
57,920
9,646
507,610
473,820
818,915
841,970
619,779
135,511
57,992
128,892,978
260,691
260,453,697
84,717,767
590,720
385,579,602
11,171
111,741
232,396
300,575
170,362
102,603
775,858,958
446,776
626,752
587,710
853,986
392,758
543,918
228,983
470,771
164,203
860,956
94,605
713,772
314,927,980
201,229,364
597,979
177,763
300,579
354,913
432,648
667,949
380,925
407,745
37,187
272,770
222,695
835,862
15,359
8,573,968
277,416,729
110,223,267
314,493,610
197,569
32,45,148
121,419,722
166,883
204,623,977
250,699
285,567,758
374,647,782
10,52
65,92,466
334,580
429,473
948,973
632,896
21,709
713,896
223,288,457
109,749,854
77,353
252,655
423,460
226,874
269,828
751,935
13,252,934
225,280
21,829
760,870,965
64,176,849
78,592
372,673
46,433,824
863,881,909
364,418
216,597
555,639
198,438
162,381,811
173,665
172,795
171,193
103,649
39,406,717
8,436
219,725
18,396
5,195,299
927,954
129,175,668
440,448,583
413,763
412,843
292,676
114,538,633
658,983
229,526,953
197,428
2,264
489,595
742,757,940
412,676
126,634
73,638
532,894
484,947
601,960
707,924,979
239,868
469,886,1000
216,218,536
754,970
489,819
109,247
368,614
490,643
502,627
456,919
60,167
19,55,397
353,991
266,588,787
73,375,540
74,143,203
292,490
298,707,792
125,432
491,790,905
819,986
724,866
506,674
13,412
226,638,876
366,597
154,975
55,530
253,400,671
309,791
124,487
147,426,699
402,823
173,320,326
409,575,644
711,988
50,563,794
398,709
625,777
155,682
63,664
176,220
189,343
13,475,830
420,905
235,404
117,899
510,904
30,670
342,381,602
49,962
213,359,393
408,506,959
24,944
140,302,503
531,862
18,920
720,863,934
189,400
295,412
126,532
879,984
284,352
399,528,759
36,410
231,748
581,950
16,171,888
481,971
515,569,865
280,843
449,983
479,885
287,557
535,660
481,926,984
354,946
425,487,583
605,752
497,685
76,274
733,825
18,455
162,926
751,875
662,782
26,217
80,729,936
114,522
232,770
384,421,610
760,999
113,490
444,511
100,467,999
438,821
71,468,744
141,990
240,247,807
332,857
69,544
319,884
644,782
414,584,688
129,675
185,683
22,738
30,631
240,869
74,511
341,594
546,698
494,546
201,964
339,398,975
227,520
486,866
349,958
97,141
235,301
294,580
841,927,994
695,824,981
324,522
82,215,856
272,541
478,625,851
48,370
333,689
509,688,886
308,807
596,632
493,630,660
804,867
170,960
514,743
457,711,866
281,494,847
358,749,910
247,909
258,837
308,849,977
85,149,591
149,526,965
91,315
22,432
127,426
362,386,960
124,489,950
300,780
505,535
104,846
50,428
266,720
118,682
162,278,453
342,548
149,914,986
38,568
759,767
553,850,859
170,191,423
403,830
49,140
31,200,995
678,946
391,567,827
110,312,400
666,837
4,592
218,776
84,703,744
337,344
426,860,918
580,841,870
367,743
648,847
670,924
518,773
341,539,639
99,578,614
99,413,461
703,881
231,377
335,349,799
503,779
799,831
160,436
181,899
89,244
504,743
584,673
17,381,571
220,880,982
419,753
348,839
603,741
464,503,973
197,655
563,718
725,804
208,756
225,286
289,891
9,299,799
495,578,673
43,197,606
540,620
137,560,965
521,536
788,792,854
635,986
632,661
88,744
277,357
391,405
193,571
939,963
121,777
754,847
683,803
618,892
620,745
79,247,619
211,345,863
187,610
52,139,280
143,940
531,949
236,393,945
294,605
269,930
179,685
156,229
480,576
109,968,978
366,438
269,525,925
1,791
185,385,992
95,253
180,439
239,553,998
136,880
194,376,821
505,786,936
304,455
136,149,693
256,439
364,366
193,995
56,664
139,905
71,441
220,317,417
571,788
11,150,836
395,583,920
353,397
8,537,922
50,161,282
23,357,754
55,164,243
231,293
262,372
25,205
125,443,914
31,624
36,591,712
73,289
578,749
163,842
82,533
85,152,253
264,993
41,627
258,734
25,141
18,539
487,922
257,585
546,922
259,947
103,755
78,486,620
170,228
521,675
80,910
648,707
231,907
724,898
546,589
89,330
465,491
34,948
765,934
465,972
248,818
355,390
524,865
536,781
662,903
517,672,752
319,973
262,873
26,667
64,899
789,976
496,642
52,992
57,780
373,378,384
131,147,986
429,538,586
336,900
327,910
577,699
71,350,982
92,495
241,762,780
166,284
749,861
552,628
602,713,771
38,418
9,380
735,950
819,836
132,738,996
77,419
643,783
546,716
56,372,522
114,940,946
212,552
109,555
173,713
772,787
544,868
788,800
35,365
238,686
88,723
34,686
594,873
759,887
565,728
619,798
738,801,824
70,123,154
122,392,409
109,880
45,803
168,456,754
283,401,434
654,731
591,878,952
69,478,960
172,400
119,979
57,244,508
381,568
529,742
406,998
498,573,638
181,275,838
701,850
117,600
34,787
300,587
297,561
703,873
220,801
110,396
148,300,720
275,429
441,465
272,425,893
79,852
600,665
418,554,978
394,594
413,766
434,833
3,750
655,961
164,805,873
143,181,624
394,751
510,933
508,699,740
674,966
442,778
204,483
271,851
51,384
216,453
366,825
404,585,784
1,366,764
334,594,870
700,926
252,301
861,963
221,749
98,692
480,641,708
352,855,897
194,504
65,234
382,745
169,595
122,479
36,621
148,290,461
579,872,995
52,476
267,349,370
761,804,843
685,997
142,563,651
279,912
284,451,998
79,230,911
255,542,673
391,471
282,633,656
893,964
408,906,952
538,864
15,597
399,672
297,377,483
16,232,743
109,915
163,918
199,856
291,622
230,641
711,811
919,930,980
400,480,547
104,829
263,592
50,79,260
251,440
48,360
611,697,966
29,259,515
118,928
57,119
243,922
786,803,970
22,146
235,528,651
674,967
166,486
560,914
756,907
421,473,778
279,537
517,855
555,859
263,294
396,640
80,281,739
569,784
434,499
472,855
819,907
929,991
898,937
32,233
255,717
414,439
497,920,992
769,978
238,599,990
158,317,749
300,473
7,98,204
25,687
178,958
201,452
339,523,671
24,110
240,476,669
31,237,957
285,785
918,943
266,636,828
197,207
169,271,927
412,447
238,651
445,792
222,750
919,993
371,838
727,859
48,397
304,764
637,664
198,527
69,630,651
156,614
307,535
347,906
759,782,889
714,853
582,785
264,396
1,492,916
483,652
306,628,918
1,513
631,866
412,729
639,730
488,930
200,386
602,638
109,319
114,622
20,230,852
180,678
171,796,952
160,280
87,560
325,813,883
183,791
397,784
433,605
192,552,931
465,705
242,919
84,593,969
694,952
141,975
660,937
465,483
347,586,637
111,971
17,255
314,661
667,707
303,640
274,345
459,522
441,606
191,652
717,771
564,593
300,808,944
346,476
156,370,401
646,805,996
694,728
283,577,747
205,528
55,94
125,815,888
178,898
539,598,738
480,996
112,435
152,247,532
240,895
328,692
573,941
46,471,568
457,486
41,531,901
126,782,953
125,416
199,700
135,331,849
768,793
162,296
202,271
665,793
562,932
727,732,848
34,512,999
86,304,364
558,666
389,802,866
8,78
167,929
602,718
560,588,645
679,879
4,138,461
557,683
227,368,925
88,694,993
38,730
106,115
252,983
127,584,801
498,516
204,651
62,93,410
664,798
160,794
99,100
96,878
369,616
387,1000
390,501
132,292
27,711
118,749
252,342,615
650,740
202,775,833
11,818,843
231,873
81,958
425,703
523,714,969
312,640
18,736
341,616
264,989
160,637,920
241,611
409,999
108,239,438
282,469
495,910
90,164
213,568,860
137,449,837
42,251,880
664,910
16,119,497
586,980
580,726
266,605
85,732
176,711
427,609
184,494
932,967
343,453
156,218
409,517,668
80,406
938,1000
351,522
624,674,885
180,721,845
178,748
515,789
314,745
399,959
28,711
639,662,838
311,833
831,979
10,362
280,532,996
87,330,533
771,871
700,978
241,441,722
27,33
175,535
58,156,996
194,755
264,394
565,738
706,960
118,234,354
681,691,775
152,397,953
529,761,766
242,369
343,928
186,396,624
281,653,768
237,269
176,524,709
371,381,574
700,844
64,247
432,703,759
473,928
306,411,618
308,405
372,374,554
70,690
41,385
696,839
230,894
416,952
144,735,838
45,328,838
115,634,747
392,472
29,525
127,277,470
961,997
166,515
50,183,599
455,613
370,793
418,685
116,198,753
31,74
544,703
190,547
840,961
504,622
353,884
38,755,785
200,988
438,706
71,517,975
245,743
26,957
229,849
148,865,927
154,666,916
345,621,795
424,944
384,406,957
589,749
374,982
129,599
585,616
295,722
208,916
588,977
549,926,992
549,597
158,423
62,416,919
105,256
335,369,566
53,986
190,730,762
103,828
194,201
57,211
83,93
114,583
772,977
695,771
557,898
401,933,935
193,827
25,681
607,971
424,495
161,741,991
469,640
378,646
293,687
41,684,804
465,721
819,934
622,874,880
455,855
46,167,655
310,958
809,919,975
640,732
29,328,913
77,150,687
114,967
495,623
391,605
487,704
215,231
273,301
150,974
242,975
186,601,921
152,172
99,771
267,845
314,317,879
418,628
99,863
69,907
425,815
293,453
634,955
488,524
547,688
581,762
229,231,291
241,960
601,909
199,838
20,498,892
500,948
577,946
38,353
599,741
221,380,896
