34,812
297,967
620,649
374,896
561,741
780,988
206,396,859
284,398
325,505,979
556,670,903
357,737
63,109,788
556,572
11,137
91,282
185,674,787
5,117,437
603,668
222,372
408,470,513
502,585
277,364
367,410,542
447,994
612,707
111,660
253,480,762
233,239
512,730
391,472
16,547,861
185,570
100,163
318,532
179,740,998
461,920
9,129,566
488,849
104,622,782
212,780
748,952
628,756
57,746
280,868,893
240,570
57,492,948
235,786
360,600
437,851
383,682
225,551
12,276,584
308,390
492,495
516,697
567,804
247,693
5,622
663,920
515,583,652
49,577
729,806
604,805
723,893
416,652
512,762
110,836
144,305,704
479,790,904
368,433
219,629
883,999
50,322,969
507,813
296,404,536
419,420
7,231,319
50,252,360
29,442,996
589,715
257,775
80,199
628,752
279,497
54,390,716
620,723,886
756,778,940
115,685
183,381,703
412,775
399,819
214,745
186,476,896
507,555
697,846
68,523
229,671
326,700
273,504
256,633
209,630
597,622
500,755
230,578
39,279,821
807,849
43,751
222,662
259,435,995
16,793
8,190,305
476,887
43,180,894
339,591
384,739,905
650,939
402,666,837
534,840
107,891
765,854
456,596
415,869
223,372,775
342,633
285,554,916
114,793,970
659,700,837
141,464
447,517,737
21,449
6,127,417
400,856
444,678
193,867
658,896
414,455,989
218,802
384,545
127,834
31,933
343,636
50,988
253,679,773
609,620
226,700
280,759
352,387
388,768
172,210,260
21,77
155,296
499,576,619
3,671
49,128,657
196,279
151,406
4,263,364
75,612
484,495
570,932
119,945
110,659
532,669
328,413,882
290,453
500,802
271,568,774
114,189,889
118,829,896
197,929
648,760
289,381
29,138,682
476,802
192,745
614,889,944
555,704,883
164,620
299,886
154,422
704,772
377,703
287,976
505,563,626
375,869
136,970
243,274,853
154,372
51,771
203,665,826
171,676,955
484,664
57,963
206,960
125,698,884
597,815
144,304,769
664,957
199,842
24,567,709
58,61,772
577,863
329,496
239,950
303,670,741
73,92
197,527
14,536
506,761
228,402
385,958
374,469,622
58,313
404,721
275,480
530,906
182,770,789
279,677,915
144,166
725,857
45,676
440,486,892
408,424
520,609
238,487
191,487,848
105,267
427,827
315,424,437
653,695
413,477
351,689
536,720,947
621,660
178,262
261,969
110,121
552,612
491,929
33,289,801
345,977
847,976
5,206,683
452,573,711
61,293,487
52,473
674,778
197,822,930
847,989
466,881,889
45,338,811
68,175,934
36,150,828
278,686,873
376,815,941
16,164
439,662
211,562
116,712,779
50,959
245,456,675
179,853
354,605,901
490,495,816
62,631
281,560
124,192
526,1000
850,924
857,908
593,731,877
404,457,620
234,800
464,564
392,532
440,933
256,492,622
147,194,271
99,578
91,577
882,973
723,984
403,662
242,808
110,599
899,995
139,498,608
216,618,640
155,458,472
189,855
429,817
268,751
277,347,903
155,352
130,599
420,658
401,844
387,682
532,551,908
463,578
205,301
549,1000
709,781
118,878
68,875
160,602,756
18,701
243,488
403,548
104,404
331,515
185,921
370,609
101,870
171,389
54,79,549
571,634,846
5,20,819
304,893
548,637
452,849
188,567
313,561
124,291
592,691
587,790
305,982
45,128,153
467,883
20,224
281,517
165,991
73,576,757
481,758,933
321,953
70,261,661
725,840
441,698
529,992
654,933
231,977
160,247
101,556,694
21,583
279,680
654,970
279,645
267,533
53,401
131,286,312
297,707,953
388,831
508,700
72,137,592
16,624
358,588
599,647
216,533,706
451,679
257,312,906
351,441
42,390
183,582,806
843,886
685,764,909
29,545
420,614,874
328,447,530
493,901
308,580,978
250,768,995
222,535,677
64,510,614
213,747
115,341,752
12,19
292,835
429,859
654,964
344,846
635,698
608,795
937,974
44,528
39,703,857
707,805
516,606
466,693
405,724
197,413
57,749
578,862
240,359
454,593,928
8,16,300
353,524
673,683
721,955
474,994
83,169
143,774
325,723,941
334,410,793
9,380
153,257,923
341,694
608,710
405,664,699
191,924
76,475,558
46,304,582
797,899
81,550
374,959
91,426
503,706,846
166,306,898
129,813,878
121,836
245,358,995
243,509
581,983
358,542,816
53,82
361,525,764
22,462
166,857
107,401
440,969
412,468,724
605,626,686
436,847
93,269
104,226,392
182,203,699
650,874
237,519
387,893
289,527
239,939
572,719
599,667
278,393
132,690
1,988
430,787,878
767,968
76,196
88,359,707
55,76
23,763
530,701
61,324,608
43,712
243,600,756
565,727,961
94,530
177,388
823,924
248,538
333,352
350,360,902
251,996
294,762
583,842
524,570,621
171,803
272,623
316,984
404,409
101,313,668
545,914
468,559,879
269,723
762,804,947
146,861
179,255
231,502,776
78,191
415,417,878
478,578
310,968
52,429
38,423,996
196,588
83,532
141,325
804,999
90,285
380,484
441,692
353,938
422,739
389,767
549,581,794
153,235,606
56,344,632
178,748,760
38,644
171,510
276,975
801,966
60,84
36,301
295,960
187,275,573
231,382,632
765,988
151,703,870
425,794
216,633,776
304,662
462,760
413,489
205,252,648
220,383,445
794,938
307,670,937
104,659
77,388
171,696,749
433,974
14,321,340
223,714
175,598
378,590
354,364,621
253,270
522,991
98,361
119,771
247,416,747
7,857,920
252,605
120,238
444,737
135,324
27,821,847
115,827
331,589
323,800
531,815
653,886
287,485
216,853
148,678,993
769,968
174,851
50,236,943
31,829
95,99,565
765,900
239,751,908
163,535,988
343,833
236,305,964
269,427,850
92,318
628,880
628,710,823
303,413
253,772,867
46,215,905
21,167,232
333,825,913
397,986
433,684
486,761
83,432,485
73,359
145,677,839
867,973
178,895
500,511
560,562
9,975
559,909
596,618
131,496
457,593
844,895
58,264
949,976
338,438
513,828
351,627
9,828
47,946
597,633
144,216
316,934
531,630,672
496,598,969
380,472,942
122,392,963
5,30
53,148,920
77,818
658,972
305,924
444,578
61,469,667
354,372,476
108,326,679
186,353,845
14,110,493
243,331
641,857
163,591
115,474,777
657,876
482,917
521,735
55,708
53,813
290,675,999
102,925,930
52,125,290
520,594
898,942
159,183,212
592,874
53,61,102
31,382
428,964
195,902
366,813
323,685
166,337
227,534
170,718
196,290
89,773
20,532
113,394
106,846
140,489,804
53,87
21,176
202,229
430,528,978
236,903
549,760
42,367,855
270,366
422,881
474,526
499,513,537
556,600
25,646
480,565,692
174,668,980
422,650,895
92,148
512,657,681
33,828,961
198,803
525,587,697
348,594,939
403,719,997
175,195,383
618,626
363,759
1,972
513,674
282,849
451,807
55,555
287,656
329,548
217,421,786
425,533,680
633,683
310,644
619,666,699
463,872
155,736
229,714
719,786
261,407,605
118,869
20,727,883
713,882
113,201,831
403,879,896
448,658
43,439
237,393,935
464,844
239,337,422
346,585
160,224
305,871
362,392
27,605,783
216,322,843
48,884
206,269,996
326,456
252,368,658
88,397
410,454
327,702
112,739
245,831
714,743
114,553,748
13,211,663
21,547,760
338,467,687
10,769
657,800
16,86,987
429,783
691,962
593,967
199,639
214,761
730,913
647,828
251,594
150,181,907
231,328
108,269,914
164,300,656
668,745
421,473
378,673,943
468,777
572,696
350,995
69,183
202,214,256
379,619
184,781
129,708
925,950
51,486
988,994
538,920
441,443
514,845
170,651,693
528,640
61,268
495,759,1000
750,769
247,377
527,877
234,275
130,420,964
340,870
439,828
68,84
473,756
179,511
250,565
265,601
614,846
49,93
82,410,900
606,664
668,960
518,696,803
163,933
469,958
161,509
139,728,875
51,856
395,802
350,527
51,575
298,813
140,836
357,810
121,356
123,217
110,152,985
352,807,916
168,475
106,771,828
311,927
8,576
367,398,648
246,551,696
319,678,878
390,637
476,879
52,785
134,860
118,240,270
98,575,847
569,582,938
181,820,956
199,660,774
232,708
64,417
389,653
67,548,940
288,772
67,620
285,549
609,851,996
246,784
407,698
112,564,942
516,744
614,907
7,243
317,379
504,859,963
352,854
415,883,892
420,561
29,165,373
127,593
39,205,673
532,601,929
289,837
17,246
317,437,854
38,217,602
343,810
360,483
82,477,920
530,778
59,477,493
324,857
334,418
154,418,603
308,605,661
383,514
168,927
271,527
232,416
167,974
169,985
200,866
178,638
664,678,724
287,679
262,853
227,908
8,44,381
364,452,568
443,950
869,889
666,771,985
367,594
65,66,540
288,337
313,357,721
484,971
205,502
118,208
374,486
45,783
104,217
18,632,836
334,950
484,578
221,297,658
253,329,919
326,486
40,822
479,992
99,297,690
739,925
567,958
494,729
978,994
207,644
716,928
269,651
134,550
63,839,880
167,329,482
448,746
606,623,723
643,954
652,948
766,856
3,306,331
906,929
79,198,828
84,661
66,686
426,546,778
684,852
582,611
236,263,902
815,883
734,755
489,670
283,402,619
583,997
83,162,212
247,809
421,429,680
179,383,900
443,620
70,250,956
196,325
13,783
549,982
295,550
45,461,942
94,169,365
271,969
483,534,709
268,434
445,783
477,577,983
66,658,691
368,623,673
559,857
39,237,462
468,907
116,537
145,489
130,419
105,653
229,882
537,852
375,660,713
394,637
59,194
511,896
26,370,706
165,928
56,737
122,248,969
10,634,702
388,721
453,863,944
79,721,848
185,902
110,462
354,491
423,779
343,587
507,620
399,453,771
613,893
718,728,764
324,633
287,496,693
361,905
180,466
264,670
222,967
164,663,711
11,283
502,797
150,925,976
272,837,921
372,547,943
312,534
163,592
150,462,654
213,919
410,524,542
164,347,452
353,429,520
19,85,549
171,203,572
104,698,882
216,309,413
401,570
602,818
35,785,951
65,382
302,351
402,462,618
6,438,620
15,110,801
199,258,480
248,456
212,575
497,843
216,929
724,774
77,241
50,569,683
130,764
562,607
97,746,985
623,727
262,347
793,962
418,747
225,750
293,494
279,549,750
491,728
761,916
146,805
94,801
360,499,634
39,487
30,259
353,485
51,373,868
11,732
564,721
760,767
102,199
581,768
429,545
22,104
632,800
241,900
468,562,969
472,932
576,773,922
86,655
53,222,435
676,862
328,991
494,877,919
440,552
62,673
161,632
344,753
259,944,948
82,707
10,490
15,960
20,270,747
139,302
869,917
149,661,771
40,620,736
88,355,801
376,733
117,823
315,692
200,521
131,433,600
257,696
305,392,770
143,456
228,431
250,262,434
113,715
158,533
193,907
185,195
162,584,592
218,591
271,662
474,957
402,639
541,756
231,610
60,753
939,999
28,266,818
174,886
479,568
131,881
710,755,943
194,807
302,751,779
77,512
26,328
621,906
310,382
121,397
262,656,718
170,430,881
194,811,925
681,689
25,161,699
167,888
226,297
522,764
58,524
568,650
83,667
214,237
15,634
171,994
10,137
192,551
229,532
279,513
247,532,940
85,216,255
753,897
727,824
349,809,844
26,269
136,559
204,477,949
370,581,841
16,342,872
308,878
279,973
260,897,971
269,556
311,346,450
559,571
235,458,604
1,799
911,936,981
379,705
140,948
380,873
568,988
248,610
13,854
19,195
245,705,805
62,77
500,744,816
28,572,580
132,171
11,576,808
362,681
271,537
324,889
409,477
305,350,975
410,435,775
197,976
416,761
288,325
197,983
677,845
155,887
531,995
103,200
411,753
545,976
419,861
98,636
518,551,990
7,143,215
439,897
482,692
79,191,227
11,974
304,830
836,927
288,569,856
328,617
17,54,944
300,579,633
409,560
86,231,674
303,377
277,408
448,713
753,872
479,655,934
25,307,449
53,167,584
136,250
33,993
88,585
134,285,887
124,600,924
314,771
829,914
166,548,759
308,408,498
312,449
174,899,923
37,487
634,828
133,973
420,945
145,194,594
252,692
595,874
426,720,877
220,312
836,888,970
744,853,885
863,887,949
222,923
101,546
221,687,815
230,302
89,887
269,435
475,500
368,756
194,375
347,764,795
286,677,847
209,242
63,293
10,159
70,152
442,733
665,699
82,910
202,230,801
892,913
591,660
180,840
144,910
104,208,548
512,566,876
146,385
63,105,558
116,781,846
332,387
86,207
135,552
586,670
598,599
35,785,831
334,503
181,261,794
66,508
316,713
96,151,301
789,985
746,962
281,663
627,712
326,579,629
691,773,799
72,206
150,919
334,359
647,969,994
84,473
37,971
434,593
219,953
261,950
1,600
826,832
126,665
557,970
625,768
430,871
275,533
6,426
596,960
99,445,738
54,448,674
40,740
506,861
65,396
414,695
117,925
731,736,914
34,227
46,237,431
183,898
350,509,897
399,646
198,786
192,425
705,746
300,355,871
235,898
638,938
114,452,907
327,743
5,63
72,741
120,551,982
550,959
78,414
668,775,815
649,989
119,349,549
153,175,856
82,653,831
362,825,920
378,751
528,569,628
602,783,924
56,152
52,462,835
67,194,658
412,880
881,964
37,608
560,961
242,962
32,34,958
32,559,773
94,420
542,813
467,780
75,942,962
255,424
72,791,991
10,411
60,243
259,564
784,845
656,816,888
409,846
81,210
331,701,895
749,878
856,896
154,286
77,693
90,325,680
73,474,572
115,237,638
486,919
206,348,682
311,797
407,438
17,935
432,734
571,599
580,614
837,867
62,294
31,214,538
327,552
203,844
25,363
36,513,515
365,799
464,829
25,241
28,65,254
75,709
239,851
4,399
433,467
436,601,779
304,746,798
228,966
39,925
264,415
321,893
628,922,988
52,613,665
167,831
72,548,667
154,257
202,681
167,655
178,510
4,704
561,728
570,603
75,487,537
213,231,285
188,823,897
469,603
5,322,415
179,673
230,474
105,109
225,284,641
58,87
222,957
208,477,972
779,798,837
246,409
52,336
399,662,853
314,463
487,595,981
217,483,609
88,446
261,582,902
848,913
674,894
113,965,989
771,871
623,966
291,834
536,551
471,871
268,855
450,589
629,638
334,783
50,250,853
392,542,866
202,682
37,641
218,236,341
235,381,474
144,905,909
371,532
330,464
205,423
275,458
37,359
40,617
98,550,664
210,273
224,315,747
184,571
285,533,668
711,894
196,274,905
222,480
86,669
286,514
91,566
92,614
295,418
652,925,994
404,422,965
336,521,986
214,590,640
27,38,370
142,724
702,730
345,827,867
501,617,917
296,768
46,55,412
446,576
703,730
254,885
715,879
136,784
367,932
328,387
87,134
100,669,853
454,675
250,766
141,296
203,261
259,879
653,957
251,378
392,501,873
739,850
679,746,827
59,100
481,896
167,719,778
172,445,940
352,916,917
102,745
99,176,829
348,376,940
159,992
33,840
245,701
425,646
343,351,804
432,998
313,679
32,565
49,237
142,774
252,600,812
334,617,765
262,578,579
544,642,753
147,910
302,613,736
647,793,841
517,727
79,311
518,784,933
299,810
471,698,894
226,734
228,266
218,547
229,849
39,509
588,922
536,980
745,917,986
215,613
855,875
318,398
602,692,826
110,190
9,503,868
122,746
137,320
163,822
164,963
31,820
756,941
63,639,834
360,789
244,416
766,961
513,921
473,578,588
735,989
269,408,756
322,921
553,703
315,784
395,412
627,680
396,950
464,897
253,323,926
213,734,793
355,579
368,573,754
268,635
362,492
420,783
259,433,810
168,297,872
542,908
228,488
229,645,921
483,596
306,750
250,970
62,328
176,991
426,511,552
75,422
626,903
124,707
150,580,981
257,621,811
98,437,946
326,561
227,813
159,299,761
450,930
389,718,968
548,981
230,797
283,849
267,317
369,747,921
262,985
452,728
32,386,779
7,187
509,519
154,289
498,538
80,539,986
225,896
148,245
546,800
373,791,911
464,916
769,919
354,989
588,963
151,422,635
92,324
4,907
223,789
88,331
172,281
319,324
321,910
446,980
180,418,455
55,687,821
147,580
320,533,692
58,503,843
14,108
46,196,582
53,239,429
465,811
263,492
198,387
477,751,936
870,895
115,287
111,207
189,360
122,722
349,407
572,714
485,870
165,908
496,550,823
329,552
721,756
189,921
67,703,779
35,39
107,167
122,667
358,704
33,155
475,957
281,746,979
179,411
46,64,430
59,557,919
86,190
497,955,962
110,255,319
94,856
527,847
371,610
10,823
39,743
28,640,667
25,985
301,661
370,610,945
221,365
132,417
863,915
882,883
331,395,866
310,682
104,652
373,449,552
427,538,740
241,418,679
83,110,419
467,978
598,906
266,678,795
931,973
123,613
33,378
402,513
35,267
154,506
1,638
265,351,987
284,933
287,881
160,818
103,246,946
287,414,675
112,311
18,641,811
500,551
281,751
66,547
269,645
258,694,732
328,794
668,768
273,602,848
197,892
69,101
74,857
260,520,989
194,915
466,768
225,560,728
244,553,883
93,108,753
427,514
83,158
47,568
317,589,717
499,865
522,913
63,153,370
480,961
806,981
37,47
208,256,748
164,399
340,920
862,899
145,679,913
61,443,486
147,340
50,474
375,453,506
141,565,754
595,953
103,530,764
763,946
57,437
372,840
282,347
412,551,879
251,530,876
94,177
765,785
290,884
373,657
466,996
10,940
122,456
186,217,888
622,761
162,745
291,807
196,505
367,553,623
162,593
307,756
484,779
45,934,982
470,526
193,921
173,420
171,479
689,961
15,739
135,159
183,990
411,675
227,973
47,103,877
692,997
341,547
78,199,632
14,159
150,744
387,606
558,600
296,839
6,168
698,846
308,615,911
416,921
34,303
17,646
759,880
26,31,876
32,348
83,542,783
640,931
360,487,594
302,408,553
250,377,716
488,728
325,549
85,474,780
861,876
147,450,481
520,753
756,772
281,820
387,560,662
62,874
230,278,523
9,365,652
831,997
67,576
282,891
102,284,971
99,575
26,886
205,479
207,250
326,527
253,595,880
196,602
79,234,387
45,556
101,816
420,597
600,815
158,470
23,380
2,264,961
426,542
17,430
82,708
710,840
20,725
935,993
36,276
217,436
529,711
398,535
652,981
14,474,652
327,949
270,773
95,1000
272,914
383,479,763
330,482
407,605
54,178,599
347,416
283,462
83,158
356,436
648,884
591,780
42,62,460
9,247,561
703,912
792,797,887
244,721
110,218
41,94,392
70,420,528
386,922
122,223
219,528,922
460,891
300,490
326,446
553,800
630,645
248,309
183,258,301
646,874
314,842,894
470,651
44,210
221,500
267,421,899
621,636,915
333,342,994
775,884,891
329,426
141,335,555
219,610
136,934
380,626,668
118,202,989
334,634
474,847
34,165,732
310,760
512,777
255,760,767
71,438
230,999
156,668
52,930,965
194,282,998
389,685
218,540,638
116,540
356,871
83,496,582
315,574,784
408,850
177,295,443
833,993
209,580,746
104,441,720
422,731,853
665,850
43,774
762,836
232,704
178,355
645,677
16,577
361,964
69,851
99,141
620,810
597,630,835
458,837
582,746
144,720
453,660,852
241,417,978
1,109,533
129,848,866
21,173,243
619,820
529,781,938
178,355,950
294,379
368,492
196,749
82,442
314,766
79,816
88,280
253,919
307,359
310,646
617,655,903
704,939
115,670
454,533
277,481,643
219,381
253,907
89,401,953
352,731
342,376,911
340,363
852,870
241,483,681
267,402,709
180,342,661
782,927
341,599,753
643,880
486,700
692,707,953
142,335,578
360,672
637,986
535,679,735
75,266
53,924
891,949
56,727
273,561,663
447,726
49,951
348,901
619,894
326,562
797,874
101,545
155,698
239,615
36,137
14,399,468
540,843
851,930
800,933
156,934
399,760
312,331,482
669,752
106,699
553,574
84,313
124,494
647,657
93,462,525
104,240,492
483,869
84,548,577
38,742
26,240,645
266,909
291,851
235,844
610,945
314,339,432
337,689,900
67,895
535,610
80,186,792
701,936
550,744
453,651,894
196,419,693
191,243,341
255,416
214,408
34,217,803
745,898
627,716,742
674,934
18,623
70,83
156,273,345
86,439,702
126,481,778
539,870
274,511
550,619
697,702
577,909,929
766,938
201,433
669,844
18,145,986
471,500,789
172,661
370,689
140,264
418,984
517,608
213,254
186,353,923
321,742,811
757,954
544,967
165,979
6,841,869
4,969
266,433
566,874
574,866
17,155
67,975
82,803
391,678
558,567,644
679,784
180,344
519,729
273,986
315,1000
359,892
245,529
794,945
45,89
203,272,377
131,429,644
73,828
546,858,883
299,668
352,511
853,975
11,627,939
304,309,647
235,435,639
921,975
507,792
358,584
45,327,752
361,438,525
374,595,814
105,280
41,134
218,840
120,242,818
497,956
355,590,921
43,54
14,179
478,984
173,697
483,719
682,844
300,657,954
150,812
761,818,936
514,959,998
455,521
120,870
66,345
18,111
249,258
604,860,953
131,980
205,338,783
312,445,777
667,902
82,821
706,732
347,675,759
166,258
472,899,980
217,814
388,654,865
105,305
655,772
120,287,557
462,678,964
158,647
95,136
551,705
492,592
219,492,502
472,729
23,495,955
359,607,928
389,488
354,783
215,446,564
683,806
210,212
528,537
4,634
191,918
72,341
51,876,972
875,916
291,549
361,437,978
632,800
47,103,451
287,290,766
5,293,409
669,740
183,882
183,964
54,633
224,948
129,620
93,96,636
315,542,947
487,990
298,315,424
598,752
341,771,820
239,358
583,747
288,327
106,846
704,784
192,474,760
180,319
274,307
364,672,818
509,754
513,945
79,236
455,850
274,753
338,351
246,446
324,932
51,238
384,897
72,497,784
426,592
819,990
528,930,946
122,259,668
464,500,676
278,670
120,238
70,375,470
374,810
47,295
627,795
29,963
56,270,701
415,491
151,210,650
507,737
396,676
123,225
535,799
255,544
784,954
806,875
892,992
345,557
233,288,542
279,411
904,1000
643,664
463,554,921
656,724
105,594
154,614,798
332,419
204,686,788
605,641,917
325,591
171,810
602,637
675,945
550,765
603,652
42,343
55,334,658
13,384,848
613,654
312,770,848
148,505,624
372,411,818
641,848
424,826
85,408
295,323,328
334,395
146,731
529,669
162,952
338,740
65,645,925
201,226,238
135,654
155,567
106,372
176,444,711
54,675
60,359,851
343,839
336,531
123,307,457
726,972
289,572
201,403
567,729
414,765
645,783
174,296,797
492,735,762
491,589,829
72,836
356,781
668,677,807
202,913,936
102,127
212,337
30,162,957
258,476,999
345,663,739
73,611,842
366,391,987
44,962
203,667
164,513
202,294,646
204,623
274,682
399,513
226,816
232,362
173,560,914
302,735
204,323,784
841,957
137,810
162,972
405,646
295,586,665
137,678
42,382
358,871
461,600,807
717,943,969
376,505,924
325,367,798
312,313
247,398,514
241,690
893,948
189,659
220,566
418,704
476,801
376,654,686
178,442
412,662
637,897
6,611
17,780
382,487
671,728
215,951
390,690
114,528
556,863
151,423
247,670
400,694
526,752
431,793
171,387
420,705
261,280
173,402
638,887
36,975
135,182
272,994
299,959
502,988
55,802,925
22,359,690
303,954
603,621,887
304,395
76,967
322,789
491,813
127,516
681,716
476,785,951
74,362
283,540
167,541
80,269
750,893
157,509
394,920
158,843
133,374,697
710,918
579,930
953,993
7,33,326
188,203,853
288,325
30,370,400
45,478,540
363,541
566,807
113,738
121,718,944
279,743
209,805,999
628,656
29,207,759
144,250,949
253,491,679
236,576
177,683
363,836
193,778,997
712,789,896
449,902
382,440,441
184,434,573
106,124
854,908,948
95,280,833
400,734
158,393
570,959
814,955
372,920
857,863
72,415
944,975
611,801
370,565
592,726
224,570,984
203,322,921
517,537
157,267
348,859
743,788
29,844
70,83,96
498,892
280,370
150,193
478,870
290,702,775
261,444
90,188
530,968
112,174
789,830
710,889
221,630
28,709
147,673
608,883
67,579
254,601
492,819,919
565,723
49,308
87,510
268,570
634,975
752,810
35,923
253,333,522
666,935
516,593,783
171,496
586,825
241,829
424,439
292,970
65,338,900
771,870
314,469
521,818
429,931
429,977
409,492,865
510,729
54,284
207,565
176,599,646
451,844,919
429,992
19,340
432,564
27,153,370
170,888
420,781,938
783,985
401,821
235,257,958
105,348
95,366,844
47,150
104,556,920
113,145
210,433
26,607
90,754
732,736,809
25,412
203,294,983
608,628
71,300,585
444,492
322,531,755
433,686
311,312
756,984
176,824
56,249
302,359
38,156,783
357,479,789
364,710
222,583
122,555,928
222,493
162,454
43,716
99,297
213,455,691
455,699
21,185
155,525
248,633
886,967
822,869
412,682
331,570
143,443,778
31,350,589
266,820
99,694,829
340,844,886
299,852
65,454,472
83,905
914,939
77,681,876
151,964
672,922
339,879
65,212
170,718
129,622
486,796
349,512
102,560,624
689,723
245,433
675,729
16,367,656
23,313
7,896
394,472,624
563,714
64,509
247,745
83,395
300,718
645,757
100,768
414,617,790
199,622,903
438,901
552,813
147,758,872
212,480
354,940
532,546
321,630
477,574,666
723,736
454,621,976
311,743
215,818
212,217,879
181,461
419,618
442,453
609,815,848
199,772
189,943
183,306,370
128,807
345,557
108,118,193
191,631
255,771
29,837
825,990
60,707,894
420,966
289,910
372,572
66,679,739
154,825,1000
324,529
528,786
410,632,947
137,522,754
82,717
265,316,824
100,688
417,530
160,346
294,628
251,918
485,763
17,540
284,393,576
117,624
66,548,740
129,404
213,583,845
142,439,918
263,640,769
302,622,877
118,908
649,748,925
353,789
193,392
163,865
164,696,805
307,988
562,870
746,767
301,508
349,626,753
47,431
260,435,668
576,813
535,792
106,460,735
607,719,729
19,377
28,441
523,953
380,548,936
526,843,872
187,613
317,946
443,863
171,278
808,961
116,356
301,967
356,893
75,921
151,325,401
84,181
13,964
353,461,547
82,377,421
158,604
229,597
34,859
451,625
678,846
473,828,882
61,532,829
7,554,949
313,671,812
161,683
273,306
237,638
225,498
483,698
498,876
827,879
364,907
615,994
12,55
570,706,731
648,652,987
937,984
861,961
171,397
54,531,961
349,432
219,747
189,470,749
287,977
292,526,654
103,520
328,390
605,975
176,473
162,984
46,895
516,642
281,410
562,963
449,545,592
474,926
769,929
428,667,764
183,775
182,454
199,441
324,631,812
76,119,660
638,757
295,420
309,540
275,375
384,758
286,888
251,745,909
550,601
65,300
97,557
158,526
438,977
422,572
264,317
44,119
362,369,615
930,943,962
210,388
13,99
315,567
66,293
421,859
603,792
323,903
353,523
9,739,838
185,880
216,490
591,673,806
453,827
735,965
595,854,947
103,260,382
357,437,483
94,341,499
352,999
136,350
15,729
30,480,888
655,688,768
196,627
31,953
213,891
54,70
116,688
374,989
95,855
429,837
53,367
23,521,782
73,634
163,552,866
455,783
475,899
516,737
93,115
405,693,696
135,867
634,837
91,356
274,757
219,429,803
603,758
79,373
159,696
735,818
528,710
782,800
496,578,944
272,399,560
50,714
740,920
146,887
570,624
201,676,761
525,711,944
851,862
259,313
509,790
550,709,932
311,502
29,653
382,514,669
319,399
142,344,943
573,696
486,538,540
205,254
311,575,987
307,686,831
97,256
372,519
46,389
437,772,850
51,557,847
321,450
579,656
170,591
354,618
479,508
27,855
425,506,647
606,967
616,739
839,888
333,701
188,607,651
523,924
15,355
709,742
15,662
892,960
204,360,996
336,895
532,924
115,893
545,697
428,491
132,370
372,431,672
236,242
171,801
196,430,527
325,723
61,886,900
774,946
69,273
149,789
272,979
669,943
121,266
200,362,378
481,850
131,500,986
590,608,920
333,440,790
734,935
471,586
173,474
16,241,786
331,984
203,822
61,521
14,858
519,658
217,508
718,943
77,990
157,344,824
26,331,495
338,465
102,145,169
113,533
711,921
30,207
80,709
332,746
498,819
162,498,503
503,728,955
363,720
719,725,955
380,589
489,703
456,616
271,356
92,287
99,891
485,588,734
535,715
631,673
541,733
137,194
373,992
278,754,884
15,275
315,641
791,965
46,218,484
18,73,812
365,669
441,491,616
543,546,989
95,390
434,880,916
164,792
258,623
384,992
540,632
292,638
163,563
488,795
197,211,986
46,344
406,467
21,466
43,153,578
970,975
216,405,766
571,970
464,603
372,420,843
283,927
628,915
506,584,738
222,909
540,730,874
470,969
58,342
204,621,777
379,976
193,909
12,555
251,347
98,797,941
427,547,741
102,623
785,924
246,413
127,267
392,623
367,391,734
381,798
512,527
579,904
282,691
332,350,795
39,153,370
263,951
342,592
189,885
15,272,405
182,352
57,813
86,257
984,999
74,587
101,548
62,246
498,622
141,185,974
1,457,898
550,873
129,315,409
369,862
283,484
361,576
30,159,851
280,488,840
264,704,745
480,723,960
719,806,876
474,959
259,409
429,649
218,442
221,714
183,282
270,854
181,309
233,482,730
232,813
195,817
172,930,979
113,366
405,787
427,499
344,610,798
533,925
334,743
32,927
176,789,962
368,765
412,921
318,416
181,967
485,513,700
773,884
20,542
575,910,934
242,574
376,882
137,456,572
67,413,965
419,674,961
624,841,869
577,699
14,81
74,248
458,880,915
93,458,992
243,411
10,358
629,879,914
43,432
732,871
62,921
652,897
844,935
821,974
646,708,884
333,481
50,468
593,645,992
159,805
796,857
77,895
599,793
448,667,833
70,340
520,532,671
630,984
256,555
464,860
58,193
118,518
168,594
248,336,654
125,827,940
337,848
41,706
299,992
179,442
35,175,384
45,307
225,816,921
71,871,889
161,828
158,375,568
443,641,919
276,575
441,572
188,580,805
88,117
258,388
581,971
164,646
28,873
125,563,881
117,399
292,360,372
259,687
693,695
387,567
195,788,856
11,156
602,927
41,490
812,953
48,679
220,378
125,651
739,909
527,569
19,445
131,352,424
58,793
266,622
754,783,869
25,43,576
742,770,829
532,780
315,807
91,743
617,963
187,644,864
39,348,797
291,361
222,853
35,433,852
246,446
192,992
568,983
416,865
385,518,740
155,885
437,913
347,571,638
331,346
577,665
278,935
138,316,890
402,525
379,810
74,613
70,491
127,862,992
31,254
508,586,599
532,652
639,934,996
438,454
126,575,996
306,432
35,67,423
81,773
68,716,919
173,349
50,261,399
233,703,866
157,569,685
635,799
774,985,995
89,676
330,720,966
77,927
156,695
12,212,736
890,957
18,864
418,698
22,741,1000
20,768
98,400,732
242,835
98,581,935
452,510
37,920
273,626
54,266,612
6,624
91,486
54,890
1,793
34,205
554,969
652,744,756
517,875
327,955
188,375
314,460,884
502,793,956
190,773
751,802
424,859
364,789
540,733
259,809
10,169,832
116,531
273,311
206,254
590,930
403,708
243,490,968
278,528,687
43,142,295
5,246,543
187,189
51,595,641
63,609,852
260,546,586
608,875,991
134,224
36,485
557,978
313,626
475,621
87,306
238,992
112,245
95,748
105,320
7,281,417
200,525
40,159,507
183,810
195,693
504,639,912
80,396,516
8,717
70,494
218,322
851,953
289,303,438
818,872,993
388,841
227,657
12,891,913
595,776
476,935
258,426,824
521,842
222,407,821
386,818
463,832,904
337,703
129,136
287,537,591
233,829,854
187,557
370,624,926
32,499
2,149
672,724,888
836,866
59,677
271,287,463
298,790
175,893
59,371
20,437
13,388,469
302,486,526
37,165
39,896
49,700
32,391
431,643
268,736
110,780
67,429,792
179,283
180,220,880
115,833,885
139,694,900
415,858
193,365
281,763
348,937
173,357
374,486,636
64,969
601,667
563,849
927,958
305,583,653
193,581,803
409,745
839,977
309,396,956
717,946
21,290
808,932
644,904
614,773
808,858
292,314
117,241,577
761,945
65,893
340,519
121,605
438,874
71,364
37,241,919
373,727,892
337,408,443
87,637,943
29,124
73,699
157,595,837
7,644
107,371
1,39,165
92,648
524,592
246,703
293,730
829,999
545,711
811,999
579,973
211,729
629,802
106,390
424,470
280,519
349,704
233,264,378
762,899
467,927
874,983
251,383
295,754
164,282
25,157,560
18,233
213,676
116,449
294,323
14,595
478,513
166,874
90,105,844
217,247,318
195,917
296,860
99,110,202
23,487,857
721,916
605,934
46,203
42,725
92,808
505,945
100,443,829
329,498
196,428,646
17,184,248
680,917
705,916
243,776
139,717
136,698
347,774
89,564,598
56,385
550,836
77,698,886
155,574
281,583
589,796,977
144,233
409,752
13,86
636,739,917
654,988
520,626
403,414,883
568,739
889,905
110,180
205,444
205,457,549
18,879
24,589
135,936
273,294,948
181,614,676
328,720
31,840
184,411,885
47,270,535
150,387,706
284,975
255,531,675
503,802
39,63,941
356,619
136,505,914
157,263,982
525,601
511,574
68,75
389,487,864
181,719,929
447,465,633
117,459
109,429
185,492
1,427
336,480
12,51
7,192
91,799
800,868
162,433,839
626,765,937
154,895
60,310,362
81,84,447
174,631,849
42,294,792
3,985
23,495
861,905,922
190,704,744
23,933
397,656,695
142,843
626,751
1,6
89,551,743
687,860
92,549
799,943,975
358,842
195,197,898
590,662
226,323,556
195,779
269,324
280,552
27,613,668
353,931
451,578
35,145
233,406
430,517,718
150,504,545
567,822,974
95,871,977
226,370,565
255,494,832
851,910
243,671
157,750,780
304,496
15,81,296
248,578,730
55,269,387
170,466
280,361,544
359,498,703
332,477
157,300
28,798
354,407
29,96
587,964
149,887
626,637
508,779
123,356,681
155,273
445,861
51,662,882
106,691
103,873
84,475
255,712
113,160,273
160,252,418
202,362
336,559,609
3,235,516
310,488,719
411,724
123,760
484,714,780
42,403
534,592,863
117,632,874
178,585
141,357,449
90,668
77,544,675
844,945
59,184,624
430,514,590
704,819
540,648
136,471
52,334,693
830,948
59,225,446
393,890
127,994
76,327
517,556,825
252,735,757
162,433
7,252
404,625
859,930
418,728,799
2,35
380,559
280,710
416,765,946
212,620
197,609
630,675
786,869
464,645,732
86,919
175,228,629
621,669
170,658,700
177,324,805
75,913
754,960
176,292,411
132,168
126,622
388,515
637,698,734
455,694,703
840,851
171,633,760
175,504,576
440,876
479,505,687
104,118
94,300,902
626,782
404,463
26,696,870
211,912
453,515,922
228,662
488,659,969
393,667,956
60,109,789
630,637
227,740
578,824
305,612,880
534,692,695
634,902
560,693
850,867,909
113,613
144,463,576
206,941
883,900
276,496
94,582
218,642
530,655
283,728
359,365
31,365,868
147,169
69,861
530,622,720
556,909
866,990
150,196
149,375
541,927
137,724,964
635,855
47,147,307
547,789,936
161,178
159,661
364,596
301,835
250,420
737,800
401,861
361,405
438,660
404,615,865
249,756
118,696
19,682,687
454,824
77,976
587,716,770
167,575
96,252,834
95,506,659
169,407,618
205,665
11,329
113,533
142,548,926
491,829
452,642
275,601,624
648,763
923,968
272,824
203,401
87,956
312,416
230,277
190,633,638
630,982
104,327
105,555
12,325
134,630
633,751,861
323,770
338,716
547,995
337,382,739
265,617,717
274,289
477,994
239,575
539,869
925,939,996
134,150
194,527
912,957
254,856
226,268,386
57,253,815
315,845
423,776
115,714
154,901
286,594,692
169,870
101,200
228,669
96,267,986
563,933,948
65,228,719
405,485,640
299,764
204,401,640
116,265
90,135
274,378
130,894
466,845,971
380,552,709
564,668,810
75,501
368,592
576,808
265,806
132,181
266,344
293,586,652
219,275
9,715,799
112,918
742,989
26,281
62,779
394,602
184,776
120,196,285
360,473,580
51,539
252,584
58,556,859
126,720
81,680
496,619
287,471,616
410,920
856,957
550,834
130,278
133,784
85,683
27,147
660,744,776
25,52
235,821,999
720,800,830
449,514,691
301,743
312,760
87,673
671,841
99,626
89,383
601,965
669,689,830
561,770,838
751,911
267,453,694
215,894
751,940
775,991
23,111
273,967
327,882,983
339,724
92,305
716,867,955
44,348,626
107,273,772
308,740
567,736
642,779,786
529,842
261,594,648
149,723
211,623,744
848,931
115,192
88,452
86,913
553,938
702,780
74,691
42,791
46,142
246,805
103,737
211,614,712
131,170
272,726
22,181,947
37,233
141,900
216,347,613
218,324,619
511,533
61,78,981
346,818
230,519
241,903,946
28,757,781
486,942
121,195,722
189,192,484
194,862
160,274
291,409,984
130,484,744
441,713
759,982
606,966
471,574
209,214
436,454,536
692,760
558,799,843
330,474,999
411,519
911,952
136,177,725
520,971,987
53,205,807
353,771,828
212,348,852
574,666
331,353
118,607,751
678,897
324,728
410,829
20,830,836
22,232
271,566,722
503,544,928
197,965
322,399,406
274,432
122,435
52,317
392,669,991
2,124
306,880
255,350,353
606,663
94,272,633
327,984
285,701
43,50
180,928
95,956
634,946
48,65,297
81,447,459
19,98
212,411
250,614
327,477
133,671
359,730,990
440,517,532
152,724
504,605
250,848
415,827,873
76,147,368
311,639
118,140
148,394,967
158,520,702
109,197
122,171,231
657,854
223,234
268,770,804
525,704
43,975
317,846
622,624
215,995
360,478,957
50,554
31,65
17,793
92,305,468
662,923
3,285,351
109,402
548,705,883
109,182,504
60,363,895
221,296
18,301
246,484
466,630
530,829
109,126
337,590
617,626
83,616
447,490
335,438
236,410
18,173,434
46,531,766
248,674
61,199,721
330,913
373,538,771
719,932
521,661
117,404,947
544,766,832
751,913
309,699,775
646,944
201,526
370,560,909
456,885
276,396
120,745
825,888
393,473
341,642
49,716
343,619
182,287
96,469
605,994
44,967
275,849
74,256,508
122,651,818
274,895
841,847,974
300,856
139,865
188,641,985
549,965
585,901
367,882
83,364
419,575,729
324,810,953
551,612
233,328,635
117,256
124,155,711
221,287
134,174,306
17,341,494
275,465
140,740
697,702
601,632,681
44,377,415
302,717,900
308,483,530
329,453
41,343
431,485,644
530,943
58,351
103,117,897
138,545
303,541,549
649,802
90,174,986
223,320
158,452,995
637,722
694,843
413,1000
666,999
664,876
391,544
203,860
165,390,624
197,577
56,443
143,213,409
510,777
599,863
72,665,997
403,942
765,784,920
124,759
22,84,806
422,643
354,690,968
395,451,932
65,880,945
48,486
73,775
436,613,952
347,527,943
93,119,378
316,587
41,383
98,160
450,884
330,442
9,142
133,184
190,237
586,892,903
9,483
319,356,724
32,662
298,451
399,793
173,779
683,697
219,636
91,736
716,924
90,785
500,644
208,813,954
28,46
4,498
201,689
113,987
436,777
72,817
687,811
392,398,936
308,459,949
745,900
445,500,847
228,438,703
75,203,951
854,877
234,895
345,754
428,488
154,725
659,971
354,896
241,830
16,617
8,738
88,186,992
237,284
599,935
178,422
125,412
163,532
774,803
166,229,633
156,273,516
262,468,697
640,828
415,557,873
108,555
298,929
66,270,855
402,576,973
494,618,849
308,661
623,978
485,667
74,118,429
51,133
95,531,959
342,945
144,660
180,553
558,619
320,822
23,100,398
86,283,899
22,770
551,836
825,966
253,629
199,263
31,552,589
171,537
118,545,900
312,387,687
243,402,753
626,965
601,928
21,117,758
358,496,793
811,915
131,234
348,887
10,178
324,923
499,507
428,956
639,923
549,574
151,498
481,991
582,767
269,329,382
252,415
112,852
353,364
99,384
219,549,930
249,428
592,615,981
497,785
534,754
491,911
475,844
623,880
60,243,793
77,673,696
450,586
70,952
566,569
189,576
31,408,837
235,667
265,726,778
762,858
29,395,926
281,920
233,410
785,906
402,417,685
557,918
20,168,961
135,725
241,422
555,941
779,847
139,986
77,596
164,352
229,847
303,569,600
101,512
182,825
401,687
163,353
96,301
334,441
111,518
262,537
7,344
33,861
224,270,592
47,835
124,611
96,771
489,725
317,786
140,441,583
782,991
164,941
115,900
532,914
1,461
87,376,581
693,754,782
114,478,870
399,891
2,462,668
93,259
157,276,361
547,833
177,553
506,937
207,971
158,181,704
296,344
42,163,559
58,77,762
475,706,934
415,543
315,913
45,945,979
69,498
84,869
203,398,581
368,645
380,400
310,807
596,661
653,942
9,199
213,514
838,905
43,530,629
313,984
319,921
263,466
123,399
25,27,289
321,940,986
165,810
89,480
294,392
267,405
39,178,622
195,558
201,732
360,758
713,821
167,677
340,575,756
122,186
25,569,604
460,679,745
192,546,921
130,977
650,669
85,776
971,977
10,725
47,727
95,300
164,287
250,990
364,771
657,909
513,947
298,661
749,904
587,792
102,560
215,288
206,597
149,465
221,286,854
410,547,754
56,254,659
674,872
325,668
362,577,725
267,480
281,472
370,631,806
23,53
424,774
638,817
80,172,491
385,745
107,165
356,714
49,783
14,637
834,937
786,910
356,661
587,988
295,932
473,580
611,823
9,230,891
103,387,984
329,378,669
653,787
267,620,891
32,67,89
207,536,955
169,572
109,293
838,907,941
208,307
560,673
185,666
354,690,926
342,628,943
85,974
842,921
120,846
499,665
509,690
44,451,913
298,385,543
198,267,590
276,542
10,60,582
144,845
36,260
230,238
177,201,844
94,272,944
147,432
364,718
302,854
55,99,220
24,275
146,651
424,876,991
884,971
237,870
323,417
240,415
25,296,593
181,571
83,863,953
206,822,849
65,536
336,494,921
157,304,628
56,901
763,959
373,703
409,522,719
597,800
663,731
9,734
22,63
395,756
164,988
66,791,827
467,790
436,442,567
388,856
666,857
521,542
354,907
601,651
555,792
377,467,543
499,886,912
311,574
294,550,947
118,922
399,871
345,703,865
96,383,872
3,417
113,950
42,949
628,674
378,802
88,137,632
330,742
716,772,785
264,581
198,579
493,702
705,903
581,930
7,409
563,640,664
192,360
250,661,905
801,898
157,562,777
301,338,621
758,779
204,491
1,10,887
687,768
728,940
24,140,709
28,304
101,553
609,961
638,878
165,305
404,574
555,987
11,555,756
47,745
31,701
769,794
280,616
463,824
251,843,936
109,310
507,635
34,151
554,867
481,963
118,203
26,681
73,97,975
123,588,944
393,655,665
537,684
45,971
787,849
260,429,858
402,685
289,484
9,378
368,560,624
522,875
257,686
93,755
667,940
51,810,850
388,469,475
125,289,956
368,476,807
372,594,946
95,138
205,358,372
181,425
194,930
117,576
365,447,918
229,315,545
470,907
123,584
142,304,969
30,676,996
316,967
620,687,963
751,773
90,394
334,418,447
462,992
424,426
622,752,762
507,637,924
256,524
56,710
34,660
76,560
404,725
530,858,997
407,742
88,556
889,944
386,405,482
650,723
277,619
388,396
413,579
625,799
28,114,262
295,678,984
406,696
96,942
785,788
189,322,369
254,907
572,711
326,373
383,957
694,903
128,678
517,988
125,572
215,461
103,707
149,490
93,472,480
180,555
345,557
497,683
540,611
262,734
251,327
221,523
236,282,323
52,250,881
6,473,642
83,161,341
271,795
682,722
895,947
206,811
392,946
336,744
223,787
347,445,685
333,444
389,549
463,514
719,918
276,600,779
196,271,905
425,776,940
734,962
421,761,847
234,329
484,994
288,403
540,961
294,811
338,340
65,168,928
161,889
318,781
361,951
697,741
188,338,525
26,281,900
439,666
862,888
289,449,977
469,662,872
112,397
103,608
331,560
672,897
102,634,718
36,372
197,741
177,260,618
710,820,958
218,454,769
2,755
569,960
436,454
486,646,672
330,510
47,201,373
165,987
797,997
729,996
560,636
517,993
474,775,828
16,700,718
279,812
45,677
25,530
767,969,975
192,515
474,634
864,885
15,181,658
606,923
565,715
239,566
216,243
607,667
311,716
701,736
582,958
339,517
63,79,951
335,549,723
387,570
660,672
317,648,720
500,668
40,630,833
289,364,610
113,339,701
494,510
515,562
24,713,961
287,300,473
151,192
4,245
712,894
182,943
142,188
12,325,630
56,444,553
518,708
87,664
51,85,178
257,260,381
174,639
1,507,598
932,990
46,829
124,888
784,821
531,777,920
824,894
289,579
139,493
366,475
304,638,820
467,999
653,674
144,889
318,329
803,939
58,617
272,847
97,179
493,698
766,939
167,267,602
536,838
380,687
104,933
879,960
790,873
377,948
309,442
885,896
914,980,981
253,782,973
218,771,905
264,530
207,431
170,289
337,369,891
185,376
122,851
94,472,643
215,661
293,694,800
695,836
709,719
277,853
338,451
415,919
248,904
317,775
941,955
231,496
659,827
930,941
135,233
441,572
32,792
431,578
446,973
119,338,984
856,869
101,126
175,260,716
153,910
428,654
25,330
710,876
522,670,989
785,912
70,794
665,677
475,627
335,438
140,688
326,439
16,534
202,577
50,608,851
654,750,853
274,573
147,331
790,908
417,533
304,462
101,457
367,950
346,930
51,671,854
454,992
265,892,920
876,920
90,404
305,838
246,720
14,598
30,901
856,971
580,692
507,533
44,440,720
104,230
972,987
200,720
42,990
452,720
274,448
657,701,897
195,309
76,321
616,770,901
482,539
91,875
161,486
63,128,472
535,549
634,744
45,273
25,95,563
70,125
372,969
115,967,978
25,713,805
88,769,788
342,578
692,783
266,853,864
56,427,981
92,543,962
125,482
575,860
6,885
660,892
117,708
456,943
149,245
319,599
627,720
7,576
185,650
261,429
44,708
304,525,956
524,765
239,708
738,938
761,882
102,411
208,483
130,296
387,423
468,626,812
537,896
283,869
60,265,435
193,676
86,458
31,948
63,172,807
85,718
151,735
63,786
30,125
129,886
204,886
508,709
426,563
63,434,869
343,899
106,411
579,977
260,839
429,571
101,193,866
523,758
572,576,884
111,369,622
216,628
9,362
398,566
98,162,245
322,827
897,956
101,850
306,392,816
669,996
37,56,248
449,875
87,742
479,856
773,911
38,453
9,12,630
191,892
371,907
339,358
540,588
44,770
70,740
188,228
391,982
548,790
835,902
32,109
425,975
122,370
151,331
184,885,968
16,42,746
819,992
895,992
399,569
486,955
172,391,839
123,588
134,472
327,456,712
116,525
33,203,956
75,139,933
101,233,542
229,727,929
393,718
95,379,823
61,663,805
645,915
376,568
257,370
471,947
883,902
46,554
13,613,692
2,627,637
295,827
429,963
426,512
283,784,961
114,618
186,424,441
695,719
775,935
267,562
227,877
423,434,915
403,941
397,905
24,345,641
67,984
218,228,242
596,656
251,670
652,857
32,803
551,553,804
14,552
373,714
494,499
42,371,963
747,749
15,618
197,696
216,381,452
96,835
251,770
817,856
178,488
304,555
487,791
67,609,758
274,544
161,525,754
317,473
489,570
415,822
158,568
266,360
50,473,499
390,796
89,124,822
57,409,577
234,966
857,948
642,647,821
332,411
156,236
494,584
342,598
23,72,681
105,465,580
251,756,920
189,642,907
285,327
41,220,366
559,855
94,881
521,973
11,65
35,834
507,831
248,468,473
421,692
201,537
566,864
125,202
430,526,826
75,253
562,683
254,449
754,802
67,969,982
54,423
37,888
48,464
663,696
403,542,740
399,736,742
424,862
13,594,887
43,525
457,661,919
188,478
277,291
222,318
74,827,903
863,993
322,576
681,869
597,776,823
362,373,874
395,763,882
151,482
8,747
61,629
62,784
177,387,742
450,598
374,902
665,851
726,796
778,926
421,567,759
88,380
15,647,889
265,583,979
171,710
277,785
367,385,522
11,690
538,632,877
844,948
687,792
82,423,957
481,987
535,778
238,603
132,701
757,904
71,755,996
387,686
48,337
524,528,838
406,959
29,618
437,679
629,971
466,801
161,297
48,411
750,890
814,912
354,690
19,96,687
199,366
582,654
558,926
435,462,840
80,886
345,788
35,394,974
81,235,267
510,580,672
630,747
814,912
474,585
576,702,931
255,661
366,593,924
294,758
217,456
331,917
490,644,953
325,623,859
191,514,535
280,660
451,682
105,869,887
90,738
333,763,800
33,227
59,455
308,908
629,733
385,775
153,356
245,258,311
739,795
185,917
541,581
487,492,512
596,703
447,539
118,816
315,595
221,876
813,826,936
442,636
275,645,662
571,801
36,420,828
530,955
708,758
318,343,793
179,299,541
738,879
462,478,794
10,778
510,667
382,804,919
280,749,921
872,934
155,198,934
45,937
738,754,887
67,627,985
202,615
281,294
106,509
315,365
235,658
731,860
419,729
27,993
312,759
473,683
30,547
122,222,394
149,639
437,464
126,756
368,775
310,606,914
43,370,381
847,986
660,958
33,95,966
369,719,929
523,680
158,769
288,670
486,610
478,508
94,673,762
392,632,831
542,673
139,401
527,680
321,340
32,450,461
141,504
106,609
657,830,991
519,695,837
368,604
576,635
16,693,969
302,746
156,664
526,998
343,960
242,968
491,902
21,218
846,877,951
3,807
647,768
244,721
98,132,738
90,927
502,808
707,890
28,562,871
490,702,978
129,836
712,952
139,265
360,449,812
206,279,786
145,508
450,480,555
210,603,716
660,991
101,460,848
319,405,771
374,402
11,845,952
106,811
63,593,928
114,897
86,328
416,949
6,52,809
961,994
536,604
198,868,917
281,478,918
29,495
133,657,790
465,679
353,632,957
685,917
173,458
251,735
2,240,792
242,462,779
367,591,733
350,597
659,697,820
58,984
373,971
199,782
353,922
170,223,818
206,407,980
452,895
23,508,633
189,307
19,186,306
446,820
20,449
450,899
462,731
825,869,976
7,841
206,306
101,521
820,923,927
353,540,907
120,611,935
447,617
693,921
13,536,708
168,852
280,963
136,437,545
58,543
876,955
61,905
147,504
306,516,898
521,751
141,222,743
198,824
189,629
477,503
13,277
216,875
238,580,846
131,853,892
132,738
17,399,554
98,355,884
108,324
6,253,409
688,798
8,125,344
337,376
71,209,304
578,803
126,459,540
125,406,897
325,822
246,315
337,425
227,522,663
233,345,817
316,612,966
184,548
111,746,857
513,583,928
604,908
942,980
50,98,321
179,549
318,864
336,730
634,719,859
22,320
317,388,440
527,757
50,289,651
438,482
465,706
510,775,787
325,385
114,244
140,732
3,380,964
526,734
485,569
720,770
546,913
57,197,725
289,474,596
274,664
56,248
586,963
367,670
15,189
29,464,998
433,700
489,919,949
377,645,737
645,896
72,251
684,868,871
530,556
109,778
29,475
329,740
313,867
717,857
106,470
31,390,954
143,460,526
240,489
42,256,317
212,853
150,227,862
562,642
121,818
583,698,826
571,962
841,941
32,68,245
180,515,931
129,570
261,300,813
148,855
74,426,612
69,165
480,507
391,509
86,458
52,464
161,242,456
310,525,995
843,909
55,461,869
469,516
526,772,805
203,432,937
543,895
118,226
435,620,623
27,433,724
898,972
350,690,697
430,871
540,944
412,625
411,633,675
270,288
15,171,634
754,844
192,203,510
199,510
685,756,986
372,445
61,578
159,632
241,802
457,873
441,872
461,859
293,604
153,296
712,931
801,958
178,509
5,385
157,266,795
464,866
60,95
365,460,751
225,602
229,783
278,453
493,539
268,406,920
298,316
941,979,980
116,869
267,311,368
96,186
602,772
249,945
427,508,880
120,880
60,852
86,888
2,55,917
407,802
373,631
111,468
821,875
84,253
181,236
607,828
42,382,657
145,368,856
181,378,492
406,766
78,622
643,865
101,622
314,526
138,186,952
761,879
63,887
64,672,915
81,778
194,731
688,698
436,475,575
37,77,592
587,705
79,390
117,392,617
146,975
116,440,445
377,417
6,555
43,637
156,307,809
77,592
12,880
122,771,949
749,794
374,809
21,344,885
725,892
604,757,891
317,632,944
156,732
776,778,860
123,378
681,855
549,862,952
26,747
352,899
267,476,557
379,538
85,125,537
146,291,678
306,420,697
64,283,715
574,866
42,101,426
10,231
237,317,891
297,812
323,443
784,948
83,582
175,505,937
759,921,995
265,460
712,994
143,382
41,429,821
123,810
204,560
644,832
228,250
338,621,803
342,938
806,892
805,814
256,652,665
551,556
78,471,751
199,521
85,510
245,353,506
467,732
205,516
41,879,942
154,764
262,366
282,421,723
148,636
195,639
424,903,932
23,94
91,858
36,63
165,477
334,404
371,873
228,729
215,356
445,506
67,852,901
259,654
398,592
350,775
110,719
350,783
128,924
287,651
376,957
122,925,942
14,293
574,657,705
352,796
192,453
78,748,960
279,931
2,984
797,957
245,342
576,604
712,781
801,913,937
306,383,958
438,653,915
748,788,839
160,622
465,676
383,453
264,989
547,738
29,696
193,641
15,889
323,980
113,823,899
546,549,551
453,640,820
463,736
3,889
14,306,670
132,267,899
200,601,948
181,430
4,560,963
239,751,865
213,741
825,857
130,420,748
15,789
31,806
503,876
422,669
201,809
42,730
162,306
51,224
273,722
23,819,892
647,663
78,479,978
289,813
481,728
212,516,738
335,575
359,971
561,936
111,875
78,404
218,638,710
4,435
528,835
666,785
86,470
441,542
570,647
358,419
3,971
55,687,856
465,847
515,691
592,737
133,322
64,365
557,752,895
29,266
433,975
19,475,706
326,336
285,643
331,680
60,537
232,272
123,162,168
160,649
44,103,264
120,309
138,235,320
339,642,902
144,336
816,910
803,987
358,884
367,486
250,580,585
514,540
545,709
241,360,654
251,575,1000
175,302,552
308,353
219,469,636
95,330,891
238,455
567,738
60,278
432,614
428,775
231,357,527
146,153
28,506
665,930
399,531,889
654,787
62,827
45,625
147,225,462
298,491,949
265,861
131,335,738
78,380,638
580,760
418,812
328,670
423,609
370,618,859
616,711
384,715
77,492
551,554
735,761
54,710
249,389
275,431
52,118
329,790
602,623,804
594,802
299,525
79,110
459,792
370,987
632,657
697,781,895
11,157,729
445,567,621
695,843
449,450
347,689
117,414,625
101,502
169,255,968
366,606,676
162,719
685,699,878
490,795
293,341
111,819
107,145
160,439,864
112,787
174,650
331,581
92,572
28,120
697,827
563,637,986
207,624
336,717
19,888,916
21,245,922
626,762,877
205,384,788
290,498
120,249
699,993
462,593
24,373,877
375,685
285,450
44,399,522
63,122,621
736,888
111,765
181,682,876
846,966
137,893,969
209,781,935
570,707
127,747
181,824
50,360,948
155,867
202,640,654
247,657
277,577
292,727
87,457,591
617,699
62,634
36,562,619
759,953,984
137,484
741,821
16,664
57,609
440,684
90,297
21,69,970
790,997
223,757
557,616,720
631,958
143,240,857
473,910
33,676
272,364,631
386,761,884
184,778
241,747,882
861,996
261,745
3,166
124,547
135,465,768
327,724
351,481,725
324,987
115,840,895
347,515
352,682
67,340
851,925,996
507,593
899,913
460,586,841
693,813,853
192,231,350
16,868
597,672
834,996
242,800
255,540,746
334,617
55,147,252
296,621
193,481,863
255,995
437,915
90,814
414,652
34,86,758
571,702
398,418,689
663,830
335,686
920,937
168,814
156,444,918
284,450
595,895
108,759,930
204,532,855
504,557
90,145
152,785,949
364,935
557,784
161,221
533,932
263,520
159,510,939
181,375
674,909
604,670
81,657
487,803
15,642
378,423
288,608,838
294,705
631,797
844,941
402,572,832
46,791
118,200,936
539,706,786
690,777
561,790
391,753
320,430
290,360,468
27,205
162,275,388
205,258
476,754,864
431,718
16,754
251,309
250,358
119,194
669,696
153,502,874
701,875
367,545,911
9,519
838,965
195,377,864
14,209
122,273,939
73,420
652,859,947
781,876
325,708
24,625,896
316,516
496,775
663,939,956
175,888
40,872
99,602
513,646
1,567,729
448,474,766
52,805
460,875
22,909
764,805
199,337
8,659
239,485
613,950,969
264,350
512,823
127,463
451,641,919
201,906
327,848
598,684
135,643,874
633,662
78,880
534,807
357,590
134,357
382,989
309,723
926,950
227,804
94,121
579,955
313,348,851
177,833
42,373
324,579
611,651,932
563,986
369,805
35,338,668
142,774
207,370
920,932
504,604,746
157,722
309,354
114,724
411,554
293,333
348,605
256,932
698,827
752,978
105,547
322,372,712
329,365,414
505,742
182,854,902
815,894
793,820
425,827
135,906
386,448,588
854,948
672,895
5,460,909
137,150
446,654,718
797,831
72,351
198,561,645
450,784
744,942
659,746,749
445,504
283,613
211,678
305,340
360,639
132,275,311
211,535
479,510
161,478,966
313,318
617,843
186,474
473,910
368,606
54,781
5,746
666,798
202,351
85,87
110,350
753,774
432,628
156,518
216,330
509,672,921
295,845,947
593,834
579,902
64,178,833
850,884
65,375,883
227,498,976
134,600
476,952
245,704,713
629,725
352,718
231,743
294,918
86,595
111,313,362
233,898
41,281,813
406,689
322,833,968
303,577
297,446
130,247
605,723
681,950
41,260
366,403
401,796
498,698
484,937
411,531
32,401
265,614,954
640,846
68,181,481
361,603,862
34,39,717
123,832
540,739
384,979
68,90
270,367
270,873,962
517,623
714,756,966
247,508
863,936
699,750
750,847
585,744
70,599
397,562
319,729,902
63,90
5,650,879
425,578
561,616
457,824
333,408,830
590,836
115,145
703,959
110,216
167,768
597,661
827,955
146,345
654,676
342,392,839
944,968
293,683
308,471
966,995
610,998
592,696
85,196,597
869,873
322,935
2,731
6,47,174
428,606,725
184,927
181,544,678
368,559
330,605
265,645
114,231,614
77,605
299,539,963
212,369
554,797
72,877
502,951
375,452
82,594
772,791,868
880,923
39,923
852,987
126,589,773
184,920
74,992
63,113,549
310,468
7,777
609,941
84,407
462,587
573,649,847
414,992
87,259,485
544,653,860
70,191
639,738
353,924
405,753
22,441
303,867
688,737,773
563,818
342,480
749,780,793
100,681
150,553
37,772
672,729
44,572
15,423,797
20,583
617,685,831
356,978
108,176
15,372
426,561,720
21,835
577,701,799
213,543,659
170,494
108,210
539,880,928
522,858,866
460,991
228,300,389
509,998
202,274,936
365,633
502,757
78,308,379
350,938
107,851,917
304,337
325,852
16,402,411
133,877
177,414
267,438,472
102,600
712,989
616,895
370,821
186,799
152,975
274,365,456
273,731
57,84,983
132,656
