644,878
673,760
784,837
331,782
355,607
4,479,613
390,816,846
598,665,840
195,272,442
175,302
207,653,958
187,390
389,601
95,466,531
263,1000
410,596
356,716
157,959
497,763,786
327,648,762
829,943
265,721
604,949
64,663,831
528,930
424,781
253,424
45,696
49,156
76,244
18,111
240,626,669
141,912
506,686
201,273
183,192
141,813
567,829,977
150,218,389
487,598
300,373,837
10,986
697,954,977
778,956
323,387,815
29,253
55,713
100,951
779,886
226,543,605
448,920
898,927
424,580
40,669
95,298
32,579,750
459,816
252,800
484,591
194,218,745
103,160
255,984
219,515,828
724,876
432,640
17,118,724
170,820,997
89,216
107,203,228
236,558,999
33,119,202
195,276,928
116,233,461
596,896
368,523
38,921
183,705
176,523
447,504,557
160,895
486,567
12,792,861
10,706
252,964
454,928
160,552,655
139,359
187,687,847
625,669
165,733
191,518,856
323,440
80,663
120,493,866
48,892
565,586
109,363
907,989
60,259,807
163,807
218,639,860
284,835
68,204,915
164,304
343,505
313,318
42,106
637,728,801
598,885
366,380
584,901
672,844
430,696,922
468,579
17,630,655
167,310
83,518,994
155,616
797,831
106,278
543,661
437,860,935
441,447
801,903
695,808,810
179,587,783
210,971
248,940
831,898
585,814
186,847
411,470
8,746
120,895
75,888
254,775
206,505
241,278
226,435
321,688
417,833,892
182,849
537,557
383,413
560,1000
168,304,626
82,968
632,714
611,707
125,461
688,704
29,778
125,141,739
114,228
867,936
17,846,930
83,543,809
250,795,948
42,974
491,845,945
473,813,887
98,139
8,110,813
73,509,862
10,621,895
496,816
179,800
436,833
347,592,600
57,458
99,230,442
114,944
426,986,989
720,735
175,760
147,167,793
225,724
26,727
364,932,997
268,873
66,235,713
447,828
484,873
119,584
111,474,675
229,285,854
102,968,988
72,133,192
233,307
648,915
780,893
65,599
573,914
457,776
18,512
38,416,459
389,441
229,504,692
371,752,771
282,388
423,440,797
587,714,888
226,815
373,395,947
468,907
36,356
295,710
470,968
266,915
231,495,758
254,723
76,586
640,803
143,741,778
230,268
78,379
28,198,763
516,793
77,457,714
215,463,679
163,310
852,912
193,497
110,339,563
431,509,964
493,719
27,781,982
127,406
495,875
807,830
226,786
643,772
498,683,972
272,793
135,500,981
915,934
557,752
670,750
452,454
50,226
319,459,715
276,454
187,346
40,160,905
108,707
139,386
604,634
84,502,575
263,492,525
174,895
25,105,392
258,803
374,590,860
37,664
434,617
115,328
240,765
105,487,523
273,554
961,963
106,371,863
372,467
125,164,672
755,769
126,268,503
245,523,923
641,683
115,976
752,950
815,887
228,727,758
39,493
617,757
381,558
479,620
30,435
394,440
691,762,869
173,459,935
54,871
449,692
731,934
198,384,541
421,558,735
162,861
431,682
209,816
258,531
300,335,713
189,589
469,584
839,944
332,489,578
465,537,802
33,438,890
489,669,811
397,909
461,817
484,755
94,238,669
700,843
692,765
163,177,917
793,859
69,519
609,739
31,430,481
609,919
369,827
436,528,855
121,927
310,678,724
21,206
245,881
532,961
114,120,267
487,741
84,321,598
27,953
586,761
68,674
163,242
163,729
376,445
240,908
518,948
516,870,935
74,333
283,344
157,616
437,623
288,837,995
345,398
143,622
753,853
213,776
351,954
47,539
712,784
155,298
2,448
302,703
431,690
769,935
515,551,758
734,791
586,725
303,700
438,464
239,406
405,627,839
206,941
98,543
88,219
187,639
305,446
495,757,773
460,722
592,654
55,186
302,678,763
679,744
312,653
25,828
643,840
7,507
38,514
174,813
75,133,899
13,193,462
785,952
289,523,789
522,579,681
108,206
179,517
243,643
237,408,414
501,737
247,409
940,960
207,314
268,672
810,963
480,576,806
588,635,801
550,707
364,617,804
25,412
140,458,731
647,679
686,783,975
502,510,839
301,571,592
455,794
257,768
138,785
449,554
569,771
524,688
185,239,933
205,963
30,365,533
664,877
728,903
309,319
443,564
497,603
220,268,554
261,834
95,977
429,709
598,762
403,822
69,206,770
497,643
591,659
602,863
426,618
210,281,298
495,863
295,376
195,529
91,623,851
16,638
511,631
223,335
745,953
603,821
105,466
697,871,938
341,412
255,410,636
448,662
474,625,779
317,710
438,730,793
420,448
73,249
440,527
52,766,768
83,404,602
127,246,452
549,839
181,755,917
64,218,629
240,548
122,741
874,893
284,470
424,529
225,431
164,855
348,694
206,708,876
55,64
646,779
624,668
89,99,253
402,734,885
109,384,800
243,568,790
671,766,872
49,130
278,355,773
305,621,778
113,260
317,374
477,708
108,536
464,501
75,183,565
118,433,837
56,339
523,579
408,872
373,773
78,89,658
762,916
180,644
108,135,432
205,278
155,237,266
359,555
6,678
36,59,856
110,112,558
684,708
366,524
353,788
128,133
385,926
200,303
446,558
153,253
216,932
437,566
705,716
155,391,933
404,485,932
196,875
928,952
43,51,98
61,405
863,898
137,522
100,746
488,849
82,290,870
104,822
146,748,867
6,56,107
359,388,486
672,958
792,837
759,947
276,640,724
125,426
73,135,690
159,425,641
291,485,713
506,712,861
388,529
253,873
423,584
387,642
77,666
16,351,493
23,586
224,770
144,974
2,422
440,659,791
97,684,960
237,418,704
65,306
246,792
373,691,899
309,393
145,495
472,571,906
121,455
413,624
178,533
557,949
342,500,866
182,940
159,431,593
594,830
71,308,952
512,659
298,834
114,926
567,612
310,557,856
704,832
169,599
100,135,262
116,332
162,371,681
743,822
270,781,902
632,667
279,712
306,830
507,701,768
63,380,591
375,499,631
93,887
255,334
104,868
8,362,577
147,973
198,680
51,738
273,732,973
60,343
56,377,580
606,814
17,480,933
142,566
136,355
581,897
288,723
230,521,767
50,338
672,916
513,566
926,950
487,856
284,885
11,911
232,313,998
255,394,728
659,723
732,769
9,716,927
418,922
436,745
400,646
224,345
215,344,710
430,515,970
736,783,936
541,791
537,818
515,804
506,907
428,670
657,716
159,868
49,861
708,919
220,988
3,245,821
24,543,799
151,631
133,408,416
66,552
182,356,988
15,122
99,789,871
94,544
795,999
254,265,978
355,401,548
81,189,469
216,255
13,635,709
357,603
271,593
146,167,908
379,704,720
320,878
505,675
211,373
507,782
104,644
76,297,545
53,500
189,784
67,490,561
921,932
38,574
561,643,1000
4,103,972
231,878
361,606
155,242,656
158,702,721
343,592,855
243,297
561,867,918
129,299,367
616,661
726,942
469,960,993
30,660
74,223,922
499,914
832,876
238,541,756
343,448,559
277,436,494
458,527
27,847,889
895,912
457,764
163,218
537,790
330,782
152,577,968
208,257,755
487,682,961
508,813
102,272
478,723
14,237
317,643,805
567,683
196,319,487
34,880
393,614,925
751,892
63,953
222,244,455
17,849,865
597,639
83,378,876
692,965
105,908
592,823
905,965
687,725,744
264,850,963
626,894
95,326,523
91,819
218,855
618,725
490,758
636,651,825
180,289
890,902
205,613
567,821,825
116,881
212,719
83,334
95,467
549,836
381,938
11,885
821,970
133,999
581,892
24,763
118,418,575
35,673,918
138,819
192,407,536
198,746,772
16,643,685
133,654
198,435
979,996
20,778
547,903
568,651
469,681,858
267,690
397,655
169,826
394,825
472,973
505,745
451,969
440,579
95,690
438,862
417,501,617
162,708
303,520
734,787
171,845
580,897
127,387
137,258,685
96,401,853
170,869
473,569
873,907
450,887
406,550,711
88,95,149
445,695,904
295,406
20,606
100,207
172,329
38,164
364,438,826
554,851
451,869
783,867
626,809
510,690
478,498,681
98,665
339,718
386,431
133,168
622,740
262,411
590,866
218,822
431,757
345,934
105,162
412,906
458,669,732
580,713
26,63
5,362
974,991
211,277,737
256,515,769
171,421
110,972
84,430
105,490,768
372,663
81,877
380,724
93,611,632
86,655
622,913
2,914
218,637
275,522
53,807,909
316,354,902
559,809
43,136
748,861
497,532
659,710,846
83,631,894
270,898
119,651,753
694,911
371,722,808
354,460,868
126,997
88,187,331
14,325,570
139,443
337,354
304,923
647,933
113,730,928
183,419
242,630,888
516,663,809
443,531
287,795
639,702,867
205,720
43,662
575,861
541,579
325,341
7,99
694,750,861
154,602
156,260
257,890
257,575
14,554,783
357,588
67,385
123,230,801
607,932
342,938
365,395,534
132,580,946
117,915
478,962
460,581
99,298,377
259,389,632
234,821
96,634,898
207,516
335,403,476
729,818
731,829
493,672,785
503,962
42,373,470
750,801
450,715,755
162,572,749
848,979
269,881
770,869
239,603
861,940
284,794
247,593,698
719,971
649,665
115,328
355,419
91,107
120,848
188,646,722
394,441
714,744,880
277,650
136,550
269,416,787
191,620
825,999
63,392
901,982
596,990
222,445,960
26,431,925
686,755
641,755
255,315
169,542
846,986
709,794
58,997
183,629
660,692
209,232,598
22,713
306,578
200,693
169,599,862
145,344
144,797
673,927
261,369
69,391
214,742
585,937
28,268
538,907
133,860
53,354
231,344,575
43,916
300,706
626,907
200,482,500
425,485,783
67,218
619,887,944
399,418,528
266,550,937
12,166,891
133,431,904
119,331,862
631,713,918
49,223
364,748,917
14,37,821
275,916
14,449,617
402,631
64,435,787
14,292
217,263
349,916
377,425
455,506,650
20,714
181,269,763
192,696
260,346,581
499,807,940
587,819
304,493
331,622,957
782,973
214,441,592
9,194,894
86,984
590,999
516,895
429,684
228,521
485,566,868
335,526
356,523
500,780
367,449,738
1,381
196,730,926
21,411
176,684
455,826
466,493
61,97,796
443,928
413,631,647
343,494
47,894
110,661,867
218,569,676
147,356,941
252,777
165,452
29,622,830
151,784
536,986
308,809
72,498
409,460
13,62
687,703
57,68,911
341,810
506,553
552,921
373,431
496,910,986
458,479
227,606
175,411,998
551,850
197,787
28,46,770
68,436,770
350,492,969
45,340,573
380,825,844
260,422,776
887,890
544,586,729
602,708
731,929
297,420
94,387,728
122,326
164,874
125,686,917
6,101,177
274,367,934
362,969
191,435
554,676,764
452,466
710,862
695,929
611,639,804
397,856
200,425
347,719
156,372
153,156,517
402,942
278,788
135,163,468
150,259
653,772
141,313,395
440,692
115,151,548
320,714
834,946
493,826,953
330,623
267,852
188,903,991
145,562
556,569
218,621
62,310,459
576,844
55,373
443,714
75,132,312
318,627
317,999
12,911
3,404,902
292,335
594,616
550,648,728
267,926
370,955
301,642
261,551
54,673,810
679,753
57,606,772
51,886
19,373,910
664,917,975
128,852
24,600
439,691
299,749
70,868,973
378,876
336,408,880
433,557,678
755,775
242,462
184,497
204,238,699
224,327,892
420,847
307,928,996
15,247,659
123,895
104,130,862
166,615
135,270
87,372
274,522,876
515,789
14,126,406
73,385
214,374
789,813
93,303
855,876
323,470,483
335,461,814
91,880
318,333
521,589
366,382,398
944,964
535,654
698,998
27,592
185,952
93,744
268,654,866
51,786
286,311,621
480,572
527,742
59,191,626
24,529
556,717
470,1000
125,377,765
755,846
621,984
77,944
130,255,932
59,222,445
402,893,977
892,923
867,893
29,293
78,692,835
330,813,882
618,707
631,695
705,782,898
74,226
137,735
584,943
26,503
263,969
311,486
799,929
3,429,891
17,974
111,134,936
338,799
274,797
260,936
156,512,806
152,259,620
20,736
757,843
219,226,840
86,615
229,411
133,329,976
594,675
804,891
403,809
56,278
857,867
241,587,641
388,731,777
2,650,708
685,759,965
123,140,608
122,596
303,416
171,403,757
14,131
292,612,682
256,956
22,668
391,591
77,161
182,979
232,948
54,835
126,405,726
44,583
679,895
86,480
431,472
237,502
34,348
61,586
115,212,839
246,528
505,633,838
76,351
230,240,259
94,134,333
619,823
699,961
204,894
464,663
818,868,880
351,439
287,500,648
195,515
308,406
823,865
201,656
31,397
350,962,983
525,568,595
548,875,978
350,484,593
79,724
160,735
70,690
318,638
319,725
271,679
286,647
414,810
140,516
380,490,975
168,308,660
143,353
404,918
375,501
44,529,549
181,469,738
68,961
131,630
578,733
164,800
186,278
56,673
803,956
422,659
344,616
440,635
831,845
84,437
865,915
164,181
12,803
620,759
485,878
464,752
55,427
24,62
186,274,395
211,214,449
686,951
175,323
87,359
647,871
110,509
356,553
2,576
26,215,778
41,76,710
31,430,698
515,555
625,650
44,109
643,908,955
522,633,952
703,762
460,992
539,805
179,385
2,544,964
345,461
605,906
168,608
199,217
26,172,903
226,854
116,691
386,544
947,985
562,903
160,206
101,993
63,249
106,207,981
108,541
671,855,919
87,544,928
39,414
366,525,610
642,920
154,507,762
396,736
510,848,962
338,704
671,909
216,1000
319,580
454,563
12,746
319,774
39,215,432
136,420
331,619,935
342,450,596
26,405
31,114,714
71,897
198,296
751,813,871
294,456,675
239,378
3,469,695
404,541
764,893
424,668
196,790
166,556,879
655,886
476,708
30,693,858
877,932
8,270,643
340,394
873,952
166,669,876
38,49,785
65,116,383
29,205
235,237,547
414,889,898
73,274
145,731,855
242,750,920
81,600,709
456,514
640,837
624,870
149,519,724
135,205
678,713
60,670,674
59,625
210,231
372,483
5,535
221,227
129,214
163,229
725,952
330,676,837
60,193,654
2,251
87,543
620,957
256,316,834
340,407
31,306
501,796
96,114
560,632
264,702
39,585
32,124,214
592,770
334,940
650,774,801
757,998
344,491
419,985
200,521
382,947
313,711
237,532
71,268
591,605
219,438
393,430
271,327
127,171,588
607,978
270,734
398,859
248,608
460,501
133,745,817
220,656
6,363,366
70,699
339,377,950
45,366
84,810
82,223
291,349,514
59,362,893
444,775
43,332
132,470
10,880
352,443,473
214,464
628,849
365,517
401,509,977
537,833,986
114,288
403,725
182,739
403,946
9,21
751,800
514,808
367,393,516
91,214
97,174
547,793
104,997
142,736
361,515
346,678
446,758
188,476
596,690
85,125
79,638
97,811,911
102,963
91,828
18,173,520
427,510
132,175,617
568,589
104,112,532
513,549
692,721
589,876
635,701
508,934
112,141,944
405,452
122,675
525,846
203,640,754
326,755
51,705
127,526
269,493
449,930
13,719,777
519,958
39,176,723
492,772
316,973
624,892
87,404
115,854
167,500
596,631
121,140
434,838
130,605
1,934
98,136,348
746,904
78,455
352,652
278,563
80,974
105,126
73,871
332,398,483
170,735
148,544
90,473
413,783,794
667,713
719,814
92,260,297
239,266,412
449,946
46,740
50,272,862
103,515
243,599
164,595
237,314,795
363,969
36,472
249,550
326,656,695
14,994
208,811
772,862,863
261,317,487
120,358
462,728
153,549,571
370,494
102,184
129,221
597,856
158,208,363
43,237,270
413,512,949
231,552,673
1,442
45,160
304,328
157,852
164,708
539,910
378,937
84,192,769
484,730,740
108,368,481
173,705
553,653
764,932
85,663,947
175,340,485
474,502
111,236,662
99,502,553
22,161,336
383,519
696,862
32,679
406,749
59,900
281,675,967
468,946
289,405
353,622,934
348,362
346,685
314,419
516,792
220,846
792,868
408,789
92,867
383,567
24,445
489,584
523,699
52,53,244
246,898
876,955,976
130,653
410,722
615,632
232,299,972
372,844,966
554,843
472,860
696,827
233,419,948
493,635
332,382,620
668,672
501,841,923
153,936
234,661
523,741
151,996
128,797
543,732,743
137,329
522,819
24,735
225,286,507
503,559,919
482,691
303,849
315,504
553,984
987,997
585,644
828,882
13,663,863
32,796
614,668,771
358,518,746
194,566
423,753
91,112,942
262,297,381
426,522
170,484,975
498,794,999
294,908
41,142,690
138,702
447,833,958
207,489,900
687,730
546,999
40,514,755
759,914
460,688
294,812
204,207,372
533,544
764,943
13,660
576,627,880
168,489,671
163,835
474,532,770
308,402
5,770,937
117,172,385
370,510
23,231
160,242
639,779
457,585,829
91,633,796
362,847,856
65,273
71,444,968
121,166,632
6,116
62,411
167,188,312
336,663
248,793
734,999
372,960
799,992
611,673,872
7,993
605,622
350,367,805
162,777
262,683
18,47,933
140,387,559
391,691
75,968
430,888
537,757,790
107,172,842
380,696,740
417,460
176,193,325
556,745
359,603,693
377,420
692,715
288,710,748
577,584
192,389
634,910
419,601
254,391
39,217,438
532,937
17,225
600,978
929,946
176,748
30,449,579
249,772
499,600
446,563
127,452
139,415
136,180
65,237
20,713
79,799
91,673
382,389
6,252,779
116,151
597,836,869
159,425
180,438,821
136,958
23,60
41,824
170,480
347,700
525,751,956
175,998
597,1000
482,616
66,196,960
316,458
27,47
20,199
166,255
205,357,923
704,950
754,759
184,316
332,819
224,244
453,589
20,28,772
238,395
186,871
590,781
398,785
118,324
457,585,763
193,535
369,740,921
838,937
289,613
110,648
538,621
472,883
250,675,869
33,387
458,467,637
438,613,980
22,382
542,710,740
86,377
703,762
539,916
267,648
451,855
661,943
120,776
269,354
128,839
522,529,807
737,858,946
187,591
9,819
17,332
715,769,913
567,974
208,248
585,770
335,634
184,337,859
150,971
496,777
194,227
315,406,732
415,682
205,529
810,923
9,524
20,733,903
38,55,880
63,96
343,355
587,596,733
257,657
724,825
123,801
795,865
250,495
119,426
633,745,960
124,371
736,761
15,733,761
676,699
332,358
46,158,616
169,919
216,620
378,765
140,528
75,943
317,396,561
211,976
150,811
318,551,583
451,637,911
466,995
78,800
804,993
113,350,927
502,959
29,463
464,857
559,592,717
472,764,984
275,427
203,438,984
666,760,933
883,912
274,752
133,870
33,708
275,549
105,881
588,804
264,405,786
529,940
46,609
509,638,661
126,242,637
340,393
438,517
216,294
36,828
25,775
689,800,868
519,966
395,693,807
309,357
302,358,543
59,333
436,844
241,329
108,432
745,747
173,691
332,355,986
25,35,973
474,911
71,198
670,684
24,33,926
20,623,925
378,994
312,848
622,793
655,672,701
619,751
151,417,858
688,887
203,554,814
470,510
88,906
391,908
515,795
278,844
253,260
338,721
440,495
133,635
132,402,561
517,616,849
485,761
345,655
308,434,449
336,860,870
97,713
100,158,600
232,538
190,551
660,834
17,764
764,974
70,423
337,917
145,435
87,689,762
203,737,833
229,842
378,833,945
924,998
797,980
175,848
185,309,618
700,766
48,886
501,862
651,850
91,401
803,921
272,761,970
266,829
238,466,548
741,920
514,795,863
373,487
75,531
266,436,579
542,655
157,498
183,509
425,455
59,946
86,909
96,663
251,497
79,210,697
392,813,892
102,235,871
460,748,909
91,428
139,986
313,828
478,522,835
163,200,507
43,702
437,851,950
278,1000
383,561
324,918
163,966
628,730
237,241
719,916
986,1000
200,688,824
353,914
298,575
201,526,928
300,794
194,230,905
123,632
171,216
326,759
217,757,765
63,935
20,73
545,780
145,154,941
292,304
738,937
55,213,795
709,890
401,898
18,183
191,440
436,930
24,559
273,536,949
609,907
398,654
487,657,808
456,549
704,899
400,408,924
92,266
512,794
478,617,937
250,904
254,276,408
155,898
41,311
33,420
340,506,937
310,744
368,514
110,815
181,310
53,194
123,140
197,450
402,635
114,648
202,828
183,560
40,495,587
287,992
31,853
114,956
174,602
192,552
416,866
182,424
309,417,729
528,669
245,338,531
101,874
116,819
171,404,820
134,641,990
733,741
356,594
287,438
384,423
130,222,633
397,442
71,941
685,926,937
488,601,785
544,670,774
530,654
51,992
478,666
471,857
81,546
272,964
543,918
16,158,980
145,961
444,659,678
512,578,821
20,495
82,547,730
339,585
481,563
113,295
705,773
891,913
595,666
53,597
44,364,517
552,843
582,840
44,878
156,160,988
236,748
633,832
50,902
361,869
233,766
174,522,536
157,341
7,48
332,639
183,291,705
328,631,711
293,379,460
437,441
185,624
84,300,424
279,812
150,969
470,934
928,953
610,854,977
630,955
427,810
742,877
637,952
673,835
291,646,706
450,529
224,785,872
619,700
70,116
72,731,980
647,851
78,190,304
687,970
20,574
589,609
930,994
839,951
431,490
17,993
621,789,810
265,496
204,251,728
728,934
364,683
356,660
372,693
88,530
12,544
619,949
549,942
733,859
266,863
128,315,963
363,397
316,393
570,608
141,810
146,414,653
485,714
35,224,763
105,977
51,690,937
59,654
4,206,315
42,913
265,382,886
273,526
63,937
658,929
729,803
442,529,676
233,511
558,858
653,688,928
576,915
279,619,853
904,934
563,828
343,791
114,281
464,575,639
229,844
74,553
304,444,713
312,657
176,624,866
366,795,989
43,294,910
283,808
504,647
128,400,885
361,454
150,462
418,991
748,818
267,501,574
596,686
640,857
513,588,955
729,756
64,507
87,612
489,625,882
366,590
41,319
658,659
339,411,797
196,954
376,995
187,889
500,563,938
698,998
571,581
388,588
53,951
359,922
82,249
780,814
51,720
304,574
392,691
97,199
622,722
594,738
136,429
158,690,855
338,703,954
41,720
301,783,855
636,970
552,645
576,724,795
292,509
4,449,723
217,330,419
355,848
561,795
465,478
416,667,735
57,614,622
125,610,613
199,274
206,506
121,416
283,850
666,825
152,804,939
481,876
308,959
235,609
546,564
22,29,644
230,427,703
244,427
820,858
621,840,867
238,442
424,587
102,263
451,571
65,746
297,426
319,825
69,597
360,451,529
103,453
67,662
456,517
527,784
503,665
42,550
196,394
711,725
567,965
50,64,131
209,407,992
400,519
300,572
66,678,859
59,178
609,738
37,471
443,738
413,510
668,792,853
184,773
142,207,680
226,643
350,561,812
94,865
684,790
71,328,777
500,685,864
393,940
353,533
378,683
404,565
94,447
276,366
354,567,943
581,800
153,626,974
306,863
35,72,926
106,526
131,639
139,272
163,499
711,839
517,591,841
498,966
470,692,893
137,962
235,596
242,323,371
429,585
583,622,756
600,943
817,883
167,247
597,827
473,742
35,785
610,644
6,278,856
184,890,997
366,408
86,895
63,257
629,889
593,848
30,388
36,749
128,591
133,868,953
728,976
147,622
209,389,417
83,649
299,533,921
769,967
446,967
329,754,992
84,441
248,669
562,691
450,553,765
282,439
273,536,774
447,725
308,926
209,897,985
460,990
32,166,474
426,773
139,570
453,647
754,781
356,458,576
289,985
110,134
606,652
23,771
555,633
28,727
884,895,978
11,53,116
353,669,895
584,803
213,698
461,562
385,860
117,239
433,986
881,896
814,989
175,202,845
399,637
463,871
507,623
715,840
417,496
623,910
602,904
15,749
95,318,599
148,274,807
447,707
38,874
352,727
226,234
33,730
65,924
835,917
523,616
376,941
200,395
236,775,783
698,759
6,533,696
48,420,672
223,302,575
685,857
50,773
42,841
361,425
880,999
862,892
594,957
94,713
186,927
72,552
573,624
28,884
153,850
428,846
326,683
211,631,731
366,692
171,992
11,832
299,341,486
656,834
358,627
551,598,811
80,628
68,482,602
148,629,930
14,505
38,381,693
31,637
400,668
45,513
64,186,246
607,683
142,420
441,945
690,908
344,602
95,135
70,425
123,824
708,834
628,748
68,211,811
624,958
521,657
226,651
482,990
707,733
233,655
398,949
482,777
21,317
54,741
29,570
191,801
844,896
776,779
91,496
192,690
315,328
306,998
612,729,768
288,409
338,498
249,755
413,625
598,636
89,350,385
311,675
258,567
109,894
92,723
76,796,823
22,203
33,728
795,843
90,542
395,508
222,268,796
762,948
511,529,665
721,992
394,810
164,913
783,802
248,622
43,93,118
238,995
580,907
174,722,850
422,540,629
679,716
445,467
530,936
242,824
474,839
567,674
223,290,814
349,843
540,591
710,992
144,640
238,653,739
836,974
315,656,799
385,625
275,305,641
149,680
234,962
176,637,920
270,399
227,677,984
171,631
456,954
496,627
493,613,636
725,976
156,475
274,436
269,950
238,270,433
354,485,534
270,892
158,783
198,419
788,839
279,480
198,648,887
207,612
171,951
153,374
94,526,858
77,322
97,104
113,797
460,876
450,621,889
990,1000
596,806,855
48,580,714
14,729
539,913
29,547,720
644,692,896
286,303
121,505,996
117,174,331
95,133,911
393,725
410,857,936
256,783,870
198,773
627,950
794,996
203,338
145,288,798
328,626
701,731
260,289
402,554
432,917,931
336,760
105,592
107,947
557,712
221,960
154,417,469
328,952
653,870
836,883,983
122,780,798
104,178,425
493,607
274,434
253,475
358,426
113,257
429,813
642,904
142,852
140,417
940,962
154,257
217,430
147,836
518,887
278,496
402,970
111,781
244,329,911
689,880
14,802
723,772
159,539
666,916
94,183,955
133,344
114,137,547
167,294,504
89,826
444,784
72,647,839
549,567
469,581,991
212,565,750
276,302,426
347,911
48,90
89,546
623,882
556,602,698
218,555,614
461,734
855,983
213,487
528,577
320,636,647
141,236,412
530,881
140,150,163
190,833
282,722
436,719
161,398,951
409,553
473,478
82,335,557
91,645,938
211,867
197,686,697
263,311,957
99,564
319,873
471,546
301,633
463,750,802
140,248
515,739
12,658,888
226,477
669,842
46,179
490,789
675,828
261,686,848
4,81
153,461
667,992
84,198,997
27,238,744
538,626
285,589
645,992
47,88,704
42,80
209,734
318,773
146,845
751,799
223,901
347,537
544,592
213,870
525,679
506,991
274,537
420,807
207,469,638
269,533
620,663
161,518
339,878
399,513
264,495
23,586
162,342,361
335,795
123,784
271,599
66,506
77,110,262
422,939
610,681
251,952
62,332,345
364,661,803
533,766
233,511
611,798
534,676
163,771
11,116,986
168,407,953
513,608,867
49,680
60,764
820,858
335,985
299,361
134,138
931,954
576,755
263,400,441
184,422,994
259,543
139,211,589
819,908
525,643
310,596,720
542,951
91,139,524
512,990
348,358
273,660
182,255
180,671,911
370,549
68,603,676
206,230,802
610,736
275,414
421,756
525,917
82,957
287,417,715
450,747
30,531,994
139,588,959
811,907,937
287,700
719,811
652,993
838,911,918
380,850
468,782
426,839,851
212,861
135,326,531
862,923
341,758
486,656
678,903
609,710,852
376,810
762,777,976
272,576
736,970
101,180
124,790
90,158
263,610,840
520,1000
918,919
264,687
6,298
133,213,279
372,520
115,361
180,759
323,819
590,644
438,736
414,978
501,805
152,473
19,44,79
28,905
131,218
81,600
159,497,616
46,527,669
246,381
901,982
439,715
207,565
126,800
528,979
302,887
416,874,890
531,755,921
537,560,728
620,799
491,761
95,844
777,836
340,470
546,797,959
298,402,764
102,684
404,617,894
413,492
681,729
229,935
592,868
255,854
285,821
239,488
601,886
150,456,745
318,514
415,509,650
366,581,622
813,985
920,936
295,483
17,949
10,791,839
676,749
323,784
211,712
612,670,986
147,315,560
41,180
509,704
41,888
24,495
256,384,906
434,675,856
383,653
18,137,701
882,886
428,791
325,369,602
39,107,695
302,592,857
134,245
631,905
139,613,865
868,936
839,950
551,739
172,388
584,738,854
269,881
32,163
322,706
34,112
222,571
499,894
172,725
258,262
391,509,961
223,981
58,269
97,905
189,618
364,570
44,698
3,472
939,961
338,422
253,360,956
411,704
655,909
283,423,954
491,977
427,580
488,724,751
712,940
450,499
143,314,345
415,489
55,409,496
250,456
257,300
83,477
71,432,728
759,811
56,809,868
267,581
181,360,371
217,774
56,322
245,844
443,592
9,785
448,455,650
263,470,690
231,749
568,739,868
516,795
463,681
227,588
44,132,385
147,185
261,484
218,996
598,856
565,882
354,421,756
243,850
280,351
527,802
323,833
67,835
33,551
567,801
631,931
103,778
268,637
81,107
457,700
190,757
826,834
392,739
128,244,299
59,121
258,270,337
3,827
854,943
547,700
113,184,782
397,859,989
196,528
446,710
492,994
463,897
285,546
34,897
14,292,631
852,1000
852,942
531,636,888
14,669
60,292,541
35,275
523,745
302,689,806
333,416,931
318,478,586
122,271
17,533,853
146,536,947
309,729
595,657,816
24,419
555,588
239,434
89,287,668
452,793
47,906
92,411,974
117,222,277
497,947,1000
136,533,734
337,805
19,396
360,861
324,400,854
326,995
428,463,770
331,460,843
3,690
198,257,489
89,961
40,881
168,570
141,194,721
193,404
395,543
446,641,780
309,663
45,798
558,945,987
97,130,807
367,671
801,879
280,430
54,56
22,961
202,721
47,953
265,394
108,815
65,915
16,724
186,400,619
140,505
67,220
271,610
121,774
486,991
44,612
95,424
109,282
47,542
583,831
414,690
580,943
532,784
162,988
170,312
228,850
520,622,846
81,523
140,283
317,394
76,836
6,758
127,636
16,258,490
81,478,757
180,969
73,326,758
328,813
459,720
408,610,896
350,853
151,238
364,822
179,748
352,585
210,397,528
45,949
66,857,860
421,668
570,858
113,357,757
473,649
69,441
617,836,840
213,382,726
188,333
271,440,604
209,570
208,304,751
782,994
147,525,553
444,787
23,243
271,456,758
435,450,515
540,919
394,878
334,527
356,755
662,899
284,602
49,88
358,994
27,231,701
624,997
117,383
765,862
68,694,952
261,414
71,573
308,556
10,343,565
560,876
172,266
458,711
819,914
11,252
90,568
513,962
400,899
130,468
501,952
385,954
27,989
427,789
625,688,936
212,494
264,710,927
12,595
82,829,943
440,584
590,892
67,556
272,672
274,490
295,393,795
238,839
596,699
179,808
103,239
149,584,679
559,727
258,865,996
370,647,715
546,584
299,799
362,858
274,576
9,311
64,707
495,983
195,291,758
34,627,937
126,393
382,860
810,992
669,957
152,198,678
380,736,889
75,155
521,890
522,844
349,755
674,747
411,730
263,607
194,387,445
200,702
779,964,992
682,920,929
337,560,982
12,919
125,511
273,894
140,367
297,310,471
80,156,912
210,267
144,285
576,673
343,443,543
785,794
637,648
241,307
566,820
19,858
179,488
317,390,422
119,936
273,788
617,894,996
38,173
476,752
208,296
135,261,510
298,777,928
30,62,416
161,374,421
961,966
373,604
142,761,941
194,214,467
84,180,842
605,619,670
53,291,688
17,642
846,987
897,929,953
81,825,960
5,819
152,314,939
142,196
9,176
29,197,967
312,502
361,699
229,310
231,721
405,894
387,800
402,845,917
218,494
9,658
263,864,888
336,355
650,738,876
134,549
358,843
205,316,493
202,979
130,660
665,975
238,550
865,951
459,795,829
326,636
72,771
29,936,995
379,599,659
638,891
403,411,772
43,663,923
63,120,401
176,532,747
195,380
780,908
475,736
373,542
825,965
241,259,505
577,885,944
109,565,841
268,810
81,558
160,775
46,258
312,509,874
633,636
500,664
16,888
29,396
437,883
229,733
130,374,453
627,661
13,443
95,997
15,337,504
587,828
297,468
63,473,522
62,571
71,240,603
61,547,773
4,465
128,377,781
429,666
458,648
273,532,708
294,698,797
143,195
148,500
264,338
477,480
413,561,844
215,418
543,950
174,960
614,905
329,520,705
90,205,800
343,805
660,709
205,244,459
360,718
367,389,393
741,873
299,924
430,760
92,157,465
250,853
353,428
519,598
171,499
176,674
297,317
515,545
117,826
68,709
307,629
211,681
233,647
24,591
285,869
373,551,640
40,311,961
147,221,328
354,677,833
236,800
353,735
754,856
200,816
33,913
91,874
416,420
97,378,815
223,241,776
163,189,608
168,227,926
145,479
502,719,787
687,764
407,701,879
706,864,961
502,766
387,725
325,998
300,603
141,267
506,527
266,687,973
146,178,272
111,410,412
37,589
532,934
59,171,449
510,868,932
278,382
109,413,875
159,425
331,885,927
9,750
323,388
101,974
256,621
206,544
662,780
200,545
485,612
451,835,958
22,314
177,273,742
393,616,795
476,635
652,830
745,814
142,675
555,972
15,118,127
510,582
298,707
647,805
170,380,597
298,898,899
439,949
545,975
186,494
809,954
141,384
711,903
408,930
115,396,699
155,395,658
269,641
152,346,393
318,730
459,681
734,987
649,848
443,970
43,49
349,400
250,738
299,980
248,595
189,695,731
206,449,858
56,723,883
387,976
397,493,561
589,960
174,539
51,938
18,814
206,335
141,638
73,819
188,306,643
235,459,902
612,658,914
221,379
193,550
21,330
235,788,800
545,561,862
203,381
322,511
33,853,916
102,442
304,570
896,974,981
528,806
305,927
154,340,347
514,583,999
36,391
60,68,165
224,688,736
703,835
431,466
190,556
57,647
776,967
23,597
20,486
367,384
86,824
525,843
29,593,875
546,553
491,843
50,684
234,850,950
198,533
231,771
229,244
110,287,998
69,331,947
855,943,944
151,387,405
637,993
357,428
554,899
625,878
510,699
281,302,832
199,331
752,884
163,505
321,963
188,244,380
142,942
41,383
660,664
438,735
928,937
305,571
163,635
392,420
300,737
394,519,673
342,835
28,158
30,418
463,515,942
653,785
226,281,396
313,582
330,715,967
430,898
25,392
101,339,966
14,387,464
135,881
94,950
343,492
429,544
188,624,652
71,905
318,583,933
440,545
589,660
53,495,535
450,494,833
91,466,468
3,300,348
614,632,730
37,153
423,446
115,482
127,642
114,912
120,689
172,591,754
400,997
71,160
237,444,933
145,750
162,448
287,552
140,443,567
28,187
16,931
635,743
172,544,863
83,147
457,482
789,990
97,770
240,489
101,754
195,550
30,774
457,623
745,952
527,751
524,709
413,999
322,595,935
142,821
37,136
277,694
288,847
127,359
281,636
860,961
659,839
313,937
471,825
260,844
744,902
67,737
808,911
49,116,628
178,534
186,786
116,362
196,401
544,618
56,94
641,925
84,182,858
454,849
58,392,785
46,995
163,660
549,860,875
321,502
196,559
610,778,909
230,239,568
326,820
471,583
263,365
27,856
248,758
263,765
386,508,784
221,516,626
8,920
314,660
596,878
491,735
58,461
774,802
201,872
241,565
439,772
537,548
162,435
118,754,839
30,850
142,928,955
198,929
352,785
191,605
27,345
714,781
537,650
777,937
381,867,885
429,608,759
28,114,714
609,626,822
97,618
476,651
37,594,683
763,910
461,931
88,908
163,443
90,923
240,771
128,557
626,770
461,646
87,406
94,949
377,816
494,581
121,126,711
533,699,978
278,523,885
602,743,855
543,861
423,448
34,431
609,669
431,607
452,909
556,743
126,340,586
58,575
166,189,743
13,372
636,664
473,930
112,335
361,924
300,664
270,943,986
927,980
20,403,833
31,713
429,846
503,508
563,909
657,964
702,848
263,525,893
741,765,920
63,898
398,704
73,421
2,233
6,43,473
675,780,845
683,870
114,223,575
76,795
356,973
767,823
36,492,992
384,697,715
613,838
341,469
668,976
93,511,756
835,969
105,667
372,815
31,107
347,778
289,739
734,804
43,492
861,940
653,697,868
73,899
437,483,924
302,445
289,333,598
536,624
380,567
29,466,470
342,687
458,506,573
232,514,942
326,760
227,563
113,170,505
372,476,571
264,531,736
479,945
81,721
411,804
189,908
181,437
640,914
409,668,948
566,572,911
415,818
6,78,656
8,72,194
314,382
195,686,938
391,444
4,673
869,901
501,508
24,609
398,835
26,206
163,708,752
87,877
182,685,982
428,777
251,670
313,614
525,553,587
212,526
31,178
696,781
407,961
31,402,976
181,456,555
108,827
1,638
105,183,442
3,432
150,955
590,901
92,286
168,694
11,835
401,776
318,327
132,280,936
11,613,714
662,775
300,582,1000
165,170,196
6,652
13,185,556
261,328,756
28,136
571,614
97,839,914
367,617
56,467
56,291,421
270,481
89,299,889
86,165
108,687
46,793
153,641,764
324,491
152,268,761
107,115,904
565,996
323,790
873,888
309,404
48,244
435,932
23,782
18,327,421
12,711,714
775,844
109,542
2,907
541,822,881
60,277,614
313,922
49,623,704
298,458,971
832,975
163,928
104,210,953
312,594,878
257,796
150,918
333,377
378,852
92,425
193,810
322,433
673,730
336,425
624,904
393,885
506,642,807
382,535,707
175,368,438
462,642
267,688
546,961
315,353,571
532,895
407,886
148,150
33,64,205
151,467
20,915
237,926
56,355,357
126,129
265,499
339,411
162,608
825,906
60,732
133,246,705
532,676
104,681
374,694,835
112,452
210,987
131,446
811,965
304,642,703
255,561
165,739,871
129,855
528,997
854,959
745,802
141,867
48,414
368,564
273,506
117,990
90,592
711,717
138,840
530,655,878
111,434
327,330,645
243,725
426,601,668
167,567
602,960
218,268
663,815
733,814
123,718
345,400,576
104,375
886,985
498,617,671
81,266
194,465
445,942
112,350
400,591,655
76,575
277,451
9,561
192,425,768
812,852,942
6,933
732,952
57,323,650
195,810
5,846
67,265,865
436,650
458,667
467,688
69,387,658
578,603
371,492,737
155,215
2,890
708,947
110,376
73,974
230,513
76,423
146,177
412,783,810
214,357,796
230,877,884
355,601
257,492
338,390,788
734,938
868,983
178,923
605,731
842,950,975
96,540
610,869
530,873
410,591
210,300,556
423,449
780,875,998
389,496
238,669
109,876
5,624,763
426,483,921
23,317,869
323,474
25,724
657,716
412,758
126,873,915
778,797
356,531
400,463,803
35,502
372,373,716
30,76
432,456
385,469
314,759
607,926
594,675,789
200,766
361,551
372,614
87,376
621,923
165,710
15,245
32,239
768,817
343,877
133,816
62,203,909
560,784,802
160,230
102,983
357,891
451,544,934
572,633
86,872
219,473
26,715
543,676
155,633
411,614
166,389,709
13,126,608
136,256
331,868
265,672
496,951
215,373
14,461,514
727,821
247,539
56,440,748
417,993
865,892
579,589,838
240,996
138,268
15,93,183
94,568
49,250,629
194,275,682
85,790
524,916
391,567,862
476,600
83,615
337,664
272,432,857
71,475
199,307,831
705,872
385,755
260,970
585,804,924
192,872
13,771,903
335,649,989
59,579,756
151,376
47,463
344,553
312,542
312,495
198,246,707
274,979
514,664
576,869
300,411
371,784
324,776
453,567,680
239,298,382
426,766
447,448
237,627
143,607
260,567,981
345,390
305,530
31,978
381,409,737
307,461,872
790,820
330,527
173,866
169,844
901,996
99,170,490
334,632,918
276,604,635
120,779
550,632
86,254
211,483
589,777,971
186,362,776
459,829,958
439,703,884
717,986
225,461,960
226,449
263,948,989
140,670
172,717
491,517,666
25,937
290,352
179,788
15,101
128,601
118,321
520,639
63,672
158,652
181,887
265,443
853,993
114,518
174,193,879
665,872
10,276,754
188,600
545,854
575,779
336,860
3,533,941
60,926
921,943
401,871
152,232
79,627
138,274,891
666,906
459,901
14,73,781
633,646,664
180,437
354,667
217,387,989
249,438
268,489
69,259
17,74,779
178,519
224,911
217,456
117,132,234
130,451
325,956
12,369
933,979
226,452
37,977
466,734
70,417,737
343,677
628,979
141,568
196,788
145,533,963
279,942
148,921
228,724
977,982
154,540,740
51,762
71,455,728
705,779
639,899
419,471
346,732
27,173
61,419
733,895
556,987
80,830
8,648,922
82,175,416
242,934
436,725
250,935
172,419
94,646,709
827,972
477,709,988
404,833
109,880
144,573
185,451,674
311,367
524,546,637
73,385,901
4,305
127,728
52,684
355,539
11,175
276,365
428,562
67,664,760
438,722
104,187,708
188,472
27,302,900
194,879
144,670,837
420,728
308,505
200,630,933
255,263
299,972
142,271
125,147,932
201,477,660
12,974
79,847
38,534
145,214,681
183,509
138,241,668
265,789
24,868
124,315,712
260,381,530
426,680,945
131,402,563
695,923
21,335
289,755,764
37,396,509
643,935
403,879
143,146
27,318
610,695,762
80,459,713
534,890
94,143
226,965
520,834
411,977
38,317
61,306,632
230,636
535,604
25,38,680
53,581,653
189,536
442,796
184,816
793,866
253,730
181,236
311,368
222,609
157,303
140,771,923
32,50,587
110,421
270,356
308,415,923
259,447
347,443,559
90,329
186,399
728,791
354,926
196,232,968
182,769
799,992
537,771
344,473
683,783
465,889
394,492
700,788,957
71,615
12,583
2,23
132,336,537
436,767
434,550
437,476,480
435,600
230,357,573
260,625,912
408,691
388,643
6,32,373
345,863
453,958
84,385
565,809,978
149,551,836
531,657,825
881,953
243,401,600
510,664
191,792
330,851
517,555
74,905
762,888
133,974
341,370
235,354
758,764
266,526
469,752
253,755,848
18,164,184
180,780
231,546
698,707
278,537,633
513,604,740
136,158
219,440
375,629
583,891
303,367,721
103,645,817
63,100,622
286,647
59,580
50,326,775
460,675,723
145,151
209,520,799
460,511,985
169,594,841
176,449,489
364,647,896
220,836
270,358
470,616
36,306
669,717
109,805
209,646,689
615,923
540,845
579,819
413,878
216,385
342,463
828,962
57,631
335,421
101,384
193,592
303,935,953
289,384
118,205,630
385,774
323,476,503
65,953
383,642
781,931
136,216
975,977
574,935
255,875
411,500
117,879
202,888
74,948
132,403,973
287,492
240,911
536,538,681
61,393
12,76,912
255,884
280,766
462,555,816
453,485
105,932,1000
141,313,466
304,458
122,158,741
128,887,906
161,276
58,705,721
664,826,836
582,714
98,290
98,172
114,382,860
477,608
843,878
770,831
239,517
195,311
169,412
91,905
25,246,906
526,726
44,753
358,924
157,442
287,551
437,868,969
106,148,570
117,240
57,962,999
339,820
218,947
69,840
4,695
4,26,522
897,954
462,605
110,167
250,622
92,176
709,732
231,941
406,587
835,837
286,411,647
743,997
104,335
516,817
3,294
593,888
304,348,921
216,500
522,934
164,362
389,458,497
395,803
109,437
55,143,408
43,65
246,964
704,927
92,148
78,401
820,822
499,520,898
477,719,830
580,655
160,676,911
778,980
402,842
256,846
558,710
411,963
242,718
70,458,603
13,481,613
390,396,830
694,726
395,558,599
249,313
70,971
201,416,851
154,752
277,514
706,777,889
388,469
392,787
103,772
54,212,557
120,740
137,889
33,306
352,949
585,596
729,906
65,138
852,871
275,949
707,883
140,587
183,678
13,212
258,769
611,763
818,953
73,714
289,740
2,189,718
341,387,604
772,924
660,682,983
724,958
599,900
389,731
388,729
127,565,656
329,390
290,906
481,517
632,972
506,796
6,516
771,886
546,912
160,960,996
220,632,676
32,569
44,664
70,250,540
174,239
537,907
550,739
133,238
55,432,617
187,544
643,836,927
68,444
420,605
463,901
174,620,963
234,932
113,620
230,771
399,559
389,465,617
24,244,668
718,967
246,669
150,378
306,535
680,702
689,817
537,676
372,415,790
70,567
21,113
651,673
538,577,863
515,938
197,283
66,671
458,918
198,666,714
80,277,348
405,886,957
361,463
808,974
57,387,516
566,934
627,696,722
462,592,670
264,630
359,538
297,914
585,852
286,510,760
572,653
898,974
369,684,728
356,613
785,903
95,783
113,118,994
39,142,383
87,516,989
286,329
198,527,627
890,910
230,615
123,398,585
719,778
308,422,766
84,473,689
122,143,296
541,606,715
289,690
106,631
119,180,849
521,711,801
830,863
15,314,523
211,929
408,459,668
574,590
588,757,895
172,447
659,940
346,586
439,601,926
801,872
49,486
175,367
70,902,985
17,248
308,309
35,187,902
134,482
11,116,322
111,430,716
579,711
779,935
38,103,331
560,609
63,431
19,22
85,211,353
708,800
174,441,813
92,871
687,757
397,986
366,754
102,837
509,970
625,937
70,759,899
47,969
670,987
956,995
441,941
499,858
64,480,943
96,240
359,565,659
371,398
534,705,859
79,931
353,961
150,307,567
442,723
239,324
340,497,681
609,751,891
685,688
3,831
138,687
9,189
255,743
516,900
593,675
98,742
114,453
582,718
191,480,813
661,913
263,982
693,863
131,741
572,964
93,859,922
285,887
312,977
665,910
206,632
646,908
33,331,856
536,567
443,659
537,735
92,583
525,779
35,355,417
350,568,613
63,967
147,695
153,989
359,549
651,710,968
328,367,801
176,548
526,920
38,87,324
469,573
252,574
347,613
467,774,820
107,427
184,887
182,509,803
442,561
369,874
299,466,869
141,280
95,518,987
428,771,791
402,458,635
34,457
65,997
242,338
98,860
246,831
85,388,802
59,115,617
158,716
381,927
121,671
605,670
131,162,976
78,208
36,303
160,882
576,926
362,654
250,785,898
168,750,792
140,323,911
198,649,986
99,831
513,648
286,793
544,657
385,430
344,714
159,576
158,621
418,620,781
77,87
4,869,925
269,479
560,650
122,179,515
597,848,979
44,476,862
392,869
236,305,841
819,926
73,230,471
458,873
272,281,509
154,661
70,651
276,799
102,967
149,532
462,500,821
112,562
395,468,674
309,323
2,334,395
8,130
305,878
683,763
476,903
522,884
350,547
682,847
296,374
202,303,549
451,890
325,976
161,250,533
553,824
446,966
163,609
253,280,876
140,884
31,444
401,959
36,229,889
93,623
410,930
142,640
879,948
273,468
46,156,954
125,382,388
65,411
361,865
281,644
579,640
660,807
48,659
159,609
674,693
402,570,580
587,664,979
404,405,770
4,97,121
552,857
537,571,775
562,914
406,447,997
532,682,873
558,727,896
885,903
159,612
774,798,946
186,383,904
297,960
218,386,467
347,997
662,957
292,854
478,858
188,741
189,762
383,564
559,902
309,410
43,543
349,632
358,488
113,821
15,751
39,213,868
75,966
23,371,501
139,144
39,48,816
356,748
39,827
728,859
286,778
102,628
329,854
83,185,550
110,510,759
84,272
763,808
608,612,752
233,883
235,265,723
45,980
415,494,634
844,852
141,646
82,199,213
586,681,925
254,621,654
132,822
196,756
431,445
507,680
474,681,903
493,924
463,895
479,589
347,600
240,660
155,252,385
415,475
208,576,714
300,471
225,710
591,860
316,659,935
577,822
114,962
375,960
160,514
158,385
279,414,824
525,897
239,274,343
493,563,962
87,150,301
216,262
304,562
133,278
765,768
484,989
168,172,353
16,168,383
32,663
218,548
243,373,414
187,550
285,456
980,982
137,150
637,682
100,418,534
371,967
41,188,253
183,420
452,613,761
255,281,512
883,885
146,430,845
90,352
621,625
20,52
187,233,880
229,776
337,350
375,609
45,447,676
11,228,905
231,780
685,993
337,753,805
10,604
1,975
258,578
252,696
369,999
269,429,945
65,93
21,707
408,459,595
14,802
494,922
189,719,900
101,852
577,665,720
387,481
238,516
114,224
660,774
8,824
2,476
57,328
250,632,990
229,814,983
77,496,913
255,568,625
626,815
766,897
736,954
5,11
461,950
620,668,789
30,325,822
138,871,977
425,913
222,465
112,520
310,951
7,131,319
109,311,327
52,209,353
316,330
441,461,488
701,766
12,803
151,154
389,516,757
126,286
343,592
413,769
607,861
271,657,727
427,776
825,827
581,996
212,449,571
443,562,717
376,500,667
283,381,998
677,851
140,991
185,790
733,962
487,583
337,438,819
319,584
95,914
249,369
214,606
482,793
729,799
266,467
262,454,983
541,708
1,208,258
171,541,771
27,476
462,992
291,478,939
583,607,839
234,624,853
482,927
241,630
541,806
540,827
120,802
47,851
119,736,789
258,759
137,360
263,808,888
229,351,966
100,420,701
583,874,952
382,561
363,993
4,268,360
685,841
165,533
602,632,712
149,410,867
346,455
469,609
130,373
306,563
353,892
511,718
73,273
208,400
18,870
217,509
80,847,854
107,536
87,876
391,607
336,655
723,944
74,164,964
368,404
528,762
194,801
188,621,936
204,745
240,711
317,346
80,785
729,731
194,980
138,161
599,605
487,540
872,924
32,536
133,915
278,703
296,732
27,38
87,788
150,748,960
532,615
679,975
258,549,874
641,964
124,477,694
773,832
254,872
131,169
337,423
255,273
649,944
418,557
289,800
61,481
370,523
239,251
178,567,611
215,382
307,879
219,429
186,728
393,883
719,933
734,746
636,672,794
237,829
106,829
51,424,446
113,629,953
222,378,603
32,69,681
861,863
361,949
444,482,914
600,662
227,362
318,628
673,954
427,884
626,784
145,884,952
232,444,531
172,786
449,464
842,965
107,248,668
472,823
11,399,518
257,485
626,688
59,836
225,697
51,623,985
125,410
404,757
394,843
171,592
68,966
78,282,854
659,819,861
226,657,948
21,276,661
355,857
853,860
525,676
118,914
396,640
775,878
567,833,927
527,572
99,261,594
166,578
718,745
415,609,996
234,236
312,364
18,736
64,459
237,353
304,583
112,605,918
586,927
229,869,988
163,742
51,133
107,291
62,805,959
12,36,530
295,483,557
222,913
22,676
335,421,461
57,443
126,368
169,695
464,693,976
131,394
184,824,910
61,84,558
19,877
319,446,871
694,780
503,763
188,510,936
25,558,700
931,983
547,718
345,453
92,393
131,821
39,271,726
727,769
9,508
101,167,380
763,837
583,921
818,968
79,344,959
171,413
556,833,971
409,814
77,376
189,826
165,736
40,54,616
755,767
467,536
207,494,626
880,882
439,472
516,677
373,679
241,321
79,166
99,656
663,884
84,318,385
698,713
196,827,842
716,932
160,513
711,771
346,892
104,930
236,380
204,855
233,506
312,915
775,931
104,734
293,521
37,67,834
670,921
511,581,689
852,928
503,734
414,483
163,492
25,52,726
721,727
222,266
232,765,954
574,935
363,887
151,451
90,947
170,195,664
479,729
97,406
307,848
200,824,835
227,619,874
266,529
833,905
110,156,167
383,843
232,756
977,999
16,440
6,980
392,938
167,173,486
92,273
689,816
158,450
4,550
655,724
120,237
85,904
145,923
106,441
141,391,982
28,192,335
284,878
241,956
294,320
72,279
153,481,549
527,727
38,103
607,888
553,607
118,655
116,880
182,939
716,897
8,576,580
457,813
223,520,551
464,568,856
234,730
143,382
400,611
468,582,857
122,607
91,371,477
367,405
161,703
410,510
117,229
226,523
129,150,822
610,790
95,102
376,748
87,290,590
410,466,697
580,859
1,92,192
160,406
72,513
967,972
124,174,771
660,709,814
581,829
144,452
403,416,789
114,303
154,761
680,687,829
51,630,925
189,428
243,897
454,643
526,747
54,794
73,733
490,796
174,791
181,528
584,702
700,950
466,507,924
397,985
144,313,923
6,810
450,706
185,642,778
332,787,954
771,995
316,401,694
133,147
716,882
207,404
129,172,752
21,137,400
264,984
43,951
543,855,946
409,785
588,877
335,916,973
471,567
315,562,879
507,792,837
513,989
100,137
292,919
475,988
28,332
610,634
531,739
606,639
206,676
174,565,815
520,935
916,978
217,427
288,385
399,647,905
73,288
515,805,844
555,674
166,565,605
497,748
846,989
358,485,696
567,775
183,422
121,417,907
98,409
423,807
528,701
60,450
414,461
434,617
534,546
740,828
934,953
357,796
349,678
280,492
387,588
524,922
92,515,893
341,479
229,947
129,473,872
271,807,825
162,297,934
456,812
264,523
311,845
504,958
133,789
300,786
34,883
284,828
32,126
558,775
124,145
203,645,646
510,808,886
762,978
613,692
632,671
204,791
588,757
346,501
583,928
321,956
493,595
497,828
408,967
313,481
161,788
23,378,633
38,929
429,672
299,432
313,991
233,389
81,115,151
109,368
380,907
532,705
430,701
711,1000
660,708
218,360,612
113,429,910
5,235
48,268
375,659,934
502,788
224,719
632,811,928
500,710
106,127,659
648,873
151,876
182,282
363,957
529,718
153,571,953
373,762
102,156
470,477,847
540,848
109,569,892
669,925
182,463,921
71,755
813,872
198,437
319,751
41,368,959
224,767
14,991
340,745,858
280,410,990
318,895
126,940
557,705
584,943
607,874
257,645
452,672,807
488,763
263,943
387,994
143,479
435,780
150,346
548,676
586,615
297,418,785
251,431,637
551,793
661,673,869
84,105
460,720
391,827
87,189,709
52,599
846,989
141,458,963
478,883,978
425,735,813
148,568
452,751
790,956
271,453,522
234,727
857,998
300,509
366,924
285,347,754
141,679,683
70,348
427,456,596
28,253,338
164,249,887
81,681
173,649,844
416,763
430,466
140,155
484,862,864
69,308
270,734,950
276,666
327,413
215,838
12,729
242,340,406
139,368,939
61,455,843
59,431,441
375,771
30,776
362,891
185,201
413,487,995
373,939
239,711
49,223
563,961
191,980
664,867,936
90,727
307,699
531,769,906
116,939
843,930
206,568
131,661,748
809,929,952
478,877
11,421
315,552,742
217,485,843
108,808
192,762
445,923
156,651
245,410
36,221,766
202,683
622,635,845
538,649
400,905
681,871,906
793,835,901
639,841
67,740
593,683,805
94,292
96,591
919,960
260,351,871
240,993
151,560,562
30,811
85,239
135,663
20,172
244,691,993
5,191,685
465,900
549,770
96,834
413,995
364,743
70,909
28,953,993
191,507,886
331,822
667,682
762,976
174,521
255,402,874
551,834,901
848,859
436,522
742,904
323,478
261,262
114,203,348
381,974
572,822
474,570,674
124,139,180
318,535
288,635,707
289,625
115,408,677
361,628,664
229,289,849
810,862
311,457,926
500,545,597
24,810
166,775
329,680
40,279
859,939
434,475,792
690,735
530,641
776,922
313,385,963
281,641
271,305
357,916
565,595
389,791
254,817
452,889
370,523
148,458
765,852,912
431,579,822
41,456,571
239,303,332
613,778
923,926
330,363
483,929
780,879
836,852
24,39,284
313,353,905
506,728
389,477
163,372
188,599
150,503
190,588
337,681
157,228
197,426,830
69,986
29,817
99,175,826
166,895,905
249,882
450,517
80,169
396,702,852
456,506,957
559,799
11,687
55,653,772
684,993
174,886
494,569
303,454
260,381,490
215,276,821
137,295,336
329,970
23,334,589
657,892
181,234
602,790
272,530
132,249
774,873,978
397,824
26,907
619,911
596,614
247,888,931
280,506
473,926
140,168,555
355,718
414,687,939
25,439
340,669
104,391,865
405,441,608
149,631
642,830
13,626
331,422,619
89,326
44,455
305,519
58,120,624
484,746
484,777
175,379
461,756
211,324,852
531,699
194,366
229,234
751,775,793
109,368
116,186,813
94,304
514,857
209,241
101,889,968
287,886
87,323
52,198
466,507
81,919,927
44,759
124,947
176,983
314,986
215,825
216,607
9,165,609
129,876
238,447
71,117
396,599,828
319,964
63,374,942
810,875
528,689,788
240,684
154,264
437,469,625
1,16,594
502,679
830,861
90,265
202,235
484,558,668
597,655
124,486,737
979,982
286,328
205,880
21,113
37,413
64,70,277
166,449,632
118,665,948
26,509,980
217,887
189,237
487,831
71,139,658
310,377,779
671,675
497,752
317,368
227,877
647,990
378,469
63,473
131,255
487,715,938
538,903
37,42,379
486,513
271,441
417,464,858
79,123
216,412
29,946
224,992
6,941
565,740
105,545
856,889
153,801
275,433
680,941
382,987
529,790,934
43,53
235,781
46,294,651
418,622,997
4,765
391,744
295,314
334,977
311,464
278,733,972
587,690,745
380,583
22,902
154,403,738
631,996
345,877
181,336
193,353
176,383,956
46,428
413,455
758,917
492,730
721,857
365,975
340,637
100,213
366,601
211,761
320,376,491
173,205,726
657,831
354,392
298,631
319,486,922
60,81,660
809,901
658,871
21,320,847
243,281,955
431,807
37,186
27,759,825
4,532,737
71,742,925
422,480
250,394
217,893
63,329,964
169,495,690
56,628,740
80,139,739
579,728
56,254,814
781,872
116,297
54,449,795
305,759,778
61,737,903
543,609
665,768
135,565,936
165,278
378,612
44,584
3,674
832,941
88,363
525,968,974
110,878,974
160,627
58,184,993
230,537
287,762
386,405
246,763
18,223
107,426
267,774,965
297,848,864
184,909,957
105,484,835
150,211,494
355,916
134,264,299
438,841
365,627,981
23,740
422,648,678
188,982
192,705,816
96,373,870
100,181
190,304
47,80
96,759
52,336,735
357,378
55,100,429
692,736
123,160,676
750,755
301,498,573
50,715
240,705
218,781
12,313,596
147,485,654
57,737
697,874
141,955
197,219
207,806
608,675
140,677
483,590
455,783
425,496
469,670
8,974
36,842
26,173
722,801,853
337,984
158,591
151,465
549,610,869
351,767,790
921,981
398,436
189,277
310,345,704
249,785
389,889
427,890
382,508,862
283,426
521,790,801
142,181,849
488,663,872
633,717,737
359,738
15,647
140,393
739,873
59,274
532,609
906,913
219,698
160,492,852
168,823,918
683,892
564,661,780
21,79
915,997
745,855
191,655
567,852
52,193
531,830
366,640
379,435
117,624
56,103,430
207,415,521
412,758
420,706
247,502,596
6,166
265,595,624
11,308
152,442,838
145,445
910,926
532,618,838
131,147,912
249,976
149,525
767,925
246,365,476
770,810
402,821
52,459
240,760
346,376,614
54,639
602,643
41,255
125,896
308,693
139,292,677
27,898,989
409,724
482,616
249,944
572,684,819
157,721
2,194,542
200,588,672
17,332
248,358
492,613
358,653
76,715,841
65,244
77,709
561,964
79,164
210,346
83,212
324,478
291,950
25,481,557
612,750
253,281
888,968
826,981
817,846
696,788
633,681
220,525
338,619
7,237
87,527,674
792,947
26,859,950
588,868
35,94,433
543,918
848,878
108,180,625
437,772,886
84,122
111,260,312
216,496
171,328,458
336,556
521,835
41,297,413
2,417
94,839
976,997
187,823,1000
854,930
352,358
344,796
429,443,735
13,154
286,736
2,724,992
410,490,587
640,653,959
23,292
644,703
666,798
896,995
379,939
190,895
166,359
406,703,757
593,739,974
61,667
447,465,877
501,569
252,361,486
29,119
271,803
169,594
352,426,939
257,969
