135,159
2,129,163
141,152,164
120,156,159
101,133
68,89
4,73,113
152,198
62,137,179
5,92,107
4,147,181
34,141,157
107,159
93,155,190
73,87,149
49,92,115
55,79,108
11,132,137
3,81
23,131,167
74,96,112
59,156,198
72,131,165
12,105,114
62,119
3,135,159
15,81,145
104,143
77,149
126,185
47,90,172
10,117
127,174,187
49,160,185
74,106,177
45,145,188
61,72,104
6,110,171
59,65
20,79
118,185,193
145,156,158
64,184
31,136
36,189,199
26,101
63,126,152
21,96
172,188
56,99,177
54,122,127
45,159,168
145,151
57,68,77
7,107,128
64,93,94
63,134,156
8,77,107
7,110,171
28,177,181
66,96
14,121,138
36,70
42,77,109
12,157
170,181,200
15,83,192
64,112
4,5,132
107,170,186
48,53,194
4,73,141
41,54,163
23,90,123
41,84,90
85,123,154
72,178
72,86,129
116,168,176
40,142
40,195
19,131,143
110,198
35,132
44,84,138
10,39,41
74,95
135,152,188
5,67,78
183,188
73,112,129
20,186,196
122,160,185
18,161,166
43,70
121,140
15,167,177
84,97,183
5,27,70
40,73,145
12,43,45
24,52,155
63,123,183
59,83,157
96,175,192
47,93,124
42,120,176
54,118,130
55,102,131
62,171
32,91,136
8,95,118
93,122,132
77,79,83
22,28,112
16,43,55
60,103,191
116,172,196
15,65,151
54,129,140
80,144,158
171,174
110,162,185
21,157
80,85
91,155
29,117,184
86,120,147
136,145,157
22,93,155
40,128,167
67,138
45,59,196
8,144
78,165,186
81,132,195
38,143,187
5,29,142
122,147,170
41,131,142
1,180
10,18,161
2,89,165
13,29,146
103,146
55,64,174
114,144,181
12,59,113
53,86,198
32,87,153
90,134,198
103,109,171
44,94,96
46,160,170
1,40,89
62,150
90,156,198
25,162,163
144,157
4,62,154
21,105,156
149,190
136,146,187
63,81,180
55,171
50,71,121
84,99,142
25,107,138
16,29
15,83,151
79,145
62,93,164
47,103,188
30,138,166
28,80,88
24,51,66
70,139,162
35,89,150
29,138
5,36,133
28,33,106
65,108,120
80,187
13,38
2,88,160
15,85,159
13,16,159
6,63
102,112
5,19
61,193
83,86,108
47,53,98
36,61,167
98,180,183
87,114
29,184,185
134,153,194
105,147,188
67,78,92
95,170,194
88,103,161
43,126,133
50,109,165
15,120,151
40,172
28,95,96
127,140,195
6,140,141
27,39,166
123,137
108,168
65,98,105
16,196
2,33,130
64,140,186
41,153
101,129,132
47,53,65
20,77,99
22,85
38,96,118
65,116
58,127,161
101,111,145
16,194,196
9,36
90,98
101,145
2,14,145
112,191,198
5,75,185
53,90,140
10,182
63,130,140
95,179
35,51,93
10,127,131
76,199
118,167
21,120,126
9,32,106
20,65,118
24,144,176
48,154
124,128
23,59,92
52,106,153
17,113
3,6
13,82,134
74,82,91
21,147,158
45,109
132,195
68,87
44,149,190
119,191
22,35,112
68,139
3,67
54,108
98,168,186
1,148,184
124,179
79,173,198
56,89,127
18,80,121
24,84,200
70,143
67,172
94,101,132
62,106,193
139,199
90,122,172
49,88
55,116,120
32,106,182
71,137,189
74,101,170
136,144,185
1,130,163
61,74
118,164
48,65,69
122,143,200
30,79,150
3,23,70
180,188,198
14,74,120
142,184
55,94,163
132,161
11,45,149
151,172
59,73
49,111,131
65,123,158
79,80,117
3,140,174
12,25,167
104,185
55,165,197
11,149,182
17,79
86,98,151
112,177
129,137,169
73,165,187
19,93,194
78,142,187
21,78
33,113,182
25,45,80
88,127,198
122,174,183
24,50,179
106,128,190
37,103,135
48,58
21,72,132
5,11,142
63,108,145
63,136,173
4,94,182
101,171,173
29,50,161
79,83,181
15,59,131
45,85,133
33,52,154
32,33,93
53,114,176
47,189
32,36,102
26,95,191
51,93,189
57,84,109
56,131
73,94,188
73,102,182
53,144
93,136,169
24,154,190
24,56
25,88,110
64,71
16,81,189
49,103,148
93,160,161
137,170,171
21,81,184
108,159,168
32,36,94
70,94,192
20,80,122
20,59,128
115,118,169
45,123,147
22,164,175
169,200
96,112,135
22,73,155
70,103,139
78,109,195
17,139,177
4,200
61,64,182
59,90,168
10,44,148
79,92
19,42,174
26,149,175
81,108,159
68,70,140
68,71,177
4,96,170
4,96,129
48,186,188
80,96,122
45,166,167
67,84,184
26,87,169
44,77,143
43,57
70,84,127
25,110,121
128,149,164
74,110,141
56,101,144
44,77,150
59,151
169,190
40,137
10,14,72
83,116,126
21,44,76
34,102,137
26,131,132
93,150,158
6,123
114,134,196
21,115,186
20,79,166
65,116,144
13,149
74,119,169
12,188
72,151
64,97,155
126,151
24,155,178
33,66,136
5,162
15,152,196
90,120,172
59,90,144
33,180
31,173,200
53,168,180
119,176,196
33,51,164
121,143
79,139
37,124,174
12,81,159
92,186
32,90,123
8,67,130
147,159
25,54,115
99,107,171
27,98,123
114,133
16,48,90
14,42,88
19,56,150
69,89
42,71,150
69,80
40,79
149,169,172
77,171
53,127,160
31,49,160
115,121,162
12,24,131
39,42,70
50,138,141
48,86,152
10,25,174
24,66,93
23,139
43,76,172
124,153,170
24,93,112
67,72,139
37,151,168
24,178
120,126,144
152,158,183
57,92,186
13,154,200
116,192
54,80,92
90,120,183
50,71
49,75,80
71,78,140
124,163,183
28,64,149
13,128,190
32,79,172
31,52,97
84,101,163
58,135,145
148,162
149,186,194
85,172
25,29,92
79,171,185
3,162
59,116,136
4,95,190
84,115
78,136,195
12,145,159
57,70,140
44,70,146
145,181,199
26,34,93
98,134,144
14,16,98
56,197
11,179
33,69,153
24,101,191
150,173
72,78,80
63,134
20,68
68,185
118,137,200
60,108,181
60,159,188
24,128,158
16,153
25,36
60,85,159
19,121
40,70,109
63,183,194
9,191
35,96,125
152,189
77,100,109
25,126,128
34,113,124
58,98,188
47,133,159
45,158,194
12,156,198
13,156
36,71,75
45,173
29,92
64,68,82
2,76,89
59,105
80,100,162
30,104,143
55,120,198
40,150
37,72,119
35,114
12,81
3,71
13,14,37
31,40,153
22,147
84,101,107
52,154,177
159,188
86,93,122
16,144
97,175
49,89,121
3,124
81,159,181
31,97
50,107,148
38,124,175
16,117,124
9,48,158
75,80,126
22,127,194
86,135,165
96,120
62,132
27,139,150
40,86,109
154,166,186
16,43,176
26,87,97
64,73,179
90,119,136
113,129,182
148,174
50,154
60,69,126
55,63
21,187
53,135
161,187
17,119,183
19,115,187
59,181,191
3,122,163
50,56,196
55,63
75,92
70,171
85,105,188
108,120,172
4,9,61
17,30,130
9,31,177
11,97,190
66,123
8,13,100
9,132,191
46,104,148
24,118,132
52,102,164
90,123,189
38,176
94,168
128,179
76,85,159
53,145,157
31,140,144
40,56,187
9,25
55,176
12,37,194
58,108
4,87,179
52,111,123
68,77,185
35,140,196
70,79,141
74,146,179
25,195
9,27,183
19,97,163
108,157
60,69,134
29,54,135
29,183
5,79,173
98,110,186
55,85,144
21,92,151
11,17,75
23,117
6,160
95,131,167
10,39,78
60,187
62,106,124
40,118,172
117,154
16,69
86,144,156
45,55,199
1,3,39
62,67,107
85,177,193
23,99
66,127,133
10,14,161
134,150,163
22,65,140
102,137,170
78,94,158
79,100
39,122,184
42,75
38,62
34,119,191
1,7,100
74,144
164,170,172
30,68,145
115,166,185
64,197
67,136
71,187
5,54,68
163,168
58,109,134
124,136
25,164,190
24,43,153
13,96,200
19,186
18,89,140
21,63
37,105,199
51,113,191
9,82,132
128,195
61,193,200
146,169,171
8,20,195
28,62,74
3,122
50,52,156
7,199
10,143,187
16,59,160
63,126,172
7,71,136
16,58,157
30,50,66
2,61
76,88,118
94,153,182
54,162,171
83,116,176
87,111
86,98,199
95,119,164
49,90,153
21,76,196
8,89,138
63,120,144
41,117
55,85,180
47,69,188
36,51
9,102,118
15,108
21,76,145
41,179
9,33,112
148,151,174
24,149
67,68,163
96,147,186
19,122,151
5,15,176
55,63,83
3,8,186
32,73
23,49,130
143,175,195
35,84,102
52,112,191
120,199
127,160,173
59,156,172
37,198
180,182
24,31
82,129,180
14,70
101,117,154
146,190
5,44
182,193
47,114
135,146,195
52,61
53,85,86
10,96,125
40,41,88
37,90,181
105,181,186
118,168
39,66
92,126,173
109,145,146
36,107
25,49,172
51,95,170
85,176,183
144,152,157
78,89,165
22,141
90,189
2,70
33,87,186
95,96,129
25,50,148
33,69,147
80,135,190
15,156
62,151
29,48,137
20,23,78
25,184
4,118
93,195
59,198
30,79,80
66,97,167
86,108,142
42,92
120,147,154
30,41,72
40,100,138
53,102,113
15,194,199
11,177,183
22,144
38,76
19,42,49
97,98,177
72,97,106
4,9,93
5,41,75
65,155
4,118
31,61
53,123
88,150,184
100,106,173
25,42,46
16,86,126
1,141
23,38,105
80,104,130
74,124,190
21,123,145
136,175,194
58,147,159
103,111,161
4,102,153
9,51,113
36,144
20,27,50
52,132,141
64,200
24,31,179
64,82,106
19,39,136
95,145
90,92
48,161,177
119,155,170
30,84
47,48,59
67,77,186
5,61,183
48,58,152
97,124,125
46,49,81
34,106
63,93,161
16,81,126
42,91,136
6,19
119,160
28,61,91
153,179,182
15,123,192
35,91,150
76,172,196
8,92
105,108,126
161,190
62,116,138
67,142,171
64,154,170
37,123
15,100,125
15,75,158
35,97,106
5,165
5,30,142
4,81
6,30,94
19,79,115
12,83,98
106,175
110,162
134,145,159
75,182
144,198
2,104,174
74,189
120,135
22,73,190
47,81,85
125,169,185
4,26,170
22,53,63
12,45,145
99,189
67,109,192
100,101,156
80,131,160
38,178
44,174
143,146,170
45,51,178
24,66,178
68,92,150
60,125
105,133
109,122
64,155
83,135,189
13,44,147
34,91,113
15,21,67
88,168,199
2,21,47
23,37,173
46,166
32,102,132
18,149
12,23,75
2,30,112
33,41,159
40,87
14,19
36,52,97
6,59,101
113,119,137
51,117,171
83,85,115
9,83,98
65,166,200
12,60,123
9,94,175
43,81,126
6,18,164
52,94,124
99,153,196
43,93
7,96,194
72,107,115
18,166
27,92
153,182
152,194,199
33,86,103
10,115,190
84,140,160
132,156
45,58,172
108,148
21,63,172
145,156,189
90,133,172
73,186
9,119,166
13,28,125
6,78,140
102,139,162
26,190
144,157,181
37,62,86
30,112,197
126,136,198
33,155,167
31,85,159
71,133,165
2,150,186
5,75,88
45,114,158
21,184,196
99,178,191
77,169,187
142,150,195
112,133,180
94,132,175
57,145
2,68,142
81,126,181
94,130,146
21,114
134,152
65,174
34,104,147
176,199
93,164
65,114
96,169,175
100,141,196
76,194
60,180,181
32,193
26,73,191
12,53,151
43,98,120
59,194
129,190
31,32,91
27,98
59,86,158
26,94,96
1,29,72
105,157,198
69,86,192
112,116,159
38,71,121
109,135
40,95,157
78,110,163
71,105,134
69,151
35,94,99
121,130,166
53,158
61,133,155
58,89,158
41,78,111
184,186
107,131,144
105,116
74,101,175
152,186
83,133,156
67,84,131
50,119,154
160,171
77,188
31,82,137
19,70,163
25,57
49,195
36,64,97
170,193
71,110,127
2,8
21,69
63,112,191
27,54,117
37,65
97,175,191
3,44,185
28,175
33,36,71
29,37,117
35,86,130
43,176,192
26,180,192
16,188,197
52,164
14,71,103
144,188,199
55,116,134
111,123,169
70,160,164
10,80,104
114,134
86,118,164
95,129,164
86,123,151
16,111,177
97,159
33,96,136
33,66,175
16,193
59,134,189
183,196
28,87,129
13,124,167
147,180,198
9,136,193
80,131,163
66,96,132
16,176,192
11,73,125
2,135,166
79,87,131
18,72,81
103,118,144
13,29,175
90,123,180
7,39,75
13,77,197
21,86,114
110,130,140
61,153
33,155,177
23,127,174
4,144,166
4,175
67,107
55,86,105
81,122,132
48,157,168
145,192,195
138,165
131,160
38,136
115,121
51,119,164
39,70,148
25,68,187
76,90,183
7,50,143
89,186
17,42,100
94,149,167
2,6,111
2,109,151
62,175,178
53,194
1,44,173
130,148,170
101,129,191
176,196,199
126,135
31,52,197
108,126,159
60,151,168
74,102,153
32,49,85
43,116,168
43,47
43,158,194
143,179,198
17,88,142
52,141,154
50,66
45,144
28,61,93
65,83,159
71,121,161
30,131,161
113,152
75,100
11,124,197
119,149,179
31,153
8,122
22,97,119
16,134,157
106,200
2,132
36,50,55
51,124,190
11,36,182
11,117
128,151
45,181,188
17,50,173
45,76,150
22,123,139
4,64,73
84,115
11,13,26
71,84,143
99,115,186
7,17,114
87,101,194
66,104,138
65,67,185
84,109,115
51,152
100,173
48,108,172
137,154,158
2,88,174
50,121,140
126,153,186
87,166
89,99,107
14,143,187
40,77
9,34,35
53,76,156
3,147,186
79,178
15,141,151
174,198
99,156
66,70,167
64,82
143,150,162
102,112,178
35,146,188
63,95
29,177,198
