30,97
51,106,157
61,114,190
3,68,167
42,46,158
42,49,102
19,120,151
166,170,185
108,153,179
5,114
79,107,179
58,141,149
36,41,89
43,83,162
12,31,151
55,144,189
132,143
45,115,181
25,33,151
67,104
56,125,182
61,98,113
46,120,191
62,79
33,127,180
42,192
6,19
149,151,169
78,83,197
44,70,77
69,85,105
39,99,102
108,155
49,61,112
8,21,144
77,137,157
37,113,178
158,169
49,126,161
27,163,168
111,158,199
104,181
36,39
35,36,119
18,111,130
80,156,199
86,95,198
2,52,141
67,89,169
6,40,129
98,164,180
45,51,107
62,154
75,95
98,197
28,93,145
18,51,155
67,136,148
77,160
114,115,199
16,60,78
94,133,155
41,180
59,85,149
114,141
42,124,151
50,64,158
30,66,114
36,140,158
93,171,182
14,49
1,97,123
31,136
36,48,96
33,145,159
75,179
29,83,131
27,32,162
127,169
97,141,144
13,40,166
37,63,81
117,154
33,83,197
107,170
2,50
31,65
20,65,134
18,36,180
34,36,128
99,138,193
66,86,101
21,26,135
77,118,184
89,102,148
6,82,197
34,168
15,30,188
12,123,165
6,109,182
27,47
72,166,185
143,144,197
133,145,176
35,190
67,178
80,168
40,104
1,99
110,178
62,83,142
80,191
5,52,84
135,177,197
4,99,129
36,61,67
92,194
10,38,147
67,174,189
176,190
8,49,169
127,168
52,103,158
69,132,154
42,84,140
142,152,159
42,132,141
68,92,96
117,188
39,140,169
20,39,128
14,47,186
53,78,182
6,14,16
70,187
108,164,183
1,148
44,88
102,124,169
33,81,155
73,94,168
87,157,184
66,80
69,91,188
48,60,63
16,131,157
82,197
81,139,174
8,55,145
39,89,191
5,84
14,92,182
7,12,33
73,80
90,125,175
98,134,175
19,48
90,101,193
15,103,191
20,31,99
55,110
45,107
128,129
65,73,95
2,46,121
34,90,167
51,129,138
83,117,186
62,157,187
24,31,52
24,55,87
73,159
2,148
23,94,168
18,197
103,150,154
91,138,149
109,200
6,19,150
145,198
73,133,139
42,67,123
96,154,177
68,125,161
111,185,196
23,51,197
20,70
119,164
22,72,95
150,160,164
111,114,145
75,93,145
68,184,194
45,107,170
49,73,170
11,126
81,125
108,198
106,198
146,185,195
14,36,173
8,102,137
44,69,85
125,178
16,26,150
47,120
9,26,28
19,26,82
35,136,151
79,174,193
102,121,165
32,143,147
68,72,170
68,70,133
59,96,158
76,183
28,43,109
35,157
21,62,111
184,191,199
16,70,187
99,176
100,111,181
26,120,173
90,173,174
37,104,111
134,159
26,92,144
24,110,136
94,141
60,76,168
23,107,172
42,111,146
31,124,132
57,101,139
67,124,192
100,199
60,68,118
44,88,106
76,98,163
73,101,141
91,194
24,77,81
22,130,141
79,104,160
123,194
21,101
64,126,188
80,173
41,69
20,149,160
22,88,99
40,46,106
41,116,120
65,86,133
14,53,82
17,28,143
16,21,189
51,128
66,94
136,147,151
39,67,140
8,88,119
8,21,154
9,49,67
24,31,147
14,143,183
17,101,164
33,142,173
17,39,164
34,44,163
78,143,167
96,111,127
69,105,145
9,124,140
13,107,174
91,105,128
51,98,129
48,97
26,29,181
3,35,39
142,176
123,145,150
7,31,143
23,51,57
22,129
83,88,198
1,62,199
28,79,80
3,106
42,52,191
140,141,148
58,77,119
5,11,161
14,22,171
51,52,169
15,48,81
89,123,141
35,46,165
143,148
26,39,40
99,112,146
52,140
101,153,195
69,90
1,149
73,150
32,93
27,30,160
4,153
68,71,138
54,173,181
110,125,147
36,67,161
59,174,179
8,24,89
31,38,165
56,76
1,51,174
41,131,153
58,92,127
22,170
35,111
5,151
105,193,198
34,72,95
94,104
1,59,88
62,138,173
166,179
138,184,199
64,177
25,26,28
21,135,189
26,39,148
57,170
59,183,195
9,98,106
90,106,122
28,184,187
109,152,178
31,115,143
36,124
30,38,52
24,89,188
60,91,96
98,175,200
75,164
67,180,199
104,109
34,90,101
74,81,195
5,39,75
40,62,157
40,44,48
71,122,183
2,14,97
14,125,150
15,21,101
55,138,179
136,147
20,77,191
26,98,199
2,41,50
28,121,197
57,75,193
94,105,174
152,173,181
28,97,135
8,25,187
28,93,125
7,25,116
117,170
74,164,185
34,121,171
76,107,116
34,137
156,162
14,83,159
52,115,151
17,138,185
123,129,155
31,96,97
16,96,159
93,160,177
135,136
56,178
5,50,78
59,176
7,47,121
137,156
28,152
44,57,183
2,141,192
21,56,177
35,143,199
42,61,181
32,128,147
33,77
1,79
17,33,44
8,44,106
106,154,157
77,83,127
69,170,198
5,102,165
70,96
23,80
69,164
13,87,91
168,179,193
58,137
37,162,182
90,107,183
25,60,127
31,41,114
51,148,197
18,86,195
11,134,195
2,154,160
1,13,108
112,147,199
7,42,194
19,73
12,114,126
1,29,142
52,148
11,61,87
56,60,173
2,121
114,125,137
9,72,142
87,98,134
14,47,86
94,180,182
8,17,175
49,50
102,111,124
52,97,146
79,163,168
16,31,49
119,181
27,107,175
22,115,196
98,185,197
7,9,140
12,85,96
87,91,163
6,38,65
5,86,175
16,60
19,82,177
126,176
23,117,200
7,67,126
45,89,200
67,141,171
46,115,176
18,130
5,89,172
32,120,194
25,37,184
11,168,200
60,83,87
46,104,171
24,52
72,101,176
112,154,165
37,48,162
11,138,170
43,96,127
37,71,161
73,87,163
59,65,168
54,139,143
33,87,88
3,52,84
7,103,161
37,178,187
11,157
53,67,188
10,72,119
56,139,185
24,76,152
17,51,132
6,53,118
132,143
100,156,184
62,159
42,66,115
88,122,193
112,180
12,30,89
153,175
7,64,136
164,191
56,82,150
28,58,177
22,85
50,124,148
36,38,192
75,128,168
14,19,86
88,106
40,97,135
113,178,182
42,130,140
16,132
5,123,191
30,64
42,115,158
132,183
43,193
69,74,200
30,148,167
85,101,175
24,37
62,96,197
103,119,157
37,136
66,81
154,188,190
84,165
115,185,189
93,160,199
75,86
18,129,193
8,14,142
50,130
7,84,120
56,58,171
5,103,140
13,23,198
49,161,167
60,132,163
7,167
78,80,98
46,114
165,188
45,67,194
54,135
22,117
51,153
101,129
47,92
66,94,108
23,119,198
8,108,181
90,168,183
39,126,188
16,92,135
90,164,168
103,121,124
6,22,44
3,15,35
18,32
64,110,191
44,85,149
4,51,94
24,61,165
17,76,162
47,97,198
5,130,148
3,102,130
52,116
29,177
8,35,154
146,154
146,163,186
47,112,194
49,107,183
54,62,156
48,177
29,111,160
25,60,189
26,160,187
23,134,195
23,54,72
131,142
97,112,200
37,49,55
57,87,175
38,119,137
8,83,130
6,100,159
32,115,169
54,73,131
139,186
32,190
4,90,119
51,81,164
90,130,146
9,35,77
159,166,168
37,96,113
99,138
7,30,38
10,52,126
56,78,113
140,199
41,148,194
35,161
136,177
133,170,183
70,122,151
35,41,169
3,5,143
133,157,173
2,38,148
70,134
6,29
96,97,157
29,150
57,98,179
137,197
5,188
34,66,134
93,94,149
21,113,162
7,10
118,179
31,102
48,132,186
76,138
44,133,175
20,44
111,188,194
82,113,187
9,108,172
59,73,133
14,100,187
9,101,178
22,196
123,140,167
11,113,193
131,184
52,115,192
66,106,172
43,68,82
177,197
62,142,162
57,91
108,178
14,170
25,182,187
60,131,178
53,187,200
110,120,167
78,86,90
114,161
39,134,154
110,151
86,117
3,35,169
15,151,173
14,43,70
11,74,107
79,163
81,91,163
13,78,180
6,104,144
34,69,73
60,158,189
4,121,127
16,25,137
40,78,144
1,98,163
7,39,117
93,171
119,134
25,131,152
106,158,167
17,62,176
60,118,165
26,43,58
25,78
71,91,94
96,118,148
109,111,157
47,150,164
6,19,173
4,198
96,115,121
147,192
99,138,149
12,46,112
1,17,85
31,38,41
45,117,128
92,127,135
51,155,183
16,200
53,135
75,76,90
4,137,147
148,192
80,119,161
68,111,182
20,73,98
35,112
92,94,165
20,79,190
31,40
24,71,72
38,88,166
113,125,141
10,200
32,35,49
2,76
137,146,194
59,138
21,37,173
83,150,171
8,55,178
2,78,157
25,58,184
62,63,162
100,144,197
83,156
23,92,199
99,112,162
29,83,96
89,140,194
59,139
53,154
54,104,196
36,83
11,70,136
16,130
154,160
57,153
153,198
87,170
44,122,149
5,47,86
9,33,189
65,98,198
12,42,148
43,55,159
114,167
55,130,169
148,191
93,141,163
37,68,149
56,197
91,134,175
39,112
17,27
12,148
19,118,161
12,132,165
24,194
33,92
54,109,118
131,135,186
3,161,169
103,132,136
84,132,165
87,134
96,150
2,134
15,99,139
116,123,167
30,49,132
154,182
4,26,152
116,158,178
32,167,180
110,116
58,104
64,115,143
1,144,176
6,113,118
62,140,184
26,62
115,126
2,36,112
8,25,155
143,168
81,119
3,102
65,193
81,87,113
26,77,197
14,96,100
92,96,178
40,97,154
1,179
36,130
30,36,46
26,150,154
31,116,161
20,73
10,46
21,83,162
121,123,141
25,53,93
142,171
6,74,96
57,101,155
119,183
33,152,171
21,43,187
10,15,192
53,56,86
71,81,153
39,67
38,49,116
43,171,173
122,186
72,76
80,183
33,125
113,142
125,165
50,76
24,42,191
16,56,58
90,170
89,121,167
1,11,122
36,87
134,183,184
54,184
7,120,199
132,197
52,114
4,11,40
82,142,196
20,22,168
3,182,189
22,75,157
135,182,196
26,43,181
122,135,168
72,103
13,57
74,129
3,156,157
24,35,141
181,184
95,117,132
23,79
4,18,193
49,78
2,30,49
68,96,159
116,121,124
122,164,199
84,147,151
105,153,183
36,102,194
113,156,171
48,56,171
17,79,148
123,136
60,103,165
99,128,191
144,162,181
46,130,151
37,110,115
13,93,103
45,87
16,29,111
39,64,120
47,84,150
70,182
52,199
98,119,198
2,12,24
112,161
23,88,168
32,36,198
31,144,149
53,73,191
30,84,176
52,89
94,139,175
24,91,173
57,91
130,190
31,121,176
57,108,193
59,87,101
13,157,161
39,120,199
36,146,159
34,75,175
101,117
96,176,186
38,39,123
21,77,100
47,99,134
11,85,175
30,38,124
70,104,187
55,131,150
76,142
80,128
83,152,171
78,137,156
9,146
106,199
57,72,74
54,154,196
17,27,105
6,160,177
72,81,95
14,133
15,84,192
90,117,172
79,86,185
150,160,184
163,166,175
106,139
103,130,176
129,134,139
114,194
38,112,120
10,70,86
6,56,58
56,67,89
86,95,175
7,24,61
54,83
43,100,199
96,118,125
108,119,164
15,52,151
30,90,195
9,24,124
54,111,157
154,159
66,107,172
69,107,186
13,79,174
23,98,107
11,57,99
17,74
2,111
59,190
142,181
44,98,129
59,66,193
70,79,140
15,93,126
17,129,193
80,95
82,177
147,180,191
22,120
15,115,158
129,181
75,80
2,32
81,82,145
51,72,200
35,84,199
43,135,182
122,149
22,129,134
65,101,138
132,168,179
10,41,199
35,83,111
34,57
23,120,149
70,150,173
76,98,185
49,100,140
78,104,187
53,106,195
77,83,160
86,124,134
64,153,173
27,101,198
66,103,126
99,157,195
191,195
79,164,195
45,147,163
59,142
51,131
51,175,198
157,177
46,140,180
72,88,107
101,175
10,42
9,132
80,179
118,169,187
17,69
168,194
26,114
69,90,142
3,49,151
58,164,186
9,105,127
51,65,183
44,57,108
137,181
43,47,167
21,116,143
36,175
11,22,195
51,94,170
101,142,198
1,108
7,24,121
36,38,67
21,28,117
76,155,164
28,33,60
7,61,115
88,99,109
126,137
137,156,173
10,28,31
98,128,149
9,35,102
37,51,143
23,86,122
42,93
83,93,162
51,96,178
22,164,175
18,69,195
1,62,158
57,95
108,153,170
150,197
10,54,119
37,111,150
5,79,95
108,128,129
138,195
80,130,166
45,200
30,188,196
55,56,182
1,34,175
118,154,187
72,76,79
33,137
79,160,190
188,192
46,151,169
19,43
39,136
36,78,87
44,81
73,111,125
26,52,90
54,70,160
103,180,188
49,143
7,116
99,135
56,104
43,192
40,131
91,114,163
173,184
10,176,189
86,146,186
78,109
63,94,162
63,100,171
30,143,147
24,112,113
43,68,82
32,135
155,170
53,122,142
10,47,194
95,153,186
38,39,115
20,76,79
12,16,71
17,76,101
81,147,194
56,78,171
76,93
9,50,111
53,131,159
35,163
3,165,194
87,90,179
1,59,64
4,75,106
68,117
92,150
53,56,103
15,41,84
50,120
4,138,200
32,87,121
4,99,172
24,93
2,84,115
35,128
111,173,177
5,158,183
28,156,178
59,79,101
4,156
77,102,158
51,99
2,15,184
127,159,189
21,136,161
80,91,106
123,139
6,51,97
44,125,171
114,157
30,174,180
70,137,154
103,147,194
19,145,159
32,35,147
2,3,42
75,200
27,129,155
94,155
66,158,195
75,119,170
122,129,175
34,91,98
114,147,169
68,89,123
26,60,83
39,54,130
43,104,159
66,74
96,189
16,78,184
6,28,197
90,106
17,55,77
56,83,168
84,199
61,103,114
90,155,170
3,39,52
46,167,174
3,128
13,108,185
