148,187
48,98,117
109,157,170
1,18,90
42,111,156
50,73,197
92,174,192
32,65,146
75,122
65,151,188
141,149
9,116,165
120,140
24,52
6,114,152
4,109,140
16,50,97
23,73
52,87
87,111,195
12,23,35
25,130,188
122,144,179
12,22,188
97,139,177
26,106,192
68,149,190
60,75,176
27,183,199
80,106,163
16,141,153
54,148,196
6,122,127
77,135,151
61,67,167
57,69,126
95,143,147
90,105,163
45,112,114
64,78
14,150,159
6,161,175
114,123,176
22,96,126
20,169,200
71,86,119
133,148
42,136
8,114
1,178,200
5,169
11,110,160
37,132,141
39,54,157
40,74,183
64,200
1,14,136
42,54,103
7,135,180
71,84,124
43,156,171
43,172
2,23,193
31,61,119
48,79
59,168,195
53,56,194
161,191
6,60,104
73,110,135
14,132,181
139,142,154
7,51,59
102,105,124
50,150
31,112,173
120,200
15,82,197
34,81
71,83,200
17,90,118
48,57
74,183,190
7,19,76
121,160,177
11,35,195
19,178,180
22,57
97,127,164
90,129,196
14,113,131
49,127,181
55,131,145
80,82,168
21,144
116,158
78,172
66,73,116
109,149
178,185,191
44,113,143
157,198
36,125,137
40,114
43,84,148
22,86,182
36,111,196
158,191
70,125,164
50,54
109,130
41,65,175
11,131,163
20,79,123
1,103
139,141,179
62,83,156
10,89,106
57,177
33,34,130
4,55
28,71,158
98,110,196
148,161,186
83,133,157
1,33,191
44,55,66
6,14,136
84,180,194
15,17,148
79,131,176
33,111,148
104,119
70,167,171
115,116
50,139
5,20,58
90,102,184
49,169
12,41
64,107,129
50,112
26,104,113
24,175
68,82,175
135,139,188
70,174
91,147,157
42,176
18,54,105
65,68,151
102,129
116,196
33,64,71
22,84
130,140,151
2,82,177
126,187,199
13,107,161
19,59,195
175,198
127,146,167
34,50,67
49,142,182
38,187
62,87,140
49,54,80
111,154
52,86,146
22,131,180
149,174,179
59,149
85,122,138
9,83,96
16,190
20,74,92
11,87,139
55,67,166
19,130,139
160,168,195
37,131,165
78,123,139
9,38
11,120
19,69,160
69,168
36,53,125
29,70,79
10,36,111
68,87,180
32,115,194
11,41,152
11,120,130
36,96,171
83,116,189
4,13
13,126,194
2,55,157
76,86,121
76,114,153
27,176
49,129,163
153,159,172
86,149
35,86,139
149,187
7,11,47
62,102,111
48,54,124
39,84,164
5,175
39,73,83
35,59,184
63,98,128
63,155,200
67,128,147
4,48,121
46,119,138
16,84
108,137,165
30,44,66
32,47,139
7,130
20,137,182
111,200
14,56,60
4,52,135
48,123,127
35,87
35,126,170
140,146,175
2,12,87
10,42,117
168,190,195
34,98
10,156,189
2,7,155
94,105,186
116,194
70,167
126,149,194
22,178
28,58,59
92,153
31,57,113
126,146,160
12,134,139
64,75,169
69,99,152
9,54
33,102,138
19,40,51
120,136
65,108
43,88,124
8,110
95,160,197
121,188
26,67,170
3,55,113
9,132,161
81,150,179
62,151,186
11,19,107
72,184
9,49,94
71,72
24,25,170
14,26,119
126,135
27,101,168
65,129
32,173,184
9,132
21,26,162
30,119
96,196
64,145,150
5,173,192
12,105,121
35,43,194
78,110,142
69,167,184
78,124,162
11,52,59
9,13,83
31,34,52
15,17,106
3,65,112
132,147,198
14,66
79,169
8,56,91
10,21,146
40,181
32,35,183
77,108,155
67,74
120,132
4,19,170
130,199
71,88
55,149
25,121,161
36,116,163
48,193
18,111
101,173
64,92,147
49,63,66
11,113,152
80,96,165
7,110,190
71,129,156
27,176,196
69,72,153
106,164,171
47,186
13,59,121
55,66,153
105,115
103,137
80,108,133
86,109,135
2,12,116
11,80
33,54
1,15,178
77,84,152
45,63
53,80,108
45,54,75
58,138,143
61,112,136
33,137
47,104,110
6,20,61
36,115
35,94
91,169
45,87
13,130,135
167,195
89,129,200
132,150,191
12,69,187
5,48,147
105,108,137
136,139,199
40,85,96
25,26
5,33,173
6,75,182
11,107
72,73,137
91,181
34,86,170
71,89,186
10,42,99
11,51,135
6,166
44,61,192
37,52,67
13,135
8,66,169
127,138,143
27,128
10,33,148
6,27
163,165,171
36,178,198
18,43,117
115,157
18,88,115
11,97,170
43,105,133
48,150,158
134,137,143
101,126,169
118,122,157
58,61,98
34,164,174
2,19,112
46,93
11,46,82
91,113,147
78,88,131
27,93,150
13,44,107
43,178
110,121,197
91,123,149
91,147
141,178
83,157
17,129,154
84,184,189
42,77
25,195,196
107,164
39,96,185
57,155
2,13,184
47,123,124
79,93
43,123,157
93,145
72,175,199
10,63,150
31,134,176
39,102,191
53,175
21,100,113
24,40,155
88,178
75,80
23,52,168
102,158
7,13,74
38,170,199
30,42,86
125,184
156,186
29,167
72,80,163
84,191
30,61,76
141,179
2,122
37,79,145
107,146,193
103,104,169
94,164
35,74,109
36,86,102
8,152,174
87,163,170
83,103,148
123,141,145
12,86,151
104,114,169
33,115,171
64,86,192
37,64,70
115,176,194
59,83,140
34,95
74,116,137
42,83,96
86,98,101
51,168
99,107,159
31,79,127
35,161
38,44,108
16,135
51,111,172
54,106,158
105,193,195
49,147,182
92,96
31,100
159,162
141,161,197
30,50,95
31,121,185
71,125,129
13,25,121
49,76,167
27,75,189
62,88,137
76,116,164
5,106,153
3,85,127
14,79,119
3,39,157
57,125,168
20,85,122
109,192,197
37,123,198
88,127,149
112,136,174
65,164
11,82,168
85,147,172
37,66,132
42,182
47,146,179
5,30,114
75,136,159
75,80
53,148,186
22,74,126
4,115
12,77,126
58,85,166
73,90,98
67,114,128
143,192
71,196
40,51,59
52,126,183
54,154,180
10,33,97
36,38,104
6,21,138
73,96,163
10,78
62,115
106,111,198
80,83,103
8,44,46
36,156
75,127
68,88
48,53
57,65,160
51,109,149
46,85,92
25,68,170
5,86,152
34,43,73
16,165,171
8,61,112
26,30,127
88,95,142
6,66,149
49,166
9,94,101
45,114,128
55,104,142
158,188
133,140,175
8,142,150
42,186
19,73
42,91,106
65,200
61,150,152
67,81
54,63,146
37,119,127
118,134,149
64,95,112
15,71,94
65,193
6,200
75,114
67,123,162
90,125,185
83,95
4,24,25
28,115
139,151,177
60,65,79
133,150,200
24,136,137
176,197
106,156
83,84,191
9,24,131
10,97,128
27,74,195
61,78,166
46,85,145
67,154
42,78,195
96,148
103,105,157
20,46
3,85,199
58,123
55,200
72,90
51,83,177
63,69,119
73,103,185
128,129,155
88,96,116
71,133,171
53,91,187
101,113
105,111,158
78,149,163
73,111,178
99,115,191
63,76,165
25,126
27,69,133
10,89,178
91,130,157
151,193
121,179
45,175,194
51,65,180
36,48,80
22,155,179
62,165,191
4,24,146
101,143
50,199
53,114,157
18,96,98
80,101,105
60,178,183
59,75,153
25,121,135
4,86,197
104,114,132
63,64,147
74,188,195
93,98,166
72,124,156
151,183,197
41,43,133
93,178,179
6,14,142
37,60,147
21,142
12,104,191
36,62,103
58,131
28,48
116,158,196
131,150,181
101,156,165
38,120,194
111,112,199
54,163,194
44,89,140
15,43,94
13,153
69,140
4,25,82
152,177,189
43,63
66,97,99
16,78,187
70,93
3,65
81,159,174
130,149,155
143,144,181
1,43,200
82,139,197
35,59
47,65,135
42,73
12,40,140
18,62,148
4,139,192
51,61,101
28,73,171
86,97,193
6,34,85
51,199
119,131,138
89,106,123
8,44
2,89,184
49,56
23,74,82
15,108,141
79,126,187
162,172
20,56,98
13,31,197
76,142
88,111,177
7,74,146
123,150
149,174,188
52,77,180
24,87,160
96,159
71,80,158
23,82,193
62,156,196
98,197
8,45,182
6,98,110
95,109,156
12,40,134
24,135,193
114,152,166
35,37,86
13,85,181
16,54,165
26,152,157
72,83,117
53,110
11,47,193
63,142,145
3,6,122
11,22,157
97,146,200
41,43
52,125,199
12,132,192
119,122
62,101,198
72,129,141
17,26,152
65,187
22,52,100
65,173
11,51
66,84
113,114,152
80,115,118
25,152
10,142,188
94,129
36,54
64,84,167
3,90,130
11,97,180
25,102
63,108,162
62,177
12,59,76
16,84,111
83,115,191
33,185,191
27,169
81,124,195
32,199
45,49,87
61,184
85,119,128
154,189,200
44,51,114
45,106,169
4,185
121,130,195
38,51,68
5,124,182
29,71,170
13,135,190
15,165
1,111
18,115,124
27,81
25,160,199
1,48,124
29,49,120
18,73,141
102,174
3,29,112
19,177
45,60,66
8,111,194
48,148,189
11,23,146
42,65,80
2,4,25
95,119,122
108,117
26,31,144
37,39,59
13,120,168
117,156,198
29,78,181
20,80,168
14,63
84,97,170
30,64,171
129,164,165
21,104,150
48,133,178
61,143
51,58,188
9,18,200
33,71
85,119,174
28,141
2,168,190
80,129,198
9,116
136,174
80,101,185
84,198
123,127,138
39,89,108
114,120,148
25,47
90,141
22,69,126
38,41
117,171
69,115,124
70,81
150,153
1,185,200
66,122
47,148,193
23,126,168
99,156
28,104,155
85,128,138
78,90
58,78,169
29,95,174
45,78,98
64,119,173
120,193,199
8,159,195
126,197,199
18,42,191
32,77,97
36,124
44,47,177
66,98
131,167
17,128,167
5,8,42
5,50
121,149
53,96,165
10,97,127
45,57,58
30,45
86,141,171
52,58,70
21,148,182
137,186
39,156,186
7,23,87
62,151
71,79
140,177
1,57
105,133,198
35,129,134
9,16,108
17,66,73
126,134
48,94,184
9,99,200
84,111,117
12,130,188
54,71,171
84,156,165
64,123,132
47,52,83
51,126,188
42,167,184
3,119,197
44,46,97
109,197
35,110,146
80,98
21,152
125,157
53,88
9,36,154
101,125,157
2,161,194
37,160,167
18,71,88
4,102,112
63,138,159
36,79,97
28,42,90
13,68
111,133,165
6,29,193
75,185
43,67,88
93,153,192
6,73,156
50,142,174
1,54,198
2,105,179
119,142,182
89,96,106
102,138
55,73,117
94,101,126
55,114,150
112,147,181
12,23,40
130,187
63,77,176
39,101
67,145
69,77,190
94,168,187
47,197
47,150
5,42,135
51,160
71,148,165
68,110,180
5,145,148
97,107,146
96,103,198
7,126,134
19,65,74
59,168
76,141,199
51,113
97,104,190
21,92,190
23,171
107,177,197
126,175,193
88,186,191
10,51,75
54,197
135,140,185
79,159,162
112,138,147
21,129,166
34,55
132,167,168
3,147,188
56,123,176
57,65
123,166,192
102,137,189
37,70,91
23,160
77,118,163
29,45,145
35,107,193
44,58
165,184
109,139,177
54,156,164
75,135
16,99
8,110
23,52,84
58,63
104,151
119,129,139
107,160,179
90,169,196
24,107,140
119,181
54,125,154
5,42,186
79,131,132
86,120,194
16,154,157
67,159
26,58,63
42,110
60,93,132
29,34,69
32,120,130
48,118,133
90,117,185
140,183,188
40,114,147
67,104,145
90,196
62,118,189
158,165
41,109,110
38,177,184
79,120,122
6,30,144
9,37
134,168,177
15,124,163
138,185,198
15,124,154
1,48,158
18,114
89,96,116
68,126,195
11,12,199
18,37,78
23,86
90,93,105
89,100
33,43,178
2,40
118,164,185
26,58,92
149,175
11,71,135
66,100
77,180
48,186,189
17,101,148
146,170
95,102,188
153,180,200
43,73,158
33,164
8,30,70
27,67,123
111,158,164
22,140,160
62,104
54,80,106
151,192
112,167
108,151
34,66,112
3,16
51,60
139,154,158
125,156,157
74,194,197
24,103
49,103,181
55,58,97
14,79,112
7,124
134,160
21,176,182
18,85,151
6,56
131,141,175
34,50,172
123,134,150
2,52
30,81,150
1,102,108
30,159
3,172
102,111,156
106,151,162
133,172,184
10,19,107
61,102,143
99,106,154
44,152,191
74,107
10,59,68
16,33,82
57,87,151
35,68,187
36,176,182
127,172,182
115,117,189
29,104,179
49,58,105
47,109
41,109
6,152,181
42,71
25,86,184
89,94,156
78,121
65,134,136
10,108
13,151,155
52,59,190
96,154,157
11,168
8,193,195
56,85,166
54,81,178
31,46,98
5,31,78
79,153,186
50,114,169
84,143,148
2,12,160
9,10,73
41,197
1,111,195
65,95,184
104,145,182
15,71,177
48,158,184
25,38,69
72,88,117
95,141,155
16,39,105
89,99
53,101
23,130,151
92,96,155
74,82,170
72,110
5,122,174
135,141,148
80,103,178
155,187
14,49,123
18,194
95,166
94,102,117
121,134
24,36,182
32,57,65
27,46
22,50
165,179,195
188,198,200
69,84,193
103,154,178
24,160,195
60,104,132
43,118
100,138,172
97,193
14,173
134,193
95,174
67,159,172
23,134,194
33,177
16,36,178
39,141,184
4,121,134
48,151,166
29,44,92
59,86,180
113,122,186
30,139,172
72,99,200
110,140,155
20,27,74
42,62,171
59,145,185
32,44,83
11,25,32
73,125,184
17,39,129
14,30,57
1,25,86
142,143
115,154,184
52,74
12,23,69
125,156,178
11,191
70,123
163,178,185
67,119,142
13,135,195
5,68
110,152,164
167,168
12,121
74,130,160
134,135,183
105,179,196
147,174,193
15,39,124
11,25,180
55,56,142
