59,78
54,136
10,59
114,140
65,78
1,4,18
102,124
74,127
26,85,96
4,29,37
63,95
17,20,129
64,81
44,64
9,103
50,56,73
13,142
18,53
45,94
34,115
62,86,117
38,132
21,108,141
36,78,92
46,112
88,101,111
119,120
60,72
29,42
50,51,94
50,122
38,62
12,63,146
48,61
13,41,111
46,120
35,66,148
38,110
39,131,137
52,120,121
37,121
20,149
31,76
134,141
40,95,146
66,105,123
65,147
20,122,141
113,130
50,136
37,87,136
73,99
29,92
17,98
126,130
118,148
76,105
46,125
8,65
67,143,150
9,66
18,109
1,7,150
12,15,111
80,137
88,108,114
76,80,135
50,77
28,90
2,4
37,98,108
32,47,100
18,126
18,89
66,125
60,86,118
41,65
21,81
122,143
15,44
6,28
51,75,90
19,71,102
23,104,136
10,89
77,110,112
22,39,73
27,57
26,49,74
25,61,87
60,79,138
78,106
5,133
26,83
72,132
18,111
106,148
13,108
19,45,110
58,72
115,130
30,43
115,138
20,112
24,55
43,83
5,118
14,51,124
111,149
86,138
2,24
69,145
82,91
17,89
43,76
7,54,125
4,77
43,46
12,28,70
36,85,104
21,62
33,142
52,78
4,143
62,112
38,69,113
65,148
21,86
53,103
2,63
7,21
7,110,116
77,88
14,147
18,99
45,65
32,107
62,82
123,138
31,36,48
61,65,130
60,70
9,57
73,113,149
86,112,139
27,108,129
58,129,146
14,106
29,50,100
30,75
18,81
27,75
139,142
88,125
29,111
20,35,36
1,40,67
10,48
76,92
4,149
25,107
66,85
55,116
71,75
9,103,145
59,125
95,127
77,103,130
3,127
89,150
56,67
85,104
5,47
13,39,101
27,109,112
115,117
2,12,83
32,59
51,145
20,83,122
105,119
58,95
61,70
50,103
39,79
5,55,137
62,82,99
22,27
111,128
57,88,129
74,121
123,136
6,134
22,43,130
81,141
23,38
54,100,141
52,62
82,141
42,104
21,52,126
95,117,126
26,149
19,96
8,19,103
85,125
44,124
82,117
79,132,137
73,129
27,53
34,131,144
41,95
8,43
6,142
85,135,136
17,23
107,116
8,36,104
13,105
70,109
28,115
43,46
109,133
18,131
4,107,139
22,128
39,116,145
87,138
4,122
45,146
28,50,121
10,45,75
66,102
26,65
81,150
98,121
29,89
87,116
22,121
38,76
82,116
42,80
80,121
5,91
42,62
119,136
6,131
6,55
54,73
59,103
4,17,48
21,52
60,143
16,23,104
16,36
18,40,67
103,118,124
30,47,120
39,70
4,15
78,139
26,50,80
33,34
94,138
44,125
62,127,150
79,134
85,148
101,147
8,57
43,63
63,84,90
25,49
30,136
27,51
8,98
14,65
14,148
24,27
14,122
6,123
12,101
121,134
31,57,113
37,38
138,149
3,7
19,23,25
125,135
28,90,148
93,101
40,75
9,118
18,38
29,38,65
93,118,142
79,134
99,134
122,148
57,61,94
90,125
59,103
74,133
10,132
74,92,100
31,85
26,144
116,118
17,25,103
38,138
32,134
44,68
22,75
68,134
19,97
102,126
46,72
36,46,77
5,74,149
28,45,120
83,138,148
94,150
55,97
38,63,120
29,48,98
18,71,114
60,79,116
61,96
15,148
35,69,142
41,67,84
9,48,97
66,114
2,82,148
29,96
34,136
87,147
25,92,98
23,86
89,144
29,66
57,73,130
91,107
41,85,130
16,37
58,148
132,145
96,142
43,100,135
64,95,144
48,111
53,133,143
39,119
92,96
12,111
16,59,80
8,58
18,105
1,57
61,76,81
34,101,132
50,54,77
14,117
15,26,95
39,98,100
29,50
37,149
98,138
9,107
50,78
97,147
80,125
84,95
117,145
83,119
97,108,139
37,54,86
46,141
83,114
8,9,104
104,105
40,67,105
38,121
90,122
49,74,149
1,133
38,62,101
1,30,42
23,69
51,124
49,71
94,118
28,68
97,135
9,76,139
39,69,72
8,37
127,137,144
60,61
14,73,127
54,126,130
20,67
62,138
49,85
18,51,80
32,49,53
21,88
18,76,96
12,146
97,135
12,19
71,124
121,146
70,129
53,137,147
51,60
37,116,130
32,103
109,147
32,92
91,109
91,128
56,83,115
13,20
80,125
13,135
26,74
13,44
100,130
63,103
85,137
3,143,149
70,109,115
44,111,115
29,54,136
6,95,124
8,150
67,94
70,75,112
105,148
27,56
40,124,148
62,128
3,47,116
16,78,87
96,149
17,74,88
4,52
51,67
35,137
60,128,133
118,119
74,124
15,88
78,107
89,90,148
32,86
50,111
47,66
8,30
20,93
132,144
14,83
42,54,130
138,141
110,118
75,98,117
2,28,63
17,136
18,49
34,55
54,63
14,135
110,147
38,47
82,143
56,71
37,62,93
58,124
72,78
35,66,68
64,83,106
26,66
45,119
39,86,113
85,87,131
28,59
64,75,120
73,82,149
23,107,139
31,136
12,15,88
49,91,94
84,121,124
24,132
63,119
84,89,129
63,129
5,20,57
91,94
16,126
19,48
2,7,90
72,110
11,111
38,82
107,115,145
31,100
102,143
22,124
22,39,134
113,135
70,148
58,70,114
111,131
15,125
28,44,56
30,145
10,58,148
90,150
70,127
20,126
28,87,121
44,115
97,135
60,134,136
69,108,121
98,128
102,130
39,132
21,76
17,52
35,117
29,87,107
82,102
30,70
62,94
139,149
44,111
37,139,140
66,80
33,126
45,119
90,127
37,41
64,89
28,146
60,102,127
47,118,141
20,51,111
2,5
30,112
61,67
25,31
55,133
91,108,127
34,132
56,134
1,77
46,89
6,17
12,127
12,18,21
99,139
17,85
103,104,107
35,47
36,102
20,108
10,26
1,58
16,133
62,143
41,146
17,123
9,13
104,108
113,128
76,124
80,100,126
51,66
108,144
38,60
8,140
67,115
126,149
20,75,112
9,111,130
12,62
46,67,150
61,127
87,97
49,91,94
113,117
48,123,140
79,120
65,87
67,139
36,132,139
89,147
73,127
2,51,53
99,118,129
118,138
65,98,139
4,76
64,114
54,107,126
113,130
51,137
12,37,59
26,50
82,88,96
9,13,111
88,128
73,131
39,60
107,140
127,144,149
23,35
58,72
94,118
72,130
47,148
8,140
115,120
6,93
130,139
53,106
116,142
44,108,122
58,63
14,26
56,86
86,129
19,121
81,135
10,11
27,28,71
91,128
6,64,112
49,62
43,109,142
79,149
31,123
101,133,134
28,63
31,54
16,133
83,114
23,59
1,44
14,80
38,101,144
55,133
3,49,143
27,56
40,103,109
4,103
45,141
100,127
8,10
102,145
32,69,142
13,14
58,130
21,129
48,116
25,48,100
54,76,150
61,77
21,32
5,14
56,67
55,128
66,111
27,34
93,126
25,91,102
3,90,150
97,140
24,69
23,80,97
50,65,87
13,47,73
128,131
16,43
1,12,71
1,53
43,44
7,48
71,111
5,28
36,148
62,105
43,125
79,117
44,122
14,117
22,71,126
4,25
18,22
9,29,123
82,133,138
36,132
42,68,105
25,127
73,118
30,74,86
99,122,132
66,73
38,110
94,143
70,79,117
15,149
73,133,149
10,97,140
79,117,133
5,79
31,45,139
27,50
91,142
40,150
68,99
78,119
82,90
55,121
21,86,142
29,59
25,30,67
61,109
101,110
17,41,52
11,52
64,121
89,111,119
24,131
1,88
94,134
90,147
88,140
115,124,141
11,86,108
25,76
26,33
96,143
13,49
20,109
38,67
9,37
19,125
30,46
75,117
36,73
48,85
70,83
31,141
46,127
30,36
51,121
138,145
26,35
87,98
33,59
18,105
17,104
93,132
44,87
7,40
71,101
17,121
33,64
15,114
44,113,129
76,108
19,98,126
70,146
1,59
60,134
7,111
101,102
7,62
58,87
45,124
30,94
65,98
12,53,111
21,50
66,91
55,127
9,96,146
117,134
8,97
50,76,119
8,98
63,147
36,71,82
9,65,77
17,51,133
35,99
103,140
31,107,139
17,93
54,96,98
38,134
50,62
32,35,133
59,101
82,131
20,31,138
9,85
34,77
6,72,139
91,99
19,98
31,41,48
90,109
24,71
37,84
36,90
68,132
112,150
24,91
32,94,128
37,96
36,97,107
35,89
24,35
2,16
51,91
82,118
81,137
83,119
14,39,71
62,130
7,89,115
11,101
10,50
92,136
115,148
69,91,102
8,65,126
82,116,147
69,114
50,59,130
132,146
31,65
76,80,103
90,118
103,119,126
46,128
5,55,132
29,123,128
20,44
15,51
31,107
117,129,134
34,91
8,78
99,102
65,123,124
19,82
74,79
131,141
70,132
62,133,134
