18,100
53,97
43,80
63,79
84,142,146
12,40
6,54
76,102
50,62
58,142
6,72
9,46,81
59,140
44,106
80,112,120
23,27,104
68,113,128
73,110
6,45
20,56,129
41,130
14,40,63
45,140
121,132
40,81
105,131
106,109
112,145
41,93
40,146
64,102,125
25,29
10,46,149
11,138
17,147
3,28
34,125
85,86
119,139
6,10
32,71,118
24,63
80,112
27,148
47,129
15,111
57,74
11,147
93,107
22,90
101,115
40,99
115,127
32,89
40,64,121
27,65,111
31,56
51,94
14,59,127
108,125
2,21,146
25,88
1,8,39
46,128
25,128,148
47,92
34,52
12,128,149
4,81
14,18,63
65,83
46,49
15,25
93,129,136
17,33,150
8,73,77
93,134
46,103
5,148
88,100
41,90
92,100
59,115
21,119
66,88,141
140,142
67,93
36,57
34,88
56,150
25,60,113
14,93
78,92
47,107
57,138
18,55
71,133
27,149
50,96
113,135
96,134
86,89
23,73
9,54,95
15,42,122
54,149
35,121
54,147
81,131
12,127
64,150
72,102,118
23,29
5,36
52,115
83,96
2,110
20,51
6,75
21,95
31,103,115
84,150
15,122
83,131
32,87
82,100
105,134
33,55,84
51,56,85
4,55,124
39,45,50
55,141
41,106
9,55,136
51,106
39,96
92,96,102
3,28,30
98,132
113,146
4,104,139
37,141
16,71
51,84
107,127
15,113
102,111
75,105
23,141
46,95,117
68,110
95,99
124,135
95,135
9,136
11,99
34,61
80,133
67,144
10,139
22,127
92,118,121
68,104,110
1,121
73,122
10,55,88
20,78,82
46,55
46,72
102,124
30,47,52
56,82,138
119,129
24,36
60,97,149
41,84
66,67
9,148
7,47
36,105
60,65
58,66
13,21
52,113,135
75,139
52,61,108
25,121
4,91,101
22,41,43
24,131
65,83
62,79,119
5,131
1,46,122
60,142
25,120,148
107,109,125
68,88,143
78,104
70,119
79,108
83,95,128
29,70,93
12,134
49,54,125
82,100
49,72,130
87,121
60,149
31,32
17,111,118
10,17
42,141
31,78
8,144
14,72,86
113,144
44,81,124
44,73
4,79,91
77,106
18,51,82
55,136
3,39
49,109
19,59
46,69
4,101
110,135
40,94,149
54,130
10,42,88
11,55
52,76
46,84
7,120
86,101
23,145
44,133
16,98
76,89
5,60,131
51,149
108,131
22,54,134
62,65
27,81
39,135
14,106,138
43,85
38,147
43,76
55,94
70,95
18,99
3,132
39,110,149
36,128
34,101
50,67,144
81,96
12,48
20,66,139
1,61
26,101
30,112
50,110
120,140
22,52,110
123,124
55,132
9,92
72,101,119
4,88,134
18,34,60
25,94
111,136
114,128
118,150
30,46,118
16,48
9,111
36,69,74
39,104
130,132
55,68
45,52
54,97,118
77,126
23,94,148
117,128
59,63
128,135
66,139
19,49
3,114
14,19
10,95
29,119,123
24,83,149
20,51
40,141
18,86
116,132
100,136,150
2,149
27,58
9,106
85,108
63,97,148
61,72
95,97
82,94
128,135
1,89
129,134
74,124
30,121
51,58,106
54,122
33,101
96,124
1,5,22
33,56,92
16,50,85
38,110
34,103
66,82
60,139
66,132
1,141
114,124
71,89,93
21,97
12,83,135
30,67
11,31
55,111
5,56
27,55,111
62,141
15,108
46,57
16,149
47,119
7,144
9,51,64
79,113
74,114
70,78,141
53,83
27,78,111
22,66,106
1,66
17,112,137
20,104,136
98,135
90,123,141
37,41
55,56
63,77
24,46,69
87,119
33,45,51
2,131,146
22,61
31,105
112,114,119
79,124
55,130
111,139,140
4,33
30,53,91
6,69
21,60,73
31,135,138
26,129
18,64
42,150
52,114
105,108
3,6
3,92
2,16,98
43,85,125
15,89,142
57,89
16,122
9,44,141
109,144
58,100,150
24,106
85,108
59,114,130
32,41,136
118,148
96,149
66,78
15,69,115
9,115
43,52
69,121,141
105,114,145
59,107
41,140
4,119
62,67,98
9,143
24,83,135
65,112
5,19,98
73,107
25,132
37,122
68,75
50,55,127
27,39
38,102
30,102
11,56,66
91,114
82,92
23,117
50,69
117,128
34,112,134
86,114
31,34
100,108
28,120
72,93,125
80,111,146
52,124
31,61,70
63,71,130
30,133
49,61
28,120,133
86,143
79,123
11,66
97,124
3,139
27,143
33,109
44,92
42,104
23,76,128
48,140
13,63,132
110,146,149
28,116
39,101
21,44,115
19,103,128
31,122
35,92
6,66,146
51,134
12,43,64
68,126
134,147
19,48
30,79
12,24,96
38,91
19,41
83,105,113
18,79
90,108,134
35,108
39,75
36,46
85,114
27,105
43,62
47,138
53,74,95
70,86,93
14,70
38,107,114
123,126
30,127
46,62,81
136,142
6,100,130
22,114
30,80
99,123
6,80
7,124,133
109,114
3,132
79,129
66,132,141
96,131
33,45,50
43,102
31,113
35,60,146
38,39
5,149
50,129,140
33,100
63,68,146
13,136
30,45
99,124
80,116
46,105
21,147
66,86,117
16,79
109,125
125,139
23,88
58,64
96,104,147
59,101
76,133
9,131
85,133,134
4,30,82
57,116
7,81
6,73,82
21,50,74
56,100,132
59,122
51,141
19,98
55,137
83,89
74,109
110,112
30,63
28,29,133
49,124
70,96
21,74,88
4,58
100,145
11,68
94,132
35,68,75
92,141
69,75
28,139
13,17
1,55
25,98,103
113,133
115,127,132
75,81
23,56,111
42,111,121
78,87
74,94
87,132,139
9,39
11,143
45,69,110
45,50,97
12,128
23,88
17,27,51
78,87
38,47
88,94
11,17
83,98
113,118
29,130
66,145
17,138
23,67,118
20,101
84,150
19,105
28,93
37,108
9,135
41,61,76
25,82
10,81,120
65,126
36,50,65
26,144
15,114
86,109,124
89,93,103
65,96
8,57
64,117
87,118
111,121
46,99
43,77,113
107,108
47,134
9,112
6,132
89,108
42,128
7,28,62
60,83
2,105
7,106
7,123,134
9,13,111
15,20,94
49,99,114
31,34
10,23
2,105
4,139
34,56
140,143
55,64,136
92,103,114
35,116
93,127,129
67,76
17,37
70,150
58,102
58,94
20,84
52,134
35,138
76,98
26,129
32,35
78,111
18,98,131
9,10
109,125,127
28,30,72
47,52,54
52,72,111
19,99
36,69,75
47,86
11,140
2,24
71,81
13,126
54,127
105,115,138
60,68,74
6,14,109
47,148
18,56,87
10,124
26,137,148
15,19,123
35,54
26,112
73,115
43,98
55,121
68,128
32,110
78,145
68,82
36,107
82,137
11,42,91
2,39
3,91
73,140
71,145
14,123
96,124,143
75,77
20,130
82,111
37,91
94,134
78,118
45,74,97
65,142,148
89,102,124
9,42
79,81,106
129,134
141,145
94,141
17,130
45,137
2,60
35,126,149
22,108
3,142
66,100
14,79
52,90
16,45,53
2,39,149
34,103
89,96
47,108
131,148
103,105
95,128
49,72,114
3,41,76
83,120
118,150
47,49
77,83
25,65
4,108
102,133
28,124
48,96
17,25,56
69,135
111,140
27,51,122
58,64
46,87
17,50,103
12,70,91
8,74
30,49,85
74,103
21,105,128
120,147
94,128
3,89
9,57
29,102
14,78
11,31,92
15,38,69
27,118
61,99,115
46,111,129
55,139
8,45,97
9,93
78,89
33,72
40,139
3,72
45,48,74
69,118
78,132
27,140
1,87
2,19
26,121
14,43,75
1,99
3,13
52,147
81,146
13,143
108,126
29,110
74,77
34,59,65
13,44,100
5,32
32,121
8,65
71,113
78,125
31,101,144
63,80
54,76
95,97
94,143
31,121
61,107,127
11,38
109,134
45,69,98
46,105
33,44
127,146
37,131
100,144
78,148
22,72,119
2,138
60,111,123
71,79,138
58,100
26,128
71,74
79,125
95,111
32,64
9,59
67,74
60,125
27,127
99,130
104,135
101,127
20,121
70,80
28,137
86,147
23,58
51,71,120
71,91
2,116
92,132
108,112,130
89,114
83,146
62,119,127
56,102
46,126
68,105
121,150
2,16,135
39,139
13,81
1,136
65,105
101,126
35,77
87,122
62,109
100,139
80,115
88,150
74,128
24,145
55,92
133,134
75,136
92,121
12,45
13,24
87,92,122
10,122
31,51
48,74
37,92
26,70,93
109,138
5,72
16,49
125,150
66,143
92,137
63,87
57,102
24,85
122,123
40,103
60,141
20,94
8,68
104,135
88,121
27,44
2,101
38,97
21,27,101
28,43,49
26,102
