39,132,150
17,145
22,47
2,111
5,15
25,109
31,40
17,131,135
13,25,89
22,42
23,37,91
106,116
67,90
102,148
112,138,140
105,137
40,98
32,84
42,87,130
65,75
62,149
13,39
99,101
14,141
65,96
16,36,150
75,135,148
65,82
18,88
69,70
40,62,122
59,84
53,93,117
136,137
22,81
27,68
98,135,138
87,106
31,111,112
10,147
38,150
29,142
4,136,146
88,100,114
34,42,110
96,133
28,107
55,122
28,90,97
22,61,101
32,36
128,140
91,95
90,109
112,136
59,108
13,46,105
38,110
46,89,106
57,75
43,64
1,76
9,16,75
31,119
26,41
74,107
53,110
106,125
17,62
55,72
8,17,89
35,46,89
106,123,132
104,141
9,54
75,104,140
108,130
2,13,85
85,89
33,108
35,131
3,26
19,50
4,22
23,38,60
17,55,70
52,118,144
35,88,110
83,113
52,139
3,150
58,108,141
9,14,85
16,60
76,93
39,101
71,109,135
1,139
113,150
122,140
123,130
1,111
79,111,125
58,127,144
15,42,124
109,132
63,89
11,128
84,111,142
102,148
39,60,119
28,64
58,98
44,147
16,147
15,133
37,149
68,80
28,81,126
4,104
68,116
12,113,114
9,121
136,146
47,106
20,52,142
6,132
38,122
5,40,53
40,54
49,76
43,128,139
90,97
2,19,50
1,38,123
97,112
35,43
2,32
46,68,135
55,96
8,150
12,78
2,143
7,53
35,69,126
81,89
111,117
17,143
10,50
19,67
130,139
27,73
22,67
22,147
61,149
22,45,80
10,53,93
89,112
32,105
10,49,58
26,49
102,145
106,114
43,138
42,113
12,39
34,53,134
40,128,145
94,101
46,117
84,94
54,93,128
89,95
69,85
62,125
26,51
111,127
105,135
53,59
128,136
113,115
124,125
89,102
55,137
69,78
97,124
15,59,142
58,66
20,104,137
1,104
26,71
77,93
47,59
18,38
37,79
53,58,98
7,69
22,138,147
60,118
121,126
13,93
26,56
100,132
3,27,128
54,93,104
7,40
54,77
3,60
11,41
19,96
60,132,149
18,27
6,110,129
39,104
67,98
76,100
20,121
29,68,74
17,76
17,64
47,145,148
117,125
21,57
86,93
65,117,123
46,132
49,70,122
12,38,61
50,145
61,112
91,99,146
56,87
10,48,52
12,117,129
56,86,138
84,123,136
102,144
68,81,145
9,63
95,105,128
47,55
66,82
36,93,104
15,76,104
9,91
6,18
46,68
69,78,79
2,66
26,127
43,97
13,101
31,130
107,124
93,107
11,35,46
83,95
116,149
91,120
22,58
46,118
1,75
42,137
27,139
75,108
36,107
48,128
6,75
27,137
36,125
75,149
101,114
28,123,148
14,101
65,144
1,74
80,146
68,74,102
15,16
84,107,136
10,69
10,88,107
8,68
86,125,143
78,142,150
10,127
107,125
32,77,140
16,149
23,84
58,148
28,84
116,123,143
17,121,123
87,125,129
30,70
83,92
8,50,65
93,115,125
90,98
28,60
12,139
45,114
100,125
49,144
89,101
19,94
47,103,142
53,79
4,120
117,119,149
58,107
30,90
95,126,144
6,84
82,102
95,141
14,126
10,127
89,149
19,144
15,48,103
59,123,148
71,124
39,148
107,122
66,138
6,39
44,71
64,105
70,103,148
126,133
1,33,66
1,62,71
130,131
18,80
35,65,72
22,57
13,46
4,44
96,105
7,31
5,10,62
9,83
19,39,88
67,124
49,74
9,63,64
28,111
54,55,142
19,64
66,124
26,54,102
93,127
25,33
29,36
35,121,132
45,73,104
56,100,116
70,103
31,41,46
24,44
86,93
115,135
41,137
51,93
14,81
128,136
46,86
11,77
81,121
21,60,88
52,92,139
62,136
59,101
43,62,122
66,132,137
39,66,118
45,49,73
136,138
21,57
43,85
58,113
12,58,86
103,106,129
28,72
61,119
67,141
65,69
77,117
44,128
5,72
47,52,57
1,68
28,40
27,51
9,24
50,95,97
32,87
33,122
16,66,85
12,57
26,29
13,102,132
22,39,142
80,81,134
40,54,102
92,104
18,91
34,51,138
5,29,104
35,141
18,116
47,55
98,125
73,86
18,100
127,146
55,139
18,144
28,90
10,147
88,103
42,114,119
12,21
58,141
22,89
7,61
10,55,122
81,133
52,108
57,132,137
69,96
56,93
29,86
29,53,140
14,22,84
80,100
21,101
4,78
12,37,103
29,53
80,133,135
47,108
69,104
46,118,121
62,77,142
32,123
118,122
61,91
73,136
74,138
117,126
91,115
39,60,120
86,128,144
45,128
32,60,102
44,102,141
87,114
1,65,92
101,134
48,63
86,134
128,142
1,63,81
18,62
3,129
43,98
26,106
33,85
34,82,86
63,109,121
10,43
7,54,127
24,25
9,104,148
62,93
24,31,116
132,142,148
86,128
13,28
15,49,103
47,58,128
5,28
4,147
22,129,147
124,144
46,133
44,55,70
66,114
99,119,120
25,40,47
12,43
28,69
47,49,82
50,129
28,104,142
83,95
37,125,150
40,139
86,128
9,13,138
15,102
95,123
4,115,117
101,123
3,71
1,140
33,123
38,88
6,27,37
37,66
104,127
22,116
22,118
27,61
68,137
30,70,75
70,79
82,123
66,99
31,124
41,67,109
67,111
20,148
11,35,106
116,147
12,23
61,83
107,143
36,119
6,93,149
23,88,91
35,75,126
12,36
93,135
120,134
131,150
88,114
2,68
52,121
35,82
49,73
28,71
69,127
31,89
53,127
71,86,120
36,127
17,97
16,129
51,101,146
1,25
4,149
84,144,148
14,126
85,136
94,131
66,107,112
38,92,102
5,55,147
4,107
9,60
86,122
3,39
43,100,138
19,77
66,101
133,140
106,131
28,46,133
42,146
71,85
5,139
120,126
10,94
20,66
90,106
14,24,80
19,150
14,25,65
35,81,89
13,94,105
43,92
12,38
38,55,111
20,93,108
39,110
107,149
8,23
57,98
80,103
42,147
16,103
45,70
13,17,130
8,26
21,42,87
109,127
44,77
37,104
64,69,131
29,71
25,78,144
32,108
14,35,121
11,50
12,17
54,72,86
90,111
27,141
68,79
31,127
56,66
61,76,101
44,72
35,135
29,43
58,95,100
14,109
34,58,146
3,66
56,107
3,114
97,121
87,119
4,115,137
48,104
119,130
8,115
123,140
59,139
16,107,119
13,35,80
106,140
1,40
20,59
45,142
93,95
10,95
67,116
59,148
79,142
136,137,149
9,30
10,62
28,78,96
44,47,102
23,89
96,100
17,120
8,131
39,53,137
15,127,140
1,27
121,133
28,127
18,65
69,150
2,106
6,62
87,125
58,86
65,89
28,55,109
31,75
20,84
29,45
10,45,48
16,38,57
1,46
26,42
11,23
104,145
63,78,129
7,59,127
7,132,141
62,112
27,70,82
95,149
9,11,69
9,90
82,119
102,148
19,21,129
23,87,136
57,87
95,129
103,130
116,138
9,17
98,100
33,68
6,23,60
85,111
62,90
59,77,105
39,55,114
21,69
20,46,56
12,131,150
10,34
34,38
7,98
39,135
50,80,116
18,133
75,116
70,73
2,106
74,78,146
104,111
41,67,85
24,53
47,62
104,111
137,142
6,100
9,10,107
22,36,84
76,93,144
93,132
50,62,89
4,131
38,43,73
20,103
94,123
26,77
67,68,131
43,52
14,113,128
7,108
21,34,101
6,95,143
123,128
15,87
23,95
103,148
7,43,98
2,50
18,34
119,127
31,68,87
99,105
72,142,144
57,129
120,132
33,63,105
95,137
27,87
14,109,135
8,66
18,128
22,47,138
95,107,129
65,67
22,64
76,79,92
14,43
92,97,98
39,138
121,144
108,128
23,91,132
19,27
107,113
81,120
9,68
10,36
59,76,127
41,127,135
81,126,131
77,118
72,77,140
1,90
38,120
53,143
30,33
80,110,114
51,65
65,138
51,113
28,143
10,148
98,140
12,88
5,52
96,121
48,76
10,148
7,115,140
31,50,78
21,121
15,53
41,63
57,87
55,128
12,18,87
20,47
24,128,139
4,16,117
19,68
2,75
1,13
10,69
9,30,84
77,135
18,150
26,62
104,138
35,126
66,108
47,73
35,123
1,23,72
119,148
56,142
61,70
48,77
31,48
33,91
9,75
87,132
88,129,130
14,65
64,133
63,93
74,99
44,70
17,61
33,82
32,57,102
107,150
30,64,94
45,55
27,89
71,93
102,150
82,114
60,106
74,107
16,60,130
91,95
18,74,125
48,60,131
35,70
14,17
12,51,56
19,38
8,99,110
48,60,93
16,76,113
30,69,102
1,128
97,124
98,148
81,120,136
5,27,110
15,22,28
7,19
27,87,120
80,85
45,71,142
103,141
26,74
13,14,64
