2,3,137
4,107,111
35,75
10,142
9,47
78,141
54,86,145
90,96,121
30,91
31,51,134
59,85,134
83,87
39,80,113
26,131
29,125
3,8
42,55,143
111,142
78,85,116
80,135
128,142
25,83
3,18
104,118
114,147
93,113
22,45
13,96
75,149
94,121
24,46
79,142,150
7,60,86
85,136
32,78
73,90
22,45
1,63,65
45,49,100
38,47,54
65,133
71,135
88,112
104,122
47,94
29,63
31,105
40,92
124,131,142
39,71
36,82,123
11,100
12,76,108
54,107
34,47,135
49,102
38,147
14,16,149
32,114
30,101
21,112
26,84
61,143
25,50
31,88
4,37,84
2,94
17,79,136
30,132
111,141
82,145
10,106
70,107
23,63
74,79,97
113,117
43,115
42,92
27,78
66,71,101
20,37,139
69,130
130,145
45,77,104
31,96
107,116
13,14
70,112
51,111
18,61,94
13,31,33
24,91
137,143
12,101
89,98,140
56,95
10,72,143
5,101
50,78
72,150
91,142,149
64,75
18,30
22,86
45,111
34,56
32,47
20,125,126
39,50
93,107
65,99
80,143
32,126
58,82
12,47,60
59,85
57,88
1,18
71,77
17,32,149
66,85,135
34,131
10,17,78
44,116,140
80,106,130
62,126
8,86
10,150
36,121
44,56
53,88
25,67,108
54,92
7,138
17,119,137
17,114
79,128,134
8,100
57,59
34,108
90,107
9,14,132
24,73,101
65,73
1,91
49,107
61,80,148
10,71,97
12,124
49,60,133
76,131
92,103,112
13,77
96,104
23,112
5,24,73
47,104
33,131
1,129
127,137
13,149
39,47,103
134,150
9,58
20,26
80,93,113
27,115
28,145
39,51,129
21,110
47,49
22,75
82,125
107,144
7,147
35,145
108,122,150
118,136
75,103
18,87
115,118,125
1,26,63
2,66,141
64,74
58,121
50,65
8,85,142
13,72
6,36,52
19,108,129
104,112,124
8,87,97
35,69
55,94
27,95
10,122
106,127
16,136
50,84,148
2,50
23,94
40,101
76,84
47,69,98
27,66,97
28,51,53
53,106
8,13,39
55,70,147
57,72,77
11,87,138
59,146
9,111
127,137
44,45
26,55
92,130
48,150
51,76
45,121
2,15
33,46
44,144
19,41,64
25,110,147
80,89
63,99,139
88,139
89,119
40,98
86,149
51,124
45,104,134
79,104
11,98
16,58
76,82
98,127
44,148
5,47,96
20,113
49,146
5,23,144
7,16,133
6,65
26,30,125
8,21,59
57,104
16,86
75,89
73,107
37,94
2,69
76,85
37,70
111,112
41,51
127,141
32,33
125,136
35,107
60,146
81,107
38,108
10,97
84,93
111,117
92,98
62,67
52,130
51,66
1,6
115,121
58,63
78,84
144,148
3,11
36,44,70
127,143
62,140
63,72,138
41,98,139
32,92
59,150
58,98
117,127
6,8,25
78,109
103,108
18,117
30,144
67,81
37,103
41,74,133
11,108
18,52
61,65,127
16,130
18,23
66,124
16,144
15,22,138
88,150
23,135
16,98
64,118,147
2,23
113,143
75,101
56,100
90,111
35,145
24,95
13,56,106
15,35
43,141
32,40,132
37,74,130
56,98
144,147
25,145
9,67
42,95,141
29,100
115,120
40,79,134
14,133,138
12,13
49,82,138
75,86
54,102,145
53,120
47,108
52,105,107
45,63
67,83
13,25
26,70
54,120,121
7,11,35
70,91,119
30,87
5,109,113
90,117,121
13,74
58,82
74,106,116
104,117
10,33,59
23,117,125
8,28
32,37
43,52,120
93,136
67,93,117
13,143
95,141
12,75,148
15,98
3,7,49
118,126
69,94
126,146
21,99
72,131
14,22
30,52
49,102
38,56
79,150
8,41,76
16,44
45,144
29,51
39,64,123
82,109,130
47,100
2,69
3,44
62,109,144
20,23,65
21,148
38,104
65,117
5,96
41,47,54
1,70
12,116
34,142
44,63
13,66
59,120
66,111
25,109
27,95
13,64
3,13
22,41
26,31,148
51,110
53,135
31,45
105,142
3,82
61,138
68,131
57,115
74,84
40,114
8,128,131
106,129
35,60
50,62
44,54,89
30,92,119
31,131
115,136
21,25
57,134
57,93
109,143,148
1,26
6,83
69,103
53,135
18,101
20,101
27,52,93
117,133
68,86,130
19,33,41
18,41
103,132,145
33,88,111
8,28,128
92,97,98
44,58,89
41,129,139
21,113
112,135
46,66
67,96,127
147,148
58,62,86
3,15,114
5,55,148
1,148
41,104
79,130
23,92
11,131
123,133
29,41
60,146
36,91,120
17,117,119
19,76,150
102,140
66,134
55,124
26,94,96
90,93
56,128
117,148
44,114
65,148
68,106
30,97,126
4,15,109
13,104
118,138
30,107
53,107
28,64
26,90
68,98
46,72,125
70,92,149
57,112
99,139
54,68
8,85,131
103,125,145
79,101
74,77
136,147
51,120
103,142
4,146
26,139
73,112,123
35,36,131
16,49,75
2,111
5,15
25,109
31,40
34,135,150
31,38,97
23,52
24,36,83
106,116
66,100
102,148
101,139,141
65,106,107
9,12
39,112,124
39,67
64,79
71,98
98,103
18,141
65,96
18,30,148
75,135,148
65,82
18,83
66,112
27,70
59,84
53,93,117
136,137
22,81
27,68
98,135,138
87,106
31,111,112
12,83
37,40
15,145
5,121,141
81,90,96
16,25,118
108,147
5,27
67,116
29,107
23,65,91
29,30
133,138
83,87
100,123
95,121
67,117
53,116
32,114
54,74
13,51,120
57,74
8,72
9,16,75
31,119
26,41
70,93
53,110
112,131
17,62
54,75
13,33,97
48,53,97
106,123,132
118,140
9,54
75,104,140
108,130
2,13,85
85,89
33,108
47,135
3,26
34,56
4,22
26,36,63
17,55,70
44,126,145
35,88,110
78,96
44,136
3,150
58,108,141
19,31,97
16,60
82,103
42,125
78,122
1,69,140
95,96
130,138
123,130
8,124
84,120,125
122,135
15,42,124
109,132
57,97
11,128
84,111,142
110,149
43,63,113
41,59
58,109
44,147
16,147
15,133
36,144
71,85
41,85,134
4,104
68,116
12,95,99
19,124
125,143
47,106
11,44,140
6,132
38,122
3,16,49
17,54
40,82
17,136,137
104,108
2,19,50
3,32,133
97,112
35,43
2,32
53,66,150
55,96
8,150
75,89
65,80,143
46,52
75,98,118
108,111
17,143
44,82
21,56
34,73,74
31,59
23,144
65,144
37,86,118
40,103
89,112
32,105
4,40,60
14,40
110,147
106,114
43,138
52,96
7,136
129,135
24,116
94,101
55,80
95,108
85,124
89,95
72,88
62,125
26,51
61,120
116,118
53,59
52,121
100,105
124,125
89,102
55,137
72,77
111,129
7,60,145
58,66
20,104,137
1,104
26,71
77,93
35,62
18,38
41,108
48,88
7,69
23,127,143
60,118
124,134
13,93
26,56
100,132
3,27,128
50,103,118
3,16
39,72
41,134
28,123
6,126
20,42,144
42,117
62,114,133
97,128
99,111
120,128
74,145
28,129
33,64
36,63
82,146
35,118
18,52
98,103
65,117,123
46,132
40,68,130
12,42,65
50,145
65,95
84,90,141
61,81
4,37,40
12,105,116
56,86,138
80,115,125
110,146
68,81,145
21,57
67,94,101
34,45
60,64
36,93,104
7,86,118
9,91
3,109
68,114,137
70,84
31,38
19,116
57,97
29,121
107,124
93,107
11,35,46
78,84
105,144
83,113
22,58
46,118
8,77
42,137
15,145
42,125
3,76
45,104
14,44
36,42,67
20,83,148
102,125,127
28,92,138
57,141
13,72,88
80,146
68,74,102
15,16
78,93,125
62,110
10,88
13,71
86,125,143
78,142,150
4,132
107,125
32,77,140
16,149
23,84
58,148
28,84
101,115,141
20,117,144
125,129
30,70
83,92
13,56,64
12,94,115
38,59,72
111,138
113,116
96,117
40,146
89,101
19,94
35,114,140
53,79
4,120
105,113,144
18,67
118,136,140
23,45,149
109,137
88,134
31,134
4,132
89,149
19,144
7,37,114
59,123,148
76,129
16,149
13,108
60,138
5,43
10,46
64,115
68,114,149
134,142
1,33,66
1,62,71
130,131
18,80
35,65,72
23,61
28,53
4,44
106,112
7,31
4,7,62
86,145
92,149
72,132
49,74
19,57,59
41,123
3,54,145
34,59
66,124
14,50,110
103,133
38,47
29,36
35,121,132
32,82,118
61,90,105
68,118
45,48,53
11,25
86,93
65,113
42,53
36,51
33,77
78,82,128
69,103
84,116
23,63,83
44,102,137
47,131
59,144
43,62,141
126,133
39,148
23,43,67
46,134
2,21,92
43,137
71,112
12,132
101,141
28,50,111
