12,110
14,140
10,13,44
49,98,140
8,57,117
21,66
29,60,106
67,138
1,80,108
52,81
93,134
57,93
91,131
126,141
85,112,118
65,91
70,138
105,149
72,111
25,100
8,9,102
19,140
37,100
81,117
36,137
107,134
52,93,144
73,127
76,108
101,107,135
25,101,128
69,97
60,118,120
53,60
37,82
80,125
77,85,115
49,144
101,122,131
4,122
80,99
131,139,146
25,75
8,42,112
36,104
106,127
95,146
43,99
3,34,102
36,84
30,69,115
26,68
35,79
22,58,125
67,115
125,133
15,136
31,118,133
7,117
7,72,113
30,135
30,122,150
72,87
120,148
5,71,140
41,77,140
42,62
66,75
105,142
8,27
5,128
40,135
75,107
60,141
12,67,99
29,45
74,126
10,148
40,83,111
66,138
7,110
39,49,93
7,111
43,49
37,138
13,52
100,146
45,77,92
65,120
21,28,47
110,126
39,40
89,94
72,73,132
24,108
58,126
55,72
19,96
13,21
46,60,68
17,51,90
38,107
46,77
6,109
36,41,44
64,112
24,48
40,70
26,94
42,57
45,111
13,62,91
61,65,141
23,35,89
83,110
63,85,131
23,144,149
116,131
50,127
71,129
24,58
89,94,120
51,70,99
63,101,119
36,70,147
46,149
19,43,110
19,33,66
7,37
63,128,131
121,137
27,129
70,81
76,103
10,51,102
12,72,124
34,92
79,87,90
35,37
21,104
47,90
62,93
57,85,122
4,110,118
60,65,80
74,147
9,144
98,122
32,105
17,40
51,146
34,39
89,130
13,73
29,127
100,103
20,80
54,113,126
21,138
24,132
69,148
5,80
126,143
39,119
5,26
56,69
2,96
10,103
66,108
56,89,96
40,91
11,15,23
25,97,134
20,63,133
2,132
70,137
6,103
28,33
137,142
139,150
95,123
45,108
84,109
55,97
21,114
31,52,116
117,145
3,66,119
17,37
85,115
58,130
40,51
68,95
69,92
9,57,118
43,87
54,108,125
106,143
68,117,120
35,58,59
38,142
105,144
49,131
4,131
18,19
61,103
101,143
29,68,127
31,63,119
90,92
76,143
3,110
76,84
73,77
9,57,91
108,147
54,56,111
31,145
28,104
10,14,63
8,75
75,122
36,96
8,112
5,98
41,97
43,84
44,67,76
40,48
59,96
45,58
63,134
6,121
36,55,57
50,140
52,147
8,147
15,52
92,114
59,87,136
14,46
116,145
14,17,108
39,113
99,142
107,119
97,121
10,17
61,120,146
17,100
115,120
4,40,93
35,106
33,80
124,132
29,72
26,27
38,52,53
38,142
82,147
83,107,142
66,111
36,121
14,15
10,25
3,93,118
20,81
11,128
2,16
24,124
44,137
20,93,134
1,105
3,119
77,83
144,150
19,137
35,141
76,129
48,64,92
28,34
3,38
19,46,150
6,12,84
34,37,143
58,106
92,123,134
82,129
94,123
64,147
25,42,52
25,52,107
13,48,114
13,58,85
25,111
11,125
22,58
59,65
49,96,137
101,145
4,20
7,77,131
20,119
81,107
75,118,119
2,59,125
47,76,79
2,113
1,145
51,139
2,68
106,141
11,114,148
88,142,144
118,131
78,79,98
54,132
5,7,105
41,82,102
131,136
59,123
34,148
42,91,107
29,60,89
55,121
66,108
25,29,133
100,147
19,104
61,94
26,140
69,79
20,37,134
53,117
5,63
15,120
50,108,127
43,96
51,69
34,110
32,52,116
84,115
75,137
94,127
57,69,117
109,149
79,115
128,133,142
33,135
94,116
45,72,82
27,100
43,114
25,40,78
57,139
35,87
77,118,144
113,120
18,132
29,110
56,136
53,131
8,89
36,137
23,72
15,75
111,113
2,95
56,111
36,48
71,82
24,132
57,62
9,97,121
97,105
9,20,107
42,112,116
18,96
3,63
73,85,98
68,125
35,50
35,56,94
74,100
91,95
112,121
85,93,134
8,49,134
24,34
7,8,85
83,118,145
70,99,146
28,129
2,23,35
30,36
112,117
37,92
35,120
14,87
31,117
15,127
106,108,122
7,49
69,104
89,114
11,43
51,76
20,57,81
33,34
31,40,71
76,137
60,94,95
17,97
11,35
7,83
21,64,78
85,121
37,141
17,91,101
63,75,81
108,123
19,22
65,72,140
53,105
5,18
21,51
12,48,62
14,50
12,37
46,141
120,122
21,102
55,119
27,94,113
27,105,138
29,43,63
8,97
35,140
67,102,138
49,122
21,30
48,114
4,65
61,73
101,115,149
83,101
14,135
67,79
38,66,75
72,115
52,69,136
16,100,141
4,37
7,128
21,85
115,137
126,135
48,98
71,83
67,82
17,67,79
63,83
39,69
65,72,123
88,110,133
15,42
131,144
2,82
55,114
101,144
65,145
112,129
23,94
7,105
1,4,32
10,21,98
29,71,126
68,116,134
19,53
28,29,67
72,143
69,77,141
23,86
76,82,98
22,116
90,120,143
41,73
73,149
52,140
52,108
6,33
70,142
118,143
71,118
33,128
117,122
47,74
18,21
78,105
80,106
58,113
6,42
68,94
7,62
62,116
22,56,149
21,80,98
25,56
39,116,119
9,110,118
10,123
91,99
27,40,92
9,20
21,47,50
8,132
5,38,105
70,134
44,92
69,96,101
86,99
42,49,118
89,95,149
48,86
10,69
27,64
74,104
25,84
29,73
49,130
37,84
60,67,132
120,131
8,63,93
97,122
83,132
17,34,79
24,59
18,140
35,45
31,52,121
108,136
39,52
23,52
41,67,70
86,146
22,68
24,60,106
3,6,23
68,106,113
8,85
51,70,115
39,105
1,15
31,91
4,118
3,88
55,119,120
8,25,32
43,67,146
13,138
13,104
98,109
34,44
64,147
69,76,100
25,53
91,112
73,107
35,94,96
37,40
12,109
67,147
85,128
68,126,145
78,129
94,141
5,21,150
120,137
3,31,144
55,133
73,127
18,19
44,47,64
5,10
1,107
81,119
70,107,116
6,10,84
37,70
70,122
15,75,102
19,24
11,83
59,113
53,145
77,98
37,67
24,89,96
26,73
89,126
126,132
13,67
59,106
11,120
76,86,147
122,136
46,50,150
93,118,145
58,140
126,147
3,90
81,94
1,52
72,96,124
33,83,100
83,131
106,124
95,123
95,106
39,121
76,98
90,135
124,133
94,96
59,132
44,100
93,101
32,102,119
25,43,65
90,111
145,146
4,110,134
64,67,129
2,87
26,140
105,107
4,9
59,94,124
24,42
102,118
35,54
10,12
3,99
34,37,146
35,55
93,118
100,109
48,91
10,47
30,112,130
30,36,72
44,71
94,130
12,49
92,136
78,150
76,123
35,133
20,37
18,61
56,148
13,98
48,124
7,110,144
14,23,125
42,105,142
48,67,147
77,144
25,91
17,79,126
14,96
83,127
55,119,121
6,115
36,93
75,131
122,144
89,125
52,62
4,76
6,103
32,63
54,86
53,55
10,108
112,122
48,78
31,57,62
45,148,150
131,143
56,96
22,87
5,77
97,134,142
77,122
14,29
39,77,83
134,142
36,80
22,59,95
20,56,61
67,104,128
94,141
38,39,42
55,128
28,102,146
38,52
38,97,124
34,64,100
34,98,109
89,120,149
100,109
52,62
31,44,80
32,88,121
48,57
78,86,141
106,132
28,98
62,91,97
37,123
13,140
54,94
25,60,103
34,47,101
22,115
20,132
16,143
93,145
21,82
19,113,149
27,44,139
65,95,123
90,129
86,109
21,43,66
57,85,112
71,134
68,138
34,129
33,52,101
29,106
46,95
3,102,139
96,103
119,128
28,77
71,78
27,68
113,130
83,123
40,47
15,24,72
122,138
14,51,77
23,31,99
21,41,129
20,88
7,108
25,56
19,92
50,129,138
20,70
11,57,69
77,121
23,90
42,122
7,63
37,68,87
25,101
93,130
92,109
58,104
116,118,122
27,79
66,106,144
108,126
72,89,94
32,36,47
75,131
31,66,131
75,110,133
40,80,116
4,112,131
107,131
42,108
136,149
86,103
77,91
67,78
16,144
59,68,120
68,122
74,93
56,124
58,85
95,106
39,53,105
33,94
44,74
22,58,100
51,58,84
1,47
49,110
39,128
66,92,103
92,139
18,50
46,59,124
5,128,138
105,114,132
15,120
39,43
85,96
11,132
1,102,117
48,99,120
25,79,120
56,124
15,59,149
39,83,118
81,87
12,139
44,115
34,141
22,75
48,82,118
47,48
29,49
61,127
36,38
14,72
63,128
27,69
15,29,96
32,38
47,129
1,128
83,105
13,69
52,62,110
71,116
39,63
42,57,121
16,142
96,140
50,96,113
125,132
90,92
40,41
98,114
64,67,104
96,124
30,40
81,117,134
84,113
20,57
45,73
6,78
15,29
62,75,128
130,146
19,23,136
15,50
79,104,146
124,132
