4,94
39,89
47,98,143
62,91,120
12,15
12,29
65,95
16,112,141
83,129,143
43,53,101
57,97
1,49
51,81,117
56,72
18,20,133
137,150
50,78
53,98
76,101
7,28,132
128,130
32,55
12,54,59
113,117
56,118
28,132,134
6,65,76
35,95,136
32,97,109
114,147
13,58
70,77
74,147
117,137
65,75
68,141
2,66,135
115,137
96,124,149
12,48
21,144
27,143
10,113
31,123
38,57,108
54,120
18,105,121
38,105
100,142
28,134
59,61
20,32
126,142
2,43
92,93
50,78
1,37
33,94,121
25,118,122
102,148
54,123
91,109
24,101
67,97,148
5,54,74
2,26,91
4,40,129
6,41
38,73
83,86
103,125
1,3,55
49,66,100
2,69,74
12,50,126
72,95
22,96,149
45,52
48,62
5,66,102
11,28,83
50,63,98
32,34
5,50,92
3,133
12,45,120
28,41,98
16,113,141
4,44,94
52,81
10,139
21,26
104,112
5,9
56,111
49,94,109
88,133
77,133
16,36
14,113,138
43,65
15,116
1,3,110
9,109
22,132
15,72
3,111
87,125
5,48
51,113
1,44,98
13,127
77,101,148
67,80
13,48,61
30,135,142
3,37,128
103,121
54,114
16,118
10,14
81,105,132
52,72,115
42,99
99,129
8,66
22,143
18,64,125
14,30
105,133
56,139
40,90
5,66
18,111
39,136
107,133
19,133
86,125
63,112,129
84,100
6,90
52,85
85,108
75,125,134
30,145
9,69,95
46,59,106
5,54
36,63
50,119,131
31,61,69
66,82
38,124
5,118
53,132
20,55,144
46,139
89,95
83,96
97,119
20,136
34,87,131
20,73,111
18,57
120,128
18,78
10,85,86
73,145,150
63,122
25,114
25,57,76
67,111
9,106
63,138
2,31
104,132
45,81
25,73,150
73,88
44,75
21,22,80
87,131
5,54,115
12,15
97,102,105
8,76
74,107,118
14,107
96,115
24,143
33,60
75,116
35,89,144
65,66,139
35,126
28,134,146
14,80
37,88
75,112
94,102
62,143
14,50,103
22,118
27,75,86
71,123
17,29
29,118
31,97,102
86,108
75,81
73,97
80,100,104
38,111
24,134
19,133
8,18
49,147
28,31
48,74,147
99,111
18,38,78
44,53
31,67
9,79,89
27,34
4,80
49,60
20,49,111
35,143
50,94
91,115
88,94
58,110
10,112
32,37,127
28,141
58,83
14,18,142
43,70
21,22,92
21,51,146
51,132
45,133,140
80,125
35,42,145
82,99
47,143
12,84,91
91,96,139
119,150
20,116
45,83
50,105,111
12,146
16,104
70,75,112
4,137
57,138
86,124
61,80,101
117,148
16,108
61,111,129
98,137
4,53,141
39,54
17,52
13,114,145
17,120
27,98
20,38
46,58
32,133
7,44,93
29,95,149
106,145
18,76
82,145
46,65
41,85,129
15,45
55,88,102
4,132
25,34,150
44,143
79,85
14,91,141
49,136
129,141
55,142
101,125
6,89
40,103
59,92
50,60
47,63,80
2,25
18,88,150
73,102
33,119
7,86
27,81
10,46,130
13,18
96,128
34,61
62,145
41,99
102,111,119
12,54,72
9,130,147
67,129
115,120
54,65,66
12,43
8,39
13,147
89,131
87,88
74,100,130
36,70,75
29,111,113
19,51,79
4,70
120,135
135,144
67,88
55,58
12,108
93,149
42,61
74,135
63,90,108
32,110
73,102,111
24,44
1,142
2,9
5,149
21,53
119,131
103,143
16,90,132
18,55
82,149
2,77,95
19,94,148
37,76
85,116,144
76,88
11,22
8,89
43,56,61
24,82
14,53,116
42,72
50,62
23,31,74
68,143
22,86
55,57
53,75,81
25,57
1,111
12,100,114
6,47
37,146
8,120
45,146
52,150
108,144
82,96
47,63
139,142
94,150
33,57
2,123,124
7,85
23,71
53,146
31,59
37,67
24,40,125
66,72
71,147
144,146
35,74,115
13,18
8,43
84,92,135
18,105
6,146
16,27,92
30,136
5,19
111,129
10,47
7,123
72,84
4,79
8,121
49,142
124,136
51,85
65,143
97,111
50,64,77
78,101
19,64
22,92
29,62,124
38,101,109
45,90
32,88
7,91
46,101
78,88
6,69
33,94,148
5,89
89,107,136
24,120,129
61,150
27,83
100,145
19,69
59,106,115
6,11,52
35,66
89,140
11,98
16,90,145
8,111,133
82,110,148
20,110
70,108
31,46,59
47,106,120
22,45,83
76,111,138
75,129
25,87,97
23,126
27,89
27,122,146
38,78
64,150
27,63
46,99
27,120
34,135
29,61,147
34,87,88
20,107,143
39,54
9,109,132
31,54
28,32,100
91,129
16,62,94
26,33
3,127
44,122
75,141
92,112
16,83,85
26,73,84
6,81
128,143
41,112
110,116
14,129
30,124
26,93
40,80
87,102
23,65
35,49,78
138,141
105,110
39,74
63,137
78,101
5,136
10,81
9,108
6,52
105,111
39,81,129
17,146
54,59,110
4,36
6,98
17,116
28,45
34,78
86,143
66,105
9,46
89,142
117,144
20,37
2,70
20,73
38,67,94
112,146
23,52
89,135
17,104
13,136
70,145
81,132
50,86,94
48,95,136
101,104
16,117
47,83
16,107
39,43
89,100,106
17,60
37,117
61,95,127
7,32,59
135,149
67,111
116,129
106,124,130
50,55
46,54,79
1,133
18,36
14,113,116
26,68
47,117,134
31,54
117,121
56,130
34,94,128
39,91
34,120
124,144
9,126
38,109,131
54,57
60,87,127
15,123
55,148
64,110
104,144
15,127
73,148
101,150
48,115
74,90
74,142
10,132,146
14,103
42,56,72
6,125,137
18,127,128
16,103
27,98,117
18,68
57,60,127
83,99,136
81,122
19,87
46,87
34,60
60,67
31,65,124
110,130
20,148
13,45,68
40,41
39,69,135
13,135
20,62
2,5,142
16,21
74,106,109
14,142
52,135
23,72,108
3,109,115
62,115
7,62
81,90,98
42,68
24,129
30,129,143
14,148
122,127,149
20,37,111
63,112
70,90,129
26,72
51,85,103
126,127
11,45,83
55,61,135
8,19,20
92,134
20,34
81,132
30,104
54,119,145
3,32,33
40,132
21,98,141
30,58
93,141
13,71,79
139,142,145
59,65
17,80
52,129
97,150
21,75,112
1,127
21,118
96,105
30,46,147
86,115
64,119
25,32
81,85,122
2,139
37,111,128
50,150
76,105
12,95
56,72,123
38,67,88
9,35
39,92,103
5,100
52,146
55,124
14,30
69,124
10,80
8,51,97
97,113
78,110
2,35
37,78
39,89
30,85
43,126
123,131
105,150
36,118
40,79
7,17,138
90,146
49,98
28,146
18,50,131
59,69,136
55,68
125,127
18,138
27,37,131
30,46
89,123
1,8,128
27,90,132
39,54
27,98
91,126
90,120,122
34,127
28,36,115
19,121,126
38,94
32,37,127
79,82
51,120
5,35,74
41,93
15,139
39,99,140
126,146
7,78,131
11,70
17,41,113
35,136
52,146
51,114
90,122
60,135,149
7,101,138
69,145
33,76
1,128,134
47,90
70,138
35,39
34,57
37,87,130
38,67,101
12,118
22,145
16,111
65,81
79,139
86,92
29,145
48,54
69,142,145
91,96,140
40,80,122
78,148
40,68
19,94
5,100
28,105
77,105
54,79,95
7,47
46,106,145
6,137
26,30,114
17,45
10,113
30,139
51,98
101,121
55,57
25,92
16,125
59,116
30,54,115
57,87,147
104,135
22,103
35,139
21,42,93
60,87,111
5,57,121
94,99
29,139
18,67
77,81,134
5,96,99
22,33,112
36,92
10,20
4,75,139
89,100,140
56,89,147
26,31,115
75,90
8,124
43,115
4,90
35,71,145
9,58
5,111
3,8,33
22,52,134
10,38
21,85
62,72
44,144
47,86,113
53,127,131
53,104
17,100
49,50,57
115,135
28,93,104
37,102
5,48
49,73,105
100,124,135
93,117
104,112
73,96
35,65,74
10,26
6,35
2,71,89
82,114,140
62,79
49,113
18,64
87,101
47,129
77,127,148
17,48,57
74,95
33,77,110
17,40
77,129
18,55
114,129
29,71
41,133
63,141
111,144
77,102
75,112
64,77
2,12,56
66,139
50,64,73
58,123
46,130
57,60,104
30,126
5,42
5,71
20,84,132
63,122
19,95
70,90,137
65,87,110
25,50
31,79,149
5,61
50,143
10,85
81,113,143
52,84
8,64,114
9,114
29,54,124
21,108
61,106
16,44,98
10,85,143
3,133
2,96
20,64,133
32,137
4,68
10,85,138
23,54,91
30,48
53,65
104,128
34,38,143
30,99,147
24,85
16,63,117
8,32,87
25,95
84,105,107
4,46
100,126
59,103
17,46
107,129
45,58,94
31,102
58,107,118
29,147
57,102
80,132
29,115,130
24,27,146
21,103
6,33
38,55,127
