37,109
2,107
119,127
133,188
3,64,138
35,101,140
100,196
68,80,147
5,175
106,178
38,149
39,106
108,139
103,187
8,44
33,62
48,87,182
25,151
12,37
114,175
23,148
164,194
35,80,175
136,169
31,185
47,80
70,85,148
92,154
21,42
55,91
157,175
68,78
43,73,146
7,47
39,52
78,99
182,200
70,81
92,130
19,113
9,37,80
2,53
35,86
10,34,116
88,153
22,28
90,152
77,196
86,108
48,113,164
55,70,106
21,147
165,177
102,158
50,55,176
161,190
57,67,190
58,66
61,154
103,119
164,171
106,124,134
97,147,200
8,10
81,85
75,99,130
33,74,180
43,49
72,130
157,173
79,88,186
116,119,186
15,70,130
105,141,178
26,191
190,192
130,167,185
39,150
10,157,200
103,121
163,175
48,77,88
71,128
74,102
20,91,104
135,178
136,156,189
70,197
88,93,165
24,87
34,106,125
75,199
27,138,172
24,192
6,32
82,176
67,144
117,138
40,56
29,177
155,164
116,124,183
61,65
102,121,167
93,119
119,180
130,148
75,93,116
72,113
22,96
11,22
95,117
14,24,95
94,146
27,128
40,124
93,114
74,77,86
105,127
16,161
13,45
20,29,133
148,197
123,143,148
90,185
47,118
61,105
47,166
19,140
140,159,171
104,195
87,126
86,120,187
64,94
33,64,111
20,31,90
73,163,168
70,198
133,189,200
103,147
81,130
34,139,181
29,191
26,111
61,192
80,140
178,183,191
54,133,196
6,70,128
34,76
54,56,135
23,65
123,189
109,156
66,145
38,181
176,189
65,104
74,151,192
50,183
46,112
2,32
17,87,195
94,134
85,98,185
22,38,186
112,168
4,93,108
73,106
14,172
66,82,137
94,106
2,156
14,93,111
48,173
58,84,154
68,119,125
46,82
26,60,111
108,115
111,184
36,119
104,178
95,131
13,172
59,110,190
13,20,118
24,74,119
66,140
142,197
21,156
79,185
80,125
40,122
11,130
127,150,199
99,194
62,97
29,52,136
6,37
86,93
94,161
28,168
92,98,150
56,178
23,131
37,95,163
15,162,168
72,121
54,84
11,98,117
119,153
38,140
113,125
38,194
18,171
32,102
95,191
5,107,165
53,132
12,39,189
6,167
5,62
98,99
108,170,172
61,93,161
127,146
20,155
86,117,187
49,112,177
46,85,146
3,154
28,140
24,120
34,77,123
97,176
6,8
54,141
17,189
1,112
107,148
12,141,190
9,70,97
6,140,164
74,144
20,27,87
66,85
88,163
100,178
38,120
14,47,112
56,82,196
113,115,137
57,58
95,120
26,69
41,54
121,140
82,138
82,87,89
83,141
135,147
77,136
93,180,193
15,75,148
64,168
47,114
129,161
113,136
96,118
12,29,50
94,182
4,183
58,198
89,91
109,140
30,124,157
2,167
98,184
1,117
107,166
22,45,101
82,194
106,144
111,172
24,30
72,149
76,190
40,79
33,105,152
90,152
84,149,157
39,89,129
58,81,131
77,94,183
15,70,130
94,200
77,157
112,116
76,200
139,166
113,115
20,195
42,165
10,48
86,109,117
95,106
24,124
55,109,124
158,164
46,174
134,179
136,200
52,55,94
13,21,120
36,184
90,98,184
109,196,199
20,140
24,107
18,70,165
124,128,164
2,102,113
24,69
164,185
136,174
107,193
91,101
12,136
8,125,188
72,133
5,18
22,45
7,92,137
43,182
144,166
88,136,198
30,87,92
62,70
11,22
31,63
40,199
29,166
17,100
51,59,191
5,15
28,150
1,44
21,60
52,71
140,193
136,159
91,184
45,64,130
29,56
125,153
7,10
76,98
48,179
3,174
80,182
7,32,116
32,49,98
18,92,167
43,68
71,117
110,129
76,112
80,95
28,184,185
183,199
22,125
12,179,191
12,34
123,141
62,181,182
79,87,122
84,163
21,99
38,117
29,161
84,104,200
114,196
8,120
33,149
108,190
82,147,199
70,139,175
4,11
121,140,167
99,196
15,53
52,75
19,84,160
55,131
62,82,170
137,148
33,117,143
51,62,142
64,93,165
119,180
13,176
46,74,139
139,162
55,126
48,188
155,193
33,138
158,192
46,48,158
54,171
31,62
159,193
4,57
132,150
93,139,152
55,166
94,122
38,68,80
126,157
44,67,87
50,156,191
38,114
26,63
90,102,194
8,100
78,161
37,184
87,173,196
30,67
120,149
99,127
2,35
36,194
43,89,178
31,45,92
59,84
83,109
13,63
72,96,158
3,108,175
20,58
142,162
22,132,164
73,179
38,63,130
66,101,177
27,69
50,67,200
22,193
21,169,170
39,191
157,200
63,176
108,195
120,171
68,69,172
103,193
35,156
12,176,182
34,190
39,110
49,152
27,68,119
107,123
38,103
72,137
95,187
42,192
71,103,200
53,133
130,131,160
39,54,176
60,105,138
11,25
36,92,162
26,74,106
14,151
80,86,170
96,165
67,172
3,33
17,84,183
42,190
78,185
80,99
108,190
5,18
12,133
6,129
37,48
28,97,98
93,95
90,145
108,118
70,113
29,156,183
93,125
18,22,45
118,130,191
130,138,168
20,88
5,72,96
103,119
58,65
12,176
41,146
118,154
22,81,139
6,140
75,144
41,55,145
87,132
36,52
74,128
108,118,138
37,51,62
101,158
120,173
38,176
39,174
119,138
54,62
35,41,174
78,79,123
132,178
7,161
14,118
48,148
41,159
61,140
121,194
22,25
112,128,138
138,167
26,95
44,87,98
5,9
47,191
49,87
11,58
19,85,188
108,180
46,91
168,186
36,104,146
101,137
9,56
42,159,165
63,74,175
72,85,165
138,150
83,133
158,159
156,198
66,179
106,160
1,189
65,91
173,196
4,88,172
20,157
108,153
155,157
117,181
42,72,193
23,151
133,144
80,172
79,161
38,53
44,67
45,200
73,161
58,137
69,115,125
12,27
96,151,153
95,105
111,123
31,87,130
9,81
53,194
18,51
129,176
89,109,150
2,9
7,182,188
108,152
74,148
66,158
72,192
55,149
105,174
96,164
80,107
80,131
111,162,169
19,105
51,99,167
19,157,200
23,42,121
24,129
90,110
73,82
39,150
27,86,93
57,170
110,181
43,74
55,136
95,114
26,50,168
103,108,174
40,143,188
132,182
61,166
40,47
3,199
10,100
62,84,94
55,163,183
38,132,180
78,108
74,78
35,71
93,172
19,34
55,159
75,171
105,170,199
11,31
46,192
7,38,125
4,149
29,87
94,134
12,91
118,187,199
37,155
80,119
83,124
43,98,140
23,37
16,77
35,66,90
5,127
25,35,112
76,195
113,150,192
116,193
2,99,141
142,200
99,101
83,87,158
25,34,176
143,198
20,83,193
52,94,106
128,193
20,92
81,122,141
71,106
3,162
65,150
21,139,174
24,124
48,57,178
91,199
141,193
29,100,157
6,52
71,74,111
76,103
47,153,187
65,91
74,103,174
92,133
141,197
4,19,163
29,85,94
25,96,197
90,128
29,134
45,137
106,197
11,98,184
38,44,93
13,111
75,78
57,84,127
62,166,194
31,42
23,86
77,139
41,82,122
12,17,156
93,175
28,95
6,164
37,65,133
7,157
63,68,119
46,74
58,178
23,136
70,100
43,174
5,53
134,176,190
9,175
20,144
20,54
65,141
12,47
20,78
32,98,185
106,156
3,22,91
62,162
46,137
84,87,168
82,191
133,190
68,105
5,70
18,75,164
33,47,74
1,40
29,168
32,111
16,131
86,123,180
74,147
96,102,166
44,178,179
81,165
179,182
187,194
8,182
71,196
39,48,119
44,142
25,197
104,189
60,159
24,187
55,194
50,55,126
53,108,117
62,97
46,63
6,70,185
72,123,180
146,149
98,167,184
11,148,197
10,36,196
1,143,187
77,180,188
145,196
85,110,161
38,60,187
134,177
67,95
119,138,170
30,82
118,180
19,26
106,160,186
41,149
66,177,194
83,92
14,85
12,109,116
2,37,58
28,55
171,193
22,99
6,191
1,153
82,188
14,91
127,150,177
94,131
10,55,76
30,115
21,126
53,131
17,76
63,169
9,92
137,146
1,104
9,163
69,187
84,170
151,155
19,163
12,121,154
100,197
137,155
89,190
125,196
11,194
18,19,166
29,87
41,91
24,115
133,182
20,170
25,158
34,87,193
18,41
62,140
162,187
112,176
113,165
62,126
152,163
59,77,160
75,188,191
1,74,175
55,91
152,159
164,184
90,192
59,116,157
136,190
11,131,140
10,173,183
113,146
118,135
76,78,165
95,124
88,173
24,103
94,146,195
19,173
115,199
31,133
27,64
77,139
27,60,112
16,43
34,136
61,146,188
16,131
21,123,125
9,111,149
7,79
66,77
68,86,105
80,108
29,91
159,195
32,35,62
105,139
93,113
44,111
78,127
14,60,175
74,77
81,102
146,149
12,94,200
113,171
16,156
80,118
29,163
89,122
72,121
1,30
2,20,172
1,143,175
11,58
15,61,81
14,114,125
14,187
40,74,172
116,168
141,143
45,75,142
15,33
3,183
31,61
19,128
37,167
28,86
136,189
20,23
36,38
134,161
130,148
95,105,117
79,106
6,137,152
79,146
14,135
132,161
9,53
68,187,197
15,72,142
18,59,186
186,190
46,142
37,151
113,142
23,62,131
178,195
85,97,98
49,120
58,125
77,121
121,175
167,189
98,148,158
87,121
93,184
139,199
106,145
33,133
10,12,136
25,187
60,135
96,154
46,174
141,185
61,113,194
98,170
101,144
134,143,179
28,131,171
92,129
80,157,159
71,80
49,110
106,167
103,114,153
66,192
131,166,177
85,167
64,125
137,194
68,73,97
16,84
50,131
69,147
90,114,170
52,69,71
133,136
51,62
82,197
34,82
43,100
46,106
20,79,163
89,153
167,177
20,182
32,158,185
15,154
9,96,151
40,180
40,163,199
104,116
156,190
6,95,187
55,102,187
53,75
88,100
137,194
11,36
15,167
53,180
90,141
80,188
13,93,128
49,55
98,168
14,197
53,111,148
88,184
18,142
45,56,107
9,148
57,66
49,184
17,69
135,187
60,102,123
91,155
4,27,68
146,169
51,53,92
112,121
100,106,182
39,144
77,168
74,96
29,132
21,26
54,87,94
22,68,120
42,141
61,103
1,147
48,54,58
85,150
32,64
60,103
41,126
53,66
60,147
17,83,121
84,91,189
30,47,119
111,147
75,99,177
30,192,199
154,175
67,173
105,170
41,82
110,126,155
80,95,128
75,130,159
46,103,199
55,196
26,57,147
25,44,88
10,49
2,75,171
162,183
33,170
93,108
111,143
3,80,139
15,96,165
46,123
105,115,120
47,49
27,143
71,120
75,113
70,99,166
9,141,158
80,87,106
108,199
25,197
131,162
37,140
24,60
80,187
45,52
122,173
17,97
49,173
134,138
26,106
72,151,168
26,175
39,179
92,197
7,106
169,181
51,159
7,35
74,92
4,129
3,143
88,144
76,116,127
53,121
7,16,20
31,130,185
25,75,184
4,179
93,182
1,15
6,28,37
182,189
185,200
120,171
4,54,183
26,118
66,99,131
27,153
32,58,151
154,197
6,81,159
24,47
114,153
82,178
60,80
94,129
95,123
25,66,159
58,115
57,144,163
141,190
90,156,160
49,79,144
49,89
134,194
58,177
11,177
17,20
81,138
135,191
49,91,168
32,75,159
120,123
111,181
5,141
111,118
98,102
23,70,107
144,196
67,73,145
41,193
33,147
14,18,84
22,90
99,163
48,128
22,148
6,131
54,130
68,119
69,93,108
60,74
78,128
54,79
78,193
7,161
48,73,76
67,188
69,196
11,196
20,69
123,152
83,110,183
10,57
150,198
18,22,144
52,150
133,190
81,160
