21,111
27,47,176
11,177
41,131,186
77,172
39,87
135,190
112,141
36,190
55,66
75,172
22,93
152,197
84,156
12,42
62,135
19,60
30,67,200
85,154
6,166
119,198
108,118,166
52,195
79,114,117
133,178
40,124
23,192
84,156,172
129,198
31,198
22,75
17,67,112
13,76,152
70,153,158
68,118
30,108,173
110,150
61,191
93,146
11,57
14,166
57,165
33,96
23,88
36,141
52,136
20,115,144
51,87
6,51,125
61,71
27,128
44,50
46,116,186
12,22,65
140,195
41,52
2,126
54,80,103
68,82,115
38,182
3,119,128
180,183
118,184
25,72
16,29,37
47,92
107,169
28,185
17,100
126,165
58,147
11,113
39,43,192
31,123
3,115
53,84
76,81,195
49,168
121,191
81,97
44,181
98,155,194
28,67
47,200
24,89,120
25,117
38,124
47,122
22,79,125
12,81,167
90,183
18,82
23,185
110,178
50,152
2,122,138
20,157,160
18,199
22,133,134
167,177
45,154
99,126
35,181
42,145
13,69
18,61
60,185
4,175
49,71,104
75,112
81,186
40,100
5,76,131
36,181
116,139
118,149
72,86
19,24,179
35,123,133
68,138,149
16,57,159
25,143
112,119
51,64,71
144,188
90,136
97,103,111
148,162
56,104
86,123,159
88,159
23,39,64
73,124,136
56,189
127,129
102,194
50,53,82
98,158
28,53
47,109,183
68,121
31,132
23,112
166,185
151,186
40,69
31,163
46,66,126
12,103
146,149
66,132
4,97
34,186
55,191
104,180
83,177
141,190
58,157
63,199
49,115
80,121,140
16,169,200
30,186
33,132,140
14,80
157,168
36,168
73,90
102,148
1,92
34,111
38,41
98,195
10,35,75
45,145
81,185
47,86
107,110,170
33,193
8,112
45,166,182
13,85
135,183,186
111,187
45,59
99,137
99,154
50,72,156
115,128
35,164
146,147
11,155
12,150,162
94,158
44,87
74,88
46,100
102,125
106,108
39,125,197
77,177
152,200
81,90
4,102
64,103
57,177
164,195
5,179,187
7,14
124,159,160
30,180
2,101,148
17,124
49,188
58,149
42,62
8,97
31,162
142,170
4,75
53,173
37,170
69,115
24,133,184
25,42
1,15
2,45
19,126
145,186
68,161
34,138
23,31,88
26,155
65,119,129
73,159
5,102
66,93
99,175
74,197
93,151
13,46
123,170
27,165,195
107,138,192
62,190
3,9
29,120
67,159,170
94,149
32,61
72,87,145
6,136
30,149
41,89
118,167
53,88,160
43,88
48,73
38,54
68,88,130
7,83
74,133,200
42,131
16,199
162,185
27,32,141
21,172
7,171
35,68,168
71,77
31,192
20,107,126
90,122
26,95,129
84,185
109,120
53,133
40,77
80,191
141,156
156,167
93,151
52,128
55,177
75,144,181
3,29
118,139
61,67
44,69,138
5,84,164
152,182
27,58
42,74
14,45
55,140
21,48
56,108
13,156
2,128,169
40,114
63,129
128,130
34,50
115,167
67,120,184
14,106,139
24,187
97,122
126,198
112,196
33,174,195
16,129
139,199
111,119
53,130
15,69
4,161,165
24,122,130
68,111
28,65,73
169,192
106,157
136,145
56,80,85
49,143
48,119
35,139,168
3,58,73
37,95,190
65,162
98,140
32,46,180
56,177
12,63,162
55,93
15,53,86
3,27,94
15,23,73
83,134
70,157
41,180
90,142,170
95,189
8,94,189
36,124,127
72,165
8,55
114,189
24,171
63,114
39,59
38,101,146
40,77,122
56,61,80
79,122
71,106,111
34,85,167
20,99
107,109
51,143
23,75,155
168,192
14,70
108,154
21,68,149
95,160,199
4,54
18,134,168
123,179
62,102
3,130,169
122,189
44,190,198
70,165,194
2,53
48,101
151,153
2,107,160
41,93
42,196
115,127,144
138,143
11,38,187
91,179
103,140
159,182
16,35,44
37,91
62,67
104,170
8,52
41,42
21,40,56
102,193
59,61
59,157
130,200
8,188
102,113,165
71,145
26,88
153,171
54,95
5,13,193
126,164
156,157
102,117,194
5,26
143,147
50,115
104,113
5,96
154,196
19,110
132,156,163
124,138
8,78
9,133,164
16,68,101
87,142,153
165,183
126,135
2,59
32,122
47,111
126,192
170,180
160,170
60,122
13,147,167
63,136
101,144
69,130
151,196
12,126
45,75,143
59,111,158
134,177
18,43,49
13,126
18,76
31,44
78,168
57,68
65,70,116
68,144,190
6,19
105,160
155,177
25,157,160
67,112
30,176
14,86,153
46,169
61,145,189
62,190
107,168
108,150
50,124
112,159
64,194
4,31,76
37,82,141
101,157
58,98,151
56,191
9,184
9,172
35,36
57,152
42,82
96,156,186
13,193
42,182
58,108,173
79,197
25,103
34,168
41,83
8,10,112
49,53,114
26,127
80,148
21,195
4,122
28,87
99,147
110,168
67,157
27,185
19,60,184
97,104,122
127,168
86,98
87,161
95,96
52,195
108,177
146,176
94,157,197
13,185
49,140
65,139
76,92
7,38
122,158
46,100,106
38,60
123,127
43,173
5,6,150
95,101
25,78,174
97,125,175
25,107,147
144,162
120,163,182
24,96
79,125
12,52,179
79,99
32,54,74
67,121,133
88,93,111
24,30
32,107
10,91
119,179
98,109,194
71,158
137,150,164
25,28,37
4,64
69,94,192
119,146
127,176
3,95
114,194
46,164
54,102,118
4,184
49,181,199
61,85,103
19,81,151
44,62
44,91,111
27,36,113
44,73
3,69
20,119,169
78,190
80,174
151,173
59,199
87,117
91,169
187,195
21,28
157,161
13,108,110
47,132
21,98,155
28,105,179
17,27,49
91,179
102,139
65,86
109,171
120,178
49,56,141
55,84
64,83
41,46,167
94,169
7,177
26,190
155,180
6,58
34,41,50
56,191
29,86,124
37,86,95
98,197
35,77
79,87
26,197
70,155
90,104
30,46
144,181
53,172
135,175
12,58
54,189
4,47
127,133,181
38,154,184
47,104
29,48,95
18,20,79
11,186
9,96
5,149,176
58,84,150
18,138,168
122,140
20,49,86
44,57
27,35
3,171
176,198
16,198
29,60,195
166,179
28,47,72
40,165
25,77
36,73
20,38,132
51,70
48,128
160,176
48,167
65,99
29,148,199
83,121
42,55,150
4,91
72,134
26,54
40,83,103
43,196
28,40,153
56,71
43,48
126,140,172
152,168
23,117
98,102
84,126
23,110,126
36,64
14,68,143
152,197
17,69,197
180,186
54,186
63,108,118
18,141,197
94,95
64,79
2,10
36,175
6,178,179
10,160
23,95
15,123
37,74,91
32,100
88,152
21,100,181
135,152
93,171
23,102
53,152
14,20,71
137,171,194
72,165
104,106,142
39,116
4,90,155
64,71,109
51,175
36,77
30,132,163
57,157,181
149,154
118,156
138,198
82,91,177
96,124
136,147
5,9,22
59,61
35,148
39,120
113,142,171
59,71,158
60,123,155
80,125
61,196
11,165
43,71
162,187
30,132,182
28,70
98,121
114,170
42,96,196
82,107
24,140
44,172
70,85
109,158
61,77,191
101,106
80,142
54,158
5,12,58
45,122,189
3,121
145,177
6,49,101
103,114
20,32
149,166,187
23,84,124
94,142
21,70,116
38,66
93,103,160
38,105
79,181
139,191,194
13,180
39,72,200
29,48,123
13,93,147
10,101,192
139,193
6,18
50,80,101
87,97
93,151
49,148,152
56,177,189
99,109,156
104,177
25,118
92,104
21,39,142
53,145
79,104
72,181
13,78
152,187
131,140
2,5,24
137,165
92,139
38,149,154
5,42,60
84,127
23,26,171
73,91
36,73
12,137
67,74,97
28,175
17,57
61,125
143,189
120,150
59,153
23,127,190
58,140,154
48,144
117,134,148
157,160
80,96
42,66
67,71,126
16,18
54,200
3,18,69
78,173
45,64,139
63,149,178
64,71,102
31,200
43,153
69,159,161
49,162
26,198
52,133
141,190
53,126,179
55,88,164
75,130,188
17,61,125
58,67,148
22,118,192
63,84
5,66
45,112
60,132
112,149,198
1,86,129
37,78
146,196
75,200
33,178
44,188
87,191,200
4,61,139
28,180
116,156,183
123,184
90,111
116,183
1,2
35,123,176
61,121
8,23,165
114,173
122,147
111,115
22,66
31,107
162,190
20,58
8,37
68,100,120
25,95,136
30,173,187
14,119
88,135,159
102,200
38,77
35,65,99
33,126,150
72,98,171
104,142
14,155
34,110
96,176
17,141
15,129
18,119,158
64,87,117
154,172
31,44,78
92,185
15,95
87,111
65,136
144,159
114,142,158
59,103,171
3,32
92,193
109,122
22,84
136,172
9,72,100
66,150,151
28,161
6,185
114,153
28,82
44,189
96,140
5,191
83,149
56,85,118
87,197
28,114
71,137
2,85
9,28
9,146,155
5,131
1,17
24,79,187
42,156
78,83,109
164,184
43,58,89
120,126,185
80,93
12,76
87,118,200
115,149,185
31,128,181
67,181,192
18,142
39,66,133
32,88
17,91
29,86
2,188
104,118
169,188
71,194
92,111
90,102
114,136
5,199
38,174
88,114
73,154
86,199
12,137,193
110,180
119,160
117,155
25,68,148
114,165
63,73
113,138
14,64
28,59,113
29,130,138
154,155
1,15,91
43,79
68,194
18,94,169
140,159
78,126
82,94
67,137
61,97
14,71,161
82,109,132
26,29
148,171
57,101,181
98,161
178,187
7,179
29,57,173
94,192
31,51
72,133,188
69,83
109,187
55,139
28,69,167
127,155,168
34,199
24,156
22,24,172
149,180
59,165
100,125
98,153,161
98,172
36,70
51,143,183
55,127
9,84
21,175
149,186,193
22,31
129,130
55,159
17,121,141
13,163
40,162
57,61
146,178
24,174
5,174,193
29,171
59,121,189
116,184
5,162
60,195
37,67,161
13,60,100
80,116
42,126
91,199
131,162
38,119
116,154
26,169
51,102
100,121
66,147
107,161
7,103
56,82
159,181
8,175
8,73
72,97
78,137
5,22,89
28,69
77,183
13,30,173
13,58
24,53,89
138,158,166
40,62,159
52,94
5,20
140,195
41,93,147
44,45
125,184
59,166
82,169,199
105,178
34,101
130,164,197
58,184
8,199
133,147
180,182
29,53
9,164
13,33
57,67
151,172
3,157
16,134
144,152
41,75
49,50
184,199
4,9
22,30,38
180,186
29,115,197
124,135
53,100
12,157
23,51
38,50,87
106,125,175
105,179
132,178
170,197
76,81,125
120,167
78,137
99,178
13,176
132,146,151
96,120
37,45
147,171
26,73
32,91
26,67
47,118
98,109,175
108,129
127,159
61,96
48,61,102
7,92,200
31,36,159
110,183,197
107,119
55,172,180
91,146
31,197
22,155
13,57
1,88
97,141
15,197
51,87,171
55,89,112
9,84,162
88,152
5,9,195
34,53
86,101,198
48,127
30,119
58,96,193
39,132
112,172
125,171
36,133
13,133,147
61,153
63,136
47,193
129,197
58,172,180
18,119,124
57,129,170
52,136,172
14,129
36,159
11,120
11,77
17,127
1,63
81,101,108
51,113,153
93,108,136
39,122
19,34,126
52,81,151
90,125
93,151,185
12,143
93,140
130,196
147,179
101,123
122,191
163,172
129,174,185
13,131,137
62,97,126
2,50,112
119,194
2,196
4,117,121
31,82
58,127,172
39,200
2,197
51,111
2,40,55
31,91
50,176
66,95
109,125
37,91
162,185
9,133,193
51,92,95
11,49
139,161,183
80,81
39,87,139
108,182,184
20,74
69,86
133,164,186
57,169
20,135
109,190
66,154
78,148,176
12,22
82,176
161,194
82,188
71,183,196
