18,21,63
151,192
78,135
6,20,123
2,183
8,136,151
3,118
6,87
61,196
41,81,106
45,102,125
164,197
80,84
120,187
74,79
47,150,188
34,72,195
155,171
22,66,92
82,176
3,103
31,75,108
39,44
34,187
144,169
16,30
28,142,168
97,144
34,197
34,127
43,119
50,88
16,161
96,190
89,178
3,92
24,134
119,189
103,118
63,124
114,180
75,78
37,112
7,76
88,195
12,78
11,145
59,138,168
87,151
71,130,192
11,142,152
30,51,57
37,45
118,152
18,88,180
159,177,190
36,66,127
49,106,158
138,194
8,68,86
84,157,174
50,128,165
29,64
11,54,167
76,90,179
64,175
67,161,200
26,112
20,59,91
68,127
50,124,157
47,51,94
133,148,195
50,98,103
97,139,152
38,197
152,168
181,191
165,182
114,185
1,109
156,158
14,189
39,54,141
18,30,112
71,96,114
49,56
35,113
122,166
46,117
92,106
45,197
86,125
2,112
14,138
26,119
66,169
17,125
21,83
42,70
36,143
24,162
161,200
102,179
76,126
84,133,145
5,161
82,97
69,121,139
117,165
80,128,148
29,110
66,100
23,100,184
60,135
81,116
119,151
56,58,178
30,177
48,103
21,56
62,95
94,120
43,103,152
46,114,184
58,180
127,128
30,71,91
60,101,147
67,138
96,127
54,148
88,150
71,131
19,103
23,162
118,200
126,150
43,51,181
115,159
49,115
101,119,152
20,114
17,21
20,71,99
127,149
47,154
95,188
48,183
68,150
34,121,163
33,132
64,83,187
43,157
108,179
74,78
90,150
144,177
70,170
37,157,200
110,189
36,68
52,75
88,165
18,51
35,98
117,195
21,87
14,97
64,113
45,159
28,118,179
12,14,132
72,80,133
96,134
5,59,131
19,200
29,83,192
23,35
50,124
49,74
53,142
68,170
99,128
29,175
1,12,162
72,98,165
49,55
85,134
37,51,159
61,89,126
16,106
41,162
25,90
12,77,85
5,126
133,175
26,63,186
27,73,139
14,97
69,146
39,129,187
22,46,148
24,109,110
19,28
106,163
131,132
180,189
95,117
22,23,96
11,141
91,194
68,129,173
141,196
41,137,187
25,186
130,193
19,88,181
194,199
107,111,160
84,109
5,188
73,93
145,193
94,101,168
46,105,151
119,124,200
50,51
144,150
47,61,110
105,127
9,50,159
47,67
9,161
120,186
73,109,138
10,188
23,143
16,138
9,186
12,133
52,73
45,191
49,92
10,122,151
16,177
7,58,160
143,162
86,111,187
7,164
101,109,157
72,171
19,103,200
49,133
25,155
20,178
111,150
85,98
40,47,69
49,84,155
103,112
28,124,152
33,87
36,141,157
115,156
18,74
59,71,89
76,125,173
9,184
20,172
54,182
63,132
108,147
73,77
132,135
159,161
131,164,182
62,172
11,97
18,57,64
77,145
51,96
9,154,157
6,164
70,165
149,173
17,30,53
17,68,106
29,85
53,103,159
50,152
70,118,188
162,174
36,105
30,164
49,185
93,96
77,140
141,176
35,123
14,138,177
4,149
33,185
55,151
21,83
64,120,194
20,144
47,86
135,136
166,179
108,147,170
64,104
33,149
133,148
28,43
77,82,153
62,111
16,43
55,166
32,77,148
10,68,185
43,71
8,90,190
23,142
28,118,152
91,172
117,162
106,116
33,94
74,95
9,31
4,16
27,150
30,90
59,133,179
100,185
50,177
109,180
92,101
185,195
83,166
128,174
111,123
115,121
9,112,180
34,89
98,161
24,92,163
73,105
101,152
57,67,157
66,82
92,133
35,39,74
139,198
5,126
119,182
40,75
85,125
18,79,133
14,22,122
15,110
14,41
40,106,139
140,150,162
27,84
58,110
108,175
185,197
26,100,127
98,128,136
41,47,97
6,126
71,108
177,198
106,116
54,88
133,197
19,50,191
5,89,94
23,79,116
53,94
109,161
95,155
18,144,180
50,64
53,180
149,162
39,137,162
80,151
70,103,108
5,180,181
1,12,40
95,133,162
16,113
119,154
84,141
26,189
88,154
120,167
21,62,120
31,109,130
132,153,170
3,148,175
104,141
3,4
79,116
11,95
88,111
64,152
103,164
47,70
85,114
8,37,106
8,18
19,41
69,174
44,161
10,70
52,106
111,188
18,58,78
8,68
107,182
87,103
123,194
54,74,95
121,172,178
49,55
73,79
26,43,63
88,97,112
163,196
8,91
98,109
38,90
26,38,51
142,180
112,191
20,62
20,197
107,179
56,105
168,189
89,109,115
33,78
155,156
151,155
21,177,182
70,182
81,102
8,175
52,65
140,173,192
7,53
47,161
152,172
11,97,200
94,165
118,136,191
73,149
21,188
99,126
41,123
109,112,177
44,56,188
32,83
19,67
136,169
39,72
52,172
39,49
8,59,86
97,157,177
39,100
63,197
45,193
8,56
105,169
24,66
26,41,127
19,160
47,194
44,75
65,96
81,154
161,168
60,109
101,172
17,104,105
50,61
98,138
3,174
73,74,82
88,157,172
43,138,200
14,112
18,152
4,165
87,110
2,82
104,132
46,176
120,200
33,166
1,132
68,111,196
7,89
97,190
149,178
89,162
73,75
8,170
58,91,196
58,150
112,140
89,140
66,72
126,151
47,96
3,113
25,186
26,119,121
46,153
3,9,56
166,198
74,124,152
15,34
63,186
91,169
34,83
95,108,132
37,124,142
81,166
77,166
26,144,172
63,82
4,5,173
171,190
75,105
133,139
131,170,194
94,140
3,142
120,163
11,38,172
44,96,147
47,194
14,37,103
60,105
56,165
141,196
30,131
27,137,175
77,89
173,179
14,26,67
77,105
18,67
44,122,187
44,115
183,190
137,193
152,161
74,114
100,101
91,136
55,130
56,117
87,181
9,33
14,144,181
16,190
82,105
122,130,179
97,154
110,199
38,101
40,76
104,105
22,92
35,133
79,80
46,143
4,160
6,42
40,146
124,191
65,104
47,56,167
90,179
34,58,188
37,57
11,188
5,192
22,122
7,186
43,180
2,95,146
113,116
51,109
33,135
28,106
99,188
48,138
27,181
109,142
116,193,198
98,144,172
147,153
90,104,120
22,132
114,124
23,75,128
35,69
64,72
81,98
151,199
39,40
16,98,186
18,120
126,165
86,106
32,167
6,137
78,86
6,29
40,146
38,144
60,158
19,166
86,114
62,120,194
9,142,172
30,119
28,43,191
55,149
69,121
30,181
2,86
113,114
33,59,120
23,74,96
84,133
32,161
173,183
66,95
70,89
13,72,193
54,190
82,170
42,198
127,158
37,189
17,85,101
71,178
112,144,191
11,53,138
111,151,175
34,121
3,39,40
40,75
27,71
15,81
11,200
54,85
122,158
17,112
115,117
116,130,144
96,137
72,163
83,139
71,179
20,42
10,127
52,100,151
132,151
14,38
36,75
29,123,154
13,166
187,194
86,136
69,157
68,94,102
40,55,117
11,112
50,73
102,178
10,120
81,112,195
31,173,197
11,38
103,109
43,63
49,154
59,64
6,184
25,149
40,107
45,181
127,142
34,48,68
89,94
138,142
148,191
27,52
17,30,155
84,123
65,145
96,127
18,88,177
40,118
12,44
25,180
55,65,143
10,131
82,84
41,172
88,200
139,184
72,105,193
26,28,102
121,178
142,180
27,84,148
19,25
8,116
37,109
90,165
136,182
78,110,131
142,145
35,80
2,89,107
141,164
122,187
56,110
39,57,194
107,128,198
40,127
118,143
48,65
51,172
54,62
70,72
69,138
45,177
9,161
80,133
75,137,171
53,57
97,146
66,78
10,87
47,61
59,120
25,81,113
97,119
52,82
68,70
38,197
60,120
128,134
47,179,192
49,108,121
21,44,167
7,56
8,141
49,104,200
112,119,180
24,46
16,37,200
48,161,181
15,35
113,148
136,140
1,11
33,158
87,160
177,191
70,179
102,198
14,128
30,174,178
166,198
6,34
38,163
91,147
3,94
93,125,191
125,142
22,85
19,171
64,108
55,181
144,158
102,167
3,117
103,152
67,138,186
95,117,149
31,67,187
72,82
22,95
113,154
37,63,83
102,128,187
31,68
31,70
138,188
107,165
3,75
15,106,141
159,176
11,19
24,185
158,180,186
177,191
30,63
12,36,39
85,159
17,151
127,158,180
52,114
46,96,100
45,68,90
47,64
50,93
6,88,133
47,166
130,141
94,122
97,138,168
64,184
2,122,185
7,165
84,161,164
95,158
127,193
48,57,101
8,151,170
128,151
61,199
3,49,81
60,111
4,164
36,153
7,132
9,11,181
5,143,148
47,100
12,195
12,63
90,192
63,112,189
110,132,173
40,121
32,75,176
82,116,176
104,111
51,107,151
35,174
33,179
4,11
47,64,194
147,195
104,113,155
107,181
163,195
33,110
4,23
139,157
154,191
126,156
30,60
17,128
103,200
130,178
33,61
115,193,198
16,88,112
113,181
42,104
89,111
29,60
68,70,76
60,66,133
51,63,71
87,177
96,184
123,147
139,163
63,125
39,83
41,140
50,119
158,175,193
49,95
48,109,164
15,133
16,101,144
72,143
40,66,185
53,138
51,196
25,28,200
43,154
34,140
32,148
35,113
68,196
38,57
39,127
6,49,112
3,126
23,106,182
40,176
149,188
109,189
12,137
86,150
17,71
106,114,123
156,165
61,156
56,123
29,90
88,94,135
26,49,185
101,168
168,189
60,113,134
41,128
142,154
17,18
94,150
74,146
10,62,126
12,32,41
17,122
182,191
7,141
118,124,186
75,126
13,96,191
6,135
66,104
100,198
121,189,199
85,100
25,40
37,112
55,146
46,75
42,63
27,166,168
51,67
126,149
86,132
94,192
50,66
69,82,108
16,62,80
85,121
81,123
1,8
97,124
56,108
19,57,159
7,122
36,184
13,23,103
58,154,187
107,141,174
97,161
10,115
3,198
160,171
66,77
81,127
88,152
22,24,80
37,181
45,76
34,68,107
4,78,178
2,92,129
80,121
144,185
122,140
18,25,172
15,87,140
78,87
2,122
65,142
64,90,199
12,95,127
16,165
53,88,177
101,175
123,137,150
17,103
128,138
30,149
4,15,87
69,134
41,174
1,172
169,182
18,199
51,63,137
176,198
18,67
13,29
91,120,151
29,156
37,193
49,73,169
28,146
63,66
37,103
109,167
150,196
16,191
45,189
143,148,198
157,180
103,142
24,116
153,158,167
1,34,83
3,88,188
85,106
78,161
66,87
116,193,195
23,105
5,56,61
12,143,171
133,146,162
10,116,129
45,101
68,130
31,131
13,163
141,170
28,180
66,112,197
9,57
31,125
53,134
101,112
62,92,130
36,88,130
24,74,75
77,139
2,23,46
73,93,196
81,105,113
14,15,116
79,196,198
12,149
169,182
58,60
29,68
119,168
73,198
74,113
60,161
9,26
40,65
59,192
45,92,107
40,60
111,120
84,175
67,111,137
79,186
128,146
73,127
49,114
68,173
52,134,176
117,137
19,124
28,67
102,109
130,170
59,197
7,62,127
153,179
65,132
7,105,183
10,157
19,172
10,75
21,33,178
22,82,85
81,134
28,112
103,118
89,150
49,125
9,101
113,117
49,93
146,147
55,68
179,192
42,44
167,181
47,143
88,190
99,149
44,143
22,128
104,125
149,156
119,124
83,89
69,173
75,95
1,6
156,178
77,84
90,107
196,199
11,19
47,59,93
169,191
83,187
83,96,183
55,130,185
43,122
82,84
77,131
156,169
7,11,34
104,146
137,143
10,165
34,196
83,99
48,142
54,99,178
14,143
10,62
