84,147,196
7,14,169
117,144
15,68
50,110,157
109,164,175
70,78
46,50,51
71,134
111,134
116,193
98,190
125,148
47,151
23,161
80,102,125
101,140,165
103,179
50,130
15,186
137,186
20,123,190
24,190
39,64
30,88
60,119
22,53
29,114
89,135,194
55,71
18,36,113
145,154
14,37,187
60,90
90,100
74,170
115,191
78,153
48,167
120,193
98,129
160,168,193
68,93,127
121,123
4,162
147,176,197
67,189
28,76
155,179
21,77
29,104
41,62
23,181
101,119
62,162
92,117
17,24,112
20,45
74,125,176
18,87,143
160,196
146,159
87,160
17,36,97
108,190
42,106
21,58,101
58,105
85,166,185
146,156
51,167,171
59,167
43,133,150
146,156
42,84,174
118,131
45,67
62,137,158
104,171
175,185
61,72
124,144
5,35
170,197
68,165,174
77,99,110
34,167
91,127
86,186
23,169
75,107
69,178
76,80,88
53,82
142,170
31,199
92,174
12,26,122
154,194
6,94,130
79,82,117
161,192
127,175
44,137,158
51,191
16,31,63
27,153
104,117
45,144
15,39,174
100,186
38,86
44,79
25,27
130,141,193
53,81
112,168
56,89
36,163
118,122
3,72,172
92,169
43,53,67
11,102
87,139,162
63,88
82,94
88,101
7,183
12,158,162
39,90,142
7,50,75
63,94
41,64
138,184
38,97,145
86,113,168
106,129
106,176
10,111
7,29
4,187
151,172,174
38,145,193
127,146
8,104
31,188
36,176
112,167
123,147
74,200
12,87,193
179,199
132,155
45,189
151,179
64,157
46,187
18,135
27,30
102,142,179
46,183
115,124,126
49,84
92,191
30,182
6,146
58,112,166
11,38,62
92,147
77,94,172
129,141
141,174
66,129,192
66,139,200
94,140
115,170
69,136
16,46,110
63,162
52,186
10,133
23,103,113
143,188
38,41
139,185
37,121
53,79
160,181
43,196
21,142,174
142,184
137,178,197
40,124
2,38,162
4,60,77
50,137
88,150
34,156
11,116
111,132
25,128,137
6,78,98
148,191
45,58
61,65,118
79,178
16,54
130,188
6,16
62,116
14,25,28
7,14,176
86,106,183
33,47,134
64,148
90,139
132,173
3,100
119,150
110,197
150,175
168,181,199
13,43,123
65,124
28,104
24,184
139,167
107,151
49,59,179
100,131
50,95
99,155,182
4,94
39,132
5,163
16,127,175
10,31
125,140
33,76
110,126,127
20,139
49,184
44,72
142,192
4,6,115
18,104
3,10,66
13,73,103
29,84,96
66,81,181
67,137,160
21,52,184
56,194
8,95
129,139,169
81,191,196
83,124
50,55
14,147
13,103
143,165
130,142
88,142
8,44,48
159,196
115,138
38,55,103
86,93,164
26,105,131
138,197
128,138
94,177,186
31,175
72,182
83,157
57,61
129,198
29,67,124
42,191
27,194
90,179
22,137
8,96
12,21
2,22,107
142,155,182
9,180
131,174
99,177
50,132
99,109
39,140,187
58,103,128
11,47
8,102
30,107,165
97,166
19,188
82,143
54,75
152,175
30,133
66,103
26,30
49,165
116,173
57,174
41,128
8,67
24,109,193
11,132
174,175
72,116
4,51,155
16,174
41,179
52,154
18,151
1,129
42,106
79,140
5,39,86
35,116
89,158
79,175
159,193
10,47,103
20,194
72,173
106,179
91,164
106,137,178
38,98
151,172
22,48,182
19,147
60,106,173
6,111
36,76
162,190
118,167,171
21,60,163
52,182
66,116,139
1,163
39,68
32,183
53,76,158
83,162
25,143
51,105,145
157,191
25,56
46,78,95
12,154,169
174,194
6,16
2,31
131,182
29,36,124
81,184
51,90,110
66,161
35,99,177
90,188
14,83
7,135
177,200
32,42
153,196
21,162
77,190
87,146
9,177
63,169
20,137
75,109,121
65,115,134
63,69,86
84,115
145,193
94,116
34,107,180
53,142,199
112,156
14,115
43,159,187
129,141,150
178,196
198,200
18,74
30,104,178
99,144
5,56,163
12,114
111,192
119,128
9,169
6,146
67,100
188,194
45,112
118,169
70,152,191
70,85
25,120
120,193
7,126
34,58
119,148
81,189
30,62
65,149
16,64,192
31,166
94,148
122,194
119,127
15,46
95,180
17,26,113
29,118
62,86
91,143,198
22,123
17,168
25,128
20,48
141,181
123,150
120,122
32,56
123,133
27,188
54,69
65,104,124
145,180
37,55,198
23,111,180
28,158
37,88
26,144
16,178
150,180
123,155
41,172,191
81,109
106,179
33,172
60,78
12,57,163
21,187
47,192,193
37,182
19,75
73,188
52,151
44,153
147,180
71,159
75,178
42,130,165
31,48,161
10,161
53,132
10,150
34,154
55,187
178,188
178,189
40,123,145
51,101,130
23,171
68,130
149,186
69,93,108
39,194
27,195
62,109,141
39,51,174
21,86,190
33,44
42,170
32,151
40,132
22,89,97
17,93,134
62,176,182
182,187
22,109
126,159
48,177
17,69
150,153
26,53
25,32
18,28,158
106,155
5,178
13,141
107,166,192
58,174
99,187
41,199
25,104
30,79
37,145,199
128,145
60,163,173
44,76,124
96,188
132,142,174
10,38
52,181,186
40,190,200
135,188,193
8,77,168
21,183
28,47
57,90
103,181
139,146
158,187
48,112
154,181
3,104
139,146
33,54,167
48,115,196
33,192
109,158
19,76,141
42,135
44,75,85
112,139,171
87,153
91,98
12,162
9,147
8,121
6,93,154
120,140
53,188
10,63,126
81,156
26,131,139
33,111
35,130
118,137
50,58
11,152
111,178
85,183
122,161
16,90
69,94,178
41,70
7,8,29
6,52,177
88,120,126
9,129,194
40,80
28,35
58,103
154,168
16,68
39,94,183
4,128
41,187
167,176
10,52,108
68,173
114,159
93,200
93,113
38,168
24,184
8,90
23,65
1,92
140,148,172
20,47
28,45,147
1,101
31,156
19,80,118
21,98,165
99,127
66,156
66,135,189
15,164
5,65,118
66,169
136,141
64,142
75,123
124,163,164
108,198
26,186
126,192
8,67,143
72,113
16,18,167
32,104
4,24,173
56,183
51,111
78,98,110
78,155
80,96,178
168,182,189
152,166
98,149,194
46,119,182
28,52
4,14
61,71
72,138,159
154,175
10,148
113,129
20,28
74,121,141
57,136,156
1,58
2,34,197
53,157
44,96,189
18,135,197
5,87
71,105,133
17,136
16,51
53,116,127
50,101
32,164
110,142
180,181,192
9,37,47
5,196
45,79
96,138,176
73,117
12,26
161,169
21,64,77
40,128,182
168,187
98,158,187
52,60
86,119
56,196
28,122
7,153,158
12,50
14,144,149
20,76
40,41,60
86,90,151
71,144
22,105,107
121,131
37,132
71,187
105,134
43,185
140,200
19,120
91,107
6,142
39,40,130
20,24
67,172
126,141
60,191
158,195
96,118
10,38
133,156
59,64
122,149,160
59,95
27,189
144,161
116,197
14,150
115,197
80,156,171
71,90
58,154
34,191
163,165
9,183
30,125
16,147
11,156
147,153
23,55,175
17,144
15,43,78
92,192
30,50
98,191
19,40
22,55,159
47,73
122,153,188
127,152
40,90,173
43,152,155
6,94,99
179,180
8,83,144
84,122,178
1,85,161
85,180
110,198
114,148
136,195
81,92
11,175
118,176
19,175
80,159
21,40,90
52,112,120
133,136
100,155,172
133,198
69,117
112,134,150
124,178
54,85,123
132,172
25,30,176
46,100,183
33,83,116
6,92
21,32
192,193
24,95
154,185
24,98,174
53,153
4,162
108,129
146,196
38,62
71,140
69,112
92,119,179
68,132,187
80,146
19,197
98,173
10,158
18,196
129,134
76,87
42,165
105,112
63,179
24,182,190
62,63
64,110
87,115
61,168
118,188
128,152
69,150
23,55
94,178
73,124
162,195
62,132
27,57,119
94,183
107,185,195
50,52
44,138
18,44,178
31,91
85,136,200
60,98
68,167
32,183
27,61,147
26,85,174
135,160
44,104,158
145,164,193
44,197
126,180
125,197
67,122
98,107,162
6,119,184
49,99,168
68,86,186
130,160
51,98,184
44,104,199
33,177
27,145
125,127
20,101,199
62,116
27,36
96,162
118,164
57,137
1,111
41,132,186
29,193
21,164
16,63
29,114
25,104
74,174
77,92
70,179
24,179,182
45,53,104
33,80
103,107,180
37,137
101,134
88,188
170,175
73,137
176,184
12,159
35,40,151
3,63,193
67,126
143,190
3,24,65
51,52
133,138
78,99,101
13,37,70
3,67
61,161
106,180
194,197
96,194
85,145
18,154
53,83
7,146
37,170
1,58
47,156
109,162
147,149
181,196
26,97
7,129
100,182
39,187
119,163
60,87,137
21,41,110
107,127,187
60,94
28,146
38,93,134
73,150
62,114,198
30,42
96,192
134,176
122,123
64,157
151,158
97,112,117
67,172
49,61,173
89,138
87,102
118,196
63,111
160,181
4,6
32,172,179
32,92,151
25,112
11,69,123
17,88,135
115,170,178
61,100,171
33,58
157,173
33,172
90,179
13,38,195
74,102,138
117,138
95,155
160,196
6,61,183
44,200
107,154,198
71,171
44,45,189
18,27,102
74,80
154,190
90,175
63,107,150
106,110,184
15,170
103,104,132
131,187
21,155,178
156,175
19,158
36,98
100,151,174
112,152
145,152
116,122
103,116
2,62,116
23,47,119
8,121
90,171
37,69
51,77,173
5,61
6,90
134,156
65,196
64,94,96
98,101,157
53,104
44,192
77,140,171
33,80,132
1,173
148,183
42,157
11,63,167
38,162
19,74,161
103,156,192
28,117
101,183,191
52,78
129,193
8,30
82,98
26,84
169,178
8,181
97,113,123
2,34
37,54
175,193
153,183
57,69
13,105,181
94,107,117
120,154
19,122
112,156,178
87,89,127
21,142,200
6,57
27,118,196
160,161,191
140,183
61,122,137
1,105,199
36,83
189,199
19,30
21,98,187
41,59,94
86,95
70,80,102
95,157,191
82,87,120
99,184,186
44,122
114,126
7,134,160
42,86,184
81,166
150,156
9,11
37,47,162
57,178
61,199
86,175
25,104,127
40,124,156
94,98
126,192
97,179
33,81
58,199
32,145
7,199
145,159,182
65,74,188
25,29
127,131
97,172
10,169
82,166
31,154
81,136
13,43
7,121
20,115
23,108
64,68,128
46,51,92
8,118,125
24,32,148
165,179,191
82,161
45,138
45,96
29,32,187
70,88
3,107
37,59
52,140
157,198
47,197
126,160
46,51
14,60
55,92
122,177
43,119
87,104,124
108,127,128
6,84
180,199
33,193
2,185
146,195
90,191
81,99,122
4,89,135
17,168
1,73
87,104,176
56,82,96
178,188
64,105,184
115,125
94,123
97,134
47,72
23,144
24,151
3,86,106
56,127,180
41,151
18,161
5,188
19,53,87
173,193
96,147
67,105
60,140,148
21,145
105,106,165
80,198
14,22,179
168,185
9,159
4,106
11,144
7,53,158
18,33,76
141,150
36,83
58,135
86,172,186
138,152
114,150
116,183
101,149
99,177
128,187,191
147,158
104,200
31,151
75,113,170
33,197
40,95,110
61,67,83
34,58
23,59
43,129,145
51,98
61,166,179
59,86
4,39,43
35,128
59,105,172
127,134
19,23,35
81,194
8,27
124,176
15,86,130
2,140
83,194
54,73,195
30,82,84
112,136,180
36,81
16,177
20,129
96,163
95,142
33,84,178
67,181
19,89
69,116,175
126,152
77,86
110,132
87,111,128
120,198
63,140
30,121
8,97
7,61,134
108,200
79,160
46,136
72,91,190
23,105
83,91,165
49,140,174
109,115
42,52,60
42,137
116,129
110,164
42,127
