31,61,82
160,190
11,84
21,40,116
52,146
14,156
93,158,175
138,176
97,151
34,155
97,101
32,49,172
53,91,124
13,45
42,60,146
23,134,172
28,120
27,68,74
62,144
23,196
106,135
85,152
22,26,196
19,111,186
6,94
83,175,181
49,55,60
83,126
110,175
115,192,195
100,188
20,199
30,189
12,106,172
70,144
75,138
27,59
41,136
94,170
119,159
41,122,175
29,38
22,105,123
29,79,130
83,197
54,117,171
62,102
76,89
63,66,141
147,171
59,63,86
104,111,140
146,186
21,92
108,177
59,159
7,43
152,167
54,114,186
13,192
58,77,127
82,119
19,185
31,101
19,59
105,182
54,107
90,125
3,54,106
24,77
59,127
56,140,154
54,146
45,102,115
13,189
52,60,147
60,180
12,24
47,131
49,84
1,26,185
151,194
3,77
1,91
69,99
32,193
28,84
16,112
1,35,125
14,23,60
86,116
17,60
92,132
71,82
39,47,73
19,39
44,103
98,152
28,41,174
81,88
29,172
36,153
140,166
92,126
54,138
127,173
16,72
32,60,130
58,145
151,177
45,164
21,80,169
74,143
166,175
163,174,192
11,121
25,119,199
9,81
132,146,188
23,186
117,188
11,44,146
141,175,178
95,105,128
42,147,192
21,175
28,69,181
129,147,149
146,161
62,190
90,194
83,118
62,96,104
42,154,173
76,187
165,178
14,119,130
55,138
73,100,146
26,57,139
8,39,77
50,159
22,100
77,135,180
1,156,175
103,147
93,126
17,174
49,112,120
1,80
45,134
45,178
13,91
37,122
169,173,188
76,137
8,124,162
31,52
56,80,181
60,169
94,157
9,18,169
10,94,186
31,80,109
24,163
24,134
16,91
95,142,166
31,150
37,125
99,122
3,13,179
92,186
30,165
53,167
45,61
134,194
63,186
119,165
25,186
93,118,180
18,119
80,170
95,110
56,133
22,77
68,80
21,189
72,172
23,191
28,128
29,188
27,34,120
83,131,200
20,134
14,39,156
36,172
34,140,187
41,161
14,113
115,192
29,47,146
12,98
84,91
62,121
82,175
72,198
15,194
76,143
45,67
21,59,163
17,96,121
116,123
37,42
40,122
53,193
9,157
12,13
87,153
32,33
28,47
81,121,128
7,163
3,132,145
110,111,196
134,148,161
15,139
49,119
7,31,163
36,79,117
174,189
49,123,145
15,23,155
11,28,171
67,77
69,111
104,178
36,64,171
67,135,149
71,98,115
87,137,175
15,129,197
37,55,100
8,73
27,38
38,148,180
85,171
83,145
56,126,127
64,82
10,195
135,185
51,53
21,159
30,128
104,118
94,171
2,26,101
18,99,195
122,158
66,81
13,99
53,173
2,65
74,140
25,126
162,173
138,187
55,167
6,93,168
85,145
142,168
82,98,200
18,99
47,192
44,198
88,127,187
165,188
51,96
60,69,165
54,106,180
66,78
141,155,194
148,184
145,158,188
20,105,109
29,145,188
95,102
99,130,150
101,184
65,89
62,75
63,109
1,33
19,159,167
67,70
11,101,162
20,51
151,183
36,160
72,125
58,195
107,119,122
119,149,185
13,29,139
3,135
23,75
12,181
30,180
125,133,175
63,87
170,192
2,6
2,27,67
120,128
9,88
158,191
14,35
95,200
88,152
164,168
156,193
2,41
9,119
74,102,119
56,118
91,176
173,177
64,72,93
173,175,188
44,181
13,68
14,31
19,87,196
82,107,108
8,77,162
75,119,129
65,71,161
34,149
107,120
48,100
3,188
19,26,161
151,200
51,129
75,112
19,124
33,92,181
191,199
20,37
74,168
51,165
25,130
25,158,164
25,142
50,159
82,107,164
57,190
13,54
121,126
43,59,173
98,158
2,82
14,39,93
39,109
20,50,92
96,103
55,162
49,84,132
70,116,172
122,129
30,75
127,135
80,125
136,185,188
15,62
173,174
36,113,162
33,35
69,140
64,174
2,77,124
91,192,195
13,147,172
36,95
34,148
47,157
27,67,70
148,179
56,158
26,178
94,195
50,120
16,72
62,127
26,128,142
77,144
120,161,187
127,136
58,59,184
139,150
97,155,187
14,45
86,172
5,165,198
114,191
88,124
126,142
30,58,190
19,27,65
72,169,191
53,185
4,75
17,34,68
56,122
66,154
10,60,79
58,69,177
73,190
64,114
83,112
62,73
98,134
3,123
158,174
167,197
90,115
15,115
2,36,115
100,128
78,133,175
67,87
106,120
17,180
3,195
1,7,107
60,127
149,167,197
6,119
11,192
50,74,82
89,163
39,80
142,154
62,67,129
128,172
155,156
8,110
93,152,168
11,152,183
105,123
92,108,172
88,172
51,124
14,88
81,120
12,89
88,176
111,115
166,198
50,87
21,165,166
26,73,77
13,186
24,117
26,130
36,55,188
12,133
59,75,87
59,177
43,48,81
26,184
125,198
43,162
22,51,135
44,152,172
4,75
84,103,186
164,182
47,113
2,57
108,198,200
103,123,183
80,134
16,112
59,65,83
129,196
54,132
20,32,138
10,33,64
49,105
179,181
10,170,171
108,150
10,154
146,157
112,123,192
14,53
17,77
8,43
43,162
88,131
172,178
24,61
32,62,156
39,45
84,104
25,144
9,87
53,109
19,147
7,39,133
51,53,121
61,92,126
10,60,96
110,177
1,19
11,102
8,116
53,104,183
4,117
136,182
67,187
41,100,141
70,83,147
150,180
147,183
58,197
154,199
71,82,154
131,148
133,144
84,132
4,65
26,72
105,110,131
54,128,194
111,143
58,118
30,76
21,123,156
101,119
138,149
11,127,200
60,94,192
191,193
19,136
105,186
28,112
31,189,190
18,174
5,27
1,56,139
2,140
26,118
51,83
14,93
113,172
70,188
25,31,98
34,120
35,98,165
20,118,138
114,198
78,150,198
158,169
33,35
139,186
35,160
16,175
98,200
129,143
122,144
134,139,193
49,98,124
129,173
69,75
143,168
14,110
145,152,186
13,129,159
65,110,135
29,94,130
87,111,143
3,69,169
31,102,138
91,115
33,61
44,145
74,136
93,127
44,115,123
125,189
147,160
26,123
9,70
33,100
165,198
10,152,182
80,152
19,70
30,61
124,170
48,196
6,190
5,144
99,127
99,117
29,142,180
90,93,199
44,49
31,125
131,137,138
1,7
119,134,135
32,192
126,183
11,178
89,109
8,66
15,168
143,155
53,65
28,29
44,91
126,138
7,52,185
19,174,181
42,161
48,73,180
19,91,145
98,167
44,66,113
9,127
47,60,146
128,188
64,90
4,77,138
85,141,176
35,115,200
23,106,186
14,93
33,37
76,77,104
174,176
59,67
50,62,190
26,58
68,118,180
44,87,110
179,186
44,69
20,24,60
3,113
19,49
136,186
54,188
79,162
19,73
15,109
29,64
42,96
129,159
105,164,198
7,142,181
142,158
45,130
36,175
38,52,116
31,90,187
7,140
38,65,196
15,159
27,197
7,161
44,100,176
117,146,183
81,98
66,153
86,195
55,176
104,159
60,195
64,132,171
28,49,82
105,158
97,195
54,59
26,119,148
18,63,195
93,137
12,29
164,193
16,170
13,116
23,197
36,50,91
8,88,167
102,107
43,104
48,188
121,122
15,175
76,143
19,50,127
98,189
40,193
119,143
115,141
62,184
105,125
66,93,98
22,50,149
17,155,166
9,160
144,188
8,97
33,131,192
115,171
18,104
3,18
60,157
87,149
12,84,91
11,175
87,104,160
41,171
25,183
95,135,165
14,97
114,179
38,50
54,156
83,184,187
18,192
16,71
119,136
70,99,123
6,119
3,56
40,89
30,142
93,142
27,162
135,199
137,176
33,123,172
15,74,146
47,141
51,77
89,183
54,161
59,110
88,149
106,159
63,116,186
63,151,162
135,159
67,131
15,62
38,149,167
45,81
73,180
154,190
2,17
21,126,154
147,179
105,175
32,98
72,154
72,117
71,143,158
1,189
81,87,159
102,150,160
48,107
50,150,191
118,135,162
67,119
28,106
150,195
168,190
26,130
43,65
20,99
16,49,94
16,32
88,110,146
36,49
140,187
44,158
78,156,200
43,151,185
114,188
52,85,174
30,45,98
34,97,159
69,84
1,12,126
57,160
94,125
69,170
71,91
11,155,179
22,51
42,129
59,88,121
32,53,176
31,62
12,111
68,184
80,82
46,65,148
98,125
22,34
16,85,176
67,124,135
7,92,95
65,75
18,70
36,156
30,48
42,54,186
50,53
93,95,108
84,123
72,78,175
39,166
40,187
1,108,193
17,188
108,154
67,199
45,128,189
14,27,54
95,198
147,162
124,135,185
165,199
8,49,190
135,159
116,172
88,134,164
49,99
121,138,149
87,130
130,157
26,34
37,134,168
52,94,146
12,169
67,183
127,155
84,118
34,155
90,126
67,152
167,168
48,136,148
31,139,191
1,83
37,163
175,178
86,152
94,183
12,167
10,171
24,152
15,119,138
166,196
8,168
101,136
25,191
65,140
158,197
61,83,98
10,54,172
72,158
18,129
52,176
91,112
135,180,197
25,118
161,164
21,150
30,199
93,156
60,170
135,179
7,134,156
21,73,129
4,67
86,151
24,25,154
39,56,198
115,184
88,114,192
16,63,119
61,110
31,144
78,200
12,74
120,174
20,154
33,98,185
46,153
48,143,190
20,162
58,103
52,136
18,86
25,113
39,47
26,88,159
73,182,184
36,121
37,158,170
16,29
108,119
94,117,147
68,83
12,142,154
82,107
88,114,119
2,15
1,88,196
52,147
70,77
5,40
68,187
74,136,184
40,191
40,92,93
7,138
49,84,141
32,106
1,142
79,94
125,144,194
22,77
57,78
11,83,126
46,60,111
22,34,59
98,185
120,129,159
153,177
13,36,171
181,197
104,110
145,189
131,182
18,70
64,111
31,70
7,155
10,116,195
6,77
46,149,187
58,177
104,139
72,101,112
98,134
25,45,96
36,49
88,149
57,98,181
33,99,170
169,175
72,108,143
100,141,173
72,122
98,151
18,48
56,80
50,177
15,177
5,35,181
18,115,146
61,122
23,123
50,67,68
73,125
31,126,139
5,45
33,70
8,193
82,139
179,191
55,170
60,186
29,140
29,175
92,142,150
56,145
40,51
41,113,139
2,50,119
4,63
2,129
1,158
11,195
30,40
131,143
110,177
82,144,165
22,74
22,46
52,183
30,121,136
51,95
119,174
104,199
87,170
70,121,151
66,167,179
85,103
80,89
105,125,140
117,164
22,148
51,90
98,195
10,85,192
67,93
4,159
21,64,118
105,127
64,184
21,151,158
112,156
35,161
27,93
65,177
16,36,114
85,89,166
3,156
55,117
49,63,115
15,161
43,68
53,71
15,131
145,195
75,181
5,142,191
24,158
169,194
88,187
92,151
87,120
34,45
25,192
119,148
32,170,171
23,67,96
89,100
128,152
113,178
108,125
29,158
25,134
50,146,176
76,87,114
10,116
126,169,200
64,130
20,25,48
111,140
26,34,81
37,42,192
122,167
97,108,197
53,83,98
41,167
1,102
98,126
90,150
59,119
31,52,158
22,74
33,69,86
126,193
4,116,167
11,176
23,84
32,112
33,52
59,95
4,137,173
189,190,195
11,70,176
118,131,197
18,60
7,23,190
110,166,180
92,98,128
21,95
75,148,196
91,114,152
48,86
47,63,116
16,183,195
14,148
30,88
48,99,193
3,41,70
25,66,128
85,174
33,112,147
9,46
6,34,110
29,94
164,167
117,147
122,149
111,134
22,94
2,130
19,163,189
9,10,118
114,179
33,145
4,166
95,98
86,152
8,101
114,131,137
5,121
75,106
102,122,181
44,171
32,86
37,195
127,149
22,26,35
32,35
68,89
37,63
91,115
33,123,132
89,97
160,165
37,105,169
67,193
43,87
10,98,116
86,116,170
11,130
