39,146,161
51,76
92,106
45,122,169
113,131
47,130
51,56
73,83
120,182
22,166
113,170,171
75,108
84,96
4,87,147
45,82
51,141
93,97,167
52,76,180
85,173
47,137
102,147,193
38,121
138,160
47,85
176,199
156,157
81,112
37,41,119
191,195
81,151
15,20
52,114
137,199
8,115
81,149
88,117
49,168
6,126,161
34,142
22,146
23,162
83,118
9,59,137
97,108,167
44,103,167
14,57
60,155
4,181
69,77,145
98,123
29,136
135,146
137,144
99,134
76,80,187
5,142,167
43,63,69
47,64
32,148
176,197,199
15,116,162
39,173
52,62
17,118,191
18,82,188
178,194
57,104
65,113
71,78,101
43,174
59,83,191
23,188
80,162
51,114
39,92,104
14,191
5,23
132,185
2,37
55,142
81,120,197
62,159,184
13,106,190
61,87
4,87,178
23,72,101
77,103
19,143
110,134
95,156
22,86
95,183
130,170
145,162
8,122
9,106
57,104
84,151,178
59,93,143
64,183
92,173
12,63,161
54,71
64,183
8,165
40,131
35,182
1,60
104,188
44,122
88,145
79,161
88,144
89,200
53,195
22,42,72
18,69
79,197
3,189
35,171,187
98,142,159
81,164
90,139
95,122
6,127
47,53
64,169
2,99,188
146,161
142,161
34,51
111,163
49,141
86,151
87,197
48,72
41,83
114,168,188
149,185
11,198
14,184
70,135
16,119
51,131,165
33,125,192
93,140
34,191
13,53
89,169
145,178
90,162,190
33,100
2,175
96,157
14,51,90
123,198
75,174
51,106
43,50,124
57,112
106,138
39,139
24,39
107,175
47,165,193
119,172,190
1,135,137
68,189
20,61
71,95,123
6,127
112,176
13,25,101
79,97
6,121
44,58,65
113,140
128,144
60,119,142
139,171
100,107,148
69,93
102,139
59,150,178
82,107,169
40,133
150,151,185
84,181
78,123
98,195
32,137,170
127,196
96,102,145
4,94,169
33,64,95
136,147
44,114,158
52,178
119,183
61,76,182
19,111,180
39,141
47,79,177
31,170
91,166
102,145
35,86,178
143,186
78,135,172
6,20,123
2,183
26,157,168
3,118
6,87
80,197
27,66,110
45,102,125
164,197
87,114
103,180
59,76,104
71,166,193
34,72,195
155,171
7,50,82
82,176
3,103
31,75,108
39,44
34,187
144,169
16,30
37,112,141
83,119
34,197
34,127
48,104
56,77
16,161
96,190
89,178
5,82
8,135
106,188
103,118
17,77
133,185
75,78
31,42
1,174
77,143
16,93,102
11,138,146
80,168
87,153
90,151,193
9,118,123
39,57,72
37,45
103,123
21,77,163
130,145,190
15,50,126
32,107,158
138,194
8,68,86
84,157,174
50,128,165
49,84
11,54,167
74,91,179
58,165,194
93,166
36,101
49,75,108
68,127
56,106,129
47,51,94
73,157,197
14,34
90,141
96,139
38,197
123,143
177,191
139,177
65,74,193
1,110
156,158
14,189
39,54,141
21,39,101
71,96,114
49,56
15,114
122,166
46,117
107,116
33,192
86,125
2,112
12,128
45,62
50,184
96,166
79,173
59,101
36,134
22,88,163
140,199
113,185
125,159
20,90
86,95,104
112,198
160,175
7,127
58,156
80,133
29,110
66,100
8,97,175
60,135
66,117
119,151
68,75,183
39,163
53,92
46,67
62,95
94,120
47,92,123
30,115,182
58,180
126,127
30,71,91
60,101,147
5,83
9,73
116,144
30,153
61,126,184
22,92
23,162
103,195
150,166
47,57,173
115,159
44,128
8,66
74,138
20,81
19,195
24,72,140
47,100,120
89,124,175
49,72
170,179
121,137
41,132
86,93,187
43,157
108,179
74,78
102,166
118,145
70,170
41,130,199
110,189
36,68
52,75
88,165
21,59
35,98
117,195
21,87
14,97
64,113
51,130
28,118,179
12,14,132
58,65,131
96,134
16,71,152
19,200
52,94,193
22,91
24,106
41,101
44,135
84,179
99,128
29,175
1,12,162
72,98,165
49,55
108,140
51,89
16,187
124,134,192
1,101
32,102
172,184
34,125
97,127,167
49,56,80
81,87,113
8,43,78
45,119
159,198
39,197
22,46,154
66,110,131
37,83
47,107
51,72,132
71,192
118,167
12,99
10,92
35,157,189
128,145
21,130,191
135,137,187
23,56
152,197,198
26,93
196,200
138,171,174
94,132
5,188
60,82
145,193
94,101,168
46,105,151
2,104,199
50,51
144,150
71,80,133
107,126
2,56,137
47,67
2,140
120,186
73,109,138
26,189
8,142
19,112
9,186
6,128
52,142
53,191
78,89
73,191
1,44,50
108,165
35,71,132
91,146,157
52,82
62,67,200
50,110,127
36,191
19,99
49,133
25,155
138,173
110,190
86,98,169
40,47,69
32,70,155
26,109
42,44
26,128
40,85
36,141,157
115,156
18,74
80,87,105
91,147,181
9,184
20,172
54,182
63,132
110,148
58,63
152,156
159,161
154,174,185
62,172
7,33
64,149
73,145
51,96,159
2,128,129
11,174
86,176
164,179
17,30,53
17,68,106
29,85
72,92,137
56,123
70,118,188
162,174
36,105
30,164
32,184
89,95
77,140
141,176
107,128
47,117
46,123
26,152,189
151,183
70,153
67,176
62,132
20,57
12,125,131
158,165
108,147,170
104,165
136,161
6,81
105,124
99,200
2,84
43,63
48,92,111
67,91,154
131,188
40,197
152,193
14,167
35,66,104
89,96
34,122,159
121,138
33,94
60,95
9,31
4,16
27,150
30,90
59,133,179
100,185
56,145
98,163
92,101
88,191
69,131,158
134,181
111,123
115,121
101,163,173
62,102
83,137
15,123,171
105,189
22,119
5,45
45,70,95
60,66
142,165
17,123
7,50
64,136
26,66,132
76,88
78,168
147,164
98,106
10,30
40,106,139
140,150,162
27,84
58,110
108,175
185,197
26,100,127
98,128,136
41,47,97
6,126
71,108
177,198
107,129
44,70
133,197
21,53,195
18,102,108
8,64,117
53,94
48,154
57,104
49,75,181
47,195
22,145
166,176
20,135,158
80,151
70,103,108
5,180,181
1,12,40
95,134,159
16,113
103,128
84,141
36,188
66,143
114,167
34,169
61,144
126,162,175
77,152,153
4,185
120,164
3,4
79,116
11,95
88,111
64,152
103,164
47,70
85,114
8,37,106
8,18
19,41
69,174
44,161
10,70
52,106
133,189
18,58,78
15,162
34,149
30,87,148
137,193
29,88
148,184
91,178
19,92,119
35,93
21,199
84,85
163,196
8,91
83,96
38,90
24,47,59
142,180
101,195
20,62
40,198
107,179
56,105
143,190
89,109,115
54,91
155,156
151,155
21,177,182
70,182
81,102
8,175
52,65
160,181,193
7,53
47,161
123,143
9,79,199
109,176
118,136,191
73,149
46,189
99,126
41,123
96,101,145
44,56,188
32,83
24,63
135,164
11,54,87
17,53
56,129
48,98,190
90,142
20,100
63,197
45,193
18,68
93,175
19,118
25,143
141,195
1,139
110,130
70,116
16,179
81,83
10,156
7,25,43
4,121,196
68,81
83,111
5,167
58,60,69
77,129,143
48,111,199
14,112
18,152
4,176
94,132
1,84
100,158
33,162
120,200
33,166
1,132
86,138,197
18,102
79,190
164,181
89,162
58,63
8,170
75,105,198
58,150
112,140
99,157
45,58
150,168
47,96
5,114
24,186
26,119,121
30,153
3,9,56
166,198
74,124,152
35,62
74,186
91,169
62,93
95,108,132
41,106,112
81,166
63,161
24,119,143
63,82
11,18,181
171,190
71,75
126,134
152,179,196
94,140
3,142
120,163
42,141,143
29,95,149
67,196
17,41,92
54,119
75,176
193,195
40,154,187
142,184
77,196
26,151
45,66,173
23,94
6,15,126
169,197
8,28,69
10,61
127,181
68,194
138,171
69,115
100,101
91,136
55,130
56,117
87,181
9,33
13,119,177
19,191
82,105
139,150,185
79,128
110,199
47,88
40,76
104,105
22,92
35,133
64,65
46,143
4,171
6,42
125,152
2,191
84,120
68,71,178
102,183
68,71,193
41,72
11,188
11,193
22,122
7,186
43,180
2,95,146
114,117
51,109
54,156
28,106
113,193
53,111
27,181
42,105
104,118
169,194
105,154
147,153
105,132,138
22,132
114,124
8,61,127
35,69
64,72
81,98
168,200
39,40
17,85,186
18,120
126,165
86,106
32,167
6,137
78,86
16,49
25,146
42,119
44,155
19,166
86,114
84,138,196
60,129,132
37,38,55
5,67
150,189
32,62
6,70
11,108
40,84
116,171
33,59,178
11,68
77,111
27,153
173,183
66,95
86,102
13,72,193
54,190
82,170
28,194
127,158
37,189
17,85,101
87,183
98,119,191
9,72,111
111,151,175
34,121
5,25,65
30,72
27,71
15,81
11,200
54,85
122,158
17,112
86,117
143,144
43,200
5,145
65,172
83,139
71,179
20,42
10,127
52,100,151
154,170
17,47
20,61
29,123,154
13,166
187,196
81,194
69,156
75,96,184
67,155
31,122
16,28
139,162
44,149
113,193
132,197
83,199
39,47,196
9,39
10,114
13,103
36,53,145
122,183
38,166
40,107
51,173
127,142
34,48,68
99,108
138,142
148,191
27,52
17,30,155
84,123
65,145
97,125
18,83,165
54,139
6,29
25,180
43,45,144
31,152
82,84
41,172
77,199
105,145
103,105,132
63,180,187
26,48
7,25,179
175,188
18,86
15,20,30
8,116
41,96
102,176
136,182
93,138,152
142,145
14,65
2,89,107
164,174
181,183
75,132
39,57,194
107,128,198
27,126
118,143
48,65
48,66
68,75,81
61,114,135
22,143
22,137
32,108
69,174
72,177
22,69
109,164
66,78
10,87
47,61
59,120
25,81,113
83,104
45,83
59,190
137,196
80,139
127,135
141,177,188
93,113
109,125
21,44,167
16,68
16,147
49,104,127
112,131,180
15,33
17,41,195
51,137,173
15,35
114,149
136,140
1,11
33,158
99,174
145,195
86,183
102,198
14,128
30,174,178
166,198
16,62
38,163
91,147
3,94
93,125,191
125,142
9,97
19,121
67,84,132
56,126,146
49,64,143
5,70,82
7,45
7,183
79,124
95,117,149
31,67,187
72,82
7,89
113,154
37,63,83
102,128,187
52,84
52,86
138,188
121,176
5,61
15,106,141
159,176
9,22
10,182
158,180,186
145,195
39,74
12,36,39
85,159
38,168
127,158,180
33,115
30,95,97
45,68,90
47,64
50,93
6,88,133
47,166
130,141
108,139
51,90,126
64,177,184
2,122,185
18,174
84,161,164
95,158
126,184
53,72,88
31,168,179
128,151
61,199
1,32,66
60,111
4,174
36,153
18,152
2,9,177
5,143,148
47,100
6,192
12,63
102,193
74,101,190
133,154,181
40,121
14,61,172
69,117,172
120,133
51,107,151
35,174
54,185
4,11
68,84,196
148,192
104,113,155
107,181
88,171
46,75,133
98,112,141
4,34
54,62,145
93,198
12,114
50,97
63,154
122,154
86,105
115,118,198
5,84
113,181
42,104
86,196
60,125
108,142
118,141
146,165
118,143
14,116,182
117,148
131,155
63,125
39,83
41,140
28,62
23,117
72,119,183
44,142
120,132,154
169,195
91,152
40,90,197
6,66
98,197
3,75,200
5,55
46,75
40,93,154
104,127
16,104
18,35,40
70,117
155,197
10,131
185,193
162,194
166,193
96,188
6,136
94,166
38,87
107,116,125
170,176
80,170
56,123
90,161
