27,72
142,144
180,182
52,145
156,198
10,129,145
15,107,146
86,143,144
52,53,85
32,43
133,155
108,150
24,144
153,183
30,186
68,128
26,72,164
63,89
71,145
52,111,199
61,170
139,183
8,100
22,37
99,173
12,16
30,108,178
84,152
28,82
77,180
52,81
148,166
13,188
72,178
73,174
11,87
26,179
125,200
91,183,196
59,121,129
157,170
27,149
28,49,123
9,118,123
42,95,137
66,105
11,38,66
64,147
137,156
5,47
29,79
98,183
2,12
95,103
48,71,84
107,163,192
36,138
129,178
104,162,163
71,135,181
58,174
53,134
33,198
116,193
136,149,188
8,144
2,121,174
87,178,186
12,89
110,181
19,36,197
21,195
13,77,191
51,165
85,182
40,44,92
57,164,195
23,113
93,173
2,168
18,27
138,180
5,40
15,170
60,94
46,133,161
87,121
154,170
170,198
106,193
6,100
23,150
112,196
15,52
52,61,135
95,108,179
62,74
121,173
28,115
121,169
11,20,199
35,134
80,96
26,32,172
158,193
82,159
46,93,162
173,177
23,86
61,112,184
94,167
150,152
32,33,116
55,65
20,42,177
40,152
171,180
3,107
95,98
53,71
90,114,129
53,181
124,170,180
105,116
40,187
37,152,183
117,119
49,77
21,80,96
39,78,159
14,15,78
121,180
77,155
74,171
56,88
48,95,101
186,192,198
31,121
54,130
18,41
101,176
33,58
151,164,166
24,74,123
116,166
2,111
23,90,99
33,72
9,22,151
115,160
21,87,173
13,43,136
165,200
106,185
145,171
31,184
21,149,173
67,180
5,8,153
36,110
22,107
76,159
6,136
25,185,194
151,183
88,110,166
38,157
28,108
11,143
15,81,111
3,49,82
51,113,123
166,169
13,112
15,144
13,32,160
41,69
53,81
16,112,120
63,171
61,84
61,111,190
33,76,199
4,14,83
92,96,132
59,63,164
24,37,186
7,139,198
138,190
145,181
4,44,99
90,182
21,161
59,114
56,135
148,185
35,36
81,128
103,129,200
48,136
37,71
151,168
134,199
39,148
2,178
95,138
160,165
170,196
32,42,146
148,165
78,186
54,122
28,112,141
66,94
43,75
31,162
81,184
42,161
111,175
6,69
60,111,182
62,64
41,142
13,74,133
2,117
69,129
56,178
21,136,181
67,97,179
58,90,168
110,148,178
97,172
24,114
30,105,114
100,189
16,198
125,149
47,165
66,108
193,199
64,196
111,146,181
76,112,148
174,189
111,118
71,107
10,67
150,199
90,195
84,161
44,173
14,21
24,87
5,39,137
124,136,147
57,86,122
22,32
28,159
61,80
136,188
111,170
94,199
22,71
9,82,188
26,153,165
4,104,149
125,168
133,153
24,87
41,169
106,110,167
13,194
65,140
23,29
98,141
170,197
49,169
47,109
33,164
6,85
40,112
51,185
11,177
106,182,200
10,103
66,159,188
17,114,142
50,142
76,117
81,84,156
87,147,173
59,174
76,163,189
22,115,165
171,174
167,191
69,117
9,137
33,61
137,141
23,104
14,82
93,200
112,125
19,75,181
21,93,106
3,32
87,156
50,81
13,116
12,153,171
46,141
58,133,152
44,164
129,175
29,169
101,137
11,104
28,104
82,163
121,175
59,152,183
150,151,153
36,75
42,105
61,108,111
61,68
80,195
82,166
76,84,127
8,112
62,145
60,112,130
45,89
47,117
28,82,103
39,91,165
113,166,193
49,54
112,132
67,137,193
22,115,126
50,183
72,117,190
108,143,170
8,147
81,161,170
22,164
56,97,161
15,39
34,147
62,112
14,32,121
85,117
103,113
44,134
49,186
67,111
27,79,145
72,92,146
85,93,96
178,193
4,28,102
61,101,176
26,151
47,85,141
57,88,181
56,143,154
106,129,155
1,47
146,167
73,83
22,63,160
73,149
102,130
151,174
7,166
25,93
99,117
104,107,175
144,170
83,158
36,79
3,95
49,98,192
106,175,199
42,129
13,60,171
43,78,116
13,126
112,177
105,114
125,156
29,80
56,180
49,106,115
66,116
50,71
45,103,175
54,180
112,133,197
138,181
128,167
42,75
176,188
104,129,173
42,158
21,22,197
17,56
56,157
145,153
2,74,90
2,4,93
8,63
86,162
130,178
73,154
105,122
87,170
40,89,164
12,40
30,167,191
38,104,164
96,138
19,28,175
61,74,138
19,27,164
21,35,96
61,71
89,108,157
32,159
152,183
31,66,160
148,165,171
132,184,191
154,158
65,119
40,116
108,174
79,141
21,35,46
169,191
29,49
106,142
21,34
34,52,84
82,139
96,102,131
133,171,184
129,140
22,126,197
113,152
137,158
103,108
62,177
26,164
70,136
24,52
15,182
1,133
50,114,170
51,88
27,33,131
37,82,117
18,136
92,187
3,92
8,166,194
101,112,179
87,101,191
24,108
152,160
9,29
16,116
15,51
5,184
159,195
71,151
11,80
20,30,130
68,90
65,179,199
41,47
108,186,198
74,196
97,131
5,16
107,114
79,87
61,175
1,163,165
89,168
84,118
95,142,153
75,150
135,169
180,199
26,74
89,126
159,162
14,64,173
8,151,197
99,111
8,63
7,42,54
17,62
40,164
148,160
24,30,161
35,57
45,136,195
76,175,189
56,86
34,141
20,37,113
39,118,157
75,120
12,157,182
34,140
14,92
55,133
28,113
37,196
39,79
136,155
59,60,120
70,169
53,70
1,15,65
77,157,164
15,137,145
54,84,98
39,146,172
32,72,174
28,159
43,49,200
73,118,193
46,136
180,198
33,52
18,51,171
62,189
118,144
74,199
48,187
12,18
51,154
36,153,200
115,178
143,197
50,146
91,169
26,41
38,166
34,145
35,182
72,134,188
8,74
25,116
51,52,136
43,47
88,163
111,122,189
26,89,191
84,105
61,101
13,88
32,162
85,160
26,120,174
22,136
80,124,190
40,54
55,160,172
54,65,95
50,101
27,63
91,113
154,162,176
44,49
65,162,176
32,95,162
10,142
42,58,104
8,22
47,100
46,88,148
158,191
25,64
141,189
116,137,193
90,129
88,108,128
100,114
81,128,135
19,122
140,169,200
66,170
21,118
113,200
137,154
40,139
96,196
8,150,164
67,175
25,89
17,168
79,190
42,158,180
10,175
41,97,163
26,167
19,32
112,120,134
54,75,108
104,113
87,194
4,70,187
43,165
29,100,119
20,136
98,110,161
76,109
137,144,192
117,151
129,181
58,136
72,133
11,199
49,70,106
38,140
124,135
70,72,105
7,25,112
119,159
13,23
89,104,121
4,96
19,45
75,190
145,183,194
32,120
13,60,174
10,15
26,51,151
7,150
84,160
14,102
78,200
93,137
58,130
25,124
52,144
76,113,200
39,72,196
8,195,196
98,157
97,192
51,194
81,176
108,128,193
11,173
10,37,182
40,115
110,144
16,66
16,55
128,157
12,25
30,148
72,89,133
16,52
63,71,185
18,51
10,58,139
111,181
106,173
93,169
27,82
88,158,186
98,119,174
16,18,27
80,167
150,172
10,163
64,118
143,186
143,158,174
68,115,120
83,119
75,108,197
96,187
10,33,118
11,110,179
33,164
5,18,152
48,86
1,90
122,170
11,67,144
95,167,189
116,151
154,189
100,195
85,196
3,104
28,65,119
81,137
10,113
6,23
7,115
81,157
95,153
18,131
2,117
79,84
133,135
79,166
7,131
15,29
19,49
49,106,139
53,55
29,152,159
19,117
74,126
46,121,173
145,197
11,90
105,193
21,44
16,101
28,155
5,46
32,51
114,180
99,119
71,84
89,135
143,167
98,131,196
166,172
28,100
71,111
145,151
45,76,182
2,17,151
45,175,200
79,186
114,158
97,118,135
174,185
65,103
57,112
125,196
14,93,103
17,50,88
9,198
92,100,187
42,118
132,169
32,128,196
78,142
121,133
32,150
164,166,184
180,192
45,80
26,131
85,159
40,79,126
22,115
27,170
70,193
87,169
117,168
50,189
138,161
25,68,131
176,186
64,113,168
12,40
38,69
64,171
43,68
95,135,186
106,183
16,55,183
135,158
110,112
2,129
29,167
18,32,183
138,181
21,140
75,176
42,68
39,179,187
50,123,137
48,57
35,113
22,193
13,62,163
104,139,154
33,184
34,123
113,123
54,193
46,78
17,108
57,95,114
88,119,152
42,176,182
82,147
3,17,107
47,100,137
25,99
44,70
148,177
20,104
18,126
67,86,167
20,90
25,59,63
40,120,151
37,167
62,178
88,120
61,132,134
5,112
109,141
39,89,168
3,76,175
10,153
19,21,85
153,165
125,127,141
77,108
76,81
128,198
8,33,49
57,189
1,47
118,138
129,167
35,78,107
16,79,172
15,77
58,192
87,88
43,124,184
110,143,146
94,179
88,128,134
155,173
143,199
44,146
119,154
83,183
30,161
60,148,191
109,182
25,60,196
42,160
5,81,193
99,119,125
142,146
137,138
6,88
112,192
166,172
73,98
88,106
29,104
116,159
50,66
26,145,165
72,147
87,132
91,187
14,33,107
14,96
15,149
86,148,180
95,198
108,167,186
18,160
117,131
139,162,166
151,166
10,109
111,114
76,142,186
101,119
88,113,146
75,131
103,128,154
45,77,141
24,156
83,121,170
107,174
73,86
24,84
53,113
44,152
2,123,164
98,128,189
47,137
13,196
31,97
143,155
26,72,112
111,146
26,160
88,111
16,29
9,74
131,162
16,39
30,84,193
33,174
19,109
170,190
10,46,140
116,142
19,99,163
109,162
60,161,185
19,166
24,109
67,115
4,198
10,41,44
32,160,194
75,114
114,177
135,144
34,99
70,147
28,141
93,118
64,89
12,184
11,189
69,103,123
100,136
15,46,80
6,161
4,46
7,62
94,151
36,76,161
9,115
85,159
150,152,158
41,153
43,49
7,74
59,139
83,178
35,91,105
84,96,156
120,157
29,63
131,151
101,123
8,40
32,139
7,121
103,105
70,134,162
24,56
37,58
75,141,142
23,70,129
14,21,177
86,105
156,175
30,179
69,93
22,172
8,38,164
8,81
12,131,169
86,128
28,179
6,44,155
83,117
5,55
51,146
46,106
33,166
29,199
20,60
101,156
20,128
179,198
117,159
7,32,33
125,172
150,166,192
128,161,198
26,75
89,167
109,200
9,113
9,53
32,142
25,72,184
132,182
142,144
16,148
67,170
118,144
153,166
97,133
9,175
64,115
43,141
93,149
138,170
29,82
9,91
152,172
22,150
35,176,194
55,131
26,124
120,171
11,20,130
5,27,106
24,159,191
9,25,40
100,147
67,134
115,182
89,147
91,188,193
110,112,160
36,156,180
19,175
38,154
139,172
56,123,174
34,41
36,123
21,125,139
29,103
97,112
21,139
57,134
150,172
29,116
101,200
12,124,131
20,24,122
58,82
84,154,178
54,55
151,168
41,94,106
69,80
87,160,164
27,195
21,176
74,91
93,186
107,141
33,134
84,176
128,187
27,166
42,101,156
101,179
32,132
4,6,74
57,87
57,177
105,185
120,199
2,92
135,149
94,149
89,185
49,165
11,112
84,97
48,57,110
39,64
136,188
46,58,188
63,88,112
86,146,186
119,132,191
108,161
123,190
35,80,104
21,139
41,58,93
65,95
114,151
26,127,148
15,99
67,145,179
80,149
1,105
115,148,190
38,185
70,92,182
122,130
81,196
61,130
3,88,189
85,110
44,138
111,122
5,148,194
186,198
90,106
24,75
45,46,127
16,112,167
118,173
89,126,174
71,91
27,175
150,199
8,174,184
118,164
102,103
70,150
21,109
111,135,170
6,69,195
67,118
21,102,160
18,63,197
65,165
70,129
85,140,163
28,92,129
65,90
27,183
91,151,160
31,122
64,147
110,116
89,152
89,127
