48,66
50,75,115
26,90,125
4,18
6,184
34,176
44,160
121,148
52,188
77,142
123,164,179
121,169
103,145
89,91
21,57,61
25,61,138
22,85,161
17,77,113
34,148
158,161
35,198
70,189
178,182
4,22
70,133
99,133,144
56,177
33,161
92,136
19,130
60,90,187
27,62,140
114,119
2,145
1,196
88,188
2,90
185,191
128,151
8,199
110,191
159,181
110,115,139
66,146
21,115,124
66,193
52,147
175,181
70,145
45,198
55,122,142
43,73,101
65,168
88,143
33,38,178
144,147
25,139
74,102
42,182
96,116
26,49,179
64,158
10,87
16,140
134,162,186
51,111
88,95
45,147
31,61,156
112,154
99,183
103,162
76,92,156
146,199
105,154
177,185,192
39,171
126,155
59,96,109
36,144
57,152
33,53,104
76,186
47,116
104,159,194
151,160
24,176
39,147
62,175
64,181
10,119
50,180
35,83
20,100
130,136
9,111
75,148
52,85
95,109
31,177
72,87
14,131,168
131,138
14,21,142
1,57,152
19,111
4,92
98,114,130
82,154
62,156
106,154
42,71
99,119
98,127,158
26,91,176
185,186
61,185
32,44
11,12,117
113,159,196
62,88,138
30,81,172
2,144
38,124
34,69
78,147
38,44,49
27,52,110
11,85,100
43,83
136,182
19,143,177
141,150
103,145
14,57
88,110
21,72,106
45,50
42,54,95
109,174
71,103,108
23,130
9,46
9,110
23,89,110
114,168
49,188
23,121,134
92,93,106
150,199
28,167
117,193
76,180
68,132
6,24
33,88
16,64,82
13,54
17,56
51,183
160,163
33,148
72,164
35,125,150
36,139,184
38,58,84
11,129
46,182
89,135,184
58,176
33,39
64,151
6,87
81,98
134,153,198
103,123
157,179
2,115
4,81
8,88
97,176,191
181,183
101,108,125
4,185
28,114,122
165,180
168,181
86,141
95,110
89,109
23,89,105
87,113
52,91
86,96,164
117,146,185
20,56
179,194
3,109
73,151
135,193
87,193
149,172
32,102
10,141
4,31,40
23,28,139
39,94,168
90,154,178
25,70
37,38,89
96,190
92,102,188
31,115
105,121,141
29,155
120,159,190
54,98
138,192
69,188
62,108,136
6,88
95,190
2,192
76,95,111
134,178
2,22,29
115,185
106,131
140,162
138,146
8,110
121,180
4,87
77,156
29,62,197
28,116,141
34,74
48,156,164
27,130,158
105,163
103,125
28,67,133
12,26
27,62,66
11,176
10,49,68
108,178
121,174
127,191
79,108
141,142
53,157
46,135
72,193
126,132
45,96
2,17,23
107,118
67,148
158,177
48,117
80,89,175
160,175
12,87,126
131,177
111,176
28,45,110
41,71
19,182
53,186
102,128
25,60
15,145
54,64
30,70
67,94,95
114,195
29,81
41,73,120
3,8,31
82,125,136
14,114
86,95,165
48,138
2,20
30,126
5,157
4,117
73,158,160
11,25,31
27,84,194
64,185
27,28
99,133,148
79,199
77,194
106,142
25,64
126,151
97,143
47,128,145
23,66
7,33
56,67
84,96
148,159,171
33,168
12,181
126,152,155
7,31
101,162,184
70,198
73,181
84,170
26,27
68,78,89
7,14
3,142
98,102
93,154,159
1,16,46
13,66
30,52
93,155,159
97,106
22,23,115
31,197
130,139
113,119,138
56,91
41,102,111
103,181
167,178
170,173
22,94
78,141
9,136
105,123,195
163,182
51,53,200
129,159,196
78,187
166,199
3,120
108,126
62,109
41,147
153,195
10,117
108,179
125,149
108,145
108,125
52,116
34,109,141
62,129
130,162,178
118,130
78,176
78,147
72,122
42,185
33,153,160
17,183
116,165,193
37,74,140
46,53,74
40,115
22,150
73,176
11,36,117
79,142
32,33,156
127,149
44,59
8,17
3,131
39,50,195
47,73
119,157
39,155
54,62,108
79,190
39,167,174
10,30,92
68,104
119,170
16,66
122,181
104,200
101,165
47,177
27,50
26,80
62,189
22,139
64,165
11,146,193
28,159,161
62,88
24,48,153
68,81
104,194
101,115
7,53
11,167
13,125
111,169
72,164,176
2,165
48,124
97,181
177,193
101,154
69,83
5,101
2,150
31,87
72,115
65,72
14,144
149,163
86,110
30,72,77
49,189,200
175,191
75,129
29,100
15,122
148,189
81,95
44,99
11,46
55,104,114
187,193
52,118
29,71,103
27,75,81
89,139,170
125,188
40,48,55
72,179
30,65,195
52,78,109
50,129,165
45,85,134
45,137,157
110,193,200
105,134,145
61,77
41,58,107
31,119,168
64,76
104,114,188
172,200
11,100
4,152
79,114
50,164
17,187
59,103
33,80,138
45,62,135
30,154
26,176
21,191
124,194
28,121
27,136,197
24,75,188
88,154,163
67,83
13,134
129,177
4,18,168
72,107
95,178
91,183
45,172
44,69,135
43,125
51,108
4,136,185
128,138
164,179
37,102
105,115
35,91
151,174
111,164
66,85
16,41,82
163,184
18,68,102
31,42,132
33,67,167
27,117
9,144
33,75
26,122
67,172,184
26,93
15,76,92
74,165
32,103
57,177
11,87
49,91,116
25,132
124,174
123,145
77,138
152,159,176
36,105
87,141,192
144,168
83,101,102
43,48,63
100,175
30,93,181
97,146,185
53,106,155
4,152,181
138,181
56,144
175,198
114,138
95,128
46,81
53,157
54,71,197
98,163,190
98,124
62,154
77,113
111,125
48,64,138
44,125
75,105
29,77,134
68,77,112
1,62
61,146
48,177
87,123,138
137,186
26,54
51,70,154
6,170,183
139,152,176
148,185
55,57
113,128
13,173
1,135,156
64,132,159
33,106,159
62,154
15,71,198
48,114,158
108,116
8,186
58,153
45,188
30,99
63,110,157
13,71
30,61
81,170
48,50
18,96
87,177
36,96
16,44,111
31,48
79,169
1,179
114,138
63,86
33,114
114,138
23,96,140
51,180
55,72
26,108,189
126,181
54,111,134
158,160
17,133,137
66,68
35,161
28,34
23,74
127,156
53,56
67,110
51,125,145
18,65
82,148
36,38
4,74
56,110,153
126,135,179
104,178,200
92,194
54,108
26,154
109,169,177
26,41
49,63
28,60,136
120,124
9,62
148,184,199
85,192
114,143
19,173
61,146
13,54
128,134
75,176
25,129
9,78,142
102,150
104,126,168
54,170
76,151
50,54
73,191
96,164
107,166
97,126
29,183
10,128
41,182
21,117,151
63,193
20,139,144
45,155,186
69,102
5,8
52,160
61,193
83,122,159
15,20
32,176
73,111
24,143,186
110,167,188
57,70,134
115,130
6,95
31,42
65,106,131
87,115
3,9
86,184
68,109
91,128
106,138
6,45,169
170,173
30,72
15,59,63
150,156
75,157
50,169,171
8,86,101
43,111,175
30,132,152
140,197
17,78
94,103
84,198
155,174
87,100
96,186
2,144,171
156,185
120,160,200
16,64
36,195
50,191
20,147
41,163
51,76,144
71,159
10,151,176
57,146
127,189
37,178
80,194
65,102
36,169
57,102,190
23,122
79,99
1,117
28,88
146,156,159
2,123,195
72,115,164
122,145
31,135
93,132,193
9,59,84
7,29,108
5,167,169
4,55
57,97
110,114
35,165
74,94
150,188
134,179
101,105
66,189
90,103
135,193,194
13,117
72,181
125,198
53,162
30,164
25,58,135
165,188
18,177
181,183
15,180
66,124
33,147,186
5,58,126
69,108
13,186
28,35
139,143
7,11
74,147
61,131,152
129,192
114,193
21,48
18,150,184
54,164
20,136
68,77,153
11,38,146
4,30,179
26,83
4,159
116,167
9,53
86,148
1,58,131
17,169
113,138,193
90,107
16,54,70
35,173,189
3,48,181
138,161
72,152
22,157
22,28
108,140,176
69,70,154
56,139
135,176
11,88
38,190
24,86,166
19,40
151,192
59,178
54,119
6,88
24,148
53,181
142,177
11,192
39,164
45,50
18,29,78
58,84,118
4,62
70,87,143
56,125,193
15,16,173
7,16,198
54,192
9,46,162
56,78
74,80
182,186
37,79
96,143
46,170
7,157
91,169
27,73,192
51,178
103,111
110,127
132,168
27,182
31,119,185
12,97,164
10,76
160,170
11,117
20,112,116
98,193,200
94,163
33,152
21,72,106
93,164
13,130
95,184
9,42
141,167
78,110
21,97,196
104,129
75,99
36,37,107
126,185
9,54,145
15,19
1,132,146
11,101
84,134,149
19,143
125,145
45,190
83,102
30,39
141,192
61,164,185
81,118
43,167
45,169,199
18,107
55,129
45,144
58,71
11,158
139,145
70,134
46,74,102
34,62
83,98,145
21,151
125,127,182
56,58
1,35
38,95
135,179
106,134
112,159
40,94
92,106,192
4,93
61,194
37,41
53,84,198
132,148
11,57,114
75,91
42,89
13,100,102
36,45
2,105
62,81
42,87
17,65
111,154
21,151
58,118,133
77,197
3,11,151
35,49,80
37,52,188
77,110
18,24,190
58,93
33,36,122
34,79,199
85,171
60,177,186
1,98
42,62,149
67,182
100,193
19,73,175
72,186
15,121,129
29,145,159
18,145
42,103
62,155
16,51,77
44,170
85,93
2,174
76,184
115,165
82,107,134
156,197
33,144
82,148,171
1,129
1,21,61
25,48,194
22,133
81,197
26,27,81
15,187
84,102
17,139
89,95,123
17,172
1,179
30,125
15,134,198
66,109
23,144,195
28,166
55,107
20,60
65,126,142
1,55
32,74,121
3,97,193
84,101
19,121,188
65,182
167,186
73,190
135,167
8,119
53,137
79,123
64,77
75,91,105
2,33
12,102,200
104,138
30,168
17,118
47,110
13,61,174
17,24
128,170
45,81
71,197
55,131
142,159,168
15,54,83
13,170,198
89,171
153,160
54,73,74
16,49
11,52
18,179
117,129,179
117,121
99,133,174
52,98,155
127,145,183
131,168
90,103
63,151,192
87,104,129
73,78
15,143
124,199
56,81
84,172
89,122,143
42,147
97,146,164
45,69
2,189
7,13
9,200
28,71
168,185
137,190
28,118,167
15,102
16,155
144,152
65,156
16,195
73,98
28,77
125,193
101,121
36,66
4,126
51,80,194
109,120
34,114
50,75,157
68,163
40,164
36,38,147
18,31,87
79,128
71,128
16,52
31,135
44,170
10,44,135
3,129
49,51,191
45,75,78
138,199
134,197
101,120
62,83
178,189
131,196
30,76
7,154,162
9,113
27,82
91,199
42,79
48,93
45,52,163
80,83
81,198
192,195
42,84,145
17,23
11,58
112,123,180
24,140
8,195
23,47,121
36,161
9,29,49
92,94,173
6,171
16,103,127
6,133
64,67
65,138,192
160,175
86,115
86,191
111,159
72,104
55,117
92,111
104,129
49,182
77,161
52,135
78,79,121
43,117
9,121
61,134
103,118
8,92
31,131,194
9,103
102,136,178
37,157,167
81,200
50,112
133,194
25,91
63,134,149
2,23,85
43,179
121,167
11,58,135
21,120,194
4,164,187
109,147,198
14,158
99,141
42,51,63
62,141,159
39,69,109
101,148,183
99,172
18,119,132
27,170
36,118
39,161,195
57,117
84,103
47,78
137,186
60,76
48,181,185
32,70,198
40,119,129
26,143,191
52,71
12,145,176
42,54
37,42,133
121,172
21,82,125
34,44
3,170
75,161
105,186
63,143
6,89
106,167
35,97,110
4,18
44,46,171
59,114
96,148
19,74,103
36,54,142
37,69
22,96
22,118
25,87
46,66,104
186,188
151,158
43,90
62,83
95,116,139
9,175
20,109
12,144
8,69
152,159
52,108,172
22,194
71,78,147
1,41
8,192
22,158
25,61,126
48,111
115,191
87,140
12,61
