87,120,165
114,155
36,99
95,105,132
127,134,138
64,129
113,183
18,185
29,34,95
28,38,112
153,178
5,42,67
101,134,179
139,182
21,86,174
117,168
44,164
25,63
118,121
95,167
24,58,97
22,186
50,99
30,73
24,25,144
6,31
6,118
78,115,141
174,179
183,191
9,48,62
112,192
146,163
67,91
49,54,56
10,29
125,151
67,128
13,148,179
4,195
26,55
34,137,159
118,198
4,16,190
15,80
188,193
79,133,176
50,135
47,114
178,186,192
101,185
105,156
35,106,154
129,164
46,114
44,96
18,134
97,117
136,175
23,189
73,98,158
4,7,166
55,159
12,104
28,31
6,23,97
46,72
95,138
49,155
37,90
9,109
32,121
76,153
3,163
13,46,187
101,198
3,36
32,77
35,100
117,166
38,39
151,157
95,108,178
147,166
5,21,141
70,192
44,190
43,152
28,51
10,123
10,135
4,92,177
32,92
8,43
7,104
58,61,100
18,147
27,73
94,123
18,77,98
36,91,175
38,164
89,158
99,122,157
78,117
62,130,139
130,192
28,131
32,61
93,111
86,165
85,108,109
39,77,155
25,40
86,200
47,102
93,122,185
92,121
30,141
153,179
18,52,156
144,153
107,181
134,194
105,199
37,132,156
72,77,194
99,162
88,132
18,67
39,171
30,128
79,168,187
44,103
73,192
44,156
143,149
88,191
106,150,162
62,151
74,117,166
5,69,155
122,133,181
34,53,163
114,115,150
89,131,178
100,151
13,122
80,92
50,62
127,173
127,137
33,113
7,135
54,120
136,171
90,129
14,111,141
37,92
47,162
6,182
30,51,149
119,130
31,53
32,95
49,53
174,181
62,109
112,119,197
75,184
3,61,67
14,126
70,122
37,39
32,190
29,189
55,61
9,94
21,159
59,163
48,57,169
91,113
11,52
135,188
130,157
37,191
104,148,168
22,187
43,113,146
12,19,168
28,30,77
58,79,129
17,74,91
18,82,191
69,127
102,146
31,58
19,67,184
6,7
50,187
175,185
67,98
47,59
156,169
54,60,79
5,141
25,37,151
94,117
20,126,170
3,183
53,78
73,163
62,183,188
63,71
28,164
91,200
93,96
30,57,191
157,188
51,71,119
14,162,197
8,93
113,167
40,113,170
134,159
35,100,168
123,136,198
43,100
121,153
46,52,156
70,138
139,194
4,152
24,63
65,175
3,38
7,122
32,45
24,34,44
20,132,145
119,158
80,132
146,147,190
20,169
38,118
6,46
11,163
119,130
136,138
122,185
50,177
48,193
149,162
173,200
138,153
69,170
135,190
25,93
29,163
2,24,148
2,30,110
16,91,175
96,101,184
26,57
61,111
9,11,132
41,196,200
168,192
74,98
161,170,186
91,162
109,184
143,148
99,197
84,120
32,61
21,95,99
59,100
95,110
12,129
30,154,192
126,175,188
88,138,141
8,161
33,162
19,163
145,190
126,184
72,95,199
66,120,179
6,85,144
58,176
109,180
174,177,179
27,29,104
173,189
126,178
64,168
13,24,127
39,162
66,154
30,37
99,167
79,116
56,197
2,102
83,97,126
14,33,135
43,165
33,192
17,137
74,92
28,88
11,103,135
43,200
102,147
51,98
14,160
70,159
52,124
33,159
55,163
70,196
134,177
116,168
17,173
1,29,190
92,143,168
108,149,198
72,80
51,167
15,148
50,70,151
7,26
69,142
67,192
92,102
63,188
13,78,189
6,171
125,155,156
169,186
24,104
93,117
55,118
40,73
68,163
62,164
101,138,176
37,60
32,51,157
109,193
11,164,174
59,95
58,90
103,184
10,61,140
6,76
94,130
57,87,116
83,147
43,123
41,114,134
132,157
5,140
98,178
51,98,109
119,126,130
137,175
42,114
84,167
28,112
40,103,165
23,24,25
10,14
8,163
35,119,183
71,104
37,115
75,118
122,144
64,70,134
21,48,162
18,26,199
118,123
117,193
30,52
88,125,145
151,178
172,190
121,153
180,199
59,145
133,170
15,195
57,92
69,170
5,121,132
48,177
89,139,198
58,151
36,160
145,192
11,29
141,143
49,152
16,157
113,196
101,155
70,200
14,29
100,181
6,110,151
75,137
125,130
12,17
146,193
44,88,192
3,58,156
146,163
41,86,167
50,106
15,127
18,39,95
110,174
75,103
22,30
100,115,118
17,30
24,142,181
99,106
60,78
118,122
40,92
66,82
10,75,167
39,97,184
136,141
7,15
54,66,102
58,84
20,92,145
88,200
37,39
108,118
24,106,138
44,131
55,110
26,157
15,30,134
96,165
91,105
116,135
28,145
162,167
33,53
78,187
98,156
102,139
41,60
109,139,180
66,86,96
59,95,151
14,40,117
147,158
19,174
22,40
147,151
16,103
52,102,149
51,85
58,153
32,42,92
157,159
30,92
12,45
8,126,180
14,193
47,175
60,193
92,134,168
64,121
28,75,165
25,56
148,155,174
30,76,92
32,80
17,68
36,56
39,180
59,198
5,138,166
47,63,109
102,163
43,113,139
39,47,118
35,137,175
24,85
56,159
51,105,108
152,195
53,186
105,131
106,128
60,79
65,70
2,44,92
111,150
69,133
27,152
5,21,24
93,163
23,187
69,122,181
132,149
25,86
70,87,175
57,91
92,143
107,191
89,109
68,102
20,48
49,106
5,67,120
126,165
68,164
144,159
1,160
2,124,142
40,91
47,123
27,118
31,45
52,179,198
48,107
3,32
117,142
36,174
32,121,145
19,100
10,196
118,139
145,165
90,199
75,87,135
43,166
48,109
158,197
5,82,101
151,179
37,95,131
27,122,165
5,21
22,119,185
50,74
50,112,193
62,137,188
13,122
11,172
107,150,188
22,155
7,94,119
86,104
94,197
14,126,146
98,105,108
23,129,187
37,51
74,182
2,52
130,137,190
74,99
73,139
57,60,66
1,32,184
10,22
5,57,128
19,115,176
130,150,160
19,164
47,92
103,130,139
88,141
51,136,191
120,125
73,132
57,112,156
11,110
70,114
22,173
9,33,43
58,116
28,42
17,99,124
36,76,194
3,46,145
85,193
48,171
102,186,198
59,139
60,126
34,82
85,109,191
98,164
93,163
32,77,136
19,49,101
122,170
33,144
62,170
100,117
48,178
3,68,154
64,154
58,104
119,156
1,117,188
86,92,94
58,81,117
8,85
71,178
161,163
13,73
76,89
33,81,124
9,124
51,193
147,161
45,115,181
24,33
51,85,149
56,182
61,131
89,112
74,123
62,79
33,126
21,64,196
1,9
149,151,169
94,99,198
44,70,77
46,63,88
39,99
63,92
49,71,79
104,144
49,200
89,131,199
14,30,111
123,184
105,136
136,145
161,170,198
115,174
2,36,51
34,109,157
130,131
80,156
83,111
89,106
83,126
67,156
6,40,129
98,179
34,69,91
23,63
9,43,139
120,189
107,173
69,90
37,155
36,65
54,80
78,166
115,120
41,82,135
47,57
3,154
179,200
78,148
69,143
40,57
53,91
81,93
30,113
32,107
110,139
92,167
10,59,135
45,98
1,65,175
123,166
26,140
9,162,190
24,99
12,154,159
141,163,173
38,109,149
37,147
152,187
96,143
27,81
30,117
2,38
41,127,129
127,154
18,166
34,36,165
104,189
83,99,117
21,135
66,172
62,182
89,153
1,99,198
34,168
24,176
26,62
16,175
107,108
22,55,139
162,186
143,147
99,133,156
5,37,41
31,140
9,17
4,81
46,63,80
120,189
62,83,150
94,113,195
3,63
175,186
18,91
72,108
36,57
92,194
14,17
83,165,184
22,33
148,181
8,20,49
115,168
83,107
69,132
54,96,144
81,170
86,157
141,144
68,96
92,178
58,143,173
20,39,128
47,186
53,131
6,47,171
23,181
65,163
118,159
1,148
31,72
101,134,173
81,154
42,75
97,184
87,157
48,81
68,131
160,167
90,134
8,16,155
82,102
77,142
6,94,165
22,107
30,86
18,156
87,184
33,162
12,106
98,111
68,113
101,138
9,55
107,120
81,126,193
106,141
60,120
101,127
61,105
69,76
50,134
125,127
29,84,163
38,131
83,117,186
81,166
28,41,96
99,163
71,151
2,76,121
23,97
11,162,197
102,154
80,112,121
109,200
9,10,162
145,198
48,111,116
60,90,133
103,166
68,125,157
111,147,185
30,45,199
20,70
98,132
45,80
149,167
145,153,155
115,135
93,141
147,188,195
117,169
72,122
28,146
86,164
119,198
106,198
81,145
127,135,173
113,167
5,143
31,45
121,177
16,26
25,70,133
9,26
23,193
85,87
36,156
52,178
31,77,92
28,36,121
52,61,156
68,70,133
59,95
78,79,177
16,43,119
35,157
111,191
186,195
29,152,194
38,89,158
52,151
83,100,166
26,70,127
139,173
35,108
109,132
14,103,160
114,141
103,161
60,76,168
25,134
175,177
107,139
29,135
40,106,124
13,83,90
28,167
71,129
101,114,127
72,128
83,113
101,141
102,195
24,77,81
22,130,141
79,104,160
133,196
21,101
86,138,179
80,173
41,69
20,148
24,96,101
40,141
55,68
27,131
47,82
7,59,97
17,28,143
8,11,195
51,128
66,94
141,152
50,60,115
61,117
8,176
3,149
34,64
58,96
24,27
14,143,183
17,164
4,190
2,145,157
31,92
84,165
74,75,195
71,121
68,105
4,124
97,146
11,47,62
92,110
103,123
104,129
102,198
23,183
5,53
142,176
123,145,150
13,42
42,79,124
56,70
97,167
70,148
42,168,189
42,190
107,111
67,191
160,161
58,77,119
5,11,161
22,170
127,168
59,193
33,83
108,142
64,159
148,153
26,39,40
99,112,146
78,144
102,151
48,89
46,53
1,22,164
40,97
112,132
19,134
84,91,150
80,153
46,150,191
96,147
79,159
44,92,181
8,89,138
2,145
79,151
84,93
2,125
41,75,131
59,88
27,156
35,111
5,151
127,194
90,124
3,46
95,107
2,87
172,183
53,101
127,144,199
3,64,196
25,35,187
108,185
193,196
42,56,151
9,91
150,195
6,61,80
112,128
16,190,193
123,163,185
46,109
17,74
43,100
53,70
35,100,179
60,90
17,109
26,176
65,162
90,176,200
109,159
36,133
30,106
85,109,194
41,196
36,61,191
15,50,71
55,127
2,14,97
145,184
136,151
154,174
33,163,165
154,190
28,121
71,80
69,129
82,89,194
81,91
97,173
113,197
88,130,171
24,96,175
66,181
25,119
7,148
53,114
100,165
63,184
34,120
93,123,126
34,137
156,162
8,179
164,200
7,52,150
13,184
122,129
96,97,191
82,155
158,168
91,160
9,150,160
56,179
5,50
74,184
19,66,129
147,166
16,163
2,36,171
64,142,191
65,184
10,16
36,71,131
42,121
26,44,118
36,57,80
43,166
7,185
136,157
89,105,106
67,76,84
52,168
18,34,149
77,149
28,63
111,158
46,120
10,115
165,191
46,85,112
33,183
78,106,116
17,137,185
18,89
48,148
91,163
16,83
20,95,111
2,124,160
7,10,105
45,183
99,199
15,64,196
19,73
24,120,140
1,29,142
78,152
11,61,87
65,183
12,127
124,148
161,162
9,66
67,112
14,46
148,179
11,184,185
35,70
110,132
131,168
67,76,89
159,172
21,35,154
98,125
158,169
22,195
98,184
16,54,101
108,199
72,178
86,157
6,38,65
5,175
66,181
31,195
34,37,44
74,77
25,199
90,134
154,199
156,188
128,171
46,157
18,130
5,89,172
32,120,194
14,29,190
98,199
97,102,137
123,170
54,64
113,147
70,172
101,112,114
30,42,180
140,169
133,164
124,173
71,124
61,157
47,127
138,148,173
63,121
88,153
2,51
15,101
32,177,189
46,98
