36,85
6,55
35,57
11,87
13,23,28
29,58
14,21
23,47,61
27,64,98
8,30,88
42,97
41,94
47,90,100
30,70
30,63
25,72
43,55,96
49,82
47,82
16,39,68
5,12,38
61,85
17,72
32,77
50,59
41,95
2,34,77
17,56
16,38
59,78
55,60,90
43,46,47
29,41,59
4,43
36,89
69,100
7,37
66,76
26,35,62
13,60
26,97
65,67
23,58,91
12,17
41,73,92
28,91
30,66
76,82
33,60
31,40
17,63
5,17,96
1,13
75,76,85
44,47,100
22,35,39
34,52,76
20,49
52,78
10,22,31
52,72
10,96
78,86,98
7,15,56
60,85
80,87
88,98
69,77,100
42,71
25,27,51
25,81,93
65,100
40,78
42,56
45,53
36,61
58,92
3,20,65
49,89
17,35,46
12,31
13,28,65
42,91
20,93
29,51,79
23,36,69
31,37,71
3,17,43
21,41,68
34,51
2,77
71,74
39,74
19,53
20,29
27,46
35,40
15,57
16,54
55,70
46,84
15,28,63
30,79
33,77,84
61,70
13,70
13,69,90
12,50
2,3,57
71,82,87
29,81,92
19,74
54,91
37,53
14,41
15,59
4,29
10,45,46
45,56
9,83
17,18,83
52,94
40,47,60
10,68
33,86
32,84
44,77
1,47,100
17,84
7,71
13,31
8,87
53,54
23,28,65
81,93
71,74
50,67,78
3,19,21
16,70
5,9
1,35
34,58,72
42,91
31,42,75
44,55,99
4,52
87,93
9,46
58,80
25,51
46,97
7,9
36,70,85
11,17
74,91
4,10,25
57,84
36,50
35,66
14,38,53
41,85
43,79
49,53
34,48
78,94
16,53,68
10,20,64
24,93
27,66
11,34,95
5,74
33,82
59,80
1,74
24,64
38,46,68
41,77
21,37
49,92
43,79
24,41
34,66
80,84
31,46
4,8,78
41,51
39,71
3,47,83
23,50
15,43
8,92
44,92
17,81
2,39
79,81
34,56
50,69
13,28
54,60
36,62,99
39,49
16,42
38,43
52,79
35,38
12,46
43,45
23,40,70
19,65
42,59,93
35,70
14,21,48
44,70
22,54
4,66,86
12,49
15,69,100
51,77
72,82,86
55,100
1,13,70
73,99
41,82,83
17,37,46
47,70
34,63,79
56,74,93
20,34,98
10,35
79,87
30,72
74,84
73,77,78
58,67
47,71
67,90,99
59,84
36,61
14,73
31,59
60,100
53,99
41,72
64,68,87
55,75
2,72
24,30
60,89
8,13
9,19,46
5,13
12,96
73,76
18,78
51,95
24,72,78
18,27,86
51,52,92
34,35,67
30,48
22,31,74
21,28,61
17,79
55,96
89,99
15,76,97
27,76,93
26,75
42,50,83
13,35,64
70,87
18,54
81,87
15,50,67
39,48
50,69
30,38,84
12,67
87,89
50,65
15,68
20,53,62
7,42,45
14,83
36,65
39,42,45
64,86
36,55
51,70
47,99
12,39,41
11,65,71
40,52,80
45,96
11,50
37,48,74
40,86
21,35
10,74
9,37,39
20,71
28,33
18,87
24,41
6,32,44
9,14,72
1,13,99
26,64
33,47
48,56
25,30,58
31,59
4,88
2,75
17,32
16,37
12,14
7,72,92
9,82
2,95
4,88,93
20,78
36,70
1,35,99
35,61
34,53
2,62
44,63
6,24,31
46,55
51,62
38,45
51,99
12,91
2,12
71,88
62,73,75
3,10
21,40,62
14,19
44,75
35,74
12,59,91
21,95
53,56
58,97
67,69
29,39,60
3,6,81
11,85
64,84
28,99
26,36
54,71
17,57
54,56
13,20,76
13,26,61
33,38
53,76
34,66,72
1,75
37,75
16,47
14,80
48,54
36,68
40,46
23,75,91
48,63,74
22,57
22,46,91
4,45,69
4,88
22,54
42,47
1,62
21,38,66
30,44
18,92
18,56
3,76
64,97
45,62
4,34
48,54
1,43
86,92
12,38
64,72,100
2,32,98
3,9,91
54,92
97,98
10,16,54
13,40
65,99
8,52,72
56,64
21,90,99
60,70,89
23,54
9,37
22,50
12,19
10,38,74
30,45
9,54
13,88
33,81
37,71,96
54,80
18,66
15,53
73,81,98
10,96
18,31,96
5,12,22
28,63
1,7,49
72,92
68,76
56,71
6,23,70
77,95
20,86
35,40
19,45
73,78,98
35,40
48,87
57,98
44,65,86
12,48,88
17,74
13,60
4,74
12,39
50,83
32,92
17,60
44,61,62
17,69
78,81
4,90
82,100
4,26,75
7,92
61,65
48,49,96
41,77
79,84
46,80
1,15,67
28,89
3,25
33,85
5,17,46
65,75
21,69
25,27,95
32,71,96
32,85
5,8
18,36,66
21,61
18,30,83
27,52,72
28,75
6,89
68,79
45,53,98
24,41
26,97
5,19
38,42,68
18,52
56,79
23,60
5,58
82,96
34,73,82
17,92
39,53,58
21,63,89
8,78
24,74
36,70
8,42
18,78,82
1,62,80
4,5,53
22,92
50,99
5,17,96
10,37
7,43,48
1,15,71
22,54
6,31,44
32,85
2,45
62,74
81,100
5,33
58,82
7,23
74,89
1,15,89
9,19
55,66
66,84
58,66,78
80,86
5,10,57
49,63
93,98
11,97
49,92
8,27,51
54,99
58,95
43,78
3,19,33
3,88
17,74
16,97
25,27,30
37,38
13,99
31,46
77,99
78,94
64,86
34,92
9,65
3,45,86
16,60,97
15,26,90
49,99
47,50,63
62,85
14,17
55,65
35,86
51,56,57
15,21,90
70,85
46,59
62,87
36,62
31,78
24,63
48,54,68
32,61
44,76
4,41
3,38
16,89,95
23,49
33,40,85
36,60,91
69,74
28,37
40,65,75
52,64
11,27,41
52,68
50,76
51,88,94
21,33,58
64,95
14,39
6,45,49
14,37
