1,91
14,34
6,47
27,93
12,36,39
21,76,84
32,67
17,85,90
7,36,48
34,98
9,34
64,71
20,34,48
24,26,71
81,86
27,61
22,52
37,100
19,88
3,91
30,73,96
1,2,37
20,56
11,49
84,100
62,70,80
12,32
3,40,49
18,61,72
61,67
19,32,47
13,91
7,81
39,47,80
55,70
67,94
6,21
51,56,57
3,97
46,56,100
36,48
34,52,81
31,33
29,77
17,24
58,85
50,63
22,28
8,28
3,22,27
44,63,99
5,84,92
18,90
43,65,71
78,98
23,35,56
21,45
8,15,70
19,55
1,86
67,76,86
74,97
26,55
2,57
27,100
19,61
10,69
7,36
69,70
51,69
28,88
20,33,85
25,45
58,97
8,20
24,54
40,50
19,59
38,77
4,18
3,14,19
36,75
19,52,56
53,90
32,62
21,81,85
12,36
24,52,66
28,37,90
51,98
71,78
3,50,89
1,7,41
16,41,47
26,94
15,53,54
49,65
37,41,99
27,61
5,29
31,50,68
4,85
17,20,28
7,86
14,31,89
44,99
37,50
18,43
50,92
58,66
16,77
3,31,76
17,33
11,83
53,81
11,70,81
10,30
87,89
18,19
27,72
18,42
5,48
28,85
91,96
81,89
4,79
45,58
2,56,97
14,28
43,92,98
30,32,48
70,84
14,68,100
53,100
47,63
13,57
10,14
43,57,98
3,61,79
65,69,83
8,75
6,81
47,86
40,45
23,43
2,90
2,4
24,90
9,23
4,81
38,43
40,63
5,98,100
41,45
39,67
80,85
26,87,89
11,63,89
92,98
14,88
49,84
16,44
4,56
37,43
28,52
21,32
19,75,93
49,70,92
56,85
18,84
13,18,23
11,70
76,78,80
69,96
3,65,94
26,38,60
30,45,55
47,98
77,91
7,39
34,41,48
81,85
13,66,69
3,50
32,39,67
40,66
16,44,91
7,95
10,19
58,97
33,59
20,53
28,52
48,83
9,91
6,26
13,59
3,87,93
37,72
16,54
25,35
53,76
33,84,93
6,12
19,49
21,35,91
4,55
20,97
66,86
25,72,99
11,31,69
69,72,96
24,89
21,45
54,88
22,65
70,88
11,19,42
5,95
52,95
8,34
4,22,92
7,39
56,61,69
5,22
32,78
11,72
3,68,90
40,74,93
7,39,49
41,98
20,66,81
17,24
47,60
10,39
13,20
24,74
4,29
21,91
9,18
2,42
31,80
18,27,43
64,73
8,22,23
69,94
44,56
26,91
2,6
40,58,81
50,89
36,39
88,94
28,45
20,95
6,51,86
19,40
33,34
54,57
16,95
3,87
23,96
45,51
42,90
55,62
2,85
30,100
7,42,77
8,36
4,78
10,13,63
26,31,70
17,58,96
50,95
10,45,96
1,5,7
5,96
50,84,95
48,62
41,86
27,69
50,65,69
61,85
84,89
44,58
19,69
46,59
49,71
40,99
4,52,73
11,35,72
69,70
30,71,73
67,77
3,5,35
6,71
24,51
50,54,69
62,96
32,67
21,38
4,74
44,67,92
25,59,92
27,70,88
39,56,77
27,31,55
13,38
6,71
16,34
50,87
42,97,98
32,64,76
28,85
23,45
6,60
63,77
5,84
25,50
34,45
47,92,100
4,9,18
48,70
16,44,78
16,30
38,85
30,42,61
23,28,58
42,69
6,7
38,67
19,72
15,81,96
13,32
10,86
46,86
34,82
61,69,78
21,46
42,61
49,63
15,19
21,59
14,55,87
11,42
22,27
26,72,84
5,47,78
46,91
62,64,77
34,45
23,98
70,94
48,59
2,45
5,62
7,21
15,65
46,90
45,75
9,23,97
35,63
6,27,78
31,61,68
18,38,61
40,71
20,98
27,85,93
3,73
1,12
49,60
56,81
50,94
2,22
4,60,92
40,57
36,47,78
11,52
6,20,96
12,64
74,87
30,37
15,85
72,100
51,54,64
20,85
52,98
14,38
16,82
51,54,90
36,71,77
10,69
30,77,91
56,79
60,82
30,49,74
23,49,89
7,29
37,44
31,54
70,94
67,82
45,51
2,95
17,86,97
7,54,81
23,41,94
57,59
35,65
28,56
27,40
14,15
1,16
2,33
12,56,66
43,51
27,72,100
37,58
32,45,72
13,69
79,99
9,81
16,98
41,60,76
63,93
15,42
16,37,58
66,97,99
28,97
30,39,87
3,37
68,70,92
31,52
6,91
31,38
17,44
59,93,97
72,75
24,97
10,67
18,95,100
6,47
31,63,72
11,48
86,94
28,50
33,53,66
55,68
26,27,94
32,58
36,39
53,64
33,44
42,93
58,71
4,67
48,100
68,84
14,91
32,46
7,61
18,33
23,43
1,80
60,85,100
35,77,92
32,82
59,65
56,95
56,73
15,35,88
48,71
26,87
45,70
12,86
50,90
10,62
36,63,70
43,66
22,50,78
25,78
22,99
42,73
62,86,96
12,67
24,45
7,30,62
12,36
52,86
60,95
38,46
80,91
30,33,39
92,96
10,39,67
83,96
17,85,95
22,35
57,74
8,84,89
48,92
29,64
67,76
20,54
8,12
21,34
14,72
26,55,72
38,61,87
47,48,89
58,97
21,70,88
59,72
65,66
35,88
10,67
11,55
46,88
86,88
40,56
11,14
11,15,25
30,52,96
59,93
48,68,80
57,74
57,58
46,71,86
5,47,67
8,11,83
2,28,37
42,65
94,95
8,85
49,57
43,68,73
4,79
64,83
60,73
14,92
7,10,96
44,54,90
41,66,98
19,72
15,60,71
61,65
40,43,52
11,13,87
10,46,63
3,50,63
19,70,83
59,72
32,87
47,88
46,62,89
36,47
51,53,99
14,36
49,94
11,65
83,91
22,47
23,79
37,51,53
73,77
11,93
39,78
19,87
64,76,91
30,96
2,7,92
21,29,76
57,74,97
27,38
24,43,85
