60,466
256,298
288,301
49,344
89,373,446
87,252,313
401,414
289,430
217,252
6,274
74,222,227
84,133,183
75,292
23,69,83
423,476,484
285,469
153,228
10,181,363
62,464
17,89
95,358
84,263
166,250
318,478
6,378
116,305
118,162,167
280,326,380
9,278,399
10,99
265,307,494
178,400,435
73,127,365
205,425
65,371
149,230,401
195,326
19,82
298,311
345,435,453
226,415,449
61,85,474
332,401
61,351
312,461
8,35,187
167,340,500
467,500
81,118
2,212
56,197
6,126
200,235
144,382
42,326
301,399
82,189,230
146,200
441,488
294,482
104,242
214,324
44,267
353,413
117,335
187,235
150,275
8,367,371
100,290
326,482
196,394
310,311
214,360
351,453
176,209,241
176,182
70,78,355
213,223
384,474
25,422
56,95
111,174,343
64,155,416
258,399
246,432
155,454,494
159,189,482
103,478,494
118,151
125,368
33,253,459
127,331,480
68,316
57,413
94,157
361,427
195,205
171,215,293
11,372,455
222,242,268
245,424
108,180
275,350,362
192,466
5,251
101,228
187,287
261,375
316,432
73,92,94
94,276
70,124
92,331,370
113,357,418
12,153,495
122,267,318
330,499
469,487
367,475
209,352
78,223
43,137
2,441
135,234
348,465
99,407
45,213,362
228,268
194,457
315,378
37,144,230
232,457
74,76
111,296,420
265,416
11,338
179,404,442
176,188
341,387,464
41,50,252
17,21
95,300
13,301
210,261
421,466,491
123,318
200,253,412
345,367,486
59,362
74,216,483
135,417
168,266
17,25
128,193,458
247,342
444,492
100,131,297
347,468
117,299
384,487,488
130,276,285
435,452
144,488
227,353
87,353
97,235
311,355
31,207
55,362
152,262
120,484
47,125,452
185,199
27,146,316
46,58,167
20,397,490
248,468
60,185,366
157,316
24,177
36,206,450
54,162
172,383,488
434,456
58,238,400
6,356
44,232,500
27,419,500
29,41
124,415
350,426
226,406
62,121
15,288,338
175,481
281,358,429
371,404,474
141,196,448
4,11
63,78,493
163,472
38,122
221,374
13,298,434
329,336
6,121,286
196,230
369,397
157,408,423
65,282,414
126,426,499
277,305,353
47,341
435,471
157,311
216,439
461,500
173,301,329
136,474
311,363
3,234
79,411
54,188
31,284,474
226,462
65,449
288,393
281,418,469
50,371
68,214,331
108,238
182,206
66,399
207,219
62,198
173,253
279,439
85,325
76,277,392
4,286,393
79,236,276
129,185
326,493
55,310,481
14,181
74,283,491
147,187
275,490
465,466
267,445,446
205,350
392,427
45,58
352,469
339,421
33,291
40,334
41,86
4,13
32,303,432
172,491
1,72,139
9,275
4,455,482
17,50,214
115,394,458
63,351
59,378,483
90,92,223
90,280,368
375,423
97,334
144,192
117,248
149,474
97,143,196
29,403
327,391,448
119,404
33,283
52,239,382
61,94,299
70,299
438,447
181,421
97,390
246,356
464,475
174,218
118,243
69,210
254,499
128,445
46,258,288
145,375
96,328
434,467
432,478
342,387
160,164,189
115,469
239,276
344,429
176,358
46,121,414
120,250,350
240,337
227,257
129,409
179,383
194,425
298,464
36,54,217
19,300
37,423
67,87
346,364
265,420
218,311
164,364
46,331
160,289,350
202,224
141,192
22,149
30,427
252,477
57,203,314
13,365,465
234,411
231,248
342,435
176,381
209,325,424
290,328
234,458,472
335,396
50,417
155,278
87,268,350
214,238
92,315,360
272,284
56,254,268
289,328
120,349
170,459
342,419
472,496
246,377
147,185
204,265
185,344
22,247
144,227
10,223
99,150,484
366,483
138,440
150,380
143,439
330,486
97,419,490
237,396
375,441
124,268
419,435,499
259,343
129,447
103,286
72,376,469
65,348
17,24,358
216,239,398
122,201
66,427
48,211,451
98,147,261
100,483
81,107,364
140,255
221,366
50,270,474
212,490
131,434
12,224
74,98
22,326,416
247,323
313,340
63,171
329,355
120,351
202,335
315,418
147,152
217,418
5,38,226
85,440
249,335
41,282,467
47,60
227,289,291
193,205
263,325
292,479
12,102
51,175
241,468
81,249
27,157,481
170,190
195,370
317,402
332,432
1,82,175
115,250
175,181,372
184,345,390
105,300,443
124,429,496
210,352,386
205,241,327
5,105,168
242,430
25,154,427
423,454
69,295,353
295,438
103,257
135,176
319,396
78,484
67,248
195,380
208,246,312
146,159
253,312,350
271,274,451
108,419
15,272
130,362
241,445
170,484
69,317,337
79,188,199
13,399
97,123,470
185,439
55,104
429,464
101,106
272,282
64,313
335,340,494
139,424,487
110,487
54,127
16,312
195,373
134,157
65,473
73,380
57,75
137,348
434,498
441,451,467
97,375
210,347
123,244
383,398,404
82,302
75,320
244,422
128,499
25,387
21,144,205
46,153,208
112,204,482
94,156,213
14,89,443
265,497
66,275
390,428
351,386
187,205,383
102,305
308,450
2,43
52,221
299,311
40,192
129,138,201
162,350
215,342
114,255
127,307
227,308,313
58,177,466
156,449
252,317
105,224,398
178,493
269,479
294,358
135,238
149,230
7,285
135,389
53,385
51,284
21,471
39,210
335,349
92,288,497
349,365
385,443
107,424
180,495
129,250,256
188,311
81,113,149
292,362
68,185
206,456
146,453
281,345,392
184,385
14,298
21,455
95,284
156,214,426
124,290
47,244
105,416
306,320,469
89,340
115,384,401
43,323
166,274
4,108,363
4,442
285,414
182,481
204,230
151,188,450
93,241
29,137,263
210,410
60,345
160,242
354,439
105,137,338
26,202,298
53,225
67,442
226,236,301
183,421
62,418
277,289,400
138,266
314,440
15,383
290,342
49,316,477
29,150
169,461
213,324
389,459
283,361
299,391
10,16,484
7,486
142,360
71,394,455
123,464
74,410
459,462
244,290,428
325,339
22,70
398,444
80,420
76,162
273,351
10,130
129,166,324
3,21,383
120,171
150,193
469,482
274,377,486
84,91
141,439
69,131,288
94,169
139,496
19,300
187,217
363,365
136,487
303,407
313,390,446
146,462,486
269,456,482
311,414,493
197,341,346
56,146,355
280,407
42,146,187
166,462
14,364
227,271
172,458
71,437
143,256
73,368
3,33
174,371
58,196
165,453
154,332
166,396
390,430
47,330,428
110,242,338
165,168
282,304
303,348
301,338,434
75,173,203
58,491
113,118
145,204,442
96,152
313,400
382,409
249,462
130,273,471
151,399
94,218
108,123,256
43,275
172,247
11,24,27
29,61,157
11,124,177
345,404
142,411
254,411
113,174,458
224,356
131,324
285,457
350,454
77,371
161,340
49,187
218,488
68,409,498
74,141,396
154,199
342,408,442
13,412
284,386
106,310,457
235,358
365,452
101,344
255,258
195,480
334,371,374
341,345,387
96,236
150,347
2,410
6,185
279,364
232,396
100,373
143,192
143,222,345
249,382
382,452
65,68,249
104,268,321
118,420
70,453
85,242
52,79,431
77,213
229,446
171,416
156,449
242,432
91,172,227
118,364
239,366,375
58,85
320,328
289,421
20,119,294
20,147,495
196,419
22,223,416
120,424
7,346
116,283
179,343
14,206
54,306
28,140,246
173,396
152,465
44,421
26,53
175,452
71,86,158
178,440
381,469
156,371,497
72,352,457
3,414
336,436
217,445
129,374,492
164,182,205
119,227,316
194,207
351,465
79,198
364,465
273,426
7,333,410
283,379
67,103,468
79,462
364,441
173,427
219,277
56,67
37,78,466
91,296,374
16,48
81,95,390
327,460
46,414
3,447
22,231
426,437
28,301,380
462,471
163,222
83,462
147,431
151,435
181,216,223
98,367
57,382
118,267,421
85,306
331,443,466
213,315,500
40,333
123,333
145,230,487
86,248
116,207
427,462
219,221,273
212,283
293,402,463
11,495
27,271,287
213,326,360
180,400
339,441
63,121,298
111,148
79,203,386
311,498
165,373
422,430,439
267,290
390,448
7,359,425
217,468
321,406,467
225,451
174,190,474
128,345
280,420
87,233
56,351,480
119,422
138,456
50,320
357,449
158,215
73,148,208
335,400
46,217
59,180
335,370
107,314
78,88
450,483
303,321
92,286
216,305
139,292
76,244,345
34,146
105,275
93,267
20,400
249,414
185,260
52,179
442,466
86,270,317
85,266,461
46,200
77,467
74,114,339
146,291,328
11,23
41,385
20,267
112,492
171,232
282,464
27,95
19,81,257
369,419,459
152,467
10,189,263
141,343,440
352,388
156,158
41,162,347
323,427
68,127
405,433
36,50,373
120,369
126,228
233,336
167,393
24,207
456,478
161,463
101,480
132,370,409
220,457
86,336,481
198,435
106,386
97,325
62,281
70,459
136,160
145,401
96,100,475
174,234
412,495
251,448
35,253,262
164,337,346
387,412
165,233
118,169,344
260,377,384
46,307
242,290,430
67,141,208
455,476
15,443
239,389
178,179
112,317
3,124,259
81,412
361,467
56,170,409
21,306,320
192,260,469
67,401,467
89,138,375
59,111,113
140,144
252,448
80,176,496
91,215,367
110,177
24,113,245
142,420,454
34,78
116,223
128,159
5,73
72,128,362
31,134,162
56,193,321
48,109,268
167,300
99,155,282
42,376
118,452
107,440
97,222
77,160
11,165
5,194,246
117,465
137,157,364
116,300
121,127
29,263,315
159,404
379,492
142,304
111,248,362
167,323
39,463,483
162,182
73,314,465
434,465,493
114,343
87,92
217,287
188,260
128,350,438
200,482
217,273
140,187
33,336
30,409
133,200
2,70,447
7,254,442
137,303,340
421,466
62,436,472
286,311,398
213,449
33,50,437
318,330,379
81,351,441
63,73,179
133,253
340,466
31,39
249,465
225,369,430
32,468
420,434
216,338
246,399
27,47
22,31,94
242,390
35,495
63,223,249
90,291
50,299
30,156,163
201,419,500
296,340,344
408,462
159,246
87,315,449
285,295
130,257
135,252,337
224,246
42,474
19,229,329
198,411
136,316,394
117,181,346
188,347
82,300
428,500
37,131
88,167,463
176,280
141,205
163,419,424
253,363
29,238,465
299,378
13,53
11,36,104
37,280,489
218,272
52,218
256,323
7,101,474
38,438
146,365
36,78
78,354
392,499
250,455
331,382,472
108,497
33,69,455
134,471
208,259
28,500
98,251,482
61,127,301
257,489
51,252
221,282
102,151,304
38,181
146,308
8,325
101,489
116,290,294
21,262
173,182
23,63
140,197
288,383
147,485
56,352,488
25,203,235
147,367
143,319,334
59,418
181,407
398,414,460
117,303
403,486
15,94
40,84
23,282,320
89,127,151
52,298
24,67
146,168,286
4,287,451
65,370,481
71,310
367,495
121,206
210,438
200,478
29,320
312,415,443
278,448
212,294
18,274
151,276
71,72,273
363,407
92,195
23,176,471
87,140
93,396
131,159,484
252,384
98,268
256,283
136,143,488
155,452
129,305
4,22
158,294
298,407
93,117,226
34,45,284
141,186
20,475
149,343,468
293,361
135,234
143,290
45,234,284
317,395
202,322,474
4,200
88,185
100,260
57,442
34,317
6,206,227
126,356,420
116,418
206,342
76,462
81,412
14,385
187,244
51,300,361
26,103,483
18,199
143,412
122,183
9,293,453
404,454
65,350,382
163,432
141,183
41,449
152,256
141,168
222,500
40,301
95,320
296,430
86,455
265,363
11,375
278,382
1,184
347,377
321,500
2,469
186,486
66,456
127,399
128,344
384,453
52,324
379,474
185,305
262,490
45,192
327,437
21,65
179,464
184,426
84,253,287
286,457,473
15,67
102,395
131,157
113,436
213,234,397
121,371,449
34,431
112,435,453
142,362
179,284,386
193,206,472
72,206
74,301
221,370
186,273
19,458
104,186,468
25,150,484
150,275
280,398
160,402
26,35
345,495
27,98,318
122,369,467
51,178
186,418,477
13,383
275,301
192,450
38,307,407
107,321,369
48,239
70,375
194,257,376
299,365
139,234,344
27,141
127,449
66,313,336
300,497
337,360,404
206,231
480,489
290,414,448
31,359
278,494
185,400,459
39,180,261
261,287,348
24,174
111,285
12,349,439
15,170
215,216,234
36,425
320,437
105,473
236,297,439
371,461,474
430,486
219,264,269
147,378
125,436,481
218,274,364
62,266
143,172,215
67,197
110,115,234
15,355
9,492
78,179
74,85,353
197,248,433
238,423
179,210
210,266
59,143
137,179
176,454
182,338
170,192
28,360
10,265
15,117,315
296,398
23,141
137,360
98,471
140,190,332
68,360,483
55,260
93,337
149,472
335,465
55,207
124,164
29,242
352,381
33,209,489
192,359
68,473
78,125
263,335
368,468
214,270,322
236,406
109,253
121,367
166,172
462,483
86,174
166,478
97,345,413
63,224
353,497
305,441,464
67,148,210
186,357,476
167,323,399
13,80,494
199,304
453,458
134,350,352
406,425
165,211,441
197,320,478
246,301
86,352
68,214
89,94
239,351
62,422
211,479
376,433
81,245,290
393,442
178,436
360,414
59,262
377,458
121,399
385,388
33,67,320
100,196
344,443
30,342
237,427
102,257
128,186,210
186,392
28,90,356
3,45
52,346
123,467
39,486
272,331,434
343,436
331,480
210,380
25,286
37,53,312
96,184
30,103,196
337,467
328,358
145,297,306
84,222,441
32,179
121,201,285
35,354,451
278,449
259,490
410,424
172,242,431
12,354
218,299
168,283,491
4,263
4,209
108,421,460
95,205
3,320,442
98,129,235
390,402
80,375
386,464
269,293,492
43,461
20,452
56,128
18,418
79,88,192
471,484,496
10,102
71,105,187
29,322
274,300
235,274,373
19,51,199
160,192
175,470
61,271
346,377
209,285,448
246,371,398
91,183
202,298
174,197
66,103
138,166,367
110,361
40,243
136,375
303,407
41,273,367
330,482
187,446
390,395
338,340
357,385,476
289,379
345,397,446
53,462
186,334,469
193,205
224,288,408
121,132,221
438,481
234,371
72,374,419
157,230
19,81,135
216,338
323,398
153,348,356
191,292,488
36,242,396
86,153
18,404
87,377
46,266
201,374
253,287
105,258,279
105,498
324,406
171,387
380,480
73,286
178,219,328
66,236,402
197,317
101,313,472
38,157
188,243
101,119,454
198,209,302
134,388,429
108,126,328
131,198
63,497
156,476
391,485
340,473
284,314,352
62,256,332
14,363,391
89,421
175,389
296,439
16,408
448,481
170,488
54,231
152,275
128,139,336
32,346
86,350
63,103,458
122,316,431
185,400
113,280
53,195,226
6,323
79,433
180,444
19,176,437
10,346
118,220,291
318,379
162,355
8,68
54,333
30,103,158
143,281,296
167,272,346
92,178,211
166,293,392
367,372
136,385,393
35,329,497
191,423
81,162,302
174,373
194,463
84,160
315,370
112,419
324,452
55,243,474
402,499
279,341,474
84,291,432
6,294
7,190
31,210
334,341
7,269
207,360,471
158,174
44,101
174,246
168,175
114,207
156,349
213,241
112,343
82,243
26,257,284
28,132,466
12,154,157
22,407,443
50,307,355
388,458
136,306
334,397
159,350
126,498
234,469
6,276
288,466
108,452
107,302
70,234
129,152
79,158
264,478
225,346
73,187,201
99,307
16,73
32,295
140,175
114,431,483
26,216,399
171,462
187,497
219,475
295,485
97,492
87,109,144
74,133
149,349
262,414,467
5,114,196
104,237,433
216,272
161,240
73,232
355,378
11,67,79
267,479
261,328
52,282,340
119,200,271
44,480
57,85
57,186
343,458
51,437
18,352
164,254
118,142
69,125,192
165,251
13,247
334,467
53,370,498
97,166,294
368,472
7,354
187,211
81,362
286,416
53,288
130,326,467
134,170,358
37,340
93,314
203,245
225,330
38,255,318
272,312
68,346
83,231,329
401,480
332,444,495
55,450
170,411
109,405
255,308
33,202
184,247
200,291
284,442
283,319
230,312
55,106,395
52,288
303,407
46,340
65,354
79,327,405
205,209
276,395
134,337,457
1,193
406,433
264,287
56,273,306
74,294,309
47,185
393,468
19,106,170
126,346,476
380,441
400,485
266,486
141,154
139,144
232,439
240,293
27,380,381
240,498
178,416,423
111,136,317
323,338,490
155,272
144,413
34,115,254
41,145,350
258,439
30,434
383,464
390,492
162,426
189,306,444
74,371
54,332
268,351
18,34
389,413
174,258
127,186
29,80,383
172,303,316
79,481
208,405
58,301
22,378
206,338,499
264,432
386,467
88,317,321
22,73,464
312,421
73,264
427,482
134,231
122,355,427
262,432
141,184
74,76,98
143,194,208
27,59,432
22,25,223
93,232
327,437
36,45,198
100,257
387,448
189,233,296
297,485
68,249,434
75,89
19,39
342,369
110,208,284
22,99,298
236,290
56,110,284
74,499
155,160
67,362
70,82,87
83,265
21,292,358
20,163
45,149
169,208
28,51,121
79,113,351
144,176,385
135,237
71,230,474
73,238
94,102,151
100,289
417,431
11,409
244,398
2,408
303,348
238,449
23,251
390,403,496
12,136
109,262,299
64,286
182,285,469
211,418
61,455
258,312
195,355,428
195,235
42,123,353
208,331,466
363,372
421,431
389,496
119,136,448
70,397,406
215,427
37,126
227,387
161,164
35,200
70,456
9,116,168
181,263
186,309,458
41,165,357
191,237
51,447
107,185,393
336,481
250,448,474
153,319
27,419
237,286
398,420,460
75,329,335
104,457
31,310
19,175
46,265
198,394
395,469
72,317
146,244,453
339,378
133,432,453
4,346
41,234
215,264
115,207,248
283,298,304
11,81,132
91,220,293
11,54,327
199,356,445
278,465
23,74
58,255,291
153,413
395,459
28,150,216
60,253,330
158,429
234,411
45,56,191
224,493
6,256
5,198,388
286,294
235,269,325
2,492,499
185,471
182,433,455
232,236,330
52,361
80,447
243,350,375
13,80
14,132,452
32,163
81,207
17,201,319
13,335,466
104,320,457
146,439
28,407
104,457
69,425
87,191,248
17,434
186,254
282,398
185,212
15,137
71,338,368
355,460
338,352,468
1,119
20,316
191,327
279,447
5,441
26,32
337,469
6,124,294
298,465
102,475
87,230
78,443
145,464
217,237,442
45,431
37,391
49,149,373
28,159,206
361,403
371,406
38,151,239
29,380
308,371
119,406
332,333
369,446,451
53,57
189,384
345,418
178,242
13,153,288
271,322,446
92,104
62,350
322,431,482
182,500
22,38,53
35,109,244
47,84,387
188,198
39,306,493
171,334
263,406
178,185,439
197,258
229,272,448
276,452
340,346
266,402,482
214,419
67,113
224,304,452
110,401
252,441
98,187
134,206
91,384,447
384,443
209,217
196,396,402
292,326
193,455
89,189,476
321,342
77,346
98,148,415
329,331
31,329
24,171
293,382
18,77,307
314,369
361,441
386,481
290,434
7,50
345,417
174,336,361
157,192
179,301,311
131,253
25,73,157
51,202
324,428
112,259
39,261
46,94,156
59,360
241,344
298,346
66,253
287,490
245,455
113,358
432,451
49,123,215
279,313
106,314,317
56,493
62,145
15,181,202
4,202,452
69,243
170,177
76,387
161,313
107,146,305
197,382
184,441
38,368
154,384
149,429
14,454
21,255
117,195
61,88
249,340
72,429
95,317,471
33,392
149,190,437
296,392
35,47
306,451
229,374
66,415
6,349
230,270
5,146,410
36,102,202
418,492
237,387
91,147,264
82,194
95,400
189,452
165,356
180,313,407
388,429
188,405,426
53,252
100,271
156,447,452
195,466
429,438
2,145,372
114,365
72,241,448
135,473
235,461
156,314
113,321
21,57,150
6,476
24,197
276,472
32,426,445
341,406
57,145
54,301
121,321
194,197,302
33,423
204,205
124,318
257,496
174,189
201,334
376,472,475
305,367
407,452
191,466,497
74,271,387
271,285,499
197,284
423,466
106,347
28,484
359,422
1,377
28,61
327,447
74,434
233,429
390,400
39,96
19,113,190
1,428
48,493
17,192
375,475
33,131,192
14,476
430,454
75,99
13,94,434
208,484,489
21,214
120,392
149,162,442
49,168,384
33,431
88,260
57,88,101
68,142,372
54,231,394
33,372
19,177
49,136,270
353,463
82,329
62,458
12,469
226,280
419,428
169,358,470
77,94
180,320
242,296,462
185,203
20,344,400
8,280
202,206
295,391
288,367
111,176,496
304,315
390,486
166,309,441
72,342
47,199
19,230,455
49,285
42,160
286,337,428
158,248,358
12,94,280
53,284
360,494
109,197
92,493
104,381
41,437
179,369
140,373,448
222,406
177,203
35,116
54,346,456
182,317
27,462,464
409,447
24,200
255,325,404
68,497
42,83,485
213,452
116,332
36,332
83,464
198,210
36,120
190,246,402
44,379,460
258,279,298
155,193,498
371,470
154,381
178,256,314
80,333
396,473
13,214,338
53,157
13,490
252,404
54,465
215,467
61,149,475
25,224
344,465
61,126,221
180,318
231,235
9,401
133,185,369
30,226,356
65,153
138,294
172,174,487
137,153
379,395
3,104,333
156,226
103,474,481
284,340
297,439,500
212,483
128,264,485
120,206,321
223,315
18,276,497
394,437
204,285
334,341
70,384
60,490
21,240
143,149,235
16,90
45,252,344
36,51
436,441
138,325
264,289
157,423
244,499
1,155
231,240
110,118
4,6,323
191,321
384,387
51,207
433,437
200,419,430
145,395,474
239,361
174,207
265,317
202,390
125,273,336
119,242,422
104,191,228
15,324
280,304,346
277,374
282,413
165,399
10,15,150
91,424
139,496
237,459,472
17,414
16,288,367
1,327
16,380
360,366
269,456
298,489
222,275
405,459
66,247,262
186,421
253,433
110,384,487
94,137
254,264
3,41,257
411,433,438
279,380
51,202
199,266,345
104,199
359,395
277,428
317,343
334,410,418
137,153
26,286,444
60,255,422
14,444
391,472
204,214
188,242
289,316,319
342,431,500
84,418,427
150,370
75,400
6,131
102,299,415
79,264
168,432
466,477
12,301
75,226
66,451
22,363
132,265
109,373,385
81,86
28,466
289,413
240,439
20,478
46,250
147,161,318
426,457
232,319,464
259,329
20,342,479
276,411
174,204,273
354,424
383,456
130,410,417
31,428
26,150
299,485
153,226,249
83,91
244,461
267,419
165,179
178,201
180,189
252,454
168,223
278,458
279,368
115,251
25,349
195,287
56,384,480
18,383
73,405
38,43
232,271,430
51,488
238,242
276,488
63,263,493
229,287,304
114,261
246,327
183,464,479
118,230
169,340,473
51,65
12,192,455
227,269
253,314
294,384
4,89,348
32,446
40,186,388
230,459
74,161
118,150
161,439
60,271,421
34,70,442
167,484
4,223,280
84,254
253,421
266,453,461
73,140
147,264,318
263,340,447
150,258
134,323
157,304
118,275
156,213,349
56,69
229,471
44,336,367
16,493
146,152,208
117,148
173,385
98,234
99,265
255,313,403
247,325
232,249
174,190
73,117
22,58,192
271,378,483
262,277
235,415
220,399
48,343
73,108,484
361,407
296,330
309,492
125,375,468
39,84,440
95,266,282
57,455
42,309
16,320
213,307,404
3,237
147,414
246,338
82,361
75,207
297,402
27,178
176,436
156,365,407
132,484
65,253
44,114
239,398
59,412
168,235
112,118,413
331,398,399
43,120
4,68,157
24,109,381
166,172,266
329,341
191,320
88,402
27,445
18,40
116,325
216,345
19,41
160,219
69,229
202,276
34,395
101,280,387
196,251,408
62,242
197,205,455
22,167
41,333,454
15,30,89
50,333
107,160,369
48,367,458
177,373
165,420
46,297
160,432
73,243
213,469
67,266
35,238
228,381
98,200,374
137,138
237,394
107,482
62,243,347
376,493
18,372,409
291,316
259,496
5,295
219,463,499
39,83,345
68,279
15,118,246
254,257
33,229
212,235
17,55
165,334
450,468
201,211
33,258
28,497
21,104,327
482,485
103,181
286,312
73,423
177,191,302
67,204
101,417
246,434
113,336,487
81,87,425
1,360
110,474
44,152
75,316,361
116,334,478
303,360,388
287,354,361
298,312
95,140
10,326
25,423
20,266
10,208
19,341
72,219
155,243
69,154,302
59,464
126,276,454
13,489
49,101,284
241,463
178,184
414,445
114,485
52,221
100,178
67,123
15,46,331
39,339
371,420
105,141,178
92,223,239
25,383
181,275,278
191,203
116,253
140,306,332
85,367
59,73,246
155,349,370
66,160
132,382
27,389
2,91,196
41,140
77,371,423
51,193,344
352,428
76,110,268
139,235,258
281,308,427
41,284
22,63,105
109,445
76,225,462
254,379
59,278,447
307,315
95,468
21,70,182
164,231,411
225,305
327,350,438
279,282,292
30,155,226
184,261,269
20,435
162,480
21,498
228,242
358,391
98,488
18,53
99,223,399
118,275,443
240,314
233,344
78,182
117,355,497
235,277
25,256,446
238,481
61,398
50,118
135,184
380,415
369,449
160,397,422
232,240
134,350,384
99,485
219,253,390
15,239,393
434,489
238,275,407
42,281
60,119
130,145,250
98,456
409,447,489
113,170
101,337
153,323
97,154
219,225
101,445
218,408,466
125,134
63,274
293,428,486
93,470
205,457
50,268
249,496
17,250,457
337,392
29,142,282
175,191,228
47,293,345
2,72
19,488
112,172
31,323,430
196,345
8,64,361
286,321
319,422
22,223,391
490,498
307,489
24,115
142,498
182,287
49,295
183,199,354
220,431
283,345
392,422
195,306,491
102,348
62,398
174,495
179,181
40,144,333
143,218,346
40,398
81,290,491
182,234,412
177,437,496
55,218
175,427
248,471
181,243
100,282,478
146,287
45,268
279,351
179,352
222,245,379
84,131,317
95,264,360
136,202
49,317,479
72,450
225,481,495
197,463
13,203
9,46,150
124,258,319
59,279
34,318,410
102,273,481
4,380
112,310,472
118,378,489
186,230
52,117,127
96,435
60,84
36,362,389
245,343
426,472
422,467
438,481
147,468
212,382
205,278
286,365
35,239
31,385
373,375
101,433
102,246
13,90,360
40,498
385,433
444,447
123,185,459
375,472
231,384
149,267
107,433
48,125
247,309,410
101,438
117,340,372
178,319
16,23
52,127
75,175
91,222
299,302
35,465
404,434,498
67,373,448
28,347
23,104,207
103,376
26,310
319,430
56,186
93,256,459
92,362
9,137,326
44,83,138
246,299,357
66,432
70,217,455
161,318
59,164,295
118,332
46,114,463
314,345,451
67,208
325,333
102,152
299,364
164,384,481
107,373,448
91,281
102,246,498
51,387
223,249
147,183,361
131,420
194,343
49,350,417
41,455,496
28,376,459
124,194
120,377
449,492
192,194
193,236
317,362
40,56,170
405,473
223,312,412
48,192,270
111,203,362
54,372
89,326,488
287,295
133,499
39,440
46,354
319,382
80,335,372
137,372,393
225,372
64,368
115,211
165,294,329
138,446
227,429
151,169,307
136,169,452
296,358
241,496
437,462
218,277
151,184
297,338,350
180,198,342
219,224,344
263,379
111,134
345,451,452
269,316,345
304,498
87,448
73,205
37,53,497
140,232
105,274
19,104,268
20,32,128
119,422,478
406,420
174,481
166,329
9,249
56,109
66,485
196,267
171,227
309,335
104,430
308,387
176,306
177,407,442
37,146
249,350
75,174,287
131,338
342,387
300,480
116,481
284,362
143,351
295,442
105,169,263
13,126
69,89
93,271
138,200
273,486
10,102
251,334
269,379
9,447
93,446
28,30,214
83,437
209,217,394
88,318
193,281
143,476
144,164,364
394,475
52,169,349
154,257,448
273,302
190,227
274,380
347,373
320,489
5,141,439
201,272,351
25,423,494
64,131
238,497
161,219
25,249
78,101,129
20,122
127,411
141,411
127,317
111,225
137,240
100,309
316,412,464
26,73,449
23,231
399,433
10,243
157,466
63,88
286,406
220,384
55,306
179,414
43,365
87,304
126,461
54,397
56,196,306
103,113,217
145,233,237
6,104,292
320,432
76,228
95,164
131,478
397,462
150,279,301
162,290
360,443
4,297
76,289,427
187,448
291,309,322
114,152,423
183,369
172,319
23,75
150,466
17,299
285,472
65,132
211,264,431
284,312
44,187,271
254,382
318,347
277,418
48,338,414
244,296
244,441
178,419,482
284,437
126,466
429,473
343,353
85,166
189,263
158,205
172,439,491
9,272,416
283,362,472
135,174,197
123,422
53,258
75,298
67,305
274,311
273,362
49,70
50,176
239,261
411,468
230,398
327,351
123,267
209,314
34,203
29,399
90,426,445
279,361
71,304
152,261,490
225,375
181,280,378
88,101,187
426,500
102,204
171,432
111,388
31,86
374,478
184,395
200,472
7,266,462
97,289,500
2,316,318
27,367
252,375,384
180,364
7,147
249,398,452
154,162,337
393,407
350,402
330,346
45,442,458
104,263
119,166,201
474,477
276,374,385
154,436,442
244,418
184,271,319
18,216
21,392,419
55,153
209,276
178,319,499
74,227,361
399,447
323,383
52,166
169,316,359
146,297
181,188
154,440
35,310,361
447,469
128,268,351
81,388
166,199
5,314
10,127,155
239,366
200,483
245,259
36,175,262
147,212,479
54,479
35,147,400
82,359,395
296,455
86,378
10,158
338,364,406
252,343
164,254,457
152,271
60,337
106,228
121,462
137,276,382
135,432
108,193
125,337
96,317
351,445
140,209,248
116,478
12,41
249,270
86,207
249,494
142,312,372
439,486
16,244,464
13,346
273,377
77,338
438,487
