66,305
261,295
69,129
251,475
416,466
125,264,275
199,445
231,430
32,153,246
449,462
15,385
68,372
30,55,461
61,144
382,459
168,257
5,306,407
34,393
34,67
52,302
354,491
83,218,273
50,97,277
139,435
31,51
214,249
21,447
361,374,395
178,204,350
51,212
136,280
388,409
228,302
60,175,297
139,224,319
154,312
28,205
318,471
172,231
142,153,161
21,198
4,361,461
268,379
222,445
312,405
127,373
7,499
34,189,468
62,237
138,412
135,300
258,428
152,227,270
137,306
152,321
37,105,108
61,387
36,243,477
68,350
5,347
182,183
108,329
157,280,330
231,311,394
240,498
53,332
323,410
85,266,464
316,461
150,169
142,208,462
69,233,275
82,83
204,261
184,208,254
135,170,460
206,259,317
28,162,371
46,64
92,259
300,461
466,494
141,416
443,453
222,450
295,494
135,413
434,449,459
101,124,294
60,105
114,380
16,49,193
135,432
147,268
7,38
165,357
83,323,490
210,476
67,82,302
182,267
147,214,459
249,274
67,226,391
2,396
361,371
264,268,325
221,311
101,500
71,140
125,470
19,300
15,367,475
370,411
202,228,336
239,271
125,321,430
132,252
110,194
34,165
318,342
8,328,471
137,183
46,313
84,383,456
45,112,259
6,162,458
148,223,415
272,278
244,494
102,166,305
20,128
244,499
46,491
210,285
322,407
68,173
241,495
206,272
325,431
128,309
164,203
31,45
55,407
385,394
166,466
85,307
87,498
30,455
235,453
153,194
41,236,268
56,228
128,475
6,114,237
25,144
37,44
5,267,465
220,280
208,286
329,344
31,379,438
68,101,278
97,140
133,226,358
143,227
287,399,423
109,292
37,141
167,320
25,101
225,399,440
287,438
483,485
97,460
243,396
177,330,359
30,336
54,245,387
1,250,473
361,471
18,482
265,442
31,142,241
250,435
214,268
74,477,495
109,194
95,236
80,208
292,312
92,222
199,219
319,340
118,124
17,394
273,443
94,336
217,267
80,260
307,324
159,187
36,155,338
230,493
365,384
155,276
434,471
85,307
201,215
204,487
155,245
351,422
216,269,351
19,278
203,466
55,269
38,423
220,291
240,370
386,458
233,282
266,293
93,373
171,266
444,490
206,338
229,358
11,121,418
53,279
156,236,318
289,392
82,110
236,384
63,423
213,337,413
28,274
29,61
160,302,315
92,410
63,133,186
178,500
122,369,419
142,253
243,355
156,200,245
393,445
65,369
343,402,407
131,434
264,378,451
160,436
179,468
405,500
44,238
249,455
132,190
101,372
14,283,413
414,427
128,174
90,99,223
51,57,387
80,197
123,244
306,325
262,307
43,303,405
43,444,492
396,464
97,185,355
252,449
60,232,402
241,314
43,163,259
86,461
31,220,438
179,245,444
81,289
83,217,420
218,437
243,345
117,370,373
141,293
426,493
289,327
112,410,465
73,94,401
178,232
52,77,201
243,377
104,250,379
47,142
88,178
46,218
218,277
132,461
131,233
290,455
221,322
359,363
67,390
121,313
233,378
386,479
173,319
213,387
79,272
202,495
31,345
61,339,481
165,346
180,287
151,485
31,161
101,148,167
292,408
171,372
197,354
76,294,392
66,271
61,308,332
38,122
105,458
74,287
127,451
458,494
174,391
165,255,310
215,438
137,495
90,478
83,186
37,221
408,441
116,470
36,61,219
292,389
364,413,483
271,385
111,293
273,457
41,102,265
129,367,418
306,475
50,207
148,242,341
367,396,441
205,303
71,134,260
45,177
147,274
10,136,321
193,436
135,199,338
77,394
89,435
457,495,498
225,289
58,269,483
194,323
63,105,428
5,476
142,175
44,313
196,233,500
37,289,402
27,95,398
56,230
102,311,429
115,332,499
130,327
46,174,418
336,443,467
143,352
266,340
369,491
51,67
184,212,377
226,330
56,310
20,397,430
187,386
181,219,314
335,418
92,473
106,453
88,485
62,299
282,408
97,112,263
282,340
204,417
236,316
156,405,450
278,455
295,346
68,197
107,332
224,241
145,147,341
135,155
98,215
207,416,476
22,77
5,328
371,429
217,277
145,189,357
117,133
14,393
22,468
190,290,468
238,428
63,216
79,226
123,148,180
94,252,393
206,288
151,202,453
214,462
251,380,496
232,240,409
26,303
104,478
141,195
18,418
79,192,369
270,278
345,447,483
421,445
212,355
15,315,417
204,383
194,466
113,282
47,462
207,343
166,461
93,436
207,397
5,194
27,281
205,300,361
214,316
186,415
4,454
240,366
8,86,327
170,202
90,116,230
207,228,299
394,467
322,382
132,422
96,312
15,203
108,316
187,348,360
199,287,338
51,126,270
347,446
390,425
100,409
91,346,389
321,459
90,140
60,347
130,421
116,294,480
454,458
369,414
35,263
155,214
96,423
44,68,200
207,245
53,292,486
16,151,436
122,391
58,214,377
271,322
281,324
203,416
221,422
92,352
22,360
155,363,388
43,386
52,279
163,179
356,435
306,336,339
37,356
44,76,313
132,198
326,393
337,406,444
47,393
4,96,471
117,147,172
48,316
159,213
291,366,483
52,139,475
2,100,246
256,321
244,413,441
69,335,395
226,373,415
154,250
346,428,476
375,386,484
147,270
108,436
220,400
5,409
204,362,372
32,61
94,167,389
47,210
34,348,412
278,422
27,382,478
203,333,467
289,347
60,227,349
133,455
172,237,301
79,374
306,325,348
211,230,403
92,104
180,343
100,498
108,248
201,439,461
127,261
4,449
195,242
72,279,281
154,160
321,471
26,109
130,316
264,292
11,175
12,421
73,101
46,151,174
35,77,187
99,465
175,326,400
25,133,410
128,302,499
181,445
157,213,433
2,183
286,457
153,181
20,221
82,187,351
1,255
19,265
90,251,384
211,310
81,247
132,384,459
290,492
92,221
85,461
74,220,234
72,305
36,198,309
256,443
144,196
109,279
163,229
14,76,432
358,383
318,454
198,460
349,496
290,307
265,438
135,390
27,108,496
274,431
6,236,448
346,403
142,393,452
39,190,341
259,326
64,346
395,450,454
244,323,458
111,248,462
193,315
84,411,428
117,242
77,180,299
81,425
322,469
359,390
64,93,376
171,280
289,333,435
52,126,156
10,218,398
183,411,450
317,466
85,96
318,344
279,352
8,142,266
426,451
283,471
252,311
89,220,310
178,429,449
2,188
33,199
28,71
28,267,355
242,243,317
205,315
362,405
162,229,297
3,24,490
1,104,234
47,49
285,305
301,325
24,163
157,238
88,167,466
344,416
56,296
176,253,374
51,116
22,452
94,472
150,417
217,446
175,186
67,321
173,255
117,153,258
85,96,341
85,343,359
301,465
159,175
212,319
68,295,322
212,235
35,342,374
43,298
230,393
14,397
173,183,304
19,62,308
130,185,410
79,404
215,221,361
178,221
331,354
18,217
53,364
89,264,458
56,280
136,353,453
221,467
318,398
284,374,386
235,359,431
127,332
176,410
48,230,347
342,471
150,353,420
223,385,454
187,465
328,374
2,362,399
79,101,462
140,304,477
326,412
19,41
213,477,492
332,485
101,171
172,385
120,227
103,316,469
56,61,296
214,260,387
108,109,358
250,378
26,331
364,479
45,137,435
74,399
98,153,344
294,487
222,481
6,48,188
73,307
228,282,332
108,245,436
58,423
204,219
94,147,182
66,69,459
37,282,346
201,363
85,470
5,93,193
266,443
18,329
23,480
39,246
322,387
215,357
151,313,393
115,266
363,383,429
32,315,380
156,329,353
227,284
262,479,482
23,253
147,348
64,150,278
40,148
40,77
186,245
192,221,378
68,391
83,420
351,443,458
9,353
277,281,470
40,328
69,185,197
166,180
47,117
50,292
210,368,416
136,175,469
313,385,494
152,494
7,64
50,251
91,122,425
151,158,256
110,193,408
71,235
44,200
137,213
108,115,141
24,195,479
17,39,111
82,332
394,409
36,438
17,66
93,276,438
92,225,460
150,372
6,27,158
214,258
77,403
80,165
176,310
261,460
50,358
118,365
262,266
236,458
380,418
186,190,482
210,448
121,217,496
79,350
302,441
130,304,399
266,484
286,486
108,244,321
97,330,411
126,258
23,341
131,317,407
323,417
65,222
281,467
47,395
137,495
235,279
172,290,496
116,261
126,144,432
105,160,367
300,454
341,342
201,278,451
143,191
36,199
143,231
202,472
322,359
83,192
61,338
341,369
48,342
34,214
98,228,404
58,407
91,373
212,351
129,499
290,403,484
8,32
29,477
3,468
82,162,467
134,148,242
98,410
12,393
198,235,245
99,365
145,147
365,438
8,360,369
12,94,257
134,205
32,267,314
108,210,448
94,298,462
121,291
46,314,456
41,247
151,345
375,456
69,189,488
68,438
111,132,178
40,167
60,134
399,420
67,183,332
70,421
229,282,448
100,348
276,300,379
254,273
410,449
176,475
81,417
320,326
149,189
111,285,461
53,68,285
133,248
98,399
142,242
23,109,156
56,440
163,488
39,331
434,487
424,495
88,106
208,209,279
38,156,389
256,431
8,487
201,289
4,70,432
29,164
36,300
82,336
234,461
78,416
15,278
345,468
9,236
235,397,433
180,320
58,232
28,159
91,380,388
216,469
305,339
285,340
154,255,419
23,90
190,413,432
174,426
341,426
69,346
190,393
402,425
179,300
204,248
6,446
181,344
101,326,487
291,345
20,193
107,236
135,285
86,404
18,295
330,359
6,46
152,315
302,490
242,370
76,162
249,424
47,388
250,352
103,131
88,168,401
13,123
242,382
95,115,498
106,379
131,183,381
147,373
16,214
136,218
25,65
99,176,400
318,372
118,283,493
6,450
168,413
213,406,478
193,332
251,306
407,453
72,123,459
22,138
293,391
173,308
29,338
204,252
96,245
5,345,389
53,104
131,321,409
5,392,463
134,479
260,272
315,339
19,287
72,312
68,320
126,346
318,358,467
106,109
280,397
24,260,304
132,171,195
199,241
37,97,396
55,100,313
16,397
132,298
410,439
261,317
116,189
1,198,438
214,497
156,295
198,488
196,500
247,279
322,390
108,210,313
80,397
232,399
321,365
128,442
301,348
249,309,341
52,122,158
11,422
7,453,457
175,332
454,469
47,268,274
321,454
127,434,493
12,256,400
36,98
92,319
198,410,413
79,395
85,322
121,384
169,197
289,436
156,399
47,201,312
120,328
218,420
127,293
184,223
112,443
216,292,323
59,315
254,401
216,343
122,244
8,324
158,394
64,227,329
54,180
7,202
280,414,487
193,415
268,337
9,23
35,215,360
206,239,416
300,408
286,350,479
68,193,382
132,389
203,423
79,215
126,396
320,452
185,373
235,263,304
207,499
49,65
57,495
121,346
178,312
105,340,488
101,261
19,426
136,277,418
157,201
206,246
143,201,247
321,322,392
84,490
267,410
205,268,414
57,264
128,279
322,383
11,484
20,308
247,275,353
142,186
76,131,137
6,302
88,460
118,124,364
246,274,366
18,244
92,260,485
287,406
339,423,494
226,353,380
410,435
442,460,491
176,283
83,337,409
278,388
66,90
40,468,476
75,313
124,422
53,251,446
125,311,455
124,332
228,376,476
254,265
97,473
350,383
205,310
302,491
198,324,467
359,424
327,386
72,117,219
145,286
188,340,457
153,292
124,455
197,381
264,270
201,272,284
198,235,381
118,297
274,387
76,169,226
231,275
78,103,239
90,431,457
49,107
189,500
331,456
334,413
366,477,497
138,444
45,211,238
10,63
60,169
111,341
177,306,366
324,500
93,365
155,245
329,391,408
114,155,220
69,452
49,142,375
112,260
138,149,425
358,473
8,284
67,322
202,243,422
119,494
346,355
8,47
49,142
262,404
49,208,401
194,368
58,161
90,351
227,458,497
65,96
129,247,446
247,328
259,316
172,388
43,358
110,193,496
250,319
176,298,457
14,41
61,414,498
169,249
14,41
166,263,348
192,241,383
140,351
7,128
30,49
9,15,191
146,342
2,10
20,32
93,203,413
11,186
80,100,214
57,82,477
199,410
52,121,329
229,495
8,430
464,489
10,119
123,495
41,305,376
24,48,107
157,414,442
126,451
93,306
223,447
341,386
220,436,454
173,220
247,439
76,341
30,305,369
266,342
185,214
10,149,256
227,461
327,375,455
121,178
303,442
72,356,403
55,129
143,414
176,452
216,275
369,429
313,394
373,448
167,180
77,123,168
171,384,479
62,213
144,155
433,499
43,157,159
179,386
152,436
261,269
76,292,458
50,288
381,393
133,269
147,424
73,284
261,337
9,343
323,439
102,141,270
16,149
52,332,359
9,454
79,254
37,67,407
4,94,461
39,207
410,478
409,472
37,449,468
328,369
138,328,332
50,329
296,474
148,177
83,129
13,80,397
216,486
72,290
43,231
86,361
220,481
402,436,475
185,274
200,496
7,392
98,135
202,210,224
109,123,439
42,222,424
169,416
120,218
9,295
234,340,433
81,408
215,378
218,486
357,493
96,266
107,125,322
217,423,448
49,438
37,208,360
180,282,470
248,286
271,384
89,345,414
200,344
392,419
362,436
155,390
362,399
25,84,147
301,395
444,498
184,261
167,369
13,69
66,477
250,276,427
265,299
167,325
197,302
263,408
135,157,207
10,357,492
271,365
219,448
83,202,408
33,368
26,177
28,454
94,225
42,78,258
400,486
316,395
100,465
6,174
85,327,357
116,383
3,187
322,353,358
94,308,384
197,489
166,168,219
237,325
57,176,296
182,411
10,257,309
21,364
52,72
24,255
114,444
99,140
19,194
289,358
306,328
91,416
234,263
180,482
122,163
375,459
37,399
68,258
238,413
161,183
120,176,294
307,371
22,456
368,394,464
404,479
17,55,221
175,270,388
52,138
305,407
156,258
4,406
38,218
127,393
52,115,150
433,481
46,492
50,391
307,329
151,283
196,359
209,302
353,436
199,438
150,216
123,175
318,483
158,472
51,306
258,307
145,344
218,256,476
310,379
299,348
152,208,219
57,130
271,334
5,124
94,167
165,310,406
141,392
23,195,369
347,448,490
148,356
47,77
302,322
22,320,356
128,391,492
111,307
105,156,467
62,175,450
65,98,378
275,365
276,442,473
201,326,371
344,464
64,199,325
193,415
62,171,252
90,324
106,146
271,388,448
9,59,258
348,459
44,210,216
314,419,455
172,208
227,230
112,447
30,482
12,435
57,101,351
56,457,473
134,204
59,483
94,312
59,346,365
205,421
18,110
180,415
20,61,435
94,412
19,123,471
319,410
205,315,434
110,152
9,160
39,355
238,372,436
54,442
81,332
49,70
339,420,476
77,328,361
121,396,428
306,386
54,361
369,424
413,464
225,315
147,265
359,478
275,438
290,328
21,414
150,329,428
281,302,469
376,394
125,298,429
28,35
125,471
162,295
144,402
198,219,414
15,105,283
264,417
47,190,307
246,421,490
234,260
75,95
112,339
234,303
103,425
108,217,306
96,360
23,142,480
183,300,464
124,377
333,373
68,489
451,482
98,421,444
11,158
305,484
395,404,419
109,150,202
173,278
32,153
87,300,364
4,40,172
173,268,314
288,365
354,371
152,263
31,43,488
146,363
46,61
9,207
44,81,353
123,260
182,457
298,348
380,497
64,223
94,301
302,315
49,94,500
70,89,185
5,343
68,198,291
204,242,284
9,247,381
110,277
263,288
368,399
157,497
96,189
235,379
41,480
23,242,487
346,446
234,338
217,446
200,209
67,68,470
173,228
24,157,485
199,379,428
40,134
394,425,492
339,423
29,183
15,405
168,459
30,69,312
84,452
118,416
434,480
135,238
15,322
423,496
286,464
160,451
20,354
83,416
96,376
244,360
61,203
164,181,444
132,479
218,228
288,414
219,269
107,301
89,313
307,327
51,158,321
162,229
170,348
226,278
120,291
103,450
293,456
55,204
45,135
305,372
16,216,446
8,17
32,177
196,255,304
217,408
81,174
56,309,421
145,166
325,474
16,388
93,367
7,79,476
101,157
80,482
166,269
17,382
251,271,420
64,217,417
90,153
282,372
165,433
200,434,475
179,327
28,332,396
137,143
143,145
39,96,117
95,337,430
231,370
165,417
75,137,477
460,462
109,302
69,465
317,320
399,405
71,227
8,78
93,126,402
20,430
13,368
391,469,492
326,482
307,361,363
171,308
259,448
139,413
39,286,326
232,292
51,130
297,306
228,499
200,476
159,212,400
249,497
33,136
54,342
348,453
106,170,280
102,230
176,296,460
5,113,215
12,462
101,104,340
333,497
236,353
218,383
126,237
54,67,444
315,415,486
95,399
7,10
49,293
12,194,303
247,289,332
245,325
88,294,419
224,304,489
86,342
102,358
71,105
105,118,128
86,134,474
53,81,416
163,401
162,245
55,122,373
158,278
466,471
369,497
166,340
17,236
124,292,493
28,331,400
25,487
86,289,483
147,341
77,249
138,251,318
33,103,131
129,313
66,293,419
103,214,232
147,409
420,499
96,233
4,497
154,189
327,401
7,63
246,280
136,469
252,307
213,485
172,378
178,230,266
172,378,401
279,396
237,451
28,362
250,359,397
199,259
107,427
39,141,262
77,388
118,391,471
319,328
1,359
256,391,441
108,271
303,411,450
1,163
83,281
141,487
103,287,314
125,272
43,100,314
146,168
290,332
29,296
121,359
382,390
66,430
256,349
86,477
232,282,388
344,446
129,275,365
46,322
226,331
169,193,229
70,275
71,268,370
54,408
200,303,440
51,210
341,356
456,480
230,282
91,175,321
38,309,363
19,111
342,357,395
426,483
193,318
15,306
166,382,441
111,350
312,384,488
260,349
15,145
210,472
235,406
54,347,431
101,114
52,387
56,424
66,85
176,340
41,114
156,420
471,491
83,373
112,211
133,294,363
134,289
32,37,434
124,230,361
76,278
22,261,263
19,349
169,339
178,424
69,185
2,360
72,152
116,154
15,346,394
160,446
194,202
229,273
156,218
245,329,467
33,411
339,398
239,413,431
272,460
30,48
1,61,412
143,337
153,252,433
333,433,444
148,237
352,489
1,33
143,280,335
115,158,184
67,375,412
159,406,438
149,425
235,264,492
225,431
31,173,403
142,155,421
149,356
317,494
58,199,377
292,295,423
104,426
199,330
233,488
141,168
186,239
8,293,393
95,195,271
3,265
146,204
281,391
211,251,473
183,296
83,210,271
82,494
194,264,310
300,452
110,409,496
173,279
44,419
196,392
20,287,427
309,333
132,363
148,187
282,343
145,308
221,222,408
66,439
17,262
156,197,437
91,202
129,365
49,86
262,308
98,112,223
169,202,448
109,151,302
8,22
213,225
165,444
144,447
351,399
274,447
217,229,499
80,163,309
237,278
163,351
116,284
267,438
224,231,435
262,293,326
162,228
42,414
55,94
104,450
92,408
161,448
56,223,414
440,489
15,232
364,405
248,470
94,190,237
32,45
90,281
60,137,398
83,302
215,278
13,92
306,477
50,315
39,372
206,432
18,228,349
253,398
135,209,296
238,313,417
37,38,329
19,39,49
101,442
194,388
231,256
197,271,479
123,171
66,116,326
166,208
189,264
330,394
15,448
325,360
21,486
8,254
15,248
149,490
110,403
182,188
92,340
211,481
36,174
58,236
342,413
183,222
121,486
317,393
47,306
183,195
205,475
22,30
39,262,369
393,487
19,326
197,391
77,261
6,391,476
70,312
27,51
105,275
22,134
249,451
104,259
113,114
369,459,484
55,404,484
48,357
69,267,357
319,332
58,381
338,370
46,105,396
194,455
63,281
212,231
178,371
453,472
286,437
44,486
181,199,444
74,364
13,319,366
246,354,488
74,112
269,482
167,171
187,403
111,145
52,446
167,352
58,106,465
98,231
294,394
13,100
233,294
185,263,379
265,380
178,422
22,456
202,227,499
214,283
196,338,413
252,264
349,441
111,431
246,338
222,368
372,418
247,312,346
96,172
203,352
147,233
137,298,316
153,349
29,163,447
105,307
38,174
134,462
269,350
15,271
265,324,480
199,351
237,257
75,106
215,261
176,428
183,303
193,202,315
220,246,436
298,331,338
43,427
94,459,493
106,364,368
382,409
106,267
128,322,365
114,304
42,139,387
138,194
229,415,476
69,189
133,325
86,187,311
92,234
275,389
170,291
87,144,465
67,202
52,192
74,164,246
149,225
351,481
78,374
8,471
271,278
19,426
8,127,278
58,170,283
155,173
138,236,496
237,397
38,203,365
45,241
235,430
199,438
333,450
158,460
19,117
348,493
151,475
285,388,417
51,203
15,109
132,399
204,278
298,390
328,461
79,371
12,262
144,335
415,469
103,485
96,237,327
70,143,214
199,427
198,283
41,234
10,46,315
63,121,216
117,376
106,437,481
23,395
91,292
83,144
445,476
403,428,463
404,461
50,114
70,360
45,264
247,325
126,157
86,473
66,208,493
164,372,387
106,488
9,138
49,371,474
269,378
228,247
178,189,342
452,471
374,440,450
145,195,312
73,132
122,229
327,459,461
62,133,305
104,367,406
96,495
102,299,326
62,179,341
62,172,434
242,498
410,450
145,216
51,110
83,109,392
342,406
10,127,193
152,295
59,492
446,478
107,380
381,488
330,343
120,276,390
85,265
167,252
15,193,376
35,201
128,186
313,392,492
237,242
186,458
52,170,480
274,304
50,54,438
175,227
162,271
162,492
57,139,370
352,385
1,57,259
70,300
151,169,206
1,485
207,245,295
235,296
204,265
69,421
26,287
106,364
73,393
10,388
99,104
112,170,283
155,315,348
202,228,297
148,231,408
163,220,332
221,441
135,276,280
41,61,336
221,237
100,454
146,182
90,286,430
411,447
310,424
160,380
28,421
56,147,290
243,354
34,350,383
223,320
362,386
76,353
249,451
212,298
76,105,247
348,500
46,415
109,313
299,416
99,249,319
183,336
1,58
230,426
63,156
169,216,417
186,275
203,350
49,124
373,446
348,362,488
58,164,263
111,201,257
54,134
93,419
201,396
2,431
237,297,490
32,108,273
32,345,447
128,198,429
11,239
475,488
47,113,131
131,283
85,294
31,252,368
62,269
281,498
120,316
320,412
132,410,446
13,131
27,234,455
330,421
366,423
16,282,494
287,366,410
4,215,422
12,107,131
274,406
102,315,493
69,331
22,434
328,342,419
219,266
193,249
37,385
97,366,389
31,191,214
3,361
81,300
29,331,455
41,49
280,374
12,115
307,425
182,260
99,221
59,467
315,386
97,203,380
1,38,461
142,479
381,409
292,441,475
235,447
97,163,309
299,306
37,202
73,324,369
41,132
221,468
3,468
33,291,366
219,334
57,70,304
149,323,490
2,465
297,400,443
127,393
160,418
463,491,497
136,374
306,453,469
361,437,494
193,408
279,393
221,321,429
27,81
53,333,384
224,356
385,457
22,393
243,310
83,128,247
101,171
55,269
39,166,459
19,116,456
282,454
67,481
271,453
67,151,367
130,274,319
101,342
342,500
77,310
166,341
111,134,403
130,270
351,410,478
63,157
3,284,357
73,167,484
35,195
85,181
81,160,218
107,285
153,206
87,200
12,291
132,488
117,231
8,421
202,210,441
82,174
112,151,304
17,246
3,12,272
241,255,497
69,266
238,312
65,88
84,163
341,423
250,352,354
86,209,446
98,355
62,225,295
12,361
141,265
4,25,386
264,491
77,125,180
18,244
329,479
10,390
88,169
370,427
299,350
160,205
202,448
16,122,210
302,402
33,429
47,165
47,178,258
103,291,387
33,309,424
54,242
26,340
186,433
258,347
90,352,440
268,464
265,326
61,184,251
200,272
118,446
464,495
112,177,457
125,254
144,156
12,181,421
19,86,455
101,226
2,71,265
5,238
9,409
12,151
31,211
158,435
118,448
312,336
127,301
150,369
114,333
203,400
18,187
151,307,454
41,466
229,467
182,300,338
70,474
96,342,378
160,271,391
74,424
272,484
48,322
161,235
223,243,379
417,441
330,340
114,272
14,24
231,480
242,500
125,493
186,423,470
12,459
8,75
421,469
210,352
165,336,422
246,280
437,473
262,464
74,148,500
101,120
85,341
206,243,255
66,294,317
43,67
237,383
124,301
146,398
124,249,471
1,260,320
450,471
132,229
95,291
67,281,343
87,477
371,389
247,396
128,300
127,242
135,231,489
28,141
3,146,341
41,309,479
230,378
25,311
11,18
147,157
151,247
249,458
121,500
192,254
351,415,454
186,354,394
456,461
349,367
200,282
103,218
121,446
69,192
192,364
140,213,379
11,83
241,288
240,319,427
297,485
39,280,490
219,416
203,385
86,427
96,341
386,389
298,465
23,48,386
77,278,363
241,338,460
107,498
400,437
147,342
346,461
53,219
219,378,471
222,240,395
17,408,482
95,417
54,180
120,355
72,332
155,489
131,252
114,433
163,328
80,225
7,346
112,223
457,493
38,207,391
36,191
135,310
59,445
52,495
114,185
44,151,380
13,343
117,133,426
338,402
421,455
280,433
13,359,389
218,458
136,324
110,119
157,460
106,218
108,415
162,174
231,268
185,267
163,303
170,222
29,241,400
311,320
64,367
81,486,494
180,307,325
241,370
112,228,375
43,396
64,152,486
232,303,400
194,465
155,460
186,238,474
131,218
378,386
296,366,421
89,456
118,122
162,400
78,96,324
33,42
128,251
72,399
124,269,472
415,481
109,162,339
4,278
147,299
24,76,353
172,221
27,41,344
413,450
252,327
99,333,427
186,471
313,323,409
278,492
158,179
186,424
86,304
230,386,398
489,498
260,450
232,263,491
143,406
7,385
245,333
126,193
112,132
97,389
37,372
276,304,430
369,375,456
59,218
147,292,309
90,104
170,229
196,310
287,327
279,384
116,374
191,313
2,199,495
411,486
273,367
6,391
98,165
38,146,238
189,294
135,167
418,443,472
112,179,420
173,252
116,290,325
301,459
201,208
381,477
154,451
213,249
130,315
204,405
230,414
35,413
188,246
124,254,270
12,41
131,165
470,476
138,434
169,244
92,488
88,349,391
359,499
241,494
176,222
351,359
176,458
213,430
199,298
42,112,473
146,461
55,89,241
232,398
296,414
17,273
293,429
258,287,363
93,348,489
3,293
45,366
334,444
93,277
16,91
6,128,402
84,268
41,196
263,353
3,301
377,439
436,479
39,141
77,261,348
108,306
139,298,366
88,132
26,78
101,339,373
191,330,433
205,252
266,352
87,275
84,289
362,463
20,358
314,359
331,425
27,421
51,415
167,432
22,216
355,429
72,465
118,178,392
424,499
305,361
119,206
20,340
114,159,259
158,239
60,251,353
336,353
149,193
187,341
390,417
18,271
78,212
24,214
104,340
325,449
100,351,424
240,438
98,330
18,129,229
25,500
311,471
66,328
7,346
95,106
48,62
43,160,323
217,302
226,269
59,261
22,361
50,105
146,446,477
179,223
59,264
194,491
320,424
133,471
277,478
323,336
247,295
2,366
8,18
31,157,377
85,392
245,398
290,439
12,138
127,201
59,494
116,233,456
280,351
40,324
30,375
58,161
132,451
187,282,481
251,277
15,297,472
33,97,247
81,386
100,144,182
166,412,451
12,123,190
121,347
51,286,496
302,476
175,203
140,394
119,417,423
207,490
278,319
132,272
237,262,482
187,261
234,304
121,156,425
222,357,434
344,474
343,353
322,441
79,342
37,195,381
51,391,476
248,311
108,392
9,369
59,226
43,57,288
87,283,438
60,418
327,393,419
154,299
36,349
86,107,161
227,336,347
206,490
158,289
164,196
81,279,396
272,372
64,373
225,438
25,55,72
138,139,257
69,369
226,332
71,260
172,419,487
217,427,499
365,397,482
85,460
3,456
72,379,440
48,85,374
151,270
41,210,363
95,184
82,415
378,384,474
407,414
44,325
230,431,466
198,338
125,198
251,341,388
12,19,357
134,167
74,339
1,58,319
219,432
134,244,258
278,436
59,495
8,102
145,148,471
127,422
233,261,293
136,321,340
341,429
198,225
71,447
215,363,491
69,293
51,118,390
108,315
130,241,310
18,408
77,462
84,233,401
228,319
105,227
12,269
188,245,325
55,77,449
144,364,491
22,100,177
90,470
213,442
50,244
90,240,366
30,72,105
180,358
258,396
123,166,399
326,461
409,467
35,265,320
201,308,386
202,271,346
130,153
2,359
145,462
156,343,472
100,169
114,291,316
94,112
300,437
106,118,292
155,234
246,355
130,159
37,402,428
6,158
138,353,407
277,278
110,116
269,448
271,279
82,364,444
125,231
204,302,336
340,349
17,257,272
196,430
125,246,445
254,316
482,500
89,183
287,491
255,316,431
253,376
391,429
50,288
126,448
261,490
61,205
227,472
44,239
167,284
184,396
233,294
275,339,418
341,394
228,313,339
107,193
18,448
85,144
278,474
257,402
220,440
260,333
97,200,204
217,320
128,425,441
127,327
210,446
12,133
224,463
318,469
7,356
65,357
141,230
57,74
154,357,383
190,261,460
266,453
265,383
264,470
358,386,418
46,275
117,124
52,203,258
77,289,449
1,119
200,244,263
89,473
56,153,325
122,293
159,198,440
296,477
15,445
6,65
76,179
11,22
91,194,273
35,388
186,253
229,443
386,432
19,466
253,338,363
51,54
69,466
57,66,358
112,499
78,152,319
238,297,470
208,455
63,320,492
19,148
92,446
89,170
238,302,467
120,198
89,313
407,414
70,354
112,148
77,435
38,367
208,253
22,181,500
5,15,385
152,262,439
155,204,460
201,293,474
236,467
57,377
93,351
126,169
98,472
158,346
337,432,497
