35,343
313,363
127,158
190,260
419,491
355,397
53,497
92,315
330,346
105,116,299
11,356
153,289
100,346
83,296,417
73,163
65,385
325,442
131,198
35,196
99,409
292,469
126,155
324,467
59,67,230
121,436,457
157,403
119,436
17,41,469
250,283
426,454
34,252,343
250,396
443,474
210,264
75,231
281,489
392,452
360,426,443
381,409,422
57,179,376
2,322
358,385
3,78,162
117,146,356
225,352
77,494
162,237,333
17,319
161,263
190,217,429
209,243,330
10,357
103,136,374
108,346
130,173,291
232,429,490
293,410
152,247
175,308,482
383,483
99,191,304
5,87,462
43,492
205,301
118,258
103,268,346
282,472
211,313
5,264
155,201
144,173,234
101,106
335,354
202,203,372
49,384
241,393
233,247
31,49,398
199,480
207,316,324
153,229
30,492
47,426
19,148
355,399
359,475
162,268,298
320,362
145,497
252,298
73,164,417
35,256
205,250
7,31
343,352
19,20,470
188,376
102,262
277,296,319
105,466
35,456
90,302,416
103,296
57,87,167
87,300
9,30,364
25,30,114
174,390,483
7,161
17,442
398,410
211,287
72,123
95,430,446
278,381
310,394
405,489
149,210
32,167,403
44,183
82,437
48,331,440
3,51,89
125,160,490
181,484
107,237
277,338,382
231,241
336,417
394,480
305,322,390
203,412
113,227
155,400
78,186
61,262,266
9,334
151,461,473
41,314
251,421
198,292,495
91,289
65,491
61,154
171,254
379,491
305,372,402
361,430
413,451
106,181
62,262
293,295
109,316,432
155,224
121,289
166,243,381
50,205
4,421
64,304
203,272
193,380,447
159,188
295,302
275,324,364
134,463
185,477
151,321
131,280
27,337,405
328,349
29,303,386
26,443
10,187,455
324,440,479
67,431
12,68
238,339
159,349
62,434,487
166,456
176,205,437
237,285,344
352,358
114,211
92,249
102,119,350
127,173,446
210,423
154,464,498
114,180,321
384,465
62,348
24,316
49,122
137,471
62,261
256,380
6,51,182
26,215
107,187
395,406
74,162
428,438
162,235,242
175,250,397
46,440
159,167
246,304
183,191,199
472,482
274,334
336,493
14,296
85,496
47,372
134,327,433
26,393
151,164,303
240,286
271,492
186,297,310
181,232
252,300
184,379,472
377,484
167,299,495
39,472
65,128,466
19,109,199
220,436,479
446,461
105,446
359,410,420
66,465
176,292,437
53,354
341,488
388,449
22,45,115
86,368
292,472
7,233
132,484
156,243
399,465
10,15,440
173,444
68,301
162,169
138,226
121,455
81,261,434
82,151,241
112,243
240,283,381
150,339
207,226
162,407
211,436
81,287
49,117,179
121,191
116,209
321,365,498
20,441
379,458
339,458
352,467
49,57,314
61,298
152,208
72,179,414
65,491
314,384
124,463
11,334
195,296
68,97
90,479
116,474
26,386
63,203,363
18,289
340,447
71,254
200,228
60,188
5,24,292
106,438
347,470
76,79
249,250
27,464
110,116
47,67,167
309,412
3,356
105,258
124,232,372
10,432,435
353,354
250,266
18,137
72,394
278,328,380
199,490
4,301
405,488
288,360,464
46,234,401
19,238
184,453
35,338,376
159,319
159,363
138,328
151,317
207,405
57,246
206,252,479
70,142,359
166,275
134,185
176,461
22,265
149,223,394
250,327
56,197
88,366,386
105,141
28,337
373,463
225,306
172,303
220,317
386,404
42,219
432,453
97,103
11,373
310,380
243,439
211,413
28,214
14,58
93,137,198
93,99,208
343,476
88,162
44,179
324,435
39,259
196,280
1,288
13,108,389
16,27,337
14,192,205
210,258
158,313,349
222,375
445,459
247,326,496
351,372
249,494
270,402
89,193
1,272,482
177,250
303,453
70,311
113,118
7,72,465
113,427
58,346
193,272
474,492
281,451
67,92
51,496
32,125
53,104,491
54,270
375,450,475
28,264,480
40,207
183,263,305
321,460
77,254,381
218,343
255,424,481
177,356
202,448
95,96
160,290
235,283
6,373
160,387
20,108,216
68,210
175,308,461
171,225,298
12,180
29,79,362
36,449
99,148
376,407,436
156,240,325
111,166
2,235,348
179,260
382,446
212,334
98,395
70,270,459
339,444
238,354
12,392,451
439,466
4,135,322
170,197
437,472
81,445
33,45,383
33,58,192
15,103
128,284,437
141,207,449
57,142,450
63,364,476
121,232,440
31,311
235,262
320,418
312,435
75,260,362
68,103
341,357
19,361,375
30,312
105,116
186,242
1,274
109,500
52,100
82,115
400,495
165,338,419
24,246,319
38,65,419
306,478
129,146,181
16,269,467
397,436
42,50
280,316
132,351
20,293
12,51,100
304,419
152,490
329,419,422
379,499
172,246
209,493
102,278
64,146,309
118,272,334
23,319
144,252,296
251,332
126,223
73,152
54,93
108,152,490
202,210
127,309,461
230,250
67,373,409
110,328
1,187,305
54,343
170,189,475
23,183
42,405
68,123
146,175,257
30,181,447
318,373
30,178
50,241
3,437
176,222,237
107,232
306,404
183,259
218,259,479
269,417,493
63,142
27,366
86,354
179,495
5,11
370,390
257,404
184,197,258
28,99
32,77
274,396
76,78
71,368
196,266
173,339
231,350
94,238
298,345
43,62
31,307
38,429,470
37,464
46,414
8,103,271
214,255
66,88,309
284,294
52,56,266
121,266
338,346
299,456
322,348
258,461
56,71
203,226
44,328
263,423
115,323,371
183,350
26,353
64,263
136,261
428,464
3,372
260,479
20,88,362
246,386
168,483
312,446
28,180
58,427
82,256
298,315
49,57
190,449
55,311
1,467
75,89,177
373,452
24,209
176,326
139,282
47,76
125,255
24,485
210,251
89,368
65,264
74,254
224,366,367
333,357
360,407
35,131,159
120,133,206
225,473
23,370
21,145,417
51,258
122,300
97,298
129,168,388
187,483
18,236
125,275
163,328,348
7,497
104,406
386,431,432
131,165,245
60,179
211,403
77,275,286
185,247
51,92
52,100
299,428
79,104,182
40,128,139
207,256,475
106,280,325
10,228
17,67
152,164
73,416
82,354
274,453
166,490
42,96,385
245,342,347
37,198,244
103,355
277,326
382,466
43,332,474
88,170,243
237,251
42,119,318
35,256,282
14,97,176
214,266
344,432
84,412
13,97
22,423
147,471
234,473
145,202
177,311,467
181,185
173,342
157,210
258,396
110,423
387,434
204,395
46,433
206,287
28,213
245,309
245,262,468
41,125
133,450
438,478,488
60,228
205,258
331,378
146,476
385,421
54,282,360
97,238,434
349,491
126,474
243,361
39,412
27,37
317,331,439
84,243,251
110,321,470
267,347
65,500
64,398
263,405,409
157,201
337,424
16,368
113,143,254
233,270,475
241,345
152,425
158,252
277,492
494,498
293,322
414,441
5,359,451
17,422
307,334,386
185,268,370
97,283
212,377
46,56,471
137,156,206
213,261
85,242,488
249,397,500
154,438
16,56,335
69,351
224,417,479
93,229,465
343,365
278,493
16,262,350
379,457
249,345
147,406
92,93,161
267,272
33,379
2,382
281,435
130,189
19,80
104,261,460
267,404
10,377,463
193,429,437
88,195
8,351
88,131
320,389
229,293,415
28,326,422
187,411,415
33,137
36,222,484
61,83,316
3,58
31,206
82,91,164
168,332
124,396
271,497
187,296
327,493,497
69,436
4,6
303,416
164,342,389
76,254
189,388
11,32,354
54,289
196,346
38,484
215,444
260,414,421
77,429,477
190,245,348
112,172,393
99,109
393,395
168,322
192,212
335,337
144,355,374
106,295
31,328,486
268,288
38,296
22,445
99,142
111,280
57,414,495
106,117
88,222,320
16,166,303
114,392
250,294,301
223,281
64,226
199,211
25,57
140,319,413
32,414,420
46,337
191,195
1,132,380
58,76
296,389,424
83,373
83,214
75,203,476
20,125
89,205,323
173,355
263,376,478
88,493
295,296
244,302
43,104,355
159,238
20,32
9,113
83,128
103,179,462
352,475
377,380
105,168
166,409
112,122
227,294
9,29,379
111,178
93,436
294,382
132,192
79,170
249,291,372
97,267
198,347,442
419,468
154,302
55,324
269,311
236,441
125,338,435
18,426
240,331
131,303,485
329,451
256,355
60,201
351,372
274,455
134,324
226,427
331,472
60,388
136,184
84,402
247,251,429
408,451,495
178,281
315,431
413,431
32,106,457
10,282
304,405,419
299,329
390,429
21,119
331,460
69,110,148
8,121
10,31,112
106,277,282
405,462
5,262
10,367,452
33,47,437
58,75
172,178
293,295,342
129,329
174,402
59,128
347,398,473
204,397
50,66
13,394
26,44
357,371
350,367
349,442
180,433
44,277
63,74
320,334,447
184,379
70,264
38,471
165,218,282
106,488
75,405
170,280,289
209,326,469
233,498
39,400
390,494
57,175,464
251,480
13,240
232,429
270,304,398
242,354,485
139,227
102,463,486
134,380,467
3,457
97,333
14,127,322
151,163,282
53,191
295,415
117,130,365
20,297,449
259,307,318
51,114,329
153,178
226,266
108,147
201,422
13,405
337,400
186,247,475
179,392,429
148,158
151,179,272
38,158
103,175,473
151,253
248,395
87,346,372
175,185,488
22,33,487
217,470
36,99
361,385
14,30,460
10,312,463
189,497
144,309
258,311,366
210,326,345
299,372
66,186,451
345,444
115,285,397
241,259
71,447
215,438
258,398
139,422
127,130
169,361
228,253
67,318
66,201,281
267,303,406
243,380
177,339
142,190,208
176,432,435
49,357
50,79,300
116,269
95,276
359,449
9,382
382,487
35,212
169,458
211,459
44,344
102,369,417
106,391
166,439,491
462,499
399,490
88,404
80,148,319
348,372
43,444
251,431
317,406
46,201
402,460
136,381,485
133,414
119,233,274
371,460
257,398,432
187,244
27,269
122,191,297
279,339
79,249
92,255
212,228
19,495
71,448
48,332
114,230
40,105,349
202,396,446
51,118,436
230,374,455
39,206
70,126,181
344,374
262,360,391
100,398
177,346
144,346,497
107,167
24,280
88,278,481
303,342
111,208
266,297,360
164,358,359
244,336
229,475
360,440
101,248
405,469
110,465
62,316
86,108
183,352
109,379,383
32,467
10,37
273,390
63,66,491
146,152
409,490
47,118,388
355,445
201,449
8,104
96,220
218,465
12,280
137,268,475
314,468
203,339
245,318,376
235,278
352,450
204,205,458
46,133
256,397
222,316,490
459,469
116,319,394
21,165,486
30,212
153,236,490
168,368
198,262
55,408
91,155
27,97
49,57
94,231
201,318
79,327
94,386
92,280
15,253,293
143,496
16,427
57,478
87,301
96,276
208,433
90,225
142,186,405
264,334
123,169,266
51,437
58,410
72,179,433
50,307,486
342,349
196,295
143,219
192,212
55,109,326
199,221
36,471
343,463,469
258,298,383
264,361,419
16,325
219,339
67,100
204,423
172,293,481
278,457
13,82,481
73,481
222,330,339
262,288,377
10,248
41,274,365
170,292
241,282
57,148
356,379
445,457
298,340
27,299
18,197,266
276,422
150,298
362,453
20,116,265
149,320
37,234
36,68
179,316
126,380
77,247,255
73,188
2,43
166,320
104,146,356
152,321,395
146,192,249
219,220
93,312
34,159,225
140,406
75,485
235,467
464,476
302,416,479
315,477
214,405
409,456
326,496
336,418
146,323,353
225,265
127,383,435
308,348
35,58
36,366,490
324,426
24,86,140
343,485
15,88
283,318
466,499
402,476
215,245
9,497
303,367,376
133,248
92,116,403
364,467
197,328
119,197
173,274
198,280,312
88,337
22,275,467
75,365,434
129,473
52,276,490
170,206,353
288,302
54,376
73,224,287
243,252,460
75,127,284
286,445
344,345
30,498
4,92
465,491
142,203
151,244,269
84,127
313,481
365,411
221,264
117,256
279,429
327,344,464
286,453
143,308,412
452,467
283,386
153,422
57,141
232,288,320
106,393
35,442
68,143
404,499
88,102,392
196,493,494
22,147,336
132,139
249,318
84,204,441
181,227
65,211
209,495
374,409
134,251,287
295,331
320,428
257,294,478
364,378
59,268
28,315
245,313,441
189,294
21,160
330,332
188,221,369
91,457
200,486
94,445
253,283,454
336,493
286,290
169,299
46,473
180,461
41,125
390,407
45,363
152,287
196,346
49,100
309,363
297,369
89,234
79,345,428
169,352,477
21,360
151,392,428
318,485
276,323
286,364,388
146,254
2,225,362
123,174,212
178,424
281,398
213,222
208,334,368
29,307,311
48,300,302
100,137
92,236
61,208
147,406
333,412
96,390,466
241,438
154,480
118,305
273,282
11,15,322
115,214,352
129,234
431,450
303,391,423
119,221
224,293
37,137
209,281
33,373
148,213
159,413
35,299
160,209,251
76,239
34,331
228,259
251,421
16,331
10,198,225
60,112
230,242,483
32,357
185,368
116,279
121,242
23,418
53,425
30,89
304,369
15,241
222,369
224,259
334,396,427
104,379
71,104,340
113,322
195,282,377
47,432
385,420
23,152,420
250,343,432
141,189
177,290
274,472
39,221
10,358
290,387
181,390,401
341,486
31,361
3,64,446
38,122,169
60,318
70,136
69,232
356,419
259,296,421
249,483
241,335,428
69,481
118,298
114,149,160
234,291
292,311,378
300,472
399,437
82,120
296,386
237,371
33,383
300,312
1,141,415
105,445,497
189,205
43,448
58,133
315,444
293,406
12,169
18,375
84,294
89,434,476
364,488
74,311
105,195,209
42,325
53,141,272
75,118,484
205,415
227,444,494
114,439
287,338
231,282,354
141,220
125,255,419
201,400
154,463
107,249,446
14,387,435
114,330
76,127,271
323,367
377,471
229,288,443
487,492
48,60
305,333
7,418
265,326
14,364
442,448,489
3,46,81
157,361,462
292,402
107,349
231,281
193,430
59,120
217,493
426,436
407,494
88,98,404
199,319
232,436
254,311
358,420
209,248
309,448
310,468
8,375
48,159,300
63,125,427
224,354
19,437
176,364
113,117
17,365
59,458
389,440
267,302
188,470
100,197
119,358,366
349,380
1,272,348
43,212,341
123,150,286
331,417
30,58
2,176,441
436,493
431,446
297,478
47,357
93,464
36,276
287,312
9,144
185,327
73,146
164,461
112,366
183,346
86,496
6,416
150,171,243
330,449
179,313
282,295,391
35,296,378
323,476
74,217
7,488
22,84,407
8,91
213,329,411
68,346
126,248
205,404
218,471
213,453
248,301
84,258
201,452
62,352
112,368,438
306,349
20,93,430
312,479
260,329
102,317
241,495
354,366
117,328
199,475
241,389
11,159
27,371
15,285
96,401
393,436
388,390
45,248
96,345
148,152
163,493
306,365,384
144,205
169,249
120,352
207,312
299,318
34,195,214
164,325
129,284
55,447
58,415
38,411
14,115
17,364
388,407
74,279
179,236
109,125,422
381,474
256,265,333
360,496
197,405
38,465
93,124,402
108,134,355
28,70,246
210,465
284,363,415
314,389
61,198
150,224
31,262
196,456
344,407
215,460
203,362
41,329,419
25,159
221,224,493
73,318,471
262,302,354
317,328,448
214,303,307
19,149,315
144,168
108,437
95,466
135,200
114,339,492
86,316
48,478
249,367
200,247,307
113,374
71,233
125,191
136,473
119,135,217
184,258,274
136,446
73,366
108,212
387,407
143,257
108,327,444
93,314
86,475
77,187
32,248,451
68,171
49,52
57,398
230,438
231,303,428
485,499
298,403,428
43,290,362
6,403
274,453
15,274,360
312,335,436
143,152
49,236,500
55,77,419
48,67
178,400
220,417,454
128,392,435
99,386
314,475
397,498
113,176
73,144,399
149,319
351,366
130,145
201,277
226,440,442
168,380
53,296
54,473
279,356
100,496
77,209,235
152,496
327,435
418,442,492
44,360,369
78,103,227
247,304
125,190
121,242
185,227
78,134
234,396
329,468
56,416
25,201
218,411,471
99,427
78,411
268,444
141,261
220,474
56,390
122,165,456
345,437
6,427
364,379
79,270
340,455
47,92,478
67,172
79,95,284
82,154,256
34,378
376,423
33,40,334
282,427
291,495
99,275,413
138,151,213
173,456
43,71
34,278
309,437
278,301,349
100,265,315
250,365
428,491
107,244
264,288
160,318,324
54,119,224
269,426
57,65,69
86,439
8,134
193,380
92,209
205,208,277
237,239
68,176,285
46,323,469
106,433
94,335,336
132,156,479
36,287
160,436
236,273
140,326
232,375,401
70,124
266,343
6,329,444
113,239
335,421
21,88
252,366
325,386
131,331,404
2,41
77,231
334,496
42,99,499
14,119,372
260,319
143,295
323,496
43,71,355
16,31
117,368
159,386
315,430
373,397
112,451
155,260
264,304
118,435
269,328
253,495
125,260
210,404
104,235,319
136,272
310,331
96,271
188,425
200,257
132,248
12,293
81,171,181
176,388
49,420
138,300
33,253
39,55,131
211,469
305,340
126,476
58,175,177
197,318,373
272,374
117,255
305,399
267,338
69,419
3,81,488
89,193,371
138,257,304
25,88,228
54,88,436
167,332,495
159,196
67,69
466,477
288,378
132,200,221
105,219,497
130,271
70,106,295
410,454
262,322
155,298,360
279,370
36,54
262,486
177,185
125,359
90,121
90,336,456
185,274
20,310,381
92,110,427
302,343
137,207
219,371
262,459
41,479
144,209,358
225,373
15,266,497
70,294,480
430,469,490
233,361
301,415
398,497
437,460
206,406
234,391
213,420,426
99,451
68,163,266
431,462
170,379
223,330
339,452
305,355,426
188,405
381,389,488
136,288
368,485
36,88
62,395
45,79
137,300,302
33,129,268
18,472
2,271,340
22,395
209,273
197,221
96,372
149,431
295,322
226,343
207,487
251,403
76,237
10,22,40
14,452
66,109
41,300
80,249,308
23,264,335
123,191
438,484
219,358
104,282
63,400
264,489
150,445
208,437,445
277,350,442
260,273,403
310,400
252,353
35,393
388,418
170,235
278,369,463
141,192,340
51,417
325,443
224,252
341,364
115,468
296,434
128,258
169,413
42,378,438
75,361
107,410
202,390
168,424
277,289,438
58,421,460
163,252,259
10,476
5,396,420
338,375
162,392
93,395
306,335,493
63,148,273
16,90
255,352
21,444
12,247
128,192,453
217,338,428
192,327
8,95,351
437,441
214,396
163,185,301
52,359,469
106,151,424
158,263
332,373
23,70,433
145,234,434
140,269,418
75,271
169,429
114,292,427
33,103,202
343,352
14,64
109,281
232,462
86,363
124,137
215,259,464
112,491
53,136
38,468
95,309
182,285
22,349
2,236
469,481
177,219
127,180,478
206,352
339,448
147,224,457
246,489
234,290
244,362,376
395,491
225,250
72,157,173
208,244
28,205,248
125,228
129,150
42,238
36,216,364
379,406
28,405,434
147,376
94,98,226
31,172,235
122,422
222,296
5,393
201,209,330
137,241,335
106,349
284,370,434
258,398
232,341
109,299
18,50,214
63,85
131,242
109,498
299,428
283,441
184,219,371
119,406
140,175
248,427
149,439
26,389
17,276
250,290
99,441,466
13,101,145
41,427
230,392
103,372
413,417
196,370
64,122,150
19,49
129,135,169
10,378
427,472
284,348
78,105,382
202,415,492
98,264
228,337
246,497
232,449
142,273
17,448
6,135,321
406,416
432,434
264,435
17,123
78,399
22,139
18,137
261,373
150,345,396
168,203,374
159,293
57,385
10,424
347,473
50,51
320,372
79,408
11,73
140,283
131,438
53,285,298
34,183,393
127,204,270
179,489
109,427
249,369,500
84,265
158,166,409
10,198
160,451
162,200,427
163,498
214,232,385
174,250,407
10,335
99,129,245
34,463
20,441
70,276
71,97,361
97,202
178,263
228,307,360
148,359
23,399
279,473,494
32,55,427
160,361
298,396
132,212
23,264
11,271
101,216,457
274,302
48,318
51,431,465
8,362
105,204,308
57,236
26,102
136,305
61,387
243,495
22,306
35,225
55,141
43,279
79,298
30,115
187,334,383
84,488
83,164
114,425
271,308,411
41,262
70,142
165,218
27,391
3,379
64,318
13,131,252
25,222,414
96,455
25,363
183,391
249,362
204,305,448
175,427
66,110
306,404
55,66,90
218,307,481
200,255
43,434,472
119,225,331
305,401
175,284,348
92,152
338,443
378,418
108,127,437
132,323
213,488
143,399
93,175
352,390,492
214,277
240,392
12,121
138,235,352
228,266,287
13,271
27,426
251,265
176,363
331,450
292,310
35,62
185,497
14,116,351
312,499
180,319
370,424
20,392,496
166,199
27,289
270,465
148,161,311
81,289
122,311
56,358
284,432
8,137
45,284
257,481
204,447
65,234
251,476
214,457
22,492
214,395
313,344,468
99,229
138,337,442
6,298
68,401,466
220,292
294,446
34,278
136,336
137,245
3,139,189
74,189,305
20,195
112,309
64,268
26,354
129,388,497
166,230,344
166,292
177,421
325,499
15,250
72,447
167,420
69,271
490,493
104,415,488
259,469
48,165
237,345,494
335,360,478
89,107
111,245
46,144,371
268,444
171,268
146,294
127,397
204,349
137,300
86,167,199
113,351
382,483,494
384,477,489
169,280,491
6,459
63,256
125,459
57,160
149,155,236
31,61,440
118,136
56,151
288,337
153,199,263
113,387
92,276,319
223,265,421
10,429
90,244
159,195,211
44,443
137,394
316,462,500
19,87
217,413
104,148
68,131,255
140,420,480
15,31,208
97,189,212
250,482
199,294
71,381,471
87,99,216
34,90,393
303,310,335
46,146,345
9,321
423,493
449,465,477
41,413,480
3,410
76,157,470
56,91
5,80
13,94,471
156,251
34,343
100,126
8,340
146,397
40,369
202,412
100,229
5,330
137,423,426
176,185
329,409,456
50,278
179,421
115,171,258
94,479
55,332
333,488
111,265
432,476
249,388,401
183,306
36,385
13,443,493
206,262,328
394,446
202,434,441
346,448
120,493
266,377
311,462,475
238,298,368
78,187
412,459,483
121,466
283,473
55,287,421
134,481
37,262,287
84,129,227
129,176
203,279
51,69
51,247
8,311,442
149,489
16,106,242
65,187,405
319,330
5,125
58,494
11,188,259
289,386
149,234
32,237,261
31,285
23,114,310
53,284,379
4,213
84,192,382
215,333
229,324
125,251,394
156,336,369
72,98
82,124
241,252,406
178,277
106,225,300
279,473
77,498
315,468
173,271,356
74,115,390
172,402
330,355
115,129,249
180,359
160,169,178
370,437
276,468
212,367
46,79,233
132,412
157,186
267,296
72,232
88,337
148,265
196,258
59,312
30,237
18,119
106,189
117,336
17,290
147,424
187,276,320
16,164,464
63,109,152
177,339,417
118,400
175,323
312,429
105,305,345
138,338
195,235,428
13,28
177,418
122,130
77,138,144
455,483
17,63,126
368,383
263,308
381,391
204,387,421
136,199,353
96,106
181,221
163,347
50,289
55,148
383,473
96,364,412
74,320
82,296
108,343
484,493
21,88
255,434,466
141,193
39,224,425
96,227
166,443,464
5,413
148,169
36,478
124,303
103,272
318,360
100,273
242,306
226,418,479
11,157
80,125,409
197,308,398
238,318
326,415
373,407
71,338
278,486
8,59,64
259,288
149,353
324,403
83,206,295
149,449,450
238,472
277,479
93,247
405,477
54,214
395,465
205,460
58,198,350
67,178,332
135,321
76,173,197
170,342
225,337
366,493
324,424
222,485
22,25
175,200
125,369
159,481
124,298
85,394,405
92,208,450
47,364,441
167,500
199,247,281
299,498
87,269
26,469
8,397
103,168
54,307
37,410
91,163,312
128,249,447
315,332,470
21,119
25,265
85,459
128,393,421
266,276
105,184,284
170,261
30,412,455
51,221
164,474
440,477
162,271,396
150,451
66,153,155
266,289,499
15,215
30,34,83
311,332,394
215,418
34,195
277,369
179,408
9,46,305
164,214,367
37,404
262,422
13,293,425
278,280
246,422
25,342
117,425,475
108,271
116,386
114,122
39,154,493
35,166,474
432,466,472
61,214
336,493
183,221
276,450
303,426
255,350
141,151,416
113,175
376,442
69,236
172,467
94,122,190
55,475
264,400
222,266
115,134,476
153,286,450
82,318
202,212
150,369
215,267,325
194,389
70,208
262,373
225,456
327,392
102,147,218
156,291
165,358,484
215,449
22,202
36,188,471
6,167,213
50,426
47,475
172,246
215,272
94,312,326
36,452
159,292,467
220,272
299,359
27,248,268
225,247,417
46,233,234
2,150,174
307,316,365
15,61
212,223
58,241
64,321
57,456
84,346
86,296,377
204,497
23,67
129,239,461
57,413
44,88
144,361
61,102,324
52,410,469
254,317
83,142,199
260,470
240,486
91,328
23,49,383
37,75,122
44,360
98,275
12,419
229,312
410,496
215,360
256,358
206,499
171,298,461
56,377
19,68
126,392
52,430
52,153
141,272,485
80,245,420
165,467
241,378
74,129
370,451
34,369
404,456
5,20,311
41,85,489
58,181,478
98,201
264,319
28,47
321,462
42,91,429
235,404
53,202,383
21,493
69,332
275,430,438
172,256
98,280
313,382,460
124,221,324
148,165
228,230
126,181
14,428
124,379
131,383
167,243,420
109,246,319
4,460
157,330
298,439
246,368
53,250
419,427
101,436
120,283
220,386
269,274
81,218
59,377,420
15,425
71,464,478
99,464
181,383
87,297
20,184
357,390
255,329
389,468
191,434,443
215,304,380
29,79,362
314,319,433
49,309
238,326
15,295,331
372,448
231,466
44,454
69,199
45,462
111,419
84,285
313,385
250,327
28,182
47,475
192,399
247,291
49,51,395
272,348,487
154,404,438
373,436
271,431
212,224
17,216
305,335
188,228
25,45,226
171,447
63,297
44,281
70,85,409
7,186
318,332
254,460
56,167
181,462
159,324
139,466,488
442,481
10,202,417
29,357
234,411
233,243
282,454
329,482
351,424
137,269,436
371,383,460
32,449
203,355
37,211
1,117
1,40,254
325,360,404
342,435
79,123,286
38,397
178,487
418,439
233,480,498
298,355,453
60,496
145,432
196,457
66,329,398
15,77,291
60,170
79,110
49,359,409
156,353
367,402
22,246
450,491
327,349,434
37,450
237,257,458
151,223
145,167,299
240,278
27,293,479
9,297
171,483
259,302
112,262,454
163,380
114,282
57,85,253
161,222,281
132,266,368
240,473
41,361
206,402
94,454
104,238
320,457
205,341,472
275,292,470
207,409
3,39,328
4,36,97
168,193
91,335,454
196,222
2,337
434,451
251,254
12,305
199,418
12,92
69,394,414
28,456
90,331,484
214,388
114,361
157,307
263,277,294
106,263
29,103
346,382
203,481
16,201,488
91,228,278
37,386
10,307
53,92,221
10,225
75,477
295,451
35,151
70,392
6,417
201,388
159,163
50,145,454
6,307,357
318,358
159,289,499
82,83,94
3,326
6,80,270
131,164,378
29,89
281,315
49,420,457
160,316
31,474
42,156
132,239
34,159,428
43,83
54,344
23,397
63,315,403
283,426
412,432
85,158,248
63,280
151,344
306,445
154,197
109,264,469
373,391
9,472
2,345
6,121,307
45,271,337
4,135
271,441,495
9,23,88
165,406
155,350,399
8,150
24,141
68,127,417
177,487
72,117,420
143,298
230,414
75,270,341
179,495
39,151,226
9,97,347
54,98,256
17,332
35,443,454
215,438
236,329,429
193,274,357
88,184,219
211,329
134,344
278,464
148,157,281
266,448
204,444
74,75
30,59,115
66,216
10,458
128,460
28,178,179
51,55
132,250
188,221
81,304
413,453
30,366
84,130,356
255,381
52,341
187,347,418
56,226
118,488
48,228
405,483
152,321,352
121,282
82,343,424
52,450
264,499
427,480
410,427
54,423
43,207
198,283
125,236
270,498
106,195
100,377
365,396
143,265,336
250,345
172,287
368,453
204,213
82,283
338,493
23,125
313,355
102,367,396
184,495
198,240,256
349,485
150,158,353
9,109
6,142
12,430
20,179
199,500
54,226,312
141,298
224,393
22,374
228,427
418,458
4,392,470
405,496
19,149,329
91,376
1,411
34,133,433
218,325
229,333
233,344
23,169,332
289,302
200,228,354
57,211
339,440
55,296,351
2,199
163,175
117,242
142,201
179,439
204,392
100,157,422
110,456,462
177,301
129,246
169,195,394
367,469
434,491
89,461
311,405
421,475,488
48,270
300,423
95,272
205,345,369
5,414
49,482
375,497
195,248
326,500
55,490
336,358,367
395,461
12,158
162,237
13,362
328,358
206,379
63,437,458
389,398
196,277
200,232,402
18,251
186,187,358
15,38
216,228
193,235
157,380
303,463
295,325,367
100,383
196,278
186,307
43,188
311,461
82,336
11,120
12,111
374,399
153,456
89,399
58,113,448
273,420,427
80,115
37,484
424,440
226,478
292,326
71,435
110,237
13,358
263,381
78,317
206,307
70,169,395
5,51,311
68,128
168,207
133,199
258,478
108,186
7,231,257
338,377
123,270
28,220,374
209,496
432,446
297,304,449
114,500
69,134
8,47,92
47,284
45,132,313
97,138,341
25,421
262,458
215,287,417
217,304
25,316
183,324
145,226,417
36,238
100,154,416
355,435
215,350
131,474
291,390,458
108,435
5,419,465
168,325,495
30,290,378
76,188
24,232
172,277
165,283
156,488
133,353
