25,162
106,238,303
240,242,248
309,454,496
110,310
280,496
324,405,410
209,362
173,251,466
311,348
205,490
301,405
138,196
13,115,190
166,482
123,215,448
57,273,440
255,496
347,485
217,447
127,334
42,388,498
327,397
403,429
38,399
21,320
243,385
310,447
14,344
183,370
221,373,469
60,278,319
65,91
80,169
22,398
67,480
67,132,370
359,438
144,157,182
212,368
329,355
106,217,363
304,486
270,340
100,251,434
200,466
378,470,485
204,403
167,294
200,306,451
17,33
206,467
392,418,438
67,496
47,305
188,449
37,464
386,450
50,225
234,497
158,346
254,292
180,390
52,376
32,422
139,381,437
142,277
238,254
159,250
165,183
182,405
16,255,461
103,411
315,382
134,175
329,445
143,217
16,475
335,419
127,184
172,366,412
148,258,498
179,187
53,411
151,404,431
72,351
88,463
102,138
48,203,403
333,419
199,267
210,439
100,131
271,367
115,132
141,302
83,230
5,235
247,290,493
99,385
327,477
217,309
1,290,483
422,449
104,483
179,353
34,117,341
161,439
301,463
141,345
76,99
123,315
351,463
158,183
5,396
133,358,466
64,424
366,374
174,334,434
352,360
318,386
14,204
5,174,332
278,371
99,211
183,322
322,496
196,336
47,158
22,386
108,474
4,459
254,427
132,145,148
31,461
293,363,419
133,191,420
183,309,364
86,483
352,463
344,402,448
199,213
57,267
43,366
187,357,478
1,143,485
111,314
282,425
360,425,436
52,223,420
215,226
98,233,241
41,80
129,303
178,359
93,478
153,444
163,235,426
72,397,491
100,251
53,133,402
79,195,305
42,327,360
215,420
113,211
70,77
154,164,168
164,167,439
18,201,231
250,388
213,247,383
49,394
2,214,244
38,352
287,352
265,414
251,274
368,429
356,405
127,141
343,411
93,416,443
13,368
1,6,128
150,226
235,313
61,95
54,147,219
169,274,414
153,339,350
397,494
108,167
133,374
42,211
17,373
123,435,456
248,372
127,160
98,209
417,433
174,193,333
11,251
114,427,465
143,347
163,334,419
136,226,230
134,478
51,339
57,403
13,408
249,353
81,179
126,279
256,377
209,262,410
95,143,320
404,411
47,79,425
38,336,348
463,488
103,454
112,304
23,186,348
249,348
79,124
65,325
203,446
43,304
232,287
290,346
147,191,481
89,129,271
424,465
60,415
210,375
223,348
89,251,290
56,74,423
291,499
270,375
114,182,335
222,294,306
285,433
259,332
125,389,427
189,264
67,119,419
191,247
11,15
258,375
3,444
111,122,229
197,295
86,133
72,139,477
12,157,491
16,130,194
55,425,457
218,335,465
81,195,387
226,237,410
227,474
285,288
50,141
139,271,447
224,467
293,384
98,238
177,228
80,492
51,200,344
33,291
17,487
374,377,480
167,474
169,293
208,422
392,456
110,467
186,477
341,449,492
129,254,330
215,304,367
243,392,488
364,498
338,424
146,329
28,323,488
21,37
118,229,301
45,286,467
178,439
176,246,426
104,259
106,180
146,370
73,441,454
162,236,489
191,237,469
250,362
179,457,459
273,448
339,365
55,176,278
239,398
103,316
204,417,424
93,457
122,325
327,360
418,469
89,203
14,471
2,185
237,387,482
102,181,316
295,322
192,266
76,398
39,80,436
6,355,480
146,238
83,272
350,407
314,432
67,197
40,79,307
358,374
115,251
258,314
12,392
190,232
259,261
271,395
1,409
368,467
58,307
261,266
302,456
194,283
220,416
170,325,403
96,390
109,348
181,420,433
213,214,370
306,454
343,490
301,435
25,272
68,181
73,234,330
340,472
98,176,220
20,500
175,354
158,298
147,445
162,262,438
325,398
4,308,354
395,427
175,457
248,366
133,364
133,211
106,242,404
210,218,461
180,219
273,295
331,482
12,81
115,212,276
181,325
122,243,447
331,335,482
33,95,214
260,263
130,366
74,362,489
56,216
249,253,468
132,375
227,237
362,419
208,257
206,422
182,372,448
339,431
111,164,357
186,201,437
186,199
159,376
211,346
77,373
76,400
67,133,340
220,457
48,194
229,387
28,278,397
191,274
123,500
6,176
213,351,432
174,413
188,223
330,407
66,183,205
189,294
38,143
280,285,480
441,497
142,353,407
144,428,466
272,438
192,379,390
108,354
16,20
231,418
11,19
7,424,491
128,137,467
142,420
71,382
180,373
367,368
123,125,151
350,450
289,378,446
462,485
42,350
249,489
373,473
70,491
130,173
217,289
385,428
88,388
141,167,200
57,314
127,449
45,397
398,471
97,344,400
346,415
81,232
134,363,468
117,435
49,395
12,43,499
66,123,406
56,480
120,419
238,347
22,264,498
231,296
317,328
185,193
409,481
108,130
104,397,409
128,218,444
81,216
193,275
65,259
243,410
259,270
72,97
81,180,444
351,392
102,169,333
199,437
242,364
185,367,469
239,445
46,296,499
39,247,362
214,225
121,282,375
41,326,470
365,427,474
1,310
126,379
57,277,402
60,148
73,332,391
219,344
12,100,284
343,411,446
287,414
26,306
98,272,459
19,198
196,268,492
214,365,373
107,459
190,312
140,450
191,224
205,424
340,456
23,88,234
227,237,351
58,460
334,471
144,356
58,266
6,294
29,414
219,257,440
3,254
44,305
30,449
9,109,212
127,215
105,116,213
102,330
107,301
76,200
91,117
95,188,428
329,466
16,226,346
29,140,301
57,277
79,216,278
306,312
304,404
35,172
85,471
396,419
357,360
43,302
20,478
98,136,418
195,437
250,373
178,418,423
194,230
140,289
4,267
61,498
80,357
181,403
79,209
303,313
62,183,247
18,231
12,145
101,144,292
198,394
219,285
333,422,483
33,115,239
299,380
7,164,492
275,327
66,86,99
139,217,446
260,312,487
326,344
98,229
202,300,338
52,153,154
195,240
19,70
290,398
234,280,334
104,455
23,194,446
469,480
82,96
129,195
9,216
264,483,500
379,409
36,250
77,316,329
81,87,140
341,366,464
23,43
58,137,138
96,495
70,140,272
23,383
136,229
234,318,349
283,389
396,448
131,432
34,118,398
36,272,490
204,222
119,325
486,494
125,194,345
57,190,248
99,238,449
386,459
3,357
94,276,322
108,283
100,429
13,236
8,411
35,232
246,356,426
18,201
43,68
185,415
319,331
310,322,436
46,352
358,403,494
280,477
174,333
103,346
93,371
152,214,381
90,232
16,267,407
405,481
214,376
95,376
141,302
106,215,249
6,385
50,249,486
185,460
82,267
156,419,465
179,237,352
56,235
145,424
166,314
221,250,500
70,356
134,303
19,95
131,184,257
73,477
20,171
208,440
217,419
42,186
230,296
4,146
230,392
157,346
318,397
23,329
224,230
10,408,451
120,432,435
391,421,442
104,363,447
295,307
5,352,392
407,492
374,481
30,198
156,410,448
86,202,203
271,398
199,403
13,48,286
78,266
335,363,364
90,167,183
149,259
193,346
320,455
244,412
128,400
116,165,432
132,186
27,97,400
170,500
332,415
18,201
136,166
188,344,483
258,317
16,144,194
158,404,483
358,438
195,415
132,455
338,404
182,245
55,185
163,339,491
192,203
208,405
158,283,309
59,461
27,188
248,263,481
309,335,490
238,478
205,299,418
1,88,401
138,476
251,378
9,235
32,159,415
201,351
80,459
159,254,382
380,462
68,216,357
272,324,436
123,310,413
6,424
178,351,356
288,314
15,467
110,215,372
95,196
35,425
282,373
152,155
240,457
387,388
261,285
155,158,311
162,356
193,425
102,367
96,230,362
259,422
42,445
111,159
92,117,430
237,436
216,296
214,499
69,325,353
98,484
113,346
266,295
41,202
20,160,193
117,475
213,494
108,453,490
186,341,349
16,66
34,77
340,412
314,342
303,478
20,397,448
16,285,473
86,465
200,342
57,327
283,395
287,336
75,151
246,369
186,432,483
107,229,299
170,360
17,150
178,264
233,476
98,331
59,350,392
219,265
35,240,362
264,446
261,273
240,446,487
167,448,474
173,386
315,417
285,307
157,491
82,168
216,261,397
386,446
55,291
54,467
194,464
272,408
361,459
57,196
70,144
205,303,353
303,421
184,376
176,228,297
7,38
165,337
173,225
201,261,360
265,315,362
8,198
321,414,452
48,303,368
359,410
331,492
121,273
380,390
202,375
159,229
61,123,389
75,182,456
171,450
90,203
196,257
177,363
74,236,499
107,405
349,457
20,249
54,92
246,434
30,39
20,229,418
211,378
89,217
193,450
64,162
340,421
31,470
178,447
183,435
5,179
65,447
353,363
257,458,492
147,301,322
391,426
68,373
69,123,307
21,295,306
43,192,308
165,262
28,95,164
160,367
319,359
11,117
73,198
245,456
5,30
238,257
40,124,171
267,406,478
42,324
322,445
304,427,429
122,301,438
144,437
74,305
83,495
289,484
369,411,471
19,360
4,303,435
178,423,447
39,256
274,452
47,88,492
69,493
31,192,477
329,412
232,419,427
148,343
58,282,364
249,448
3,420
78,109
324,436
11,100
37,424
150,235
114,333,401
217,301
359,405
425,497
265,484
44,274
57,374
280,490
137,355
60,96
192,233,426
188,234
343,439
71,286
302,423
5,499,500
86,334
210,259
93,100,443
387,488
205,398
129,247,424
434,441
219,446
153,169,279
203,400
349,376
101,109,281
137,161
5,47,409
142,376
274,441
47,163,250
110,264
218,363
85,123
398,435
67,208,308
202,319
403,456
61,309,396
187,339
71,336
203,427
103,394
52,202
313,439
192,387
183,427
141,218
43,193,220
149,456,470
77,102
14,135
196,273
56,304
44,97
355,412,424
185,233
61,302
4,387
257,275,312
31,116
219,286,401
52,425
45,108,294
409,500
263,464
322,442
76,460
66,404,433
124,438
15,375,376
42,236
55,268
189,397
13,341
80,473,481
377,459
220,274,415
94,392
69,270
26,356
37,203,276
8,151,215
127,281,306
414,423
57,268
37,359
54,101,381
113,181
79,160
57,263,284
157,427
107,168
87,240,462
83,189,496
10,34,207
242,259,368
164,185,399
59,91,465
100,341,495
327,469
362,454
9,109,247
238,465
52,401
145,286
139,254,349
89,102,412
201,362
250,483
32,114,471
178,357
119,422
80,256,311
32,129
71,259
14,333
334,412
426,459
79,104
340,412
194,465
83,264
70,279,352
115,192
107,188
75,86
50,202,245
64,331
53,142,278
147,379,397
154,164,460
355,477
29,299
14,335
177,368
85,410
53,338,452
163,354,450
144,224
273,369,444
242,429
20,246
28,227,246
248,474
40,494
313,372
116,413
115,236
488,489
207,492
240,352,444
188,278,369
433,473
279,294
178,268
25,166
376,497
242,493
210,401
109,432
53,75
61,217
13,96,341
310,338,367
98,175,253
80,117
89,417
151,201
309,344
290,455,493
62,177
21,205,470
80,376,401
14,302,411
272,418
324,380
25,42
113,393,482
63,64,299
151,167,344
88,94,376
244,351
425,492
123,422
151,316
81,409
44,232
142,268
145,475
5,410
304,461,494
24,257
164,397,470
10,246,327
60,331
190,293
157,163,357
218,366,432
173,451
195,367,411
71,255
434,449
397,478
181,330
23,342
82,152
343,352
86,306
50,218
254,493
281,311
47,188,451
69,244,309
6,79
219,390
126,201
54,281
37,375,430
141,403
145,331,378
110,410
368,454
97,432
227,319
27,260
268,291
223,433
343,448
164,370,460
349,361,375
194,286
62,242
96,235,237
152,169
210,486
205,414
190,208,317
16,267
190,322
149,279,324
111,222
117,292
76,204,302
137,256,401
281,413,483
139,144
281,353
134,480
30,161
64,235
394,453
176,178,405
160,236,303
21,496
392,402
38,391
223,224
159,293
251,366
130,186
33,499
46,70
151,231
283,319
111,334
122,465
168,276
95,224,328
178,230,363
215,244,255
418,491
9,75,293
153,252,440
94,370
149,217,403
104,178,444
87,339,354
309,367,413
8,151
352,390
147,168
67,196,381
182,372
254,325
361,458
15,416
61,232
270,333
294,313,441
351,397
163,384
89,197
6,236
123,244,479
264,437,497
105,322
52,164,434
108,194,289
31,315
281,443
263,284
5,387
172,321,340
116,271,333
165,303
126,177
123,294,448
135,450
267,317,495
323,447
319,419
190,194
118,361,441
217,281,357
59,390
52,55,492
12,85
96,362
328,376
4,183,223
2,9,254
19,158
214,404
325,446
147,359
263,303
217,423
142,241,393
39,142
19,388,478
95,260,408
240,344
53,89,448
151,183,344
46,68,409
69,99,249
107,135
221,268,393
80,397
374,466
78,165,400
341,393,434
329,460,476
356,384
167,338
99,290
161,283
65,364,367
51,472
104,121,463
293,352
40,70
30,64,163
215,394
238,255,327
314,430,464
367,396
72,292,496
282,379
323,384
257,271
156,441
93,391
183,382
20,64
61,461
2,333
56,246,405
127,221
91,128,311
108,205,330
44,340
247,465
7,229
15,407,477
253,280,446
178,221,478
20,233
381,399
21,71
40,288
38,127
11,462
419,486
177,377
27,201
5,29,279
168,226
161,446,497
102,116
235,452,498
234,492
241,327
4,58
267,284
197,218
151,439
2,408,411
251,434
210,295
236,354,383
187,373
336,423
426,436
93,234
248,300
397,405
35,158,432
6,361,496
246,276
23,199
16,92,117
109,184,348
372,404,429
27,494
86,141
129,372,490
190,436,471
139,214
86,352
48,91,283
98,293,393
187,299
28,391,454
85,349
35,228
155,317
90,326
92,491
137,241
382,413
154,185,285
183,432
132,176
9,53,158
191,393,410
36,341,363
133,209,245
96,364,430
94,224,449
69,396
114,148,493
136,253,488
141,389
444,491
82,130
57,143,430
155,474
261,351
183,498
120,467
39,78
126,383
90,381,500
286,446
359,491
124,363
226,422
65,101
94,414
85,363
102,456
179,335,468
16,225
92,285
127,130,338
116,151
218,407
236,262,459
64,222,476
168,233
111,227
32,220
79,406
211,401
94,280,446
54,340
199,310,475
98,134
145,383,442
135,162,237
63,227
101,196
226,283
385,405,440
123,156
159,427,454
248,291,402
25,424
131,144,252
72,139
104,387,410
64,227,478
46,157,331
353,354
162,290,343
234,365
187,230,266
249,286
308,319,337
47,403
384,440
130,239,412
52,295
330,494
308,359
100,348
240,490
15,348,393
166,437
91,257
42,422
197,477
36,380,436
25,439
102,241,406
63,418
47,80
280,300,334
74,150,233
303,326
218,485
14,177,465
107,412
89,274,333
50,338
220,236,384
190,272
308,350,484
292,376
322,451
143,340
223,314
5,500
158,181,304
94,349
339,352
179,246,352
224,260
156,254,400
310,415
169,203
35,104,484
150,463
322,460,477
80,298
33,174,446
24,36
82,145,361
15,355
208,400
59,293
204,494
231,343
144,324
92,291
63,351
182,320,493
139,213,483
18,72,488
221,381
212,487
146,482
202,439
235,278,487
27,434
48,105,461
142,275
274,362
39,164
68,164
278,373
38,88
75,370
211,251,314
39,129
157,178,461
72,154
48,159,389
240,447
309,435
232,424
67,205
180,379,450
244,298,435
51,73,94
198,419
376,429
49,431
159,293
345,452
357,395,434
211,267,281
208,296
186,269,493
269,470
24,83,294
163,235,425
79,82,368
48,365
56,175
2,238
303,424
27,166,359
192,390,457
290,377
385,473
248,488
211,491
31,303
90,161,333
202,343
49,326
15,57
7,275
157,379
237,381
78,317
9,333
198,208
331,339
239,416
16,327
61,99
131,381
291,380
136,482
378,408
46,178,438
257,314
254,491
65,447
11,363
143,451,481
147,415
30,301
407,472
12,104
81,126
286,448
248,297
135,168
12,339
419,472,496
168,244,310
246,416
85,268
77,264
359,479
187,469
41,290
195,448,453
194,286
266,390,499
243,295,337
449,481
169,294
142,280
311,491
49,249,293
5,43,187
21,494
238,270,465
46,261
329,421
80,319,489
195,353
302,333
117,358
393,416,464
438,484
125,210
93,314
213,398
133,234,292
88,276
66,426
191,489
134,433
62,138
335,395
201,409
74,193
403,456
107,305,418
194,391
198,423
108,167
236,338,464
265,457
38,152,451
337,393
275,280
5,324
73,416
52,119,458
324,447
52,348
297,444
408,499
344,400,403
130,399
314,366
55,317
31,270,408
384,443
43,345
56,119
5,265,379
83,178
111,202,487
7,275
154,265
98,474
219,380,421
83,103,439
206,371,461
272,425
119,342
128,184,407
372,433
48,260
73,295
107,170,392
50,224
80,152,194
137,287,358
93,417
225,449
331,390,491
64,96
87,426
203,470
414,459
189,450
25,311
71,246,363
21,117
21,405,451
108,343,371
221,331
7,321
397,414
258,277
3,118,405
343,478
255,417
20,459
36,423
124,436
51,197
144,480
217,219
107,309,460
236,331,354
236,447
176,278,299
387,432
345,500
110,366
296,385
208,456
29,390
150,369,477
316,465
92,172,483
105,399
12,423,487
262,330
196,355
281,314
26,215
279,481
422,445
136,221
220,265
97,304
289,398
60,118
88,321,402
224,334
216,331
227,469
34,82,267
34,241
61,413
214,370,448
209,489
230,392,450
78,386
291,327
347,404,415
370,407
50,320
245,250
190,354,464
252,298
220,283,364
186,327
258,318,384
120,197,398
22,359
207,302,425
268,435
182,213
22,168
131,283
110,379
3,306,410
226,272,459
118,343
57,495
30,220
358,388
84,223,260
245,351
93,385
191,245
39,72
37,239
327,405
67,137
20,162,489
121,458
66,320
405,463
23,113,349
290,354
59,270,427
325,420
148,402,461
47,415
58,271
168,287
10,494
48,106,112
100,383,477
147,246
253,409
336,361
85,247
173,368
89,403
233,294
207,252
30,461
28,474
243,245,299
269,379
53,123,205
15,404
10,114
11,190
236,377
90,189,190
24,92,280
218,419
375,379,395
103,383
114,156
15,234
148,347
162,418
86,227,262
210,240,390
298,394
72,156
312,370
227,272
23,142
79,347
16,301
256,262
173,335,405
59,141
106,165
187,352,354
75,181,365
37,194,445
176,235
131,235,392
244,395
52,265
167,377
10,110
18,202
326,421,422
186,312
71,439
31,120,413
207,294
4,164
114,123
114,239
22,83,347
78,319
12,170
100,304
246,264
107,225,407
42,423
95,340
314,327,433
375,379,480
294,389
65,187,314
223,417
316,325
20,236
24,467
124,465
116,204
372,466
331,350
58,340
122,405
261,350
381,416
243,333
22,438
206,276
116,400
249,413
345,425
99,217
33,263
375,443
88,349
86,439,484
137,328
94,289
287,442
5,10,279
12,66,263
59,397,477
24,84,133
249,366
122,301
287,456
257,334
226,470,481
290,293,433
368,432
47,470
102,181,395
432,448
150,436
6,211
74,414
48,50,346
1,252,376
377,412
136,331
355,442
73,289
240,459
285,311
10,12,264
159,218
163,356,414
135,136
370,428
101,235,265
177,205
161,215,403
66,216
68,470
231,258
233,464
315,400
83,334
211,440
320,467
67,416
47,220,357
228,425
80,330
7,190,223
23,185
109,314
82,465
320,451,500
332,399
209,229,360
215,254
244,247,294
208,219
65,312
101,224
137,460
50,370,402
155,286,407
49,189
316,424,468
94,213
56,63
287,415
209,284
85,356
181,254,474
206,241
283,321
317,369,498
268,340
332,360
94,401,402
2,270
286,369,474
132,477
182,232,456
265,297
203,490
152,324
15,224,475
327,347,409
241,281
160,234
151,478
445,496
238,310
20,150
120,125,364
40,279,418
294,434
239,292,445
176,228
67,436
375,497
11,443,466
294,411
254,257
175,375
53,271
245,301,392
45,177,486
124,262
53,255,400
78,186,495
161,412
183,367
212,349,407
86,247,365
162,224
109,464
258,355,383
76,306
207,336
275,288
252,375
224,317
121,437,496
263,425
117,452
98,227,379
339,449
23,57,485
25,181
131,322,370
219,381,400
122,135,236
124,168
167,483
22,331,462
156,190
120,274
172,380
237,305
87,392
362,409
188,423
113,364
142,287,483
127,437
36,319,444
281,481,496
46,209,473
46,291,425
17,70
152,463
70,367
179,307
347,351
393,416
86,191
267,400
146,294
167,294,448
62,98
14,203
447,476
68,93,374
193,194
120,290,493
238,403
172,213
314,403
312,370
151,274,424
317,366
158,342
9,472
133,154,483
234,445,466
45,258
269,413
44,263,466
185,285,289
181,465
301,337
69,159,283
94,362
67,211
121,369
3,388
118,487
368,446
426,430
62,192
39,276
144,311
49,195,247
331,478,484
232,251
185,243
58,422
40,71,315
203,408
171,487
66,452,454
102,404,424
95,209
47,339
109,292
7,142,443
136,180
139,300
107,356
215,329
134,169,361
133,352
169,415
161,412
118,157
260,391
248,284
99,303
86,159,344
129,313
54,280,322
121,406
78,100,222
339,461
3,385
98,135,246
36,179
14,17
399,401
294,362,402
382,444
314,393
64,498
22,326,380
37,182
272,478
361,405
265,387,414
49,76
135,212,226
183,474
119,137,144
38,482
20,356,462
117,126
150,167,432
9,141
175,354
49,354
109,212
120,200,333
17,291
62,461
55,474
30,487
67,101
70,436
84,234
125,290
263,406
14,274,435
154,225,428
411,481
121,490
122,230,437
264,426,496
168,473
176,470
106,439
318,421
28,145
258,461
435,455,461
101,264,403
125,164,333
36,87,324
298,375
4,234,467
102,274,368
89,402,431
126,428
4,43,151
10,52
124,228
51,129,325
22,228
262,277
26,198
36,98,390
282,433
111,484
70,84
17,484
104,380
7,207,334
149,335
199,208,241
8,461
30,162,356
112,309
23,336,340
43,74,347
418,425
101,232
77,371
107,279
111,426
25,260
96,414
285,492
162,362
82,208,284
371,482
437,477
159,329
49,99
37,239,389
313,412
111,410,447
153,259,414
197,452
170,172,363
122,221
250,440
304,393
67,442
378,490
141,162,218
33,475
85,444
384,399
10,81
252,339
153,211
123,253
349,386
24,119,386
354,444
53,427
160,296
176,405
330,492
340,350
53,369,396
118,356
226,297
177,244
269,403
21,117
67,241
273,285
32,355
243,426
163,315
187,375
46,384
161,285
387,479,499
24,283
153,240,357
256,334
130,487
14,249
154,188,409
255,270
35,265,498
109,458,476
182,419
446,480
9,396
281,312
176,233
56,81
22,186,455
6,190,466
291,292,347
14,50
357,453
28,337,443
28,332
17,87
239,466
4,370
120,335,365
74,219
39,368
416,426
21,156,214
66,102,125
3,6
42,63
4,318
96,250
69,344
180,411
419,480
319,336
22,191
250,497
35,487
134,403
119,199
149,367
91,334
110,352
351,434
54,129,211
223,422
213,370
96,278,489
143,231
96,465
7,309
91,140
221,243,462
120,493
65,303
51,393
119,311
292,298
302,430
3,179,180
3,151
63,327
22,95,167
235,261,297
76,305
373,490
130,201,241
305,324
32,189
43,118
116,228
89,244
43,212,350
11,173,385
68,133,295
41,85
387,392
1,145
266,278
158,298,430
20,178
274,490
115,345
65,111
40,270
21,482
21,208
134,453
372,431
295,478
374,462
133,246
301,331
294,335
193,410
437,482
144,243
47,191
330,417
250,457
112,214
104,172,419
82,383
59,167
161,167
16,280
93,273,434
292,358
113,149
175,203,288
87,350
209,311
265,297
221,265
219,465
14,178
361,421
14,496
69,244
347,410
270,382,411
45,97,255
137,251
92,110,219
288,298,312
13,43
15,155
71,189
229,475
32,97
261,471
198,230
380,383,420
217,400,417
34,356,444
28,77,147
238,427
83,203,300
59,365,384
79,153,246
199,307
12,365
137,381,385
200,266
19,462
345,431
109,231,251
332,446
4,391
12,262
80,132,358
436,491
23,59
494,495
97,218,335
11,189
41,237
157,266
115,292
53,353
291,482
28,359
409,426
9,11,373
187,242
191,423,438
142,338
114,400,493
291,292,402
118,246
224,385
16,248,267
165,302
42,126,478
307,308
365,419
236,278,487
284,393
73,199
163,350
45,415
30,31
2,303
171,243,319
86,441
133,146
123,259,394
56,232
109,145
191,402
349,484
280,298
368,413
56,111,496
45,57,150
186,292
96,354,484
159,182
63,238
149,417
104,425,451
202,420
157,499
171,236
206,416,446
22,42,277
80,263
205,261
218,453
349,477
209,253
151,167,302
126,462
86,310,372
148,421
232,458
257,340
11,219
39,186
362,373,484
84,94
17,27,57
27,326
411,455
396,433,465
37,166
105,335
107,419
179,435
191,441
32,108,320
281,482
123,237,401
299,436
336,466
144,219,460
117,464
214,397
66,112,470
132,443
27,251
244,424
269,413
139,152
103,451
363,435,487
61,86
71,360
166,176
50,270
140,498
424,437
246,427
187,426
258,350,475
222,263
213,415
52,265
86,441
106,424
89,419
24,88,241
130,188
121,125,348
2,246
205,460
37,66
155,232,255
168,407,477
54,91,173
159,238,259
95,346,489
150,226,488
179,193
103,369
37,219,458
16,137
28,487
22,101,143
166,252
42,252
88,271,480
171,175,466
110,295
380,488
83,484
253,299
23,497
40,364
361,374
86,257
29,59
230,394,478
240,463
96,246
32,247
63,418
84,378
321,437
97,202
37,308
378,403
18,165
79,175,347
341,401
98,158
14,69,400
46,203,342
245,260
145,496
18,186,314
191,473
30,134,490
102,460
66,132
262,482
163,308
174,495
449,478,483
50,267
153,467
343,465
49,228
113,177
102,141
74,176
43,357
39,68,208
11,257
334,338
188,201,203
160,414
82,486
400,481
251,491
275,350
57,475
386,470
50,343,431
180,340
64,112,165
484,487
81,150
179,226
212,228,499
48,480
55,187
286,399
214,348
120,399,422
126,130
98,132
100,277,488
11,177
105,304,486
75,113
50,395,424
439,459
79,347,423
212,345
6,117,399
190,444
1,437
270,444
29,322
140,220,351
125,134,218
353,466
48,299
136,140
68,243,327
88,329
163,229,438
159,340
376,399
31,101
14,360
414,475
126,279
53,333
108,303
107,477
32,76
131,252,383
72,428
115,141
240,253,408
95,453
23,472
65,257
128,464
99,203,442
42,373
52,138
289,314,412
219,260
48,290
82,382
186,389,498
309,456
159,222,396
108,490
327,350
26,101
325,369
180,337,444
85,457
43,134,295
26,267,392
276,288,370
179,228,351
58,262
295,499
152,256
178,360
122,206,425
167,407
343,404
250,279
274,403
65,76,141
138,244,326
164,380
37,129,426
33,467
138,443
258,440
378,448
47,104
120,178
238,434
55,264
172,312,336
375,399
20,411
11,18
44,291
185,213,304
106,123
260,363
357,465
8,84
97,228,436
47,450
179,363
26,317
35,77,79
16,106
318,472
70,236,444
308,347
179,416
96,115,246
11,492
279,384
30,34
128,137,322
291,368
3,457
39,300,314
292,483
151,364,389
490,494
4,404
287,364
199,373
77,118
158,215
53,167
129,306,415
343,386
12,383
27,492
165,486
198,235,324
82,119,377
215,367
274,313
257,482
77,87
362,433
77,118
68,445
12,40
349,485
96,390
55,328,377
20,176
8,156
63,94
123,304
460,482
124,127
16,94
4,17,74
208,340
78,336
398,454
18,231
316,346
98,160,450
63,293
12,305,449
157,296
106,182,497
219,270
144,396
217,218,417
232,452
170,252
347,357
81,220
229,479
86,184,201
361,392
43,44
136,170
27,55,321
13,422
198,300
73,76
165,205,382
404,455
240,390
187,425
126,203
196,462,484
322,414
152,404
266,418
75,149,333
212,450
43,282
219,469
80,88,483
131,393,399
313,396
78,440
263,348
101,497
186,193
35,489
88,241,341
205,294,315
219,329
215,391
2,253,284
53,467
147,151,371
34,96,296
162,213
64,363,380
214,305,326
100,427
178,496
164,460
243,432
378,382
281,287
343,416
189,342
105,138,313
9,28,133
90,133
48,483
254,316
123,197
35,368
253,282
304,346
286,412
1,352
2,99,102
14,229
281,340
305,488
359,499
203,269
155,160
207,375
91,95,421
68,341
32,165
222,394
188,211
26,270
352,387
72,150,306
32,469,475
87,272
43,265
69,181,215
175,345,350
129,480
305,319
469,497
208,215,319
6,327
41,113
23,229
96,400
156,216
40,205
176,459
409,424
209,278,454
36,297,347
2,361
161,290
32,252
100,479
10,92,169
192,198
214,486
294,320
192,498
85,282
292,355
53,159
31,49
349,437
287,395
24,429,499
153,323
130,155,321
79,235,352
95,125
69,261
128,276
45,348
52,322,351
179,412
147,324,462
97,270,313
146,477
85,488
290,413
218,245
390,485
314,451
175,235
252,366
109,348,414
385,414,470
50,427
161,274,429
211,275,358
45,120
27,303
25,390
316,457,478
92,119
24,370
41,260
12,25,462
62,315
269,433
86,301
142,213
239,252,456
316,318
285,371,391
42,145
213,347
144,402
5,143
331,430
316,348
158,274
158,331
242,495
144,280
136,390
185,186
214,406,477
18,239
6,314
9,415
283,337,407
59,470
196,417
91,159
312,485
115,274,360
19,342
219,460,472
111,341,467
256,488
120,133
23,377
4,231
67,183
209,393
220,221
80,477
150,310
157,197,404
36,449
237,331
429,494
23,341
33,370
18,68
