51,55
70,72,93
20,59
31,42
51,77
48,52,68
18,75
16,63,71
12,97
47,49
8,65
41,97
25,82
6,19,52
37,81
23,74
63,92
5,14,55
13,23
27,72
13,74
32,46,58
61,91
21,44
36,39,96
23,31,61
83,89
21,34
84,87
23,91
37,69,82
7,61
32,36,97
40,58,100
52,60
60,98
14,35,84
5,26
18,42
13,89
6,90
13,86
60,63
38,86
12,53
29,90
19,93
43,92,94
10,13,76
17,30,89
87,95,99
8,26,97
7,13
6,44
8,96
1,74
31,80
22,55
21,86
16,42
24,61
6,70,77
21,68
5,26,84
72,88
43,88
78,82
15,35
76,94
56,85
24,80
24,41,66
15,33
56,62,93
59,69,73
29,34,83
51,74,100
6,16
30,73
38,80,100
7,35
12,29
59,67
10,16,71
15,49
31,80
5,32,50
6,57
57,93
12,29,98
13,56
52,57
22,25
35,51
30,62
24,68
13,30,37
44,96
40,58
12,93
39,98
76,82
6,48
25,44,88
12,64,68
44,57
68,76,98
34,54,94
58,73
70,96
21,73
58,91
6,15
4,59
45,75
41,78,99
2,19,85
17,21,29
2,30,58
37,94
50,75
14,76,98
37,61
48,65
27,60
29,34,54
76,98
21,35
18,40
22,90
12,35
6,62
4,34,51
40,46
5,15
72,95
53,81
20,65,85
50,51
17,36
34,98
53,73
14,35,50
12,54
1,42
52,95
36,87
7,18,67
4,59
1,42
35,81,84
12,87
12,16,26
60,61
32,47
44,57
6,87
31,44,59
44,71
37,71,89
1,75
4,49
28,77
50,61
33,78,89
6,44
49,86
40,69
1,66
8,93
5,67,93
23,38
31,74
16,21
45,52
2,44
49,89
34,71
50,76
20,84,91
52,71
70,97
25,32,88
40,74,94
48,56,81
12,26
7,9
49,66,98
26,79
3,46,61
43,93
42,74
38,75,84
28,84
1,7,75
5,26,27
20,37
27,39
5,21,40
42,73
74,95
51,73,84
4,65,100
47,93
25,83
8,82
56,64,98
26,33
58,63
54,77,88
5,11
31,35,91
55,96
1,51
45,90
30,82
28,63
41,87
21,23
19,29,34
37,54,94
35,61
11,26,99
62,68,78
47,57,79
22,96
55,57,63
30,61
6,63
28,66,71
38,65,69
10,34,45
20,81
63,76,79
34,74,76
36,97
78,91
2,8
4,86
40,55
29,45
4,91
7,23,100
23,59
40,85
55,95
1,80
38,98
57,71
21,65
4,49,50
70,76
26,72
33,94
2,90
65,99
6,14,96
15,83
35,61
61,74
33,53
76,79,98
55,68
26,28,93
52,84
5,6,99
13,71,76
87,88
3,61
39,61
10,45,81
55,81
42,91
36,73
14,60,77
28,99
51,59
17,62
1,74
23,74
13,17,33
37,72
12,64
37,41,83
28,63
39,89
9,80,96
66,98
67,69
2,19,60
43,44
48,69
61,82
36,38
43,44,77
33,49
23,56
11,52,99
57,83
44,87
1,23
35,52
42,65
48,58,69
34,54
44,87
3,31
19,61,85
31,46,58
3,26,29
18,95
17,53
33,37
15,34,49
83,91
55,69
50,91
4,9
80,96
48,74,75
19,50
27,98
51,84,93
5,88
2,43,63
79,87
15,64
12,53
22,77
30,70
20,38,42
14,26,50
2,21
37,49
60,78
6,53
61,82
14,43
33,71
55,77,89
30,86
84,85
7,92
12,13,30
20,38,42
40,69,73
23,93
35,63
22,47,63
14,26
44,47
12,74
18,20,85
17,54
36,77
45,61
25,53,66
57,90
44,60
8,77
22,95
14,35
5,6,97
18,61,65
83,94
13,37
46,86
93,97
30,98
35,73
74,81
13,45
34,44
42,66,75
10,12
22,52,95
2,38,87
54,94
19,31
28,63
25,36,99
12,76
35,41,61
77,97
7,81
9,58,85
26,45,86
86,93
65,71
5,44,70
8,57
29,30,54
35,84
46,69,80
9,18,100
35,86
27,67
22,43
6,44
10,45,98
49,56,94
44,56,94
69,75
17,64
6,96
35,58,91
59,84
56,71,92
49,54,78
58,61,84
22,91
24,79
2,88
6,39,55
10,34
28,32,60
37,77
7,31,85
19,39,70
12,61
19,22,97
7,48,61
51,67
39,92
19,26,55
37,66
44,72,88
15,16,66
69,85
5,39
11,80
62,74
13,81
5,22
21,33,49
13,34,76
75,91
44,70
22,32
63,72
19,42
2,95
20,66
24,54,81
90,96
37,47,98
37,78
19,91
63,100
14,92
6,97
3,18
33,49
12,49
32,97
66,68
51,67,73
15,68
15,46
8,11,19
3,18,50
26,99
42,80
67,75
14,37,61
84,92
16,30
26,47
33,36,48
13,76
70,88
24,54,86
17,83
37,64
65,74
27,35
33,56
5,11
2,12,73
46,68
4,48
90,93
8,63,72
10,53
12,20
38,51
11,36
83,92
18,31,40
4,23
30,68
17,93
6,90
47,87
34,68,82
56,87,88
1,9,23
38,66,91
16,29,73
28,32
47,89
22,88
9,52,76
44,57,77
58,61,85
12,89,94
72,87
35,48,58
1,84
35,48
2,40
81,94
26,75
25,88
2,45,81
31,38
1,31,38
9,50,73
53,64
43,88,97
57,71
63,97
52,87,95
5,57
4,58,69
14,95,96
38,58,75
10,15,61
77,86
4,46
41,98
19,63
9,94
62,64,76
14,39,60
15,68
30,83
25,63
28,60
49,80
79,87
24,71
39,93
67,80
1,80
46,85
71,81,92
2,95
16,26
56,64,86
32,72,81
4,45
1,16
52,77,88
27,60
49,81
5,24,42
2,6
17,81
44,87
21,27
30,53
7,75
74,84,91
46,50
3,85
19,77,82
24,34
8,26,90
53,70
39,50
49,53,98
2,5,63
29,66,83
3,99
