27,38
33,34,78
13,73
53,62
76,100
17,35
18,30,34
6,77,85
13,86
3,7
1,15
66,91
24,26,65
41,92
19,33,54
33,81
12,49,85
45,94
11,41
4,68
88,89
10,14
79,99
40,84
38,99
44,73
5,89
39,87
13,69
38,55,61
33,58,67
32,35,43
44,50
73,97
47,58
21,57,94
27,71,100
56,78
11,58
22,80,94
73,77,80
89,98
96,98
11,37
26,58,89
50,72
3,28,82
6,57
19,93
61,63
5,84
3,73
18,27
93,97
23,56
59,84
35,76,96
42,48
15,73
24,45,60
7,25,89
31,53
12,31,93
42,43,84
81,90
21,39,84
55,71,77
64,99
60,63
8,23
48,90
9,13,57
15,59
31,43
46,72,99
11,62
9,84
13,64
17,28
76,94
61,75
64,100
16,28
73,74
13,94
29,40
37,50,65
77,90
21,39,96
7,17,58
18,85
19,44
22,75
8,89
75,90
64,89
24,75
46,57
53,85
17,86
23,30
6,29,82
6,93
32,95,96
48,94
16,59
40,82,84
26,81
45,69
51,72
21,38,86
18,63
32,43,84
5,45
1,27
11,26
41,64
57,94,96
89,92
20,62,73
19,53,56
15,87
30,56
74,93
5,30,34
20,24
26,50,75
3,88
26,92
8,97
22,25
21,85
16,75
14,56
11,45,49
9,52,76
8,36,86
50,100
10,31
37,64
20,24
6,91
13,58,69
17,22
13,24,81
53,77
7,89
4,76
57,84,95
29,87
50,93
21,99
17,50
25,38
29,77,98
64,73
27,72,78
26,38,65
48,94
56,61,85
5,19
28,86,89
92,99
68,90,97
22,38
11,29,76
48,96
49,88
45,69
1,69,80
70,76
2,49,52
68,70
22,26
28,58,100
17,96
55,79
10,38,71
25,79
48,83
51,78
44,79
46,49
6,81
5,73
4,61
3,47,77
60,70
28,92
5,32,63
41,78
13,66,70
17,56
10,56
59,69
25,29
4,80
56,89
42,92
65,81
5,31
35,47,89
21,35
4,15,81
3,27
46,68,83
94,99
41,81
14,56
13,21
84,95
3,10,30
12,33,91
3,54
14,93
86,92
5,26
27,78
57,80
34,97
12,30,53
3,5
11,48
53,56
33,97
19,58
50,80
43,80
16,24
1,51
16,78
13,41,63
10,49,72
49,64
40,82
33,68,95
8,82
7,36,63
33,85
76,98
27,59
46,73
15,62,82
7,24,45
65,79,99
4,34
43,71
8,9,84
16,52
3,10,78
28,91
26,56
30,49,54
38,79
39,51
61,91,95
20,82,84
49,75,97
18,54,88
14,26
2,7
30,36
36,69,80
80,90
5,74
60,73
13,24
30,61,85
19,62
1,29
1,17,99
26,79
26,47,99
13,69,100
3,44
43,55,74
9,68
5,19
19,23,56
26,55
16,82
54,59
1,94,95
5,19,24
46,98
26,39
47,70,89
37,59
8,22
81,84
6,27,31
12,56,88
84,93
49,79,94
19,27
43,60
35,100
14,61
7,8,81
6,25
11,75,79
17,37
14,16,27
31,33,62
35,72
15,55,57
61,66
19,66
24,37
16,34
65,69,99
10,56,91
48,55
3,59
5,14,56
10,12
34,86
63,71
23,97
79,97
48,59
4,21
67,78
23,27
49,67,72
30,48
22,92
75,81
58,98
7,75
50,58
40,78,86
5,27
17,28
17,43,75
51,90,92
21,84
6,62
6,78
69,70
17,26
9,72
29,32,46
46,56,66
51,91
13,24
15,32,83
24,37
64,81,92
63,76
14,33,78
22,76,78
5,34,49
90,100
8,44,75
44,65,92
1,43,81
46,90
55,99
57,74
68,98
41,46
4,90
63,89
13,28
41,88
9,41
60,66
15,33
66,71
47,68
74,96
35,59
71,74,80
65,89
29,48,73
66,86
17,25,89
16,51,88
17,42,58
3,33
11,16
95,98
6,34
77,92
10,49,85
27,77
2,81
57,73
73,98
21,39
36,70
35,56
33,54,88
27,59,93
40,73
13,100
49,87
5,79
11,100
65,67
38,44
16,67
34,51
8,68
6,98
31,32
27,54
44,58
31,84
63,92
64,76
35,75
12,27
47,89
37,62
83,96
31,66
14,29,60
34,91
55,95,96
25,26
26,70
17,26,92
16,46
46,76,98
30,49
34,84
16,92
22,36,75
13,43,87
69,81
26,58,81
80,84,96
26,100
63,90
65,100
36,65
49,54,81
3,54,91
25,50,84
30,31,93
65,69
18,88
4,60,98
64,69,89
74,82
10,77,100
18,19
12,14
48,81
59,82
17,35
3,78
73,96
14,97
48,87
29,84
6,78
32,54
4,42
27,56
50,64,87
35,50,92
14,30
38,50,58
35,66,70
94,95
87,98
37,66,68
19,89
6,37,81
13,99
7,35
36,66
72,95
2,12,33
26,100
67,69
31,51,53
9,29,43
2,34
31,80
53,90
92,99
48,97
46,77
9,77
27,42
4,73
19,85
1,39
29,82
57,83
75,79
41,89
3,6,59
59,90
74,95
57,71
30,44,69
6,16,53
54,64,94
23,34
14,73
29,48,76
43,80
42,71,96
20,39
17,63,86
63,64
32,79
69,75
49,54
75,89
37,41
17,51,78
5,7
10,25,60
30,49
18,81
21,74,96
81,100
10,73
10,51
15,42,73
9,44,68
58,89,92
31,50,86
15,39
78,87
17,86
33,85
9,21,96
37,50,70
58,70
34,62
81,99
3,31,92
29,87
62,97
36,85
26,28,92
13,24,50
37,40
77,95
45,88
32,54,75
3,53,91
8,85
18,51,59
78,94
11,89
82,90
13,79
18,49
51,62,85
56,76
72,76
58,61
52,58
1,40,73
12,24,60
8,64
45,86
21,40
23,30,78
7,35
20,52
62,79
34,98
27,34,67
34,62
27,52
22,96
