44,74
17,24
58,92
59,83,95
61,62
31,42
45,65
30,47
7,62,81
9,11,70
17,49,93
23,77
31,76,95
10,81
29,52
26,68
5,34
36,40,67
10,56
14,82
18,37,91
18,98
19,85
12,14
54,60
49,69,77
34,42
3,62,70
24,38
44,57,60
2,8
6,42,97
28,37
8,36
8,52
50,87
38,92
16,92
3,16,34
10,69
45,73
53,71
4,69
40,47
58,65,99
19,46
29,39
6,42,63
23,30,56
6,29,36
49,92
59,68,88
77,88
12,15,84
23,98
19,46,94
66,82,91
12,44
32,56
16,35
4,78
10,64,98
3,38
32,83,95
29,89
52,70
36,51,56
68,89
16,38
7,27,45
13,30,48
13,84,86
38,81
36,72,99
64,86
42,67,88
34,65
9,24
17,24
25,88
8,89
3,11,87
13,64,74
31,61
12,61
33,41,42
37,63
9,58,62
1,16
15,39
4,96
24,61
90,95
30,79
30,93
15,70
15,88
27,62,70
28,39
61,92
12,96
2,18
3,5,38
24,26
7,61,100
9,16
68,76
55,91
24,65,81
19,42
11,23
28,86
15,61,68
26,48
59,87
52,99
44,85
35,60,85
33,43,90
6,43
41,83
40,73,91
15,35,39
33,40,51
77,98
37,48
43,66
55,90
52,90
59,79
69,74,78
55,83
17,81
14,46
82,87
6,62
44,85
6,43,88
30,64
28,37,63
8,81
5,24
6,54
18,75
46,89,91
27,51
63,69
41,42,89
38,62,99
27,65
50,59
17,22
13,96
59,76
15,79,84
29,41,51
45,50
64,76
57,89
45,53
15,79
7,61
25,73,88
38,44,57
4,63
58,82,100
37,69
10,13,24
55,75
13,17,41
21,23,98
61,84
49,54,99
27,42,49
21,84
1,51
38,58
45,75
36,59
16,26,79
19,43
15,39,48
63,97
2,58,84
6,88
19,36
43,75
38,53
21,57
60,96,98
39,87,99
77,79
57,99
9,33
9,92,99
83,89
34,38,61
5,34
46,76,97
48,63,77
24,43
25,37,64
13,86,98
65,71
71,99,100
15,85
90,95
33,42
39,74,79
9,77
45,53,100
6,33
50,73,89
14,60,72
42,75
39,56,91
2,46
81,82
12,60,77
56,85
15,74
4,56
50,67
49,80
6,52
57,66,69
3,60
37,53
51,61,91
23,84
14,48
21,98
64,74
11,13,18
9,45
2,32,67
61,87
14,93
12,30,78
83,97
53,85,87
34,39
17,27,38
5,49,58
47,64,79
10,69
19,96
43,73
47,64,72
28,35
60,68
17,83
33,36
38,92,99
83,89
25,47
23,62,100
74,76
24,82
18,53
16,26,92
22,69
37,44
25,37
45,53,82
23,25
47,77
6,22,50
10,12,35
38,92
19,54
68,96
18,36,88
53,70,92
1,2,17
40,66
57,76
88,89
55,57
51,59
35,85
43,95
2,71
30,74,84
19,28
43,51,75
5,9
17,26
26,91,95
19,54
6,75
25,35
3,9,99
34,92
23,57,79
4,41,42
13,81
59,72
26,62
2,59
75,95
33,51,61
34,82,92
25,43
30,60
22,52
21,28,67
5,34,35
62,100
17,62
12,14
47,87
40,41,83
26,53
45,67,82
19,42
50,88
24,53
3,8,78
69,77
1,38,80
31,79
23,39,44
27,57
8,72
46,52
3,16
1,74,82
37,64,96
47,51,82
82,84
6,33
5,19
75,93
77,86,95
5,82
5,90
18,50
55,87
47,66
10,35,60
17,82
60,63
8,68,96
30,49
21,66,73
3,63
22,46,76
1,19,20
10,28,74
45,87
33,75
16,70
38,61,65
20,65,80
24,87
62,65,87
4,70,77
30,76
21,35
3,17,53
48,84
22,46
43,73
29,40,66
58,67
75,91
17,27,45
18,40
18,45
29,100
16,92
13,35
4,98
25,85,86
19,42
46,93
4,69
91,97
32,49
6,33,67
92,100
20,63,99
34,64
58,92,99
9,87
12,33
17,61
14,23
55,67,93
48,55
29,94
31,67
43,54
6,8,42
43,75
3,11
39,44,84
7,100
23,84,98
52,83
22,46
10,81
6,12
13,31
22,77,83
1,3
34,38,45
84,92
51,52,66
55,73,83
89,95
60,78,98
33,54,95
40,75
40,43
4,21
32,42,96
14,78
12,39
15,23
2,39
22,67
22,42
32,51
8,53
16,99
28,80
87,88
75,85
9,99
5,38
39,49
13,74
1,91
16,82
17,99
59,94
3,94
25,60
73,89
35,63
4,49,98
52,83
10,13,60
46,76
29,61
66,83
25,75,79
50,76,94
12,98
28,69
43,67
88,94
22,67
6,33,36
38,61
73,80
13,49
50,55
19,31
40,88,91
32,75
37,86
24,77
22,32,90
5,38
81,82
26,27
1,40,58
4,12,96
30,84
48,74,86
26,70
14,49,79
27,61,87
33,52
78,86,95
88,94
6,19
4,23,69
25,54
4,15
25,48,69
38,58
89,94
60,63,72
55,73,97
36,46,93
70,99
23,85
15,72,77
15,79,86
16,30,48
12,92
64,69
31,51,73
77,78
31,43
10,69
51,59
37,72
4,95
35,39
43,67
50,73
12,13
21,79
43,93
4,75
14,61
6,76
14,57
13,28
30,35
5,65,70
23,49
4,57,72
4,50
66,89
8,14,16
80,86
9,99
50,95
47,89,90
2,40
15,85
40,60
17,97
53,80
70,94
4,90
3,87
17,80
28,85
83,95
53,61,82
17,65,87
8,34
22,40
34,82
26,39
1,38
5,9,27
2,76
25,66
70,72,73
15,78
62,70,100
57,86
36,92
66,68
58,92
11,24,65
15,21
7,35,86
7,9
25,56,84
83,99
10,80
21,47
29,33
37,69
43,72
21,45
9,27
41,46
62,85
69,74
30,43
55,88
13,64,71
45,87
1,74
21,65
