27,41,48
12,26,37
21,26,38
3,27,33
25,31,37
2,35,45
20,36,49
13,27,44
5,23,42
10,35
12,16,39
14,24,46
11,32
8,41,43
8,39,41
1,26,38
10,43,49
11,24,33
4,20,48
9,35,38
15,22,37
3,40
25,41
1,33,46
9,36,39
24,26,33
1,6,26
10,19,30
1,30
5,15,28
7,33,37
33,40,46
12,30,34
13,14,45
6,23,31
27,44,46
10,27,38
2,9,15
2,9,45
7,12,16
27,44,46
10,12,34
6,9,42
28,44
6,9,32
49,50
21,46,47
16,21,29
1,14,26
20,24
2,5,22
12,33,44
14,47
22,35,37
25,32,42
16,29,50
13,44
26,27
2,35,45
17,20,30
28,45
11,32,45
6,22
13,27
1,29,38
38,40
3,14,33
23,29,39
16,19,49
18,35,42
22,42,45
30,39
1,38,46
22,28,35
16,17,43
41,49,50
15,16
11,15,18
17,20,30
11,31,42
19,34,41
30,41,50
2,5,23
22,23
18,25,31
13,26,47
11,13
15,22,28
10,44,49
20,23,48
5,42,45
42,45
5,45,50
13,45
21,26,46
25,30,46
34,41,50
3,33,47
42,44,49
18,22
12,16
26,27,34
25,29,43
13,39
9,37,44
4,8,34
20,37,39
17,29,49
31,48
28,35
15,19,47
10,29,36
4,15,32
18,37
17,34,37
30,32,45
3,47
41,43,49
29,30,45
15,45
25,28,37
24,26,33
18,23,45
33,43,45
2,28,31
8,20,29
4,6
24,29
1,13,26
12,29,39
3,38
3,10,37
19,29,43
27,33,36
7,41
1,14,44
2,5,6
37,39,49
2,6,37
22,24,35
3,13
1,26,44
7,36
31,35,42
26,48
20,34,43
18,28,45
3,14,44
14,40,47
20,39,48
3,26,27
36,49,50
1,26,44
21,39,42
2,9,10
1,6,10
31,37
1,26,40
4,48,50
17,36,50
2,19,33
8,19,49
14,15,31
2,6
24,47,48
24,40,47
14,27,47
42,47
17,27,41
7,20,50
13,18,32
15,28
21,44,46
3,5,21
5,23,45
2,22,40
8,43
3,45,46
18,22,42
6,9,42
17,22,35
20,29
1,39,40
2,15,23
4,17,49
19,36,43
21,26,40
13,21,27
23,25,35
21,33,47
29,43
3,24,34
10,48,50
13,44,46
10,12,30
2,15,31
12,30,36
7,34,43
34,36,50
9,28,32
4,32
32,38,50
25,35,49
11,15,45
5,6,23
1,14,21
22,35,42
8,48,49
29,30,34
7,14,22
11,37,45
1,41,45
1,24,38
12,19
3,25,31
21,38,44
12,30,34
11,15,45
5,44
9,25
24,48
5,28,37
15,33,44
6,10,47
2,37
2,15
23,28,32
24,45
17,24,41
10,36,39
10,19,43
19,32,45
28,37
12,34,50
13,33,40
5,15
10,21,48
11,23,42
1,24,44
13,44,47
1,27
28,37,45
4,29,50
15,23,45
1,2,34
4,10,49
2,23,28
22,37,45
29,39,48
33,40
3,27,46
14,21,47
19,29,30
9,45
10,11,16
1,40
31,45
18,32,42
1,21,23
21,35
38,40
20,35,41
24,41,45
24,38
6,16,43
26,27,44
24,30,49
23,28,35
3,14,24
24,26,29
14,38,47
26,27,40
28,35,43
9,30,39
2,37
29,36,41
16,25
20,23,37
21,38,47
27,38,40
26,46
6,8
19,20,38
