26,28,37
4,6,49
2,9
23,25
26,36
1,6,37
28,48,50
4,20,47
15,23,36
3,45
17,33,36
23,45
12,15,23
13,34,35
7,49
30,41
6,21,32
3,8,31
5,18,30
6,37,45
12,39
33,48
8,16,23
12,31,40
5,28
1,5
4,22,35
2,3,23
7,32,43
12,27
33,49
17,22
11,38,48
31,48
3,12,30
17,35
1,19
14,27
25,43,47
1,38,46
31,45
21,44,50
1,19,34
26,27,34
4,49
24,30,41
17,43
24,31,36
15,30,48
35,49
24,31,43
12,22
7,21,32
9,31,45
19,35,48
22,30,42
35,37,47
10,34,44
15,22
30,41
4,7,11
31,36,50
17,26,38
1,16,20
45,48,50
5,20,30
38,46
15,25,41
33,41
5,12,38
32,47
15,18
17,29,35
11,21,43
25,26,34
10,38,46
4,7,43
27,50
15,42,50
3,37,45
10,20
11,21,43
28,44
36,37,41
19,42,47
5,24,49
25,38,50
6,20
9,31,45
7,13,20
23,32,50
31,44,46
6,14,45
31,36,45
10,27,34
6,49
22,36,42
3,5,36
7,21,43
16,35,44
2,24,45
27,43,44
18,19,39
20,33
10,18,35
20,27,34
10,13
1,14,18
4,11,49
6,14,28
6,7,9
27,30
11,49
13,25,48
19,25,29
18,34
20,24,47
22,31,45
6,32
23,37,41
8,39,48
6,14
14,27,29
16,18
7,11,49
19,27,38
2,24,41
35,43,44
6,22,46
32,43,47
2,12,24
18,25,48
13,26,34
5,16,33
2,30,43
6,32,43
3,40,42
41,48
25,28,35
6,19,40
19,28,38
25,29,50
5,36,45
1,50
2,15,45
7,21,47
13,17,38
20,26
13,17,46
1,38,44
20,44
16,20,25
29,31,45
6,32,43
3,12,36
2,30,47
24,49
6,43,47
8,24
5,13,38
18,44
22,30,41
23,37,40
22,33,37
6,7,43
20,44,47
18,26,50
11,22,42
23,45
31,42,48
10,35
5,13,20
11,21,32
7,13,19
12,30,37
8,33,34
24,38,40
22,33
23,49
6,41,47
13,23,26
12,18
12,30,33
28,30
17,41
4,47
18,38
22,30,40
21,32
8,40,45
12,15,36
5,39
6,43,49
6,21,47
7,21,32
9,45
9,44,50
4,11,47
31,44,49
8,15,41
30,36
25,35
10,31,44
4,11,47
26,46
8,23,32
13,19,34
32,43
14,19,29
27,29,44
8,25,32
29,33
4,7,21
10,17,27
16,18,39
18,22
17,18,20
7,11,21
23,30
8,38,43
20,37,40
20,38,39
18,19
29,34,36
3,30
16,17,20
14,27,35
8,20,35
10,13,46
8,22,23
13,35
6,21,47
33,40,41
3,24,31
19,25,35
4,43,47
3,42
6,21,32
39,40,46
20,26,50
3,40,48
21,49
1,5,26
20,44,50
7,11,47
16,23,25
20,25,38
32,41,46
8,15,40
2,36,45
10,20,44
9,12,30
23,26,41
4,11,32
38,39
38,47,49
11,43
7,8,24
25,46,50
1,41
15,30,35
2,30,45
21,29
21,34,49
6,32,43
19,20,35
13,18,37
43,47,49
3,9,24
25,34,37
5,6,25
14,50
2,42
9,19,39
8,30,48
37,44
1,20,21
7,21
13,19
17,46
31,35,50
7,32,47
7,47,49
