11,45,50
5,10,12
24,35,36
29,31
14,29,47
32,42,45
23,33,39
4,6,34
14,22
44,47
15,16,25
3,27,33
10,29,38
2,11,42
8,22
10,19,31
14,22,23
14,19,49
21,44
8,31
11,36,48
6,10,13
20,41,46
35,48
9,30,36
9,31,38
1,14,39
25,33
3,28,30
23,33,49
17,24,35
15,26,29
4,28,50
15,41,47
2,3
11,27,44
14,17,30
3,9,43
26,31
2,42,48
5,19
2,19,42
9,30,35
10,13,48
8,19,49
8,23,49
5,40,45
6,19,44
4,15
17,19,40
27,41,44
21,46,50
1,21,42
32,44,49
29,32,50
23,31,40
11,47
4,36
14,18
13,23,45
29,45,50
1,30,41
13,25,37
27,41,42
5,49
7,25,29
14,22,23
2,25,41
3,49
9,14,32
25,45
5,24,39
6,7,34
14,39,44
34,38,46
10,40
25,26,32
22,29
12,33,49
9,36
3,27,41
32,40
37,41,44
18,20,28
25,27,37
11,42,50
7,47,48
44,49
13,26,48
23,33,49
8,12,14
13,32,41
16,47,48
17,18
8,25,37
3,28,38
3,32,49
34,38,43
16,26,44
14,33
26,29,50
7,15
24,28,35
20,35
13,35
1,33,49
1,6,23
6,15,39
7,27,41
19,31,39
29,38,43
16,42,50
8,10
18,30,46
17,20,28
15,25,42
18,32
1,10
3,27,47
24,31,47
16,22,33
23,40,49
10,23,33
9,20,44
2,25,27
5,20
24,35,46
4,19,44
23,33
12,17,38
9,24
36,46
10,31,40
34,38,46
27,42,47
20,24,42
10,19,33
11,27,29
12,19
9,10,42
6,36,38
34,43
11,37,41
8,10,23
14,28,33
25,48
13,41,48
2,32,42
16,22,29
5,43
10,14,21
10,23,40
20,25,26
1,28
5,10,21
19,33,49
33,47
14,19,39
8,9,13
6,18,43
19,23,40
4,20,35
4,13,46
20,42,46
5,16,38
3,6,9
13,33,39
22,27
8,49
22,23,39
21,33,40
6,38,46
4,41,45
19,24
10,40,49
27,47
15,41,45
13,30
25,36,43
14,32,43
6,17,35
3,43
15,37,44
1,8,10
15,19,48
7,31,37
1,12,44
2,16,25
23,41,45
3,14,27
5,11,25
11,19
30,37
18,28
18,22,29
7,13,44
23,30
12,14
2,25,41
11,22,26
24,47,50
46,48
14,19,49
12,23,39
12,22
9,17
45,48,50
31,39
36,38,46
33,40,49
10,21,31
3,20,29
37,47
4,6,18
32,44
3,18,35
16,41,42
19,39
37,45,48
11,26
26,37,48
13,25,49
15,16,27
11,12
10,22,40
37,47
10,19,40
6,38,46
7,18,26
22,40
40,41,45
22,24,42
5,10,19
17,28,46
17,30,49
2,42
1,16,43
10,21,31
14,22,31
7,11,26
11,14,21
17,24
10,39
30,33,44
7,20,30
34,43
8,31,32
17,38
28,46
20,28
4,36
18,35,43
19,23,33
3,9,38
20,27,34
10,30
2,7,13
7,41,50
17,49
32,37,47
35,42
4,18,36
31,41
13,25,48
14,21,31
18,34,43
16,47
2,21,37
12,38
42,46,47
23,26,46
20,41
1,5,19
22,27
2,45,48
17,26,49
47,50
3,24,30
7,15,37
2,7,13
13,42
11,44
35,36,38
