27,32,38
17,36,48
3,7,24
14,19,43
5,41
19,32
4,9,50
41,47,48
9,47,48
6,41
9,11,30
40,43
6,48
5,27
42,46
16,17,29
6,23,48
13,31,32
10,12,33
26,32,47
3,24,33
11,43
15,23,38
10,14
5,23,32
2,28,38
27,39,45
22,44
26,47,48
3,12,35
1,38
20,29
28,43,49
17,21,30
18,40
29,43,49
8,13,46
1,6,41
10,31,37
8,9,45
22,43,44
2,5,6
12,35
26,38
3,7,33
29,37,41
5,36
39,49
14,40
13,35,49
23,37,47
2,38
31,46
35,46
1,33
27,41
4,14,43
6,25,48
12,15,42
20,30,49
7,24,37
31,35,47
8,13,39
2,23,26
7,15,44
17,18,43
5,18,39
6,26,41
14,30
6,47
17,46
1,26,38
15,35
1,32
23,25,41
30,49
23,25,48
1,6,38
8,14,40
1,5,32
35,44,46
4,49
23,47
17,43
5,41
6,32,48
6,23,32
26,48
27,48
7,20
1,23
2,23,27
7,33,35
28,44
18,28,45
5,26,27
4,30,38
35,42,47
3,7,12
14,21,40
10,42
5,38
23,37
36,40,46
17,30,48
13,30
21,36,45
24,26,45
1,23,27
10,42
3,15,42
18,38
1,7,13
3,17,45
13,43,50
4,23,40
5,26
5,23,47
8,9
18,25,34
7,15,44
31,34
20,41
2,16,20
4,47
3,37,44
15,24,31
5,18,36
25,32,41
3,31
22,38,39
18,33
6,38,41
17,28,29
5,25,48
18,22
1,25,47
23,28,32
3,12,19
19,33,43
4,11
30,41,48
13,40,45
25,32
27,47
12,44,45
11,40,50
19,32
20,25,44
4,19,41
12,13,14
18,19,29
4,19,29
3,37,44
11,17,39
28,32,38
3,42,45
7,10,37
28,43
3,12,48
8,29
5,32,38
35,42,45
7,33,42
10,19,49
9,18,29
22,30,43
20,45
5,47
6,26,32
17,34,50
1,33,43
9,10,38
2,28,44
13,14,49
4,40,50
12,23,43
1,25,26
33,35,37
12,33,37
3,34,45
26,27,38
9,19,20
1,23,41
7,30
23,32,38
3,39
7,10
11,34,49
16,36,49
10,15,33
17,21,22
15,26,27
31,42,46
41,48
1,32,48
19,36,47
8,22,40
1,5,26
12,33
5,23,47
5,25,41
37,46
2,5,34
5,12,39
19,30,43
12,43
5,32,47
6,25,32
7,24,33
9,19,31
3,11,25
17,29,49
29,30,40
1,38,48
10,46,47
18,30
23,41
7,13,23
35,37,44
12,44
4,29,46
6,36
4,7,30
4,17
5,38
7,31,44
20,23,24
25,48
5,23,32
27,41,47
3,37
6,14,41
10,42,45
29,40,50
5,34
6,17,28
25,41,46
4,20,35
6,25,48
10,29,41
11,18,19
6,27,49
8,41,46
1,35,48
13,30,34
26,32
11,14,41
11,48
5,6,23
7,26
13,37,40
2,31
19,20,43
2,6
24,31,46
8,22,34
28,29,43
32,38,41
4,34,36
11,30,50
22,28,49
21,35,41
11,27,33
9,20,49
35,37,45
11,31
24,31,46
24,44,46
3,44,46
13,14,22
20,21,23
35,42,45
10,22,38
3,10,24
5,21,36
11,29,34
33,42,45
13,17,33
21,30,44
9,16
5,26,41
12,42,45
