16,31,34
18,43,47
12,24,33
9,24,32
10,44,45
22,35
27,50
27,50
34,39,40
5,11,44
3,26,35
2,11,16
35,48
4,8,38
26,30
3,7,9
9,10,25
26,33,38
15,37,40
3,30,41
8,33,38
18,20,43
18,19,34
15,25,40
13,39
10,14,35
9,40
10,20,35
46,48,50
9,22,50
25,44
29,35,49
9,31,44
2,23,44
9,12,35
34,40
10,25,44
26,28,33
24,36
17,20,42
5,23,37
12,28,37
26,32,33
11,21,34
27,32,42
25,49
19,20,43
5,18,23
15,23,36
20,26,36
23,49
7,20,22
8,33,36
21,26,41
30,42
6,25
28,32,42
20,43
7,24
19,20,46
21,34,36
12,43
11,21
11,18,31
9,17,22
6,9,36
9,10,50
13,32
17,23
3,33,38
8,28,33
4,16,39
2,5,38
3,8,27
8,26,38
4,37,46
6,27,41
12,44,48
5,12,41
5,7,36
21,37,42
25,35,43
19,27,37
8,32,33
5,23,37
21,23,24
13,21,31
12,25
10,14,49
6,8,27
35,44
32,37,38
6,8,38
2,7,11
4,24
21,23,50
3,17,50
7,21,22
1,26
26,27,42
3,33,38
15,20,31
2,4,41
1,6,43
14,15,43
6,12,21
28,32,38
8,27,41
33,42
8,10,12
25,29,37
27,33
23,34,40
11,18
1,38
19,37
8,24
8,10,40
2,34
1,18,36
19,48,49
28,32,38
8,28,38
7,37,39
3,8,23
6,26,38
14,19
5,7,37
11,34,39
17,25,43
6,43
9,28
2,38
2,23,40
5,15,21
18,21
26,28,30
11,16,35
35,49
3,35,46
17,20,50
28,33
2,34,40
12,14
10,20,22
34,49
2,16,21
11,23,36
22,47,49
29,43,45
9,36
8,32
6,26,28
26,28,42
15,24,25
21,39,40
13,34
28,41,42
29,50
11,18,23
19,21,49
4,11,19
14,20,46
11,12,13
13,31,39
3,5,25
9,43,45
6,7,26
15,35,45
34,37
7,20,48
7,25,50
3,26,28
7,31,50
7,16,40
21,23,37
46,48,49
12,29,43
3,7,47
10,29,43
2,8,30
23,36
15,36,39
9,31,43
20,28,29
9,35
17,46
2,22,41
15,30,38
7,31,39
31,33,40
1,10,25
9,25,47
25,47,48
34,50
17,48
3,13,21
15,44
8,26,32
43,46
10,45
7,11,39
3,38,42
10,19,48
26,33,42
13,16,46
8,33,38
12,20
2,15
6,9,11
2,12,28
28,39,40
22,25,43
13,37,40
3,30,41
20,25
6,20
11,36
5,16,18
37,39,40
15,34
14,47,49
21,23,39
10,20,43
6,27,30
13,38,50
4,18,40
4,31,40
1,39,41
2,4,24
30,33,42
8,27,42
5,18
3,8,32
1,9,36
27,33
5,16,23
19,20,48
3,30
30,32,35
5,18,36
18,21,31
4,13,23
25,45,46
4,5,44
26,27
27,28,32
14,26,37
15,36,37
6,9,13
30,45
5,23,39
7,29,49
25,47,50
3,6,33
4,23,24
2,18,36
4,11,17
3,23,44
9,19
10,25,48
32,38
7,23,40
8,27,32
12,24,50
17,36,43
27,30,41
5,32
2,24,44
8,31,49
10,14,49
5,36,40
17,21,23
14,27,43
6,27
19,26,45
29,39,42
9,14,47
5,31,37
14,29,43
10,20,41
13,18,36
11,13,36
