23,27
3,10,28
4,7,39
36,42
24,36
1,25
11,48
21,22,29
9,18,45
6,25,30
22,25,44
10,25,35
1,41
12,34
4,13,14
6,7,35
13,27,47
2,19
3,12
9,22,38
3,27,46
9,10,22
32,38
3,20,24
11,36,40
36,42
9,35,43
7,9,45
4,12,50
14,22,23
15,24
7,9,16
12,21,27
28,41
3,7,10
5,32,40
12,27,49
7,9,31
29,34
31,42
13,19
3,13,50
6,15,16
26,41
21,27,49
2,8,36
9,22
34,46,47
10,43
4,27,50
33,49
13,28
1,5,11
21,36,49
2,11,41
3,46,48
7,19,40
32,44,45
7,10,44
32,34,42
18,26
1,11
20,36
1,3,40
3,12,46
44,45
25,30,33
6,20
2,8,48
13,20
3,13,17
18,25,38
23,27,34
32,41,50
21,46,47
29,40,42
12,21,50
30,35,43
10,16,43
6,21,37
23,34
16,26,42
26,32,48
33,38,44
14,34,47
11,28,30
6,24,26
11,24
6,9,31
13,21,27
12,23,38
16,44
13,50
29,36,48
4,12,13
23,46
2,26,41
8,11,50
3,23,46
16,18,25
8,41
26,48
24,44
7,37,44
19,29,36
32,48
12,27,49
19,36,48
19,26,36
5,40,41
13,27,50
9,37,40
11,20,42
25,30
24,45,47
13,14,27
7,20,26
13,25,35
1,26,42
12,14,27
18,30,45
10,32,35
19,36
20,37
22,33,43
18,32,35
3,37
27,49
1,19,24
15,35,45
6,7,27
2,40,45
24,26,28
4,34
12,21,50
28,36,41
24,28,42
33,38,44
1,40,42
27,35
21,34,49
1,37,39
23,49
13,23,27
3,19,23
5,15,16
16,17,23
26,28,42
4,12,17
10,18
12,25,50
25,30,32
1,36,40
13,17,46
9,23,49
4,12,34
10,30,38
33,35
19,36,41
20,29,48
8,24,41
11,28,36
2,11,29
2,20
1,28
15,48
32,44
19,29,37
11,19,48
19,20,36
6,24,32
2,37,48
20,24
18,43
46,49,50
6,30
13,23,47
32,46
20,24
1,8
1,21,37
11,20,48
13,17,50
15,32,44
36,39
2,37,39
19,28,39
34,42,45
12,13,50
11,22,28
8,11
8,31,38
18,33,43
24,29,42
13,25,36
18,30,45
14,28,49
20,22,40
23,32,34
16,39,44
8,36,48
18,26,33
25,40,49
47,49
24,40,48
12,38,41
15,36
13,33
11,42,48
35,43
14,46,49
20,28,29
28,41
3,11
3,27
24,41
31,43,47
1,19
42,49
7,29
19,23,36
3,17,47
41,42,47
31,43
15,18,43
12,28,33
14,34,50
10,15,38
6,30,37
9,44
3,7,49
13,25,43
26,36,50
1,27
3,13,27
13,14,17
6,9,30
2,20,40
9,10,15
4,21,23
22,26,29
32,44
34,39,43
3,8,10
28,37,39
4,13,23
10,14,37
8,24,37
11,24
22,25,38
15,25,45
2,40,42
8,20,48
1,17,40
15,24
36,40,41
33,45
5,15,30
10,30,33
2,21,25
2,36,37
34,49
22,33,42
12,50
8,48,49
5,15,44
3,10,44
31,35,44
19,24,26
11,37,39
6,20,48
16,44
13,17,43
2,5,10
14,34
20,24,41
28,41
17,24,35
29,40
16,25
23,45
14,46
3,23
