17,20,37
7,12,41
6,18
5,8
9,22,32
21,26,49
23,50
3,10,14
41,43,46
9,27
22,48
18,41,49
4,24,25
9,26,48
10,39
22,23,27
21,29,38
11,22,28
24,26,27
5,22
3,30
29,37
11,22,42
13,34,49
31,33,50
2,31,37
1,24,36
30,38,40
38,41,45
29,42
6,33,49
15,25,40
33,37,50
5,23
21,32,36
2,3,30
2,8
18,37
11,29,42
6,32,43
11,16,43
8,24,50
4,12,49
6,34,49
34,43
23,25,26
19,32,48
17,24,44
4,13,18
13,18,24
37,46,50
43,44
2,40
8,34,45
9,12,34
17,30,37
28,40,50
25,42,48
10,50
9,21,25
1,22,44
21,31
13,26
5,14,42
24,26,27
28,34
18,21,48
7,47
4,5,17
8,18
10,17,50
10,18,42
9,28,32
21,22,27
12,19
16,22,45
6,27,30
21,27,36
3,15,40
33,43,48
3,44
5,36
6,14,32
10,30,37
3,38
12,30,47
15,38
8,39,45
22,29,32
12,35,50
1,22,41
7,13,35
17,33,38
11,24,25
21,24
3,10,38
11,16
16,23
6,8,34
6,25,34
23,28,42
1,23,29
37,38,40
13,18,39
2,38,47
41,46,49
5,18,46
11,14,48
14,20,37
2,7,30
29,35,40
9,16
12,46,49
13,16,30
14,28,30
17,30
19,32,42
18,43,44
5,31,47
27,31,44
26,31,45
4,41,49
4,9,49
29,32,48
20,46,47
41,46,49
14,40,47
7,12
1,17,34
7,35,41
16,22,46
16,42
6,9,40
35,44,46
7,41
17,47,50
21,23
5,22,39
5,27,28
2,15,17
7,10,15
6,18,43
16,28,48
6,14
1,24,32
3,30,47
11,32,45
3,47,50
24,27,29
6,43
21,27,28
5,6,12
4,14,16
10,38,50
3,20,30
12,13,35
9,40,43
41,43,44
5,39,41
3,20,34
7,40,50
30,40,50
3,32,50
3,31,47
5,20
8,16,21
10,24
6,29
7,34,46
4,13,39
7,45,49
4,6,7
18,35
32,48
3,38,47
22,26,27
38,41
12,13,44
2,19,48
22,23,42
8,18
38,39
30,40,47
23,36,39
28,40
35,45,48
4,34
16,42,43
28,36
12,16,35
21,42,49
30,31,33
22,44
21,25,32
20,25,36
7,27,42
5,35,41
19,22,48
7,13,44
22,25
4,11
6,39
16,37,48
4,34,40
2,33
3,28,38
4,5,13
10,31,40
3,15,31
16,25,32
6,45,49
1,21,24
12,38
3,30,33
19,33
10,11,47
17,20
2,24,30
28,29,42
6,34,49
7,29,43
4,38
22,26
6,44
1,23,31
2,17
16,28,36
22,41
37,47
4,15,37
4,23
3,4
2,16,22
8,49
6,35
27,28,42
26,36,48
7,13,49
36,42
21,24
3,31
10,42
7,13,23
1,30,35
16,26
33,40
37,38,50
20,31
20,27,47
2,23,35
19,36
11,19,28
32,40
2,14
18,47,50
10,17,37
7,16,47
46,48
13,25,36
7,34
39,46
3,15
44,49
2,30,31
14,20,50
1,23,27
30,44
1,42,48
2,37,38
22,30,42
4,31,36
25,29,36
9,34,47
1,9,28
4,19
4,39
6,7,18
2,33,37
18,22,23
30,31,47
26,36
34,35,45
8,26,33
