3,18,19
13,17,28
11,13,14
14,22,50
2,5,26
35,36
2,36
10,19,38
8,9
8,9,34
16,21,22
7,30,37
25,30,41
10,32
1,15,33
4,36
3,20,34
1,15,30
19,23,25
27,43,48
16,27,32
35,36,38
9,41,45
1,24,41
2,4,40
18,35
23,33
26,39,50
28,39,47
5,12,44
13,14,29
11,16,32
20,32,41
32,43
7,40
9,20,25
3,37,41
1,7,36
14,32,43
26,36,40
11,14,29
2,31,35
6,50
17,39
3,15,41
11,31,36
15,34,37
12,46
22,48
16,26
10,21,22
2,14,45
7,35,50
8,23,27
20,34,42
11,13,48
31,35,46
19,25,30
6,11,21
26,39
13,21,48
1,8
9,34
2,17,44
5,17
26,39,45
30,33,37
4,18,38
2,5,38
12,46
23,35,46
15,33,37
6,11
16,19,38
21,27,32
34,39,50
23,30,33
5,11,14
22,37
21,50
24,39
18,24,46
6,34,47
13,32,49
29,30
8,30
30,46
18,19,46
4,19
20,25,34
8,23,49
16,22,27
14,23,44
22,24,38
28,36,46
5,14
8,37,42
3,33,34
27,32,50
22,49
38,43
5,36
3,36,39
10,13,49
4,47
10,24,43
23,39,45
7,18,48
8,30,33
27,34,43
1,8,25
27,29,32
8,39
31,41,48
14,25
31,35,47
4,28,40
6,12,13
20,41
2,4,47
9,24,37
8,40,41
23,24
6,27,29
26,36,39
21,28,36
13,14,49
6,10,22
19,34,37
6,18
17,18,35
30,50
26,38,44
2,17,38
25,27,42
36,38
13,14,32
3,8,37
10,14,29
18,26,36
27,28
19,25,37
24,32,35
29,32,43
17,18,46
29,30
10,16,32
6,14,22
6,10,11
28,29,30
22,43
18,45
13,28
21,23,44
40,43,45
7,9,24
19,37
14,28,48
10,22
9,21
4,45
17,18,40
10,17,42
36,46
9,15
8,19,45
9,19
5,30,49
8,25,44
10,21,32
2,3,9
31,39,40
7,24,34
17,26,31
13,29,35
10,21,29
14,29
4,38,45
1,19,40
7,8,9
7,22,49
15,37
7,50
6,32,43
13,16,21
19,41
9,23,33
1,7,8
18,30,39
28,37,38
1,7,8
1,7
14,17
21,24
35,40,44
4,9,15
7,46,47
8,39,50
44,45
3,8,42
9,19,41
27,42
4,12,40
1,15,25
13,22,29
18,22
35,40,44
5,13,39
16,30
7,9
24,39,41
1,23,34
6,27
21,43,50
19,20,49
3,19,24
31,38,40
31,36,46
41,45
18,45,46
3,7
8,20,21
26,31,40
21,25,49
6,48,49
14,45
36,40
20,36,47
2,45
1,31,41
19,20,24
11,36
18,39,47
6,21,49
1,30,34
36,40
26,36,39
11,22,48
10,26
1,19,41
15,34,43
4,44,45
14,16,43
25,30,42
39,40,44
3,37
29,42,49
10,20,36
17,18,31
2,10,30
11,43
2,17,39
22,32,49
9,10,40
39,40
17,18
6,50
1,34,40
12,17,26
11,22,29
1,4,12
15,18,38
10,13,21
11,38,44
1,12,25
16,22,27
30,43
4,16,18
27,32,46
1,24,37
12,45
13,21,22
6,11,48
10,14,32
18,44
3,33,42
5,12,44
15,30,42
10,21,50
23,41
8,24,41
27,43
4,38
