2,35
13,205
53,67
3,117,397
62,85
15,340
15,329
86,162
7,181,452
73,444
161,238
7,9,21
95,136
48,120
17,69
16,18
65,184
358,495
11,19,41
5,60
1,317
5,67
44,426
17,49,91
5,45,123
3,313
26,481
4,407
1,40,71
129,167
49,60
72,135,396
24,115,263
96,114
8,17
7,146
8,54,392
55,468
28,36
51,256
52,279
112,202,498
26,63
21,40
18,100,488
26,355
99,486,496
84,272
10,36,42
3,74
1,280
234,465
26,132
1,4,45
208,291
26,70
462,472
7,27
27,228
76,104,360
42,137
5,84
10,223
9,13
7,9
45,226
4,418
11,31
338,405
37,314,421
14,58
1,4,29
186,342
6,47,54
37,63
309,463
2,13
47,85
197,404
61,175
64,451
69,97
12,175
7,151
16,81,477
4,31
127,414
2,443
41,56
1,147
20,294
9,250,368
150,354
39,216
58,117
13,89
5,171
23,479
22,138,157
45,372
101,247
59,72
7,133,299
30,32,284
15,203
22,30
22,164
103,231
81,91
81,204
3,384
6,7,482
1,4,24
43,121
12,454
67,207
230,415
75,359,455
1,2
11,268
161,499
3,221
11,33,287
6,104,387
55,199
27,94
2,128
87,311
5,34
33,320
100,109,140
168,282
1,87,434
60,381
386,437
129,190
20,242
5,21
5,192
2,420
371,497
37,158
9,448
19,159
13,82,143
1,50
125,156,475
47,135
42,347
14,335
152,235
5,23
170,310
25,341
9,351
88,217
2,153,469
13,112
25,101
10,19,131
16,64
15,301
20,457
10,265
8,30
49,130
6,306
10,17,276
7,100,406
34,101,379
13,39,237
8,328
43,270
193,423
62,106
27,92
111,433
47,232
93,356
7,119
148,332,378
139,435
20,80
116,298
59,459
44,361
11,46,54
68,106
20,99,185
6,33
89,177
1,24,132
19,169
24,63
69,166
321,449
29,391,410
1,36
11,170,225
51,105,174
11,15
12,53
1,7
1,25
9,14
14,102
67,98
16,21
78,240
31,35
21,478
169,285
376,429
92,122
21,382
28,63
219,303
130,195
136,401
144,296,337
80,172,442
5,352
14,115
40,209,357
200,210
52,273
3,58
13,344,411
15,31
1,4
25,30,165
133,253
38,68,315
68,137
249,286
82,400
125,165
14,343
3,107,241
4,37,86
416,480
97,274
9,492
5,33,95
48,330
79,474
20,76,248
14,427
9,308
3,12,182
6,29,43
3,56,93
1,32
114,259
23,44
1,471
5,229
10,73
64,154,163
1,150
167,173
4,42
4,140
261,264
41,62,188
122,297
10,12,173
11,65,318
201,370
152,233
2,66
28,46,305
1,180,220
27,374
11,365
38,77
24,212
22,32,121
59,236
5,49,120
1,3
22,149
11,211
104,154,160
65,118
98,289
61,124
2,113
57,102
244,377
13,66,83
227,349
2,26,57
251,267
79,385
346,399
2,292
2,353
53,157
3,13,18
3,424
2,12,127
28,34,336
64,450
6,71
4,436
7,126
6,26
16,18,57
107,183
38,304
224,324
109,316
36,441
3,4,271
35,124
2,17
5,16
119,412
6,72
2,493
18,116,290
17,56
23,44,364
111,255
2,134
262,293
16,239
25,83
198,430
1,87,489
3,29,141
14,22,151
98,288
1,176
334,350
9,409
163,473
2,51,153
54,295
11,456
70,487
18,21
55,85
12,51,110
16,33,60
32,278
93,102
2,260
7,94
158,171,447
71,300,312
1,6
44,59
4,179
11,12,191
108,174
3,50
1,43
18,23
19,485
107,490
6,139
2,277
79,147
2,8,89
74,189,432
8,15,41
27,123,466
50,144
48,94,176
99,438
168,500
19,31,445
3,155
10,375
9,73
103,146
3,20,78
97,369
413,484
1,461
3,269,439
9,156,431
61,266
2,213,246
52,105,393
12,29
2,86
7,325
10,12
25,29,345
8,162
46,322
58,491
24,75,366
8,31,82
19,331
19,80
14,105
27,222
2,10,90
3,5
35,476
17,281
32,395
11,17,19
91,483
128,138
8,10,34
2,142
15,42
88,145,417
362,363
50,348
65,390
22,75
95,166,187
5,40
8,35,66
61,464
126,460
2,25
92,402
17,243
56,90
6,77
17,39,78
33,40
326,380
37,47,422
3,30
5,18
172,440
3,470
1,214,388
4,14,196
2,30
84,106,258
4,28
16,66,110
1,32,41
7,403
23,38
15,46
4,96,302
8,62
22,28
3,307
6,77,142
4,141,339
16,76
39,419
164,218
25,408
155,383
13,15,46
1,494
13,159,446
2,257
3,24
24,39,206
319,458
283,394
6,18,389
2,453
43,52
134,148
143,275
8,373
28,194
55,88
8,215
103,254
1,3,428
113,398
118,467
4,108
57,90,96
12,252
4,9
36,425
20,23,48
131,327
149,178
23,145
12,74,367
6,10
10,70
14,245
9,333
34,323
34,83
5,160
45,53
21,38
