41,217
6,121
53,67
7,22
47,115
12,16
22,196
92,205,367
21,326
49,78,156
12,287
47,404
40,458
5,38
10,215
4,173
1,324
24,145
17,59,304
25,345
142,375
19,93
28,66,134
3,130
35,184
89,300
250,496
175,376
58,189
16,92
73,171,484
6,305
20,82
12,23,24
14,80,264
170,480
18,437
29,41,120
128,181
251,297,492
60,254
29,399
14,18
3,468
4,87
24,176
10,12
23,426
2,12
158,415,462
20,26
21,220
1,204
11,98,489
9,129
27,75,256
47,71
34,58
33,106
15,130,420
83,292
13,291
40,362
209,393
1,8,105
2,280
279,346
4,38,67
96,113,295
10,26
66,85
21,431
5,185
39,70,126
32,43
28,55
151,227
6,411
14,360
182,202
14,52,246
23,153
15,423
32,443
6,34
13,373
4,53
31,110
3,17,42
16,17
4,387
20,427
233,344
71,81
2,429,464
55,68
54,314
9,50,155
34,94
21,25,53
12,13
3,9,15
37,105
31,90
3,12,497
127,170,236
179,183
83,89
6,94
43,66
38,135
81,142
23,39
9,176
11,26
6,229
15,98
75,216
10,500
30,452
45,448
11,116
16,419
40,68
129,379
17,334
16,165,290
134,255
141,191
285,357
18,97
11,141
102,389
9,40,46
8,15
1,35
40,77
9,494
18,265,408
9,25
61,81
159,368,491
15,42
2,5
19,69
6,306
69,107
37,234
50,56
11,57
25,51
1,185
22,97,178
8,164
4,23
8,309,471
55,72
333,486
28,61
19,186,228
165,397
23,241
113,222
1,2,157
79,188
49,79
71,103,123
5,154
27,32,100
20,125,149
20,162
187,341
46,47
39,283
20,25
2,13,15
41,99
16,108
296,456
1,23
102,400
2,28
63,111,424
7,186
78,104,476
29,386
4,5,237
7,90
3,31
76,177
272,276,381
74,99
9,38,232
46,132,359
24,382
8,27
8,307
428,449
26,301
35,470
10,21,453
9,80
137,195
45,451
7,96,206
34,59
38,82,118
152,261,461
274,407
4,22,336
150,181
3,17
31,166,325
10,44
7,39
18,107,109
26,106
50,450
57,430
15,64,88
20,421
8,161
4,59,318
6,366
13,288
249,410
25,27
7,10
49,114
20,198
32,61,327
8,148,475
361,392,477
67,329
3,493
44,320
35,441
36,39
5,7
2,8,12
26,221
5,19,303
3,402
31,34,110
319,498
308,398
26,467
8,12,101
124,335
38,146
11,24,240
28,478
3,6
1,19,140
19,172,218
49,363
20,413
13,117
22,231
10,51
7,481
120,144,432
72,137
35,257
18,25,145
22,245
6,238
16,33,62
9,43
3,267
2,15
1,5
4,5,18
40,84
29,169
125,396
51,183
79,273,342
54,112,463
143,293,313
138,211
93,174
418,490
42,117
8,268
35,372
10,30
42,444
33,469
6,33
131,331
42,337
147,262
33,124,212
90,242,289
2,70,199
14,58
56,171,351
152,184
201,244
21,166
2,16,252
343,417
19,243
14,98
43,105
19,167
5,17
39,48
11,17
101,190,239
48,95,457
2,13
12,347
54,59
3,439
18,247,385
30,482
3,21,24
123,155
4,18
25,32
8,434
1,5,316
21,116,395
1,36
44,128
15,133
10,43
371,378
1,84
163,182
2,11
121,140
29,459
17,77
13,133,460
122,180,338
12,62,101
19,350
122,454
9,37
153,168,224
115,377
157,455
12,472
58,270
51,57
15,33
50,203
3,46,80
178,383
7,9,97
2,10
16,94
126,356
5,64
24,317
168,192
1,6,193
22,31
7,348,409
42,146
20,88
3,8
14,30,62
30,162
60,235
86,96
169,488
53,88
21,495
20,99
7,194
5,487
5,85
4,48
13,15
1,17
74,86
22,89
32,485
18,100,355
8,175
210,354
16,298
41,103
7,106
10,14
14,52,86
4,5,119
15,36
127,416
7,332
12,77
37,65
1,93,263
29,138,369
4,64,271
8,65
72,85,91
5,27,349
2,13,259
64,284
32,37,60
61,100
19,177
73,149
47,197
3,62
275,322
143,353
11,161
2,17,187
26,136
28,36,225
10,65,114
14,465
102,323
63,92
19,172
14,111
1,139
4,11
1,4
16,302,436
1,104
2,5,41
3,13,91
2,63
3,34
24,364
14,66
17,158
390,435
16,37,52
95,139,147
27,483
13,131,447
160,213
425,446
17,148
27,328,365
4,200
44,57
6,394
150,474
6,70,499
4,9
67,479
1,2
2,310
2,384
7,422
6,391,442
36,119,260
258,406
4,55,174
7,207
60,87,214
8,358
13,34,179
83,374
6,11
13,107,330
1,340
9,112,438
7,23
248,294
6,11,73
25,68
27,180
54,223
3,44,226
23,45
6,108
75,136
15,30
5,109,445
312,440
31,69,414
9,18,299
76,352
6,10
1,78,311
12,282
118,380,388
5,173
339,370
48,253
11,277
135,473
160,315
2,21
10,163
5,22,84
41,87,132
3,65
1,18,45
16,33
28,95,230
4,403
7,278
56,103
3,56
8,269,286
5,76
36,208
1,14
46,156
9,29,412
11,167
63,219
104,151
14,45
91,405
17,48
30,466
159,266
164,433
4,154,281
6,24
9,82
52,321
68,74
11,144,401
