215,466
249,353
240,350,370
181,499
103,492
215,356
281,369
63,273
344,481
95,181
229,377
73,259
422,441
76,307
44,263,373
106,254
97,390
150,209
367,499
25,197,295
238,489,494
192,293
48,270
398,401
57,196,482
59,357,419
48,439
206,408
263,409,410
173,469
129,281
206,378
128,180,437
122,227,318
237,436
141,167,412
28,228,342
29,452
186,345
91,279,403
88,450
37,439
131,339
215,223,422
245,269,479
394,453
65,374,408
89,245,413
64,479
103,351,461
229,267,467
273,320
244,364
14,298,351
121,294
253,293
291,330
317,396
135,218
229,377
54,255
189,393
52,362,386
152,428
109,155
248,440
50,327
7,283,309
71,438
357,389
359,458
181,205,315
190,434
80,436
59,180,262
192,195
217,219,339
33,93,396
13,50
220,277,422
141,315,393
101,360
279,490
457,465
27,91,354
240,241
100,272,318
40,325
217,250
258,411,484
67,123,464
39,385,497
296,475
24,104,317
30,155
166,472
101,473
267,305,365
67,435
115,153
336,461
59,122
209,335,424
107,290,488
357,452
77,181,435
57,252
71,156
206,220,278
140,305
342,456
109,308,421
38,320,394
145,341
321,327,335
22,193
320,450
221,484
133,491
354,402
35,241
71,253,328
211,252
4,266
50,455
365,370
14,200
233,353
262,475
52,56
113,280
63,104
357,369,414
58,380,388
90,318
156,202
299,461
196,282,401
285,478
315,343,386
332,338,416
59,340
133,405,494
14,182
98,133
155,203
250,352
173,254,426
104,324
54,76
121,478
290,327
208,450
345,466
304,315
234,286,410
106,131
18,147
270,308
109,231,377
22,95
417,442
40,161
14,317
278,408
82,396
137,242
100,315
89,90,322
55,374,446
239,255
201,266
248,489
51,265
169,308
226,302,495
180,208
19,158,337
263,267,269
39,401
111,174,262
28,169
3,238
156,227,355
194,225
72,283
15,354
369,449
333,406
111,144
57,178
145,202
119,387,411
172,417
101,152
31,46
369,466,471
47,446
101,111,492
88,441
72,423,491
131,225
53,284
144,397
65,386
44,321
173,389
77,254
438,445
68,272,404
49,190
55,101
195,232
88,122,498
371,433
15,160
232,468,491
207,457
43,275
155,490
111,248
343,437
276,375
87,91,137
81,98
37,69,438
17,211
60,317,387
41,135
94,289
171,220
296,335
181,189
111,209
228,497
83,453
223,377
148,435
347,400
132,335,491
149,288,399
206,213,442
323,354,393
147,340,395
207,362
134,277,326
115,393,491
374,417,500
134,173,325
94,438
364,473
4,69
67,440
313,382
312,451
74,241
171,368,496
23,181
62,249,280
13,93
75,239
125,252
77,468
23,28
121,402
158,248
328,381
47,80,473
49,121
74,257
52,224
221,300
13,396
2,152
217,256
96,229,406
252,337
86,489
90,499
16,236,436
128,274
306,460,462
45,53
162,209,251
90,459
304,392
178,328
34,323
25,126,448
2,44
233,236
188,239
29,130
442,475
184,453
138,181
31,309
263,374,490
43,63
88,204
37,147
21,263
107,151,327
115,374
167,370
10,197,414
42,288,436
135,466
30,51
185,498
331,387,389
186,189
180,183,229
37,336
94,456
17,278
44,89
204,360,427
253,386,460
315,418
90,163,366
11,181,481
37,59,204
4,5
317,421
3,241
164,456,487
111,244
128,167,319
17,218
174,286
405,469
51,114
147,448
118,291,332
78,146,351
73,97
38,211,342
65,242,470
94,181,289
313,314,475
24,313
98,263
355,385
263,293,327
308,458
228,487
85,398
23,436
71,382
354,425
52,483
275,382
158,438,449
95,182
35,153,477
274,375
10,301
64,76
152,184,439
257,278
39,40
162,463
196,451
428,500
151,393
142,381
125,274
330,425
33,454
85,363
208,443,486
265,489
56,210
347,391
43,338
252,462
275,375
58,192
142,443,458
178,479
25,147
37,399
251,368
90,126
98,339
124,298
42,430
26,104
204,215
302,469
88,183
7,447
164,185
253,313
253,468
94,237,314
395,406
43,315
116,344
9,47
120,250
327,494
66,368
258,371
112,475
311,449
190,225
11,75
207,373
5,36,160
111,173
95,139,245
70,384
249,293,301
82,313,389
177,499
225,315,432
241,347,446
140,229,422
81,118
97,152
91,247
393,468
47,244,349
285,330
345,413
60,402
32,209,492
74,241,247
51,315
85,481
138,245,305
18,105
339,362,372
93,464
8,31
43,243
121,362
5,356
199,371,375
25,159
419,442
16,131,219
22,136
121,174,291
109,268
14,256
35,143
431,496
25,464,475
50,441
474,487
402,459
313,318
234,293
22,70,347
59,79
356,445
14,272
35,304
254,403
205,487
237,405,458
75,303,492
207,354
233,238,475
266,347
28,279,346
223,376
325,428
90,284
172,346
38,209,315
139,350
188,496
123,287
3,187
367,383
183,453
280,348
73,155
45,312
63,141
211,260
449,489
208,221,269
44,326,327
221,458
145,357
78,211
87,500
222,467
233,376
154,315
58,105,121
298,357
195,221,391
211,325
219,400
132,158,208
324,376
110,402
137,238
63,106
199,392,412
39,386
17,183
18,484
238,374
71,236,339
43,66,468
134,205
131,226,391
450,470
120,251,487
66,365,368
223,447,475
270,404
124,310,317
117,163,453
126,204,457
81,416
278,469
17,479
226,430
267,280,298
344,381,413
237,359,393
63,135
31,118
17,75,481
14,56,368
294,327
37,264,396
161,181
351,375,427
256,370,492
108,283
161,480
369,449
25,182,428
135,463
270,407
138,328,438
259,347
329,492
274,482
28,246
192,194,226
179,273,423
117,229
235,431
58,418
162,389,405
112,350
382,421
80,287
140,390,427
2,130,238
27,379
384,462,486
15,18,476
169,247
185,415
6,42,249
87,95
262,402
173,250
59,123,222
40,231
23,307,438
34,93,369
343,452
162,207,302
195,474
247,394
199,477
152,383,412
446,474,477
267,348,411
22,218
103,139
87,333,386
293,304,315
189,317
56,456
25,394
31,126
248,479
59,210
419,484
74,86
430,433
49,119
194,434
267,373,417
108,359
198,250,405
44,354,413
32,171
183,195
21,351
190,372,484
38,346
265,458,480
64,71
160,175,483
189,289
163,362
57,122
431,455
251,301
19,223
183,234,408
210,348
144,151,423
83,331,336
92,172,289
271,392,461
61,334,392
429,500
133,345
42,193,347
212,269,382
183,207
28,105
482,486
78,250
21,117
243,377,396
220,409
84,323
436,490
370,448
51,198,284
266,282
120,140
155,370,375
3,204
8,34,381
183,311
261,460
382,387,452
177,245,356
175,414
178,206
131,326,338
29,93,437
3,371,390
71,426
28,169,171
115,273,329
80,173,408
107,345,356
18,178
178,342
8,172
391,403
110,252
12,215
51,304
167,254
104,340
6,381,418
165,470
40,150
84,191,410
1,359,430
205,320,425
192,296
68,146,351
90,444
55,59,229
168,295
173,482
22,102,446
143,435
55,336,441
204,255
106,122
253,481
137,281
34,274
166,216
82,201
6,295
19,31,293
13,58,114
350,359
143,157,183
25,60
87,101
11,32,443
128,169,450
353,418
430,434
299,318
94,491
313,484
257,454
396,421
22,489
49,194,339
283,331
39,356
172,256
310,491
16,373
38,308,418
312,317
376,380
60,146
34,204
153,388
132,470
229,483,499
157,218
141,197
167,469
34,334
25,319
32,126
125,211
36,173
45,207,278
377,489
154,449
162,197
395,471
254,418
144,431
264,467
213,253
155,343
365,461
41,462
75,344,359
124,252
54,316
4,386
308,349
7,218,246
303,421
418,428
253,408
76,286
459,464
81,311
81,213
60,174
257,427
258,372
300,311,385
238,365
280,450
110,272,347
262,402
11,314
441,452,466
212,365
39,42
277,306
199,411
464,465
132,481
75,158,363
225,361
201,302
384,445
62,475
149,350,447
120,342
389,448
212,420
27,184
41,474
1,490
92,337
426,476
215,290
109,400
135,262,427
95,452
217,455
110,346,384
17,71,320
315,330
345,366
181,280,415
338,458
123,403
180,395
394,454
35,484
99,441
276,320,379
8,457
360,422
168,281,499
111,446
239,316
20,295
29,168,375
197,456
166,379,389
129,290
27,322
57,343,357
47,202,404
85,172
81,111
145,257
261,301
118,152,194
95,127
31,327
49,385
255,313,443
281,408
385,431,462
29,298
455,465,493
336,393
97,184,422
123,332
207,294
174,233,437
174,245
307,418
74,330
55,93
153,293
223,224
83,429
20,176
279,303,393
34,190,422
167,413
251,447,462
203,364
328,381
13,319,348
18,96
153,240
59,377
172,436,491
277,462
58,347,385
265,362
58,69,327
166,487
169,246
219,257
374,397
323,332
389,395
304,312
21,214,293
251,275,326
70,378
28,339
180,390
343,419
381,441
126,320,329
369,437
162,484
186,210
38,100
11,308
264,322
138,179,289
159,313
116,410,499
6,124,154
155,375
37,195,421
166,395
131,391
211,228
236,471
41,376
243,318,402
49,268
100,363,409
83,271,316
88,451
417,430
89,438
7,261
314,392
7,441
368,420,493
91,300,480
94,193
121,484
359,363
114,125,169
190,195,247
215,389
31,426
90,97,264
9,325
295,384,446
181,344
71,135,253
7,15
18,58
121,250,260
249,301
115,241,378
313,498
126,312
218,363
9,265,340
91,199
123,500
7,478
333,348
119,275
76,147
276,439
9,158,494
81,321
107,398,410
238,452
162,264
19,232,291
66,160
77,150
111,480
160,441
295,458
130,459,483
63,73
375,490
122,370
90,474
139,343
52,412
141,217
5,143,330
92,221
124,203
145,257
354,393
436,466
12,310,341
117,424
314,470
78,380
11,214,303
295,380
30,171
8,150
37,88,90
165,388
65,153,488
35,87
394,397
37,244
98,481
155,217,417
138,402
58,453
248,278,386
215,463
11,109
275,379
403,454
9,340
194,330
259,273,332
296,392
53,325
460,488
185,409,413
2,52,457
98,318
230,469,490
5,11
304,402,423
197,361,488
41,322
166,264
190,280,386
157,309
41,233
353,476
143,293
55,324,370
24,471
148,204
280,313,369
348,351,466
330,353
264,411
1,57,461
248,254,257
22,349
186,191,462
105,117,153
36,58
11,38,142
103,238
32,353
278,399
5,133,163
137,484
161,398
260,391
207,251
82,492
317,441
34,95,296
5,9
59,234
279,390
198,449,500
126,459
148,241
107,134
49,312
149,487
149,178,236
278,293,424
165,206
213,320
191,301,447
50,414,451
244,265
339,391,469
27,56,119
278,374
86,220,312
37,340
117,122,270
176,270,427
152,202
60,382,482
221,355,416
191,305,384
226,449
87,94,344
100,407
164,171,355
279,344
44,246,416
202,258
110,202
83,152
100,147,468
10,45
106,309
206,253
13,331
21,235,463
111,235
60,297
174,296
25,384
131,207,397
22,149
186,337,444
168,193
191,292
20,204
478,485
4,91,203
176,207
364,415
6,50
216,319
248,353,418
324,382
186,279,429
20,124,431
322,499
120,470
93,95
389,455
130,395
37,93
279,487
43,371
88,422,475
210,492
210,486
221,341
64,363
61,285,474
153,190
201,374
101,148,371
289,348
178,490
115,152,291
30,199,484
233,496
21,180,191
69,111,330
137,361
299,352,473
237,483
23,181,261
7,44
266,456
205,460
80,135
251,309
119,236,360
359,444,492
68,360
225,304,405
194,352
148,500
51,324
101,283
135,354
387,431,483
56,412
24,330
349,477
294,438
233,397
14,20,392
267,361
22,332,483
78,421
68,239
165,393,432
276,369,499
166,467
191,245,478
127,348,463
479,480
311,500
62,318
209,363,410
106,110,315
212,466
248,343
13,76
181,412
36,217,300
164,211,261
217,366,374
56,476
54,216,339
202,206
381,455
98,211
324,394,465
93,306
261,347,367
320,405
381,425
167,176,218
96,155,438
112,139,465
65,433
123,352,428
89,498
216,366
98,355
43,383
9,109
197,244,372
57,377
116,211
241,423
227,379
7,393
66,193,384
205,249
303,462
99,153
292,310
50,380
222,239
62,242
105,129,294
55,367
76,168,427
68,123,192
27,267,391
95,373
41,325
93,97,370
166,360,415
97,128,365
172,320
219,403
198,257
155,296
176,336
76,152
143,157
86,282,479
213,406
6,393
132,311
151,431
352,435
175,414
200,332
207,243
124,159,196
16,258
18,250,417
77,307,495
73,227
180,398
396,412
298,319,411
15,426
161,393
86,268
81,336
312,418
24,341
255,275
360,377
25,435
182,424
155,233
146,442
34,90,455
47,162
214,309,447
233,322
36,375
256,393
197,270
24,130,288
192,300,497
297,452,490
23,344
203,257
235,267,427
12,35,190
220,328
196,464
221,313
25,375
240,403
268,401,469
81,235
409,456
218,317
19,34
192,399,433
347,399
62,168
177,448
446,473
263,488
160,426
162,467
63,185,350
241,372
361,385
57,231,450
195,300
11,491
63,483
421,436
321,436
71,205
259,483
24,277,473
241,484
221,256,326
199,409
17,307,381
257,378
393,468
86,480
83,174,184
3,334
282,436
168,248
74,200
78,189
234,337
39,448
104,334,455
78,97
43,131
219,474
4,138
156,449
44,48
289,435
276,431
167,469
17,328
157,261
89,283
117,308
34,239
134,241
115,388,480
19,111
254,299
84,430
89,158
3,390
59,459
281,401
205,432
67,135
231,464
167,440
192,361
410,444
259,445
94,163,466
91,373
133,378,394
292,306
105,297
31,157,249
161,294
379,499
14,56,376
256,426
45,300
344,368
324,484
119,130
76,78
162,203
147,280,472
109,293
319,383
137,347,454
236,319,457
175,191,215
298,394,464
174,309
186,356
349,487
253,283
57,313
132,188
242,267,448
82,178,386
98,255
206,329,401
137,227
94,407
171,283,481
18,87,500
181,296,389
344,430,495
100,382,394
18,411
55,130
13,387
244,402
163,310,468
6,410
62,463
166,189
85,151
381,395
273,312
165,329
38,45,229
43,234,408
101,204
3,189,419
137,216
194,258
440,497
94,325
109,236
79,484
169,363
205,413
115,333
295,380,457
305,335,435
165,193,460
18,385,423
75,253,398
7,84
28,474
412,490
132,142,460
19,184
230,428
73,484,496
84,197
4,442
241,281
343,392
161,485
133,351,384
308,422
22,250
269,303
29,222,243
47,212,478
21,207
178,188
360,406
114,302,469
233,424
29,498
290,447
40,210
257,473
151,266
17,380
157,225,328
119,160
49,474
123,136
113,296
276,442
420,448
173,266,364
141,371,455
24,159,442
87,440
292,416,435
80,106,175
298,313,387
187,272,432
116,350
178,385
36,434
22,423
55,290
228,325
169,283
84,161
70,80,195
161,321
94,100,249
138,283
169,172
27,166,382
230,385
226,312
214,433
66,212
3,434
125,444
19,424
339,495
70,197
229,261
133,427
38,87,268
44,161,263
94,107
110,339
110,425
23,109
87,195
340,498
176,408
421,472
199,205,228
203,322
193,326
42,129
28,56,298
19,469
7,135,293
130,146,345
392,412
54,72
163,227,443
187,273
1,160,421
369,471
252,461
7,348
76,353
91,122
78,322,394
12,447
181,423
126,324,466
151,431
8,376
201,418
241,244,268
40,414,419
234,321,447
193,206,366
137,434
241,469
111,282
349,362
260,317
299,422
396,464
118,277
99,350
12,210
108,409
107,279
49,203
110,115,476
57,472
201,281
192,284
200,207
298,390
199,227
165,428
165,464
103,460
85,423
226,429,449
64,167
8,494
149,391
97,380
444,478
92,337
212,297
246,277
117,155
244,359
395,444
443,486
13,61
128,345
10,50,456
21,466
148,319
17,135,462
62,262
100,230,243
197,339
153,326,430
112,210
137,203,254
116,429
115,263
189,387
142,213
76,344
242,347
4,60,140
227,307,325
58,105
69,162,349
113,365,499
24,61
389,463
121,329
268,339,406
119,255
5,186,426
181,461
48,370
88,239
56,154
93,97
155,281
36,153,388
142,210
154,170
64,68,469
446,469
354,420
178,200,495
140,146
70,280
41,228
53,72
63,88,464
149,289
155,270
79,139
194,197,401
179,239
55,286
254,439
107,396
233,379
159,328
28,251
225,302
61,402,441
234,273
35,193
275,400
39,374,385
103,262,293
13,384
129,452
50,464
158,436
153,242
42,364
293,488
138,468
114,432
175,457
315,486
131,173
121,219
122,438
1,419,450
205,285
307,436
92,263
229,369
312,446
17,92
60,383
22,217,282
12,381
194,241,366
142,363
198,268
297,471
256,424
161,235
146,307
368,380
371,467
69,119,270
78,127,453
52,73
236,436
249,317
265,273,446
193,372
8,134,485
91,144,254
15,38,307
13,55,174
302,378
268,334
16,114,258
204,252
36,374
77,298
288,308,382
78,324
140,264
126,386
31,92,493
33,355
377,422
159,264
44,181
360,483
197,334
2,254
219,278,489
280,455
348,376
149,241,477
132,354
51,432
312,456
5,46,289
33,266
50,318
102,144,205
42,451
36,440
67,210
64,240
141,495
39,330,441
37,316,454
294,418
1,158,159
105,131,328
147,161
268,288,417
313,463
459,492
33,153
72,350,424
55,217
224,472
94,308,323
79,117
75,257
209,218,435
158,320,488
150,321
297,359
143,371
87,167,268
371,433
263,303
202,216
25,66
214,435
40,143
284,311
302,374
368,437
127,166,403
319,382,407
4,450
210,359
167,339,388
93,99,395
167,257
49,305,333
3,37
201,400
53,392
193,213,494
143,158
136,317
285,348,483
122,482
315,333,406
62,319
180,385
51,442
231,461
88,126
59,163,224
115,174
22,242,325
22,173
54,100
92,253
2,344
65,397,446
82,284
22,198
101,354
25,392,411
151,439
54,163
26,354,458
4,339
80,83,262
63,174,317
114,225,495
144,153,250
120,468
96,281,428
35,144,406
165,179
163,459
311,400,483
112,126
328,465
56,340
197,469
70,220,222
7,8,92
64,453
243,275,450
313,457
49,178
213,337
44,253
240,349
79,261,482
300,348
263,395
202,292
316,381
199,457
362,403
93,402,403
197,211,256
169,177,468
147,410,415
98,450
475,487
119,394
285,373
129,279
90,196,282
99,189,441
170,309,486
291,345
43,113,222
113,299
207,242
130,369
38,271,490
51,173,476
70,108,301
226,254,446
363,424,487
253,445,492
340,473
234,290
344,408
140,253
138,465
99,440
135,330
314,441
163,338
440,448
67,81
293,330,426
404,418,489
184,384
248,265
405,447
251,275,436
211,293
61,355,468
162,466
101,103
312,418
98,466
286,415
51,433
34,95,349
7,487
13,466
199,262
78,271,471
175,304
272,400,483
28,462
76,322,386
291,358
86,107
16,74
329,361,489
12,412
71,130
61,415
48,210,350
7,325
290,296
101,106
124,166,389
83,493
230,250
256,275,342
14,493
196,340,377
15,407
196,233,243
1,368
153,248,386
320,402
80,241,347
61,361
27,175,461
50,202
139,256,355
332,449
319,394
46,353,354
131,275
189,402
168,243,421
112,138
139,369
76,437
423,494
99,285,471
174,435
67,107,341
158,314
345,478,492
59,317
242,428
120,356
261,354
65,401,429
171,223,428
106,217,432
7,169
34,453
258,473
1,24,387
332,398
4,432
316,379
101,200
249,292,360
22,182
88,191,405
278,372
169,438
232,425
168,256
152,204,414
4,87,447
313,490
190,442
170,481
301,398,473
48,326
344,434
150,363
119,147
231,375,387
109,297,457
333,388
129,372
95,231,280
201,265
56,120
183,201
90,348,379
213,240,401
180,268,456
136,220
146,377
14,133,183
404,411
337,472
342,435
118,485
102,430
258,334
10,257,403
201,264,450
238,328
210,443
236,436
162,218
44,259,310
41,186,314
105,245
50,223,293
15,218
296,386
171,211,221
66,204
91,405,495
5,353
280,392
175,376
49,51
97,337
88,224,368
9,247,333
292,315
71,325,365
23,52,449
117,369
185,276,340
311,477
88,236
257,401
273,422
78,233
302,499
300,366,469
2,182
68,155,430
2,37,117
51,225,434
111,154
77,413
35,86,110
173,361
301,491
31,133
298,464
105,203,231
68,224,266
67,335
155,246
339,400
102,388
73,282
393,427
292,381
224,470
236,376
290,314
225,363
246,306
208,332,413
165,203
151,186,363
185,243
65,131,241
178,276
180,223,422
37,66,152
312,447
112,435
200,287
24,98,250
357,431
34,129,198
276,318,411
63,295,396
136,364,474
181,487
135,480
182,228
21,204,427
198,283
165,245
287,428
39,110
216,361,434
107,372
38,353
50,88
111,225
18,406
257,361,373
153,388
385,424
37,386
275,349
255,437
70,258
28,284,472
263,316
383,498
157,209,443
186,234,413
49,302
308,440
89,427
45,179,322
162,476
129,222
393,430
58,446
338,383
109,328
3,343
17,175
4,470,480
213,374
253,385
103,389
312,386,477
82,484
37,44,108
106,333
74,286,432
272,433,480
173,440
54,491
59,317
218,325,337
22,222,321
153,212
24,496
52,379
78,270,379
313,452
53,383
302,428
204,335
360,367,442
227,254,429
353,473
136,284,386
246,308
43,152
151,499
109,125,460
402,489
219,400
40,44,436
78,249,290
394,450
54,181
80,479,489
235,345
427,457
253,305
239,245
283,410
40,256,443
423,445
284,482
379,403
366,432
93,464
366,374
162,433,469
269,488
376,383
257,281,339
257,364
74,247,288
36,159,474
34,42,78
378,385
302,474
309,468
294,454
345,467
304,364
287,312
33,165,181
94,426
35,476
156,294
183,263,325
117,259,473
261,359
44,482
21,254
171,180
202,260
39,374,449
89,443
86,216,403
38,271,373
227,360
190,208
166,212
161,366
253,324
20,289
310,456
62,127
85,310
325,462
83,85
55,423
166,394
114,233
57,175
96,133
212,316
143,209,423
343,459
96,145,406
246,268
174,322
50,231,491
158,177
120,187
246,285
81,328,359
239,252
18,166
171,221,468
188,479
281,337
428,449
353,358
297,411,455
110,165
248,282,402
318,439
13,27
22,106
50,238
335,481
169,305,306
183,269
177,382
125,403
2,398
387,447
132,423,462
65,141
51,128
68,484
180,215,439
382,442
127,498
225,229,360
268,373
111,492
110,323
207,220,492
41,462
47,194
83,255,367
242,387
39,373
362,491
159,342
142,291
278,479
249,453
115,318,343
80,240
210,485
282,386
188,375
4,220
18,314
80,346
58,86
209,255
102,153
53,218
27,229
139,141
22,486
165,378
408,413
303,319
123,157
146,422
127,264
260,436
147,387
26,77,307
403,470
150,209,283
375,472
79,274,442
286,456,487
29,140,159
290,353
103,225,242
130,357
288,339
1,102
3,395
10,209
40,488
302,318,452
168,470
161,253,447
35,69,220
459,463
170,466
52,113
332,444,486
139,270
379,423
216,352
125,213,389
217,471
90,445,492
124,390
147,155,351
65,470
9,288
80,288,489
167,188,400
77,249,436
86,145,349
14,120
157,213
49,195
223,448
70,240,497
121,280,354
188,243,390
251,463
89,443
41,150
184,270
257,429
76,243
140,154,431
197,278,349
118,169,303
113,250
323,406
54,315
175,500
99,146
220,240
181,406
20,239,285
312,405
345,451
169,387,398
294,313
24,370
104,116
16,369
231,476
77,302
196,296
121,240,410
395,443,482
119,155
30,320
31,261
24,220,476
81,444
228,245,252
147,180
309,321,328
265,348
31,336
20,93,255
182,376,407
95,131,238
301,310
262,276
256,340,466
178,201,304
154,235
164,171
405,439
32,210
25,139,337
185,384,446
5,140,264
162,400
438,479
171,183
317,358
389,439
145,380
330,467
124,212,499
116,308
125,344,363
317,499
213,261,337
166,313
127,260
40,423
149,500
135,327
59,321
243,471
23,280
99,344
84,420
2,117,159
90,212
336,411
149,300,378
273,418
121,148
180,407
144,258
209,234
209,443,494
281,324
43,389
252,373
307,447
122,274
167,350
158,267,282
33,462
197,348,395
46,468
20,242
42,391
94,127
87,265
260,266
372,425
27,382
20,55
29,77
198,391,401
50,161
2,470
320,425
54,163
74,219
126,297
190,192,440
23,196,495
4,195
442,477
268,304,406
328,492
78,500
248,261,307
327,339,485
350,403
329,456
4,484
104,423
227,405
64,278
235,324
342,465
434,486
209,218
56,358
308,346
387,498
106,194,247
381,454
68,385
294,301,491
342,464
193,242,450
114,230
35,358
163,375
46,133
128,155
379,388
143,216,222
107,202
20,340
291,398
462,500
231,248
56,377
17,421
3,376
250,385
3,28
337,499
173,240
5,352
108,363
139,333
379,457
83,182,299
118,228
28,145,391
343,471,475
200,471
83,199
124,318,472
38,346
119,360
71,302
30,245
176,251
268,426
313,423
169,279,460
297,398
175,479
221,396
103,379
379,455
83,229,444
17,468
306,430
246,419
378,404
166,233
180,197
164,344,460
103,252
6,303
75,303
268,320
380,437
28,337,435
7,468
44,478
34,215
155,351
7,290
133,491
166,423
345,384,398
30,456
391,474
23,179
11,460
82,322
35,66
257,286,319
168,273
4,86,388
202,366,490
94,155
274,413
209,240
114,403
127,377,451
28,214,286
235,242
75,444
10,382
245,479
161,181,438
66,224,455
257,366
30,132
8,211
247,395,439
5,214,477
16,484
59,215
146,367
20,442
35,400
58,213,222
68,352
259,443,444
77,350
134,328
167,430,432
345,500
96,206
96,288
54,107,462
245,479
39,96
24,371
61,274
69,270
90,159
67,481
226,440
17,307
143,330,424
132,172,413
70,474
138,317
110,246,356
183,252,468
113,173
83,336
330,382
405,433
20,155,407
12,487
55,95
355,445,492
387,439
251,424
112,196
99,124
165,302,404
35,74,106
137,385
88,414
38,384,456
28,227
67,436
118,258
208,354
70,367
57,182,346
176,361,382
32,57
106,145
443,468
72,98
89,435
366,404
59,305,425
112,343,458
141,487
10,33
325,437
316,374
22,433
83,206
376,411,465
464,465
183,359,487
147,283
236,371
26,287
242,267
105,250,276
233,446
73,289
152,374
72,118
71,368
28,385
375,434
390,419
183,306
120,457
381,384
207,433
19,265
10,89
124,203
49,248,388
301,310,494
187,259
9,381,436
164,359
108,253
2,143,443
305,337
125,239
110,137,429
154,310
112,299,319
242,432
68,153,383
18,448,460
118,310,346
31,324
103,368
174,336
11,381
83,113
47,309
163,332,491
250,408
324,474
157,468
309,336
33,51
5,280
212,215,243
180,348
140,336
217,268,352
135,424
125,251,494
55,496
20,164
135,460
181,398
41,188
98,427
304,374
153,434
33,80
1,24
206,290,347
100,223,397
56,67
93,377
329,353,422
81,158
9,137
300,373,429
169,214
44,238
162,311
41,327
72,318
309,418
35,418
29,196
294,495
216,234
9,273,394
112,415
384,424
296,363
8,44,416
221,310,447
294,347,415
118,248
193,386
71,208
86,397
299,402
140,295
102,480,489
251,284,426
345,353
21,113,159
104,160,394
147,180
126,142
4,123,430
304,388,401
164,221
287,357
7,314
200,469
210,299
9,300,349
228,331,365
5,274
140,178
287,288,446
9,76
143,211,291
46,191
1,187
39,391
229,344
144,412
12,132
172,326
75,180
185,334,465
137,206
158,208,416
108,460
21,393
195,428
343,382
387,448
103,379,420
141,238
30,279
79,493
61,139,377
288,333
6,106
195,276
292,425
152,291
24,254
54,161,259
116,208
175,326
7,460
137,148
3,463
162,284
36,415,431
132,492
128,292,297
144,258,429
146,323
2,101,407
72,341
43,168,343
43,356,402
98,375
177,490
31,140,459
201,470
387,431,475
373,397,428
96,473
120,499
204,343
168,383,422
190,339
423,468
260,372
42,361,386
200,243
380,441
136,429
81,181
295,453
50,224,463
116,164,409
52,485
42,242
141,336
245,378
130,419
18,64,329
206,287,366
315,423,443
3,432
185,301
49,149
73,435,480
258,385,399
42,141
156,346
47,302,400
39,359
175,357
341,475
17,262,342
2,223,319
23,314
123,198,288
98,259,300
166,167,178
289,364
163,293,326
23,45
7,186,309
1,70,224
226,373
137,403
230,473
252,481
126,183
159,275
80,325
32,291,306
68,173,418
317,318
208,453
366,406
52,298
272,347
228,279,293
344,410
110,173
81,464
164,473
198,292
142,210,314
195,304,364
158,382
361,379
107,291
118,232
2,493
372,391
382,455
128,471
133,174
209,478
23,41
69,181
310,462
247,366
380,433
448,479
281,421
31,205,305
202,497
277,443
95,141
119,205
349,476
19,218,488
78,90,146
490,491
211,321
41,466
228,335
273,456
141,416
45,480
16,162,364
42,374
23,374
191,419
139,218
415,444
52,289
26,262
319,367
95,112
288,315,434
368,395
81,460
355,422
190,282
124,155
70,450
10,309
4,78,362
163,354,393
14,239,396
8,210,279
141,365
209,356
213,265,324
2,243
140,152
189,324
360,368
75,185
214,332
406,452
239,301
36,173
307,487
35,226,352
27,160
253,438
126,129
10,35,403
197,331
238,389
10,255,396
86,388
339,362
138,354,410
153,194
50,379
21,49,431
359,419
263,328
175,417
239,474
166,438
27,319
144,273,415
151,279
183,487
208,289,332
115,417
70,195,440
243,331,402
323,337,409
212,357,437
84,356,398
181,479
84,341
242,408
9,417,428
387,467
13,179,270
40,344
197,198
287,366,403
201,361,415
37,65
116,349
246,494
186,341
128,375
412,451
277,358
193,259,301
78,356
26,443
96,475
276,351,420
181,337
169,305
132,205
285,305,467
437,492
206,304,391
19,314,409
234,235
254,321
76,155
385,432,454
241,331
258,329
101,174
93,429,447
390,393,416
164,249
133,244
39,240,244
170,321
91,373
162,388,467
226,462
45,248
102,497
344,487
163,422
48,300
361,440
352,410
137,381
262,274
252,475
221,351
156,476
43,232,257
435,451
40,488
134,393,424
107,264,481
197,304
37,222
427,452
178,201,281
88,141,243
272,354,417
90,207
162,430,449
41,84
242,302
158,305,367
367,476
276,458
14,83,182
37,168,318
44,77,330
17,172,221
251,269
174,373
38,172
18,362,404
316,431
68,256
12,68,237
132,217
79,238
193,480
343,371
117,299,465
183,185
428,493
180,246
194,300
26,277
197,368
27,296,464
82,88
315,394
26,151,186
310,342
411,482
38,130
39,58
365,445
331,442,467
140,396
324,383
342,363,462
282,438
72,373
174,200
140,410
324,369
431,466
213,251
251,467
189,346,369
443,444
183,289
239,376
26,346,409
224,238,455
38,109
281,429
89,488
102,129,357
41,75
401,422
72,214
116,211
277,309
156,494
52,243
251,358
57,59
132,140,232
33,225,480
284,292
175,331,483
373,433
76,340
38,353,410
146,192,298
177,423
372,400
56,390
264,420
1,435
181,265,491
241,332,339
78,412
179,303
81,129
374,433,489
12,310
79,488
16,302,433
152,414
367,499
337,341
21,127,466
24,90
270,357
170,488
239,368,371
49,80,418
60,412
97,181,369
65,199
36,282
141,393
30,151
323,409
67,306
31,409
37,418
138,234,256
16,404
227,330
382,418
263,478
125,409,485
33,111
122,232
213,269,358
240,302,495
145,417
86,284
141,231
19,245,261
83,253,377
142,424
215,299,396
24,285,443
449,453
127,152
26,158,183
240,477
176,206
26,138
46,209,447
85,355,492
185,341,395
4,417
69,102
140,235
103,155,184
100,204
264,292,339
4,121
3,375
126,323
398,434,449
72,277
206,286
24,100
74,494
226,412
370,402
281,304,373
57,140,368
36,191
278,354
150,169
216,447
80,281,340
137,315
146,215
174,176,265
256,307,409
324,353
36,74
109,228
143,346,443
76,296
105,378,440
297,390
130,140,317
279,460
375,498
111,469,474
6,235
57,235,271
289,320,330
12,395
316,329
379,387,399
68,252,371
18,304
206,371
80,193,272
429,480
155,486
111,119,215
39,242
95,195
58,250,315
322,347
482,491
153,216
68,197,407
277,410
160,243
116,423,443
179,234
33,136,281
339,364
298,299
20,201
102,281
320,494
211,335,393
184,338
12,77
35,48,189
260,314
303,309
4,150,338
15,46,358
61,140,147
103,126
15,423
11,156
315,497
242,283,476
155,483
46,286
238,343
334,379,462
274,334,357
33,340,457
186,244
70,362
218,409
123,386
351,464
173,388
344,481
280,489
268,302
22,96
91,102,194
216,265
26,67,157
18,480
122,255,395
182,407
1,335,393
46,158,323
156,227
140,142
342,428
139,284
137,217
7,399
225,339
274,297
42,181
274,324,483
223,414
317,353
68,195,339
30,150
20,451
302,328
210,398
7,259,279
74,80
16,283
78,117
53,167
46,86
266,357,452
375,406
51,432
48,183
68,115,259
49,115
17,292
213,487
228,346
104,324
1,110
232,321
268,473
108,409
59,173,285
364,378
93,370,383
284,288
10,173
192,250,366
97,334
160,166,322
80,197
94,172,478
224,366,445
81,375
142,183,410
257,292
265,485
336,369,439
64,417
107,253,472
123,497
126,182,296
126,198
145,209
91,238
285,359,495
127,389
108,289
400,405
352,406
7,183
366,473
282,361,428
241,287,362
26,310
231,390
157,355,475
29,54
264,420
300,352
58,338,497
2,203
30,306
55,57,231
83,252
362,459
30,227
4,397
72,221
312,434
58,198
134,157,351
85,306
99,124,390
24,190
94,150,359
34,56
317,324
249,318,399
9,131,434
357,365
160,431
436,458
8,179,218
152,176
3,82,395
253,289
223,431
67,471
18,173
360,427
260,378
55,299
11,176,228
247,361
71,131
261,380
41,58
80,430
216,262
33,219,378
121,178
53,354
179,208
38,83
47,226
426,458
70,113,384
195,432,433
270,276,427
27,251
114,177
444,486
108,129
229,415
319,498
56,387
85,92
133,301
222,452
53,435
271,478
66,427
178,480
222,313,445
60,441
300,408
17,361,369
116,445
63,262
272,306,318
187,442
189,332
96,176
286,308
210,328,416
381,470
45,188
138,350
475,496
368,498
294,444
2,455
273,363,486
111,129
66,427
357,470,485
28,248
32,131
188,458
59,93
205,488
39,418
143,410
374,403
165,404
5,482
351,455
420,471
89,166,381
16,55,483
45,94
110,114
188,260
63,345
199,320
173,311
298,494,499
84,237
21,264
386,478
444,458,491
244,325
249,455
1,155,270
196,250
56,272,391
165,374,489
123,137,404
66,180,294
426,467
89,210
427,494
126,466
265,278
297,345
419,455
234,306
28,108,494
15,71
81,172
195,260
34,55,498
89,392
78,322,407
196,347
467,499
314,413,447
195,268
5,100,475
384,470
356,424
13,371
122,124,166
50,236
48,350,487
70,220
224,298
81,474
118,314
49,356,388
354,444
76,262
152,330,471
103,113,303
178,474
119,340
68,296,370
108,142,474
93,388
6,76,473
31,256,291
20,293
111,231
174,396
362,447
1,223,376
152,202
53,185,314
239,455
167,497
43,223
105,446
156,421
133,191
13,313
10,65,115
75,183
2,299
33,314
123,480
27,99,380
364,467
149,347,477
236,439
280,313,451
463,483,490
52,287,295
75,109
119,230,361
62,351,382
29,249,432
48,228
119,442,498
308,355
83,296
131,316,445
4,399
114,258
149,350
138,308
300,485
38,444
162,248,329
438,485
4,480
19,214,492
152,194
34,318
293,387
13,152
114,324
101,135,432
269,426
72,158
45,304
218,328
247,281,362
377,414
1,69,141
162,249
179,211
62,79
57,196
94,116,436
12,221
3,39,410
86,166,249
54,477
153,274
115,242
49,231
157,286
82,191
27,320
35,200,476
91,352
63,264
73,189
279,398
41,74
385,497
146,189
250,477
72,318
27,160
21,416
185,478
32,361
45,429
10,287,385
93,365
37,178,433
273,361
100,261
12,46
197,265
356,363
437,488
1,448
132,445
193,219
21,22
170,234
209,211,249
279,321,494
432,436
130,371
41,143,443
282,496
226,240
295,422,457
21,66
410,456
143,357,385
118,211
97,421
462,489
49,220
130,256
251,260,427
212,243,396
74,216
289,395
92,250,372
54,216
175,397
26,120,488
25,57
180,438
16,97,126
40,307,471
339,391
396,441
56,344
262,498
441,455
14,238
222,255
118,195
182,297
172,345
397,404
432,500
67,460
94,186
54,91
69,133
173,250,385
172,187,462
131,159
47,380
51,254
211,228,445
96,265,361
33,250
227,306
373,428
162,206
198,459
113,238,466
177,443
40,337,367
172,190
262,344
100,134
46,425
44,67
105,227
109,307,321
28,98,332
137,226,278
457,482
72,108
56,180
182,333
310,350
216,232
44,151,398
75,491
208,424
49,268
226,479
272,386
150,438
44,129
15,231,307
384,488
177,337
20,152
361,408,494
57,146
57,272,424
53,410
15,467
54,281
134,350
194,438
349,449
56,191
31,341
199,285,431
147,184,379
20,394
153,400,449
292,308,353
29,103,387
246,286
31,133,210
27,97
178,497
175,424
7,98
87,97,106
68,301
89,305,309
169,263
155,160
127,130
191,307,481
23,118,150
216,349
4,417
51,479
178,473
78,212
124,215,365
149,300
109,323
149,167
87,278
93,487
25,387
121,190,386
364,420
33,333
124,192
86,345
30,126,256
245,294
419,493
370,421
363,445
40,160,366
92,305
227,234
41,461
142,158
437,439
39,102,137
114,241
456,458
154,420
136,258
242,427
84,138
145,267
154,483
215,236,379
2,275
141,465
13,377
148,286
255,318
257,430
404,432,474
343,431
1,2
11,158,325
94,293,411
49,72,82
40,303
165,188,266
71,184,205
283,321
220,284
157,192,278
105,187
173,388
202,405
157,301
122,168,338
306,371
195,201
158,463
191,220
56,79
95,298,496
42,224
85,320,468
118,245
131,248,500
322,396
123,200,495
145,242
189,243
102,146,285
218,319,410
325,335,376
184,226
224,340
235,482
81,87
179,215
176,312
458,459
58,250
164,453
293,327
145,338
92,361,399
97,212,441
109,210
142,413
85,468
2,299
118,404
10,131,302
107,147
259,269,305
336,442,452
306,341
224,363
292,478
168,176
2,457,459
185,384,456
174,459
51,471
303,446
69,86,372
10,221
389,415,451
368,402
289,492
76,425
131,195
18,42,378
165,217,268
10,350
131,385,433
105,111
100,211,490
82,255
388,430
288,490
21,387,482
219,372,470
236,238
128,359
237,438
88,159
1,489
52,269
366,453
155,351
3,394
116,268,358
66,150,350
257,278
127,394,490
151,158
43,148
34,211
249,253,353
34,349
8,474,496
203,227,248
46,100
338,457
57,142
450,490
41,161,208
207,386
43,145,345
69,206
77,355
205,412
66,427
36,121
38,198
160,276
39,228
106,391,473
108,481
16,220
168,468
42,132,202
210,355,383
16,131,477
236,331
161,277
197,360
144,212
345,459,484
20,174,482
114,302
226,367
183,498
191,246
176,239
375,391
45,237,426
6,34,496
223,421
75,320,332
48,418
10,374
230,397
151,177
2,263
373,385
341,429
54,260
264,421
64,329
98,406
5,454
36,116
124,232
190,375,380
334,355
187,339
104,348,402
120,171
346,477
146,466
238,372
131,393,413
178,432
352,437
153,194,446
110,175,318
202,250,254
25,161,488
166,215
101,199
238,390
51,187,297
226,250
114,254
90,129,259
268,333,373
21,82
88,307
317,469
284,439
209,358,491
151,170,315
244,432,480
56,420
69,215
231,387
126,295,319
102,373
119,157
263,478
210,290,363
94,253,346
196,361
51,284,353
425,481
232,327
9,69
76,245
76,421
43,441
141,360
158,227,303
117,263,373
110,433
46,172
135,301
290,326
195,333
370,392
51,178
326,416
352,406,469
207,403
59,424
470,499
86,223
41,85
257,323,399
76,193,347
134,171,346
113,182,407
227,274
409,478
78,474
182,298
275,350
335,381
221,293
62,63,112
67,488
6,201,264
71,232
18,92
69,145
412,455
290,424
384,461
396,415
64,263
14,418
30,460
153,452
299,337
154,297
229,281,455
158,258,274
235,402
145,199
312,385,477
199,362,474
45,300
152,226,294
108,488
7,208,328
360,389
52,201
282,476
92,375
322,451
129,280
35,417
58,430
324,437
167,197,401
269,398
77,486,487
30,249
202,352,457
311,329
217,220
308,495
21,326,417
48,98
229,255,442
42,309,337
124,149
49,114
156,454
143,424
237,356
347,434
347,349,398
103,295,370
34,124,316
31,363
35,408
331,464
101,307
305,460
342,359
315,474
221,419,457
142,170
227,326
292,491
358,359
111,175
171,410
27,116
14,251
377,390,482
179,385
118,261
297,499
339,441
17,403
258,312
236,305,397
263,426
111,147
251,277
125,425
335,456,486
281,408
299,468
282,302
356,491
71,218,481
148,262
85,425
157,314
220,410
18,190
445,476
400,466
127,377
143,308,423
24,407
214,403
334,427
89,308,424
92,346
149,418
38,354
213,469
62,243
166,465
236,344,418
26,213,456
191,492
22,225,434
226,230
285,420
72,243
48,248
75,277
247,300,404
49,378
202,498
129,278,446
396,461
80,173
195,400
288,440
103,146
366,400,417
308,453
76,421
153,473,484
300,497
84,484
18,265
52,355
276,402
165,282
40,86
36,70
62,155,275
150,261
307,359
172,183
319,347
28,75,171
9,93,300
18,240
288,408
53,138,478
114,462,488
49,57,180
198,444
402,431
141,396
43,78
74,268
122,256,283
219,312
183,200,278
416,461
126,336
28,183
67,410
130,455
99,232
294,320
199,481
325,494
138,381
456,485
2,109,155
43,396,472
109,208,232
24,299,472
104,453
41,91
320,447
103,327,419
124,126,304
102,190
20,296,304
228,426,487
91,488
63,79
367,483
267,268,327
370,414
72,326
83,112,316
45,419
168,229
206,260
236,322,461
35,150
59,177,221
161,303
145,266
426,443
89,184
3,176,251
301,347
27,277
302,362
482,494
75,143
150,443,492
173,192
78,472
142,490
265,323
252,423
70,115,357
306,307,308
411,461
84,118,423
445,449
350,374
242,281
34,264,483
70,93,433
231,389
278,431
446,471
141,312
66,419,493
223,455
76,255,337
147,236
168,431
331,488
33,470
41,492
237,256,308
212,289,412
40,328,456
122,482
34,101,414
73,261
303,423
20,68,277
324,340
14,121,444
278,391
181,342
193,468
124,496
11,173
142,154,372
150,211,293
139,276,475
137,192
335,481
188,315
403,436
106,178,248
377,473
141,166,455
88,348
98,277,447
68,123,479
161,172,337
240,455
62,180,322
298,419
94,253,398
123,381
427,454
294,352
183,425
68,151
14,168
24,170,428
138,182
169,445
3,61
38,132
369,482
264,368
311,341,427
457,480
5,345
347,363
27,464
171,311,437
14,15
81,487
97,368,411
67,305
358,405
91,156,211
56,178,185
303,398
178,476
111,131,136
294,449
57,88
203,347,497
24,43,483
117,364
403,432
113,483
42,68
453,466
10,438
197,343
113,210
66,351
254,397
120,146,339
56,160,440
245,488
241,329
102,362,380
175,383
274,442
79,380,412
59,98
110,241,248
375,453
103,190
153,430,449
204,274
116,227,310
104,205
194,364
157,307,485
47,206
142,243,397
381,473
16,258
78,421
23,108,279
110,381,418
330,346
39,264
174,241
107,363
205,314
320,358
22,123,198
23,405
252,468
347,400
113,365,415
142,327
32,84
318,382
318,414
160,365
222,484
183,214
57,480
197,245
63,122
405,472
339,404
33,179
119,182,299
100,413
126,380
172,438,487
51,362,400
104,229
318,441
168,249
252,489
220,403
69,200
331,450
208,370
56,190
110,386
189,228
37,90,319
313,384,386
40,183,209
205,398
153,250,292
9,80,193
355,442
48,344
268,347,400
217,304
181,308
436,445
69,372
129,261
207,254
90,389
115,391
437,461
105,220
346,491
155,402
236,368,420
180,463,472
193,281,469
217,432,469
132,369
211,438
135,308
145,257,418
84,307
198,248
316,448
4,374,386
190,339
22,36,449
212,357,498
272,449
37,136
165,226
148,299
73,432
25,140
205,214
38,84
19,468
17,82
193,469
236,427,463
5,372
302,304
205,320,481
57,392
195,300
53,354
30,279,413
53,72,328
227,405
416,444
62,278,378
107,215
194,432
153,206,449
117,437
58,417
138,337,468
106,132
251,486
87,200
461,468
4,480
183,256
281,361
365,442
405,469
123,434
76,252
110,418
188,374
99,467
118,159
64,282,378
60,464
20,229
290,424
81,261,434
169,172,350
71,307,337
256,273,468
79,104
364,438
216,401
202,434
426,482
191,277,410
21,155
193,479
296,396
280,313
190,257,404
238,321,376
307,471
259,359
138,211
34,388
352,429
134,476
175,395,396
327,487
185,291,409
180,196
203,494
262,276
33,317
22,482
58,495
79,224,262
268,347
136,476
35,366,373
34,59
62,498
52,63,76
9,106,285
87,467
189,451
404,446
24,324
27,168,463
37,236
114,428
309,396
369,385
44,358
58,193
69,216,247
236,487
3,471
47,497
42,364,373
224,288,352
230,361,428
79,334
21,122,237
183,273
173,217
18,429
45,64
66,236
8,18,23
295,494
106,248,449
38,269
150,444
395,409,414
12,81,151
175,236,482
93,106,451
1,28
77,404
198,225,333
54,413
259,398
271,274
13,422
308,425
116,409
54,132,213
101,170,220
327,346
252,374
170,309,391
167,404
14,128,452
66,216
314,318
22,170
254,432
19,428
165,242
219,339,500
342,409
345,359,425
243,456
87,186,473
102,327,383
202,324
205,460
224,483
88,152
112,379
3,37,113
67,205,335
32,473
172,378
92,450
163,270
71,92,151
237,245,363
275,380
40,381
82,289
108,122
244,277
32,261
26,146,208
68,209
242,251,481
60,471
10,149,178
19,305
212,265
367,392,442
80,474
289,364,447
15,290
171,390,443
291,467
185,307
32,186
171,487
302,428
270,295
63,402,452
285,306,380
310,356
23,301
164,324
20,114
239,275
179,455
266,304
183,269,393
48,85,89
209,493
219,230
64,407
1,128,264
49,153
232,309,359
130,133
54,340
17,421
146,353
88,340
16,386
162,386
219,378
109,413
311,327
103,188
92,289,425
42,110
193,220,446
183,371
84,221
17,94
26,233,411
59,382
15,181,187
113,452
128,364
319,407
57,184,236
151,237
322,427
313,405
99,475
19,183
16,200
58,219
139,276
70,205
19,204
57,471
394,498
1,326
142,460
143,371
72,245,416
32,351
389,414
278,399
62,93,378
45,165
266,362
145,204
365,470
420,483
7,164,346
103,266
151,277,494
112,459
22,411
231,386
82,112
19,307
90,202
133,175
2,262
22,35
192,388
200,225
221,283,330
88,462
49,115,279
172,337
36,86
108,483
255,327,379
113,195
68,382
304,349
193,262
283,323
223,283,416
55,297,389
57,199
153,176
264,324
279,357
272,287,433
31,436
78,377
117,180,327
72,132,373
28,439
222,270
170,420
171,489
128,260
68,202
69,105
123,144
86,294
312,454,497
157,203
158,220
3,143
119,461
170,332,363
65,244
232,376,486
40,72,197
40,90
165,284
104,472
8,187
17,143
2,29
453,491
121,134,339
82,237
152,304
167,216
157,185
257,272
138,233,355
207,332
112,233
213,453
139,306
6,95,390
94,246,424
41,210
92,345
98,248
91,247
79,186,415
90,166
130,210,250
437,492
18,311
87,193
164,211,354
153,227
22,454
54,80,425
96,407
119,318
162,278
104,133,268
21,319,430
226,485
53,211,285
50,285
22,294,495
310,325
238,282
319,369
366,404,440
159,223,442
271,321
345,434
49,230,233
2,299
31,342
150,262
178,401,500
78,297,402
11,286
51,144
214,340
53,305,450
277,350
178,318
203,373
266,418
78,99
2,474
3,186
44,488
420,442
127,302,396
254,287
42,47,473
288,487
244,376
62,146
225,366
152,370,392
69,241,378
94,135,293
234,305,488
68,195
342,345
119,415
21,264
152,322,499
213,397,431
221,487
9,220
51,462
66,201
112,294
11,41,328
134,487
341,435,487
95,427
129,479
296,496
46,118
198,250
222,430
25,207
80,384
189,324
234,257,279
36,372
134,499
55,268,334
218,294
98,116
4,18,311
82,244
332,484
233,239,371
16,51
184,210
106,483
269,461
145,173
207,275,371
271,440
307,436
82,180,420
144,304
70,327,398
283,291
296,336,377
134,372
87,351
120,283,325
235,475
284,311
123,391,497
207,242,347
87,230
238,414
59,450
25,427
73,379
100,283,345
152,225
136,195
25,168,215
63,101,159
65,121,176
224,306
365,441,493
352,437,462
138,263
128,237
246,435
122,486
280,423,443
462,471
186,307
236,452
129,365
21,324,496
334,342,494
9,65
264,467,490
361,372,385
10,197,433
161,363
226,281
224,343
83,305
195,339
323,484
13,318
68,247
274,367
6,124,395
222,373
20,298
29,446
129,470
61,111
201,241,387
58,123
16,397
115,153,404
285,431
29,162
37,368,407
136,169
289,442
167,226,399
31,460
177,289
198,228
49,268
269,305
155,471
4,16
202,272
62,117,180
377,393
68,82
259,361
155,415
218,305,347
95,141,457
140,148
225,391
268,278
15,120,308
312,401
228,355
127,326,374
43,143
1,220
210,291
418,440
116,223
135,222,327
194,322
22,383,444
145,287
41,259,462
94,467
130,295
195,368
379,404
248,319
87,362,401
165,195,397
158,303
87,256,424
132,145
127,316
477,489
80,258
98,120,234
379,392,402
401,492
358,461
208,325
319,437
438,469
39,257,300
152,323
302,403
68,119
277,320
180,260
325,429
45,242,406
279,354
35,295
130,214
245,455
67,87
49,479
114,129
33,250
104,427,455
85,322,384
81,245,384
186,283
77,283,323
196,355,464
131,217,403
6,429
17,323
281,361,408
109,234
6,304
102,149,284
39,272,417
31,100
13,467
113,398
326,386,424
136,178
131,469
62,387
106,449
443,491
127,476
233,239
121,404,497
204,390,455
119,222
244,250
135,381
335,429
297,392
59,62,415
143,416
225,496
165,325,403
171,295
232,283,421
357,442
257,304
38,210,478
290,413
44,380
38,440
177,218
158,187
132,186
138,217
178,427
461,463
136,469
36,178,271
124,490
90,204,270
162,282
104,366
56,293,388
329,388
371,466
70,123,391
7,321
410,460
112,434
123,149,500
59,459
455,480
315,353
235,389
29,101
238,392,419
242,433,449
168,299
178,263
35,176,225
106,297
44,48,398
264,452
367,457
30,40,308
49,306,493
80,473
18,268,476
88,89
158,447
88,394
93,340
202,445
160,396,459
19,73
38,330
27,136
315,354
55,346
392,421
156,448
169,177
309,382
57,369,420
236,303
105,408
225,389
309,421
408,440
346,492
140,346
64,272
258,262,475
74,131,346
269,278
33,137
103,493
110,406
192,400
191,302,496
141,456
124,334
32,234
129,403
166,291,422
49,362
52,157,487
134,466
392,469
290,355
231,442
323,423
226,448
365,461
122,397
121,362
44,118,156
367,442
5,187
51,216
181,330,358
61,467
56,322
301,393
74,136,268
261,325,340
268,403
293,320
217,225,270
86,265
329,331
163,259,354
162,333,428
203,312
183,384
78,113,461
8,44,219
20,76,319
150,171
285,360
128,226
64,226,388
75,98
19,170
198,437
126,200
53,151,447
443,483
184,415
49,86
70,74
41,389
203,282,403
19,116,145
12,166,325
55,67,271
3,448,454
352,449
95,208
160,443
105,347,354
175,178,362
94,134,214
66,403
32,107,185
7,494
54,82,301
136,279
59,427
18,111
64,347
2,24,346
54,263
125,478
351,415
395,475
16,483
409,488
53,309
90,155
192,430
220,271
342,359
18,85,122
81,363
393,435
174,453
425,486
67,404,460
100,462
211,232,350
427,483
295,348
84,347
261,375
151,264
401,428
4,364
165,202
16,144
2,395
44,310,311
56,197
321,411
235,320
156,330
291,356,443
338,378,462
87,212
250,387
52,217
226,332
348,406
260,449
295,333,348
225,403
13,293
122,126
174,285
233,409
58,472
4,281
101,334,424
183,481
22,375,408
202,374
66,97,101
176,311
49,114,484
216,225,399
101,391
16,378
3,168
96,256
149,479
314,341
290,478
263,290,335
311,391
193,367
126,276
298,351
227,309
105,471
199,353
248,418
220,456
7,205,209
60,269
70,403
72,386
14,159
78,270
120,211,327
81,169,240
323,425
158,179
122,380
327,444
159,475
2,184,455
182,322,395
205,491
40,279
374,492
422,440
142,384
174,469
33,159
33,96
137,206,225
39,133
256,295,336
280,411,475
145,400
143,416
85,301
127,455
228,479
21,236
102,266
99,244
248,417
229,500
405,448
114,115,312
270,478
331,368
176,484
17,492
437,460
210,228,291
169,340
265,422
419,452
242,329
106,442
180,367
274,468
103,212,457
132,163
304,477
81,156,211
9,193,480
6,104,313
132,289,436
55,493
332,426,491
87,153,446
177,291
290,416
46,179
56,368
175,367,415
85,143
288,312
18,266
21,380
237,385
2,82,177
355,435
177,293,389
62,141,246
302,394,412
171,286
133,185,256
16,224
489,499
171,254
132,251
283,294,377
282,327
242,248
379,411
250,474
95,274
162,197,325
265,371
31,214
93,199
8,77,208
399,401
322,348,459
299,331,419
94,365
55,294
121,226
132,306,328
96,230,401
153,386,406
21,128,148
183,297
13,481
126,480
60,147,180
176,284
268,364
242,245
112,300,341
10,96,288
316,344
200,495
308,488
14,40
444,469
21,128,442
296,395
267,307
80,364,497
99,338,450
167,389
30,396
112,276
237,433
20,164,309
98,384
285,351,410
248,302,333
26,263,353
247,489
16,209
82,490
74,165
126,221
151,243,405
370,376
32,391
56,392
373,410,460
430,500
351,435
203,374
193,290,362
102,479
307,309
3,139,313
223,259
317,429
94,218
75,164,205
111,194
157,444
157,384
252,384
73,338
121,422
355,474
47,62,392
71,164
232,425
80,438
76,101
17,291
273,350
376,440
75,321,381
154,175,275
201,216,419
248,478
101,328,453
34,348,395
143,237
223,317
11,205,345
38,275,363
6,61
122,145
45,475
302,500
190,374,401
298,365
19,187
145,420
164,234,435
263,292,444
40,132
360,473
258,281,408
149,387
29,142
190,282
174,395
211,270
50,286
278,410
34,380
113,351,368
354,476
135,189
56,407
317,438
188,230,417
123,304,430
287,399
51,294,349
2,168
326,350
195,216,391
4,106,339
305,367
141,499
25,286
42,80
93,235,450
53,87,429
97,285,316
232,265
9,25
88,154,229
403,446
447,468
74,217,287
104,269
111,214
170,183,290
200,418
125,468
200,309
39,207,265
16,70
397,424,458
133,435
255,350
142,350
110,111
71,73
12,37
11,44,283
222,236
69,488
111,302
134,179
245,335
61,337,348
6,291,481
70,290
306,416
133,325
96,326,380
109,194
140,166,353
152,357
177,261,481
222,457
77,229
15,157
5,53,227
96,207
52,180,443
140,490
24,334,468
336,491
61,95,395
93,239
372,416
424,456
305,355
194,428
137,436,466
172,183,209
405,428
310,320,443
67,227
12,102,206
34,84,209
140,324,331
32,209
155,395
210,271
196,452,473
372,387,489
165,194,329
192,208
279,360
127,335
129,288
22,390
258,495
30,41,125
84,131,309
230,441
26,221,245
137,483
376,464
151,341
177,185,292
227,350,398
349,362,497
104,236
178,367
65,169
131,226
66,427
98,191
324,480
130,338
448,496
186,211,363
8,39
133,398
244,277,433
1,430
335,360
59,193
204,222
242,385
183,494
70,197,430
169,221,352
5,325,447
136,498
42,391
250,432
5,86
195,263
198,301
188,310
112,166,199
112,355
377,379
208,234
284,297,365
104,410
122,454
8,89,100
129,334
154,246,326
137,348,436
73,406,443
205,253
181,261,495
135,286,326
62,317
69,203
211,358
73,263
67,445
105,111,258
40,67,157
366,440
105,198
269,385
18,497
1,8,381
30,298
128,335
60,309,326
441,467,496
313,466
274,407,484
18,201,434
185,276
146,451
247,282
452,490
158,344
271,368,442
58,115
91,123,450
7,351
115,302,312
267,313,324
468,487
90,223,236
79,155
95,151
274,441
330,351
149,193
121,366
19,179,221
310,462
253,358
226,241
40,358
111,248
240,430
10,337
50,338,461
74,329
27,360,415
29,411
409,460
249,416
195,358,422
132,487
114,265,406
77,161
174,233
23,442
107,248
6,164
120,129,417
98,179
81,323,477
24,93,196
64,111
5,346
15,31,289
114,167,500
315,476
264,496
255,351,441
244,432
242,353,442
51,194,362
245,328
290,423
65,358
16,69,470
170,490
208,462
93,275,464
37,103,297
146,148,475
361,420
183,477
303,358
353,410
91,153,281
79,343,499
165,478
15,479
5,381
165,311
29,37,295
12,303
48,157
43,203,354
89,109
34,79,317
373,424
130,437,465
221,481
170,251,263
205,470
69,225
152,158,328
331,392,412
117,139,148
204,330
33,91,216
174,368,498
242,400
256,344
339,387
356,363
32,355
53,337
361,374
327,491
339,348
167,332
201,437
88,382
383,471
408,484
206,469
174,241
318,465
38,181
249,357
275,290
158,251
81,268
141,389
228,252
261,481
9,476
285,322
186,275,408
12,492
279,292
163,320
295,491
277,323
395,434
164,225
7,36,159
437,439
74,347
148,305
96,281
36,238,470
84,174
219,282
28,103,422
55,118,434
29,117
334,377,421
8,246
238,441,499
185,297
67,444,447
395,414
45,344,492
12,485
313,379,482
59,101,476
391,411
311,499
57,441
68,434
281,373
121,250,386
188,336
20,293,334
294,366
195,334
222,224
164,314
347,467
377,441
146,332
271,415
255,461
186,269
40,293,355
133,291
258,300
153,331
255,260
49,436
291,321,398
106,449
153,479
272,374
132,189
141,287,459
48,234
96,428
38,387
208,285
13,21,441
133,174,446
480,489
241,250,433
168,322
20,127,389
345,394
112,401
115,207
145,378,417
12,273,289
140,182
293,321,435
114,361,430
34,340
124,233,334
278,304
107,127
182,205,414
50,333
294,311
209,447
176,425
290,469
113,308
47,174
134,382,465
60,392
293,314
69,134,487
33,195,347
9,114,361
136,198
31,245
230,477
65,83,180
220,500
27,102,498
92,222
15,210,344
178,311,406
221,492
383,488
249,332
247,428,477
168,277,352
314,353
150,256
73,292
168,336
120,170
26,135,332
266,305
362,364,425
140,141
171,444
213,385
384,445
12,293
5,275,280
6,251
6,225
195,387,491
109,269
313,464
55,95
53,293
412,447
157,491
20,88,307
277,425
102,250,433
179,314,354
15,218
67,321
144,372
279,416,457
329,347,454
136,280,424
411,437
99,420,439
221,309
405,450
137,225
255,379
121,418
117,275,375
107,295
61,112,233
15,72
106,111,137
59,186
262,418
252,422
16,418
270,352
179,210,407
140,470
117,461
175,345
215,304,479
33,42,489
89,169,431
195,278
38,92
28,52
23,30,109
86,430
147,384
178,385,470
111,373
153,315,477
86,428
3,117
96,210
52,395
58,82,222
171,307
194,454
46,125
126,173,177
234,487
30,483
3,369,431
342,431
40,133
12,443
223,239,309
133,195,308
15,359
421,493
109,152
37,180,275
171,416
85,400
1,298
320,462
131,305,398
108,453
90,395
199,258
153,430
108,462
40,346,447
304,452
178,362,446
12,191,341
74,96,149
246,398
248,250,300
418,433
36,287
114,244
113,212,302
145,213
33,400
179,320
66,81,410
317,318
152,245,259
202,207
372,406
122,407,478
131,157,380
305,413
56,141,245
108,170
187,376
12,453,478
263,300
48,269,345
71,170
68,300
224,373
50,62
169,181,208
192,194,345
167,286
45,432
104,200
267,415
227,269
130,396
69,178,376
140,265
77,199,417
322,380
215,379
90,117,439
137,418
165,185
318,343
170,381
38,277
402,467,490
337,439,468
377,437
343,452
15,112,375
31,435
226,339
60,302
90,420,439
258,433
192,352
128,450
145,401
398,423
40,125
180,337
353,492
193,333
334,457
304,391,499
165,406
56,253,407
110,500
94,143,214
257,446
183,433
135,181
79,316
198,386,497
89,143
38,224,337
29,243,396
258,281
410,497
17,326
59,336
89,342
206,417
289,297
141,189
145,463
114,248
282,312
43,311,455
267,452
338,420,451
418,486
63,338,396
115,440
91,440,495
73,249
287,430
267,336
194,414,458
234,462
284,366,464
16,22,454
196,423
386,389
231,413
418,477
219,495
148,255,319
145,486
244,272
163,386
113,119
154,482
340,471
144,401
54,138,232
242,437
369,390
263,447
282,350
19,237,309
6,258
209,438
59,94
278,432
252,416
182,396
300,311,333
180,427
138,305
11,38
295,354
335,444
87,248
103,164,478
96,192,206
33,106,430
146,147
20,51,95
60,452
27,376
203,278
189,369
305,460
361,421
142,498
47,457
11,145,159
46,253
341,355,491
229,353
74,247
208,411
161,332,382
151,231
219,235
71,157,211
18,138,183
131,339
68,109
232,243,271
160,465
66,239,274
211,431
195,292,429
9,127,320
22,114
96,191
16,278
15,162
67,118,210
54,77
180,249
16,51
70,111,405
74,153,432
161,183,205
267,422
266,373
20,278
24,113
305,310
172,205
195,392
99,322
86,177,206
443,500
40,446
124,417
62,103
98,460
2,316,459
346,391
427,450
18,230,406
79,212
102,153
165,204
58,105
231,420
190,353
21,96
73,464
250,282,385
318,366
61,427
146,483
277,491
291,326,345
132,133
382,390,421
12,161
180,332
45,362
224,408
275,421,452
240,446
263,434
74,347
85,291
410,493
224,471
114,203
6,152,421
94,472
344,487,493
56,282
60,119
150,269,309
189,215
351,409
38,151,358
124,452
128,348,387
85,138,191
465,499
484,497
102,291,399
47,293
97,379
160,401
76,472,482
370,430,483
131,242
115,433
186,217
221,478
114,347
161,326
144,495
53,228,462
62,71
129,290,296
29,401
404,434,489
36,201
351,422
75,470
77,359,444
143,233
86,105
12,249,330
139,184
170,448
450,473,497
77,228,263
13,91
130,148
33,65,96
76,109
239,331
51,371,419
120,254
114,217,221
146,231,274
274,295,369
27,212
29,81,249
222,377
423,494
8,54,468
60,423
174,188
50,399
20,95,324
159,297,318
2,119,496
207,497
158,442
43,111,447
53,263
55,427
312,343
63,299
3,349
96,225,406
16,200,404
22,240,474
156,256,358
313,402
14,340
468,469,499
1,140,160
203,474
482,499
42,434
143,179
28,67
89,179,218
188,302
29,223
180,451
368,482
198,206,207
203,400,401
90,283
31,447
51,176
166,204,395
426,496
16,153
126,130
63,127
10,165,306
363,485
324,332
365,414
262,439
212,338
99,146,233
246,477
136,278
88,465
122,140,222
16,129,391
448,454
130,276
167,290
156,326,345
94,359
1,204,239
61,277,434
236,483
150,261
20,442
191,443
331,451
309,323,435
85,286,487
324,497
94,301
111,166,456
51,300,352
40,202
188,323,482
142,182,267
291,350
91,253
51,63
15,477
165,272,366
35,339
220,410,457
75,228
62,311
243,295
137,473
22,312,434
31,125,438
165,330
44,222
82,204,442
428,484
163,185
275,288
129,173
241,262
452,482
274,290
15,431,458
238,294
348,454
21,125
200,222
420,443
15,438
145,409
57,162
327,428
16,250,470
148,470
331,482
289,345,486
13,441
9,97
95,126
121,197
47,230
91,365
241,331
281,294
312,364
127,334,340
203,441
96,165,239
212,421,452
202,244
213,468
104,323
80,240
325,351,403
63,284,494
46,156,310
199,222
283,335
254,257,417
5,428
35,42,374
167,378
84,174
4,190
22,229
82,112,117
156,183,323
85,151,320
95,390
143,251,274
395,483
197,283,291
320,491
6,116
12,116,441
86,321,479
171,399,498
280,370
159,464
154,208,467
375,417
326,358
160,348
155,467
248,449
22,150
31,277,345
188,477
282,463
195,260,294
147,212,222
329,352
214,455
91,352
191,494
138,366
55,103,212
7,81,271
113,461
234,355,456
173,269
196,222
85,95,259
218,309
167,257
153,434,471
15,96
10,374
86,469
218,288
30,262
231,319,331
26,211
25,63,319
105,454
261,344
299,472,482
47,52
295,399
368,489
176,320
371,414
262,348
243,371,493
85,234,260
136,207,477
88,340,351
455,482
404,475
427,450
261,330
206,429
272,404
44,181
229,421
101,377
117,295
157,481
315,361
29,88
233,355,379
10,416
392,489
135,156
147,155,348
78,336,490
42,250
387,446
300,466
389,495
92,154
224,290
279,438
36,64
335,463
402,443
321,360,362
139,141,463
245,448
49,193
190,250,430
407,487
206,446
372,500
394,442
27,143
47,247
30,133,161
171,432
37,330
82,264
158,206
25,137
77,373
34,82
11,40,359
306,415
34,155
6,151
4,172,437
4,202,366
211,237,362
236,315,347
338,470
15,44,492
297,457
401,450
107,491
29,408
61,434
92,307
79,340
436,440
22,409
193,408
239,421,471
132,220
251,355
81,183
20,58,330
191,427
105,365,434
141,379
111,312
200,429
123,188
17,46
46,249
430,444
190,194,434
361,476
315,349
156,273
141,173
49,203
93,151,239
144,264
56,275
12,280
105,406
232,259
313,499
277,327,381
114,136
88,230
280,453
30,232
130,334
204,274
31,232,476
327,403
199,459
255,324,389
47,476,480
314,485
105,266
116,243
72,144
28,155,321
107,392,452
427,450
128,330
59,130
15,81,326
42,195,497
151,237,313
140,218
96,257
128,346
44,158,350
142,310,354
93,99,224
318,390
257,349
50,120
197,404
157,290
47,315,400
41,226
323,341,384
194,404
266,374
151,299
139,452
1,319,452
9,219
216,430,444
6,358
293,319
42,195
107,405,458
429,434
56,324
3,461
289,300,438
250,470
178,282
49,255
85,422
4,98,235
148,318,338
348,500
106,412
345,410
205,460
16,400,430
23,94
71,413,445
208,308
118,325,330
324,336
238,463
66,234
101,452
34,499
120,302
234,383
91,202
167,433
34,79,355
54,92,384
56,369,378
170,491
252,337,355
127,182
203,484
165,349,393
243,459
290,346,393
322,452
3,44
58,405
150,273
139,351
51,371
14,17
49,388
20,422
125,392
138,293
83,130,457
210,227,256
190,453
159,168
17,413,448
269,309
92,166,261
7,24,50
349,428
85,89
206,412,493
106,294
32,71,382
184,423,437
55,155,215
327,392
167,207
203,465
259,496
121,122
164,261
282,424,431
122,191
269,303
242,339
20,438
107,290,445
91,188,497
27,32,66
176,340
58,391
146,263
134,256,475
17,358
114,404,446
201,450
32,122
304,473,495
192,262,491
275,311
353,363
158,332
136,331,448
103,255
190,257
265,281,302
98,293
57,117
18,495
222,382
157,354
70,145
217,304
28,109,179
35,86,91
127,292
46,62
62,274
221,445
216,240
71,232
394,403
113,136,349
160,457
44,355,416
139,461,498
358,493
26,488
33,152,243
227,359
13,22,302
16,207,440
141,420
289,342,468
119,455,490
273,436
73,169,176
160,199
422,441
23,443
19,41
48,224
196,357,392
17,138
183,453
87,254,339
227,262,339
258,476
65,432
201,428
346,496
42,458
431,432
361,458
54,235
157,486
361,381
331,451
157,169,435
229,370,382
20,470
236,340,415
99,360,442
53,328
329,342
52,130
57,98
17,114
126,487
139,290
21,119,343
240,392
104,465
188,266,388
94,249,253
320,438
226,359
147,472,490
214,435
94,255
21,345,411
90,453
2,122
241,362,391
351,377,419
393,468
251,491
221,337
129,153,479
215,298,394
99,392,472
299,457
303,325
287,357
89,363,468
204,459
91,272
283,429
115,408
73,156,171
266,476
163,342
218,275
127,332
54,218
186,494
8,135,164
125,461
418,433
334,402
46,132,344
90,420
65,174
92,346
278,440,476
103,139
124,128,255
24,204,299
44,240
105,418
54,77
468,488
3,108
259,477
203,225
293,339
177,389
92,456
226,423
413,460,462
168,309
44,358
317,411,496
35,110,193
156,390
77,120
14,248
356,492
248,422
416,445
259,332
4,102,265
9,47,136
166,467
148,455
250,404
5,17,73
22,68,373
43,178
355,441
149,247,347
155,204,313
119,151
295,396
169,251
250,339,454
88,274
5,132
28,92,289
42,52
34,213
84,214
244,284
25,496
299,348,471
225,240
281,303
156,172,473
4,292
217,364,454
91,247,470
70,126
297,447
18,42,106
163,207
167,484
238,273,490
185,292
240,454,500
373,389
473,497
68,178,418
76,383
49,167,248
50,436
90,114,150
44,413
69,268,418
208,345,447
255,387,475
129,191
171,192,351
37,375
12,384
49,80,129
20,273
248,481
210,321,344
105,142,475
308,346
74,304,420
195,220
256,430
254,497
94,207,285
218,398
52,83,255
199,267,441
74,240,304
14,290,408
99,483
119,367,455
263,363
20,150,240
219,404
43,499
319,385
41,93
221,319
117,196,270
18,440
147,235
68,349
53,291
147,223
216,386
63,311,376
95,140,351
28,302
162,192,430
1,421,466
124,284
73,354
124,494
58,184,461
77,218
179,393
225,460
83,174,348
7,338
84,345,371
118,399,489
170,326
123,372
97,110
116,363
105,168
130,421
140,193
211,284
75,293
379,464,496
66,364
335,410
276,427
211,445
117,337
393,438
424,487
177,346
98,211,232
402,475
52,223
173,210
297,317,370
80,265,329
116,138,356
53,145
174,499
129,153
326,338,445
66,126,437
159,215
178,315
194,232
9,16,105
125,335
37,486
10,378
39,87
87,360
53,353,426
382,404,474
50,78
91,476
66,261,416
225,231,429
359,410
180,371
177,284
53,134,447
194,256
360,396
23,179,445
19,30
134,458
415,446
277,279
99,119
324,461
190,247,399
70,159
93,319
41,368
3,166
281,436
85,325
79,156,470
36,216
49,178,190
46,493
239,306
83,368
417,418
48,218
13,439
144,162
36,38
6,437
124,322
73,176
160,264,446
331,475
109,491
31,146
339,361
237,308
251,309
112,221
69,105
85,460
104,235,382
223,375,457
259,393
138,152
156,206,326
174,299
104,274
438,478
405,434
169,353
4,254
194,206
124,469
82,255,414
78,265
168,312,349
129,142
24,59,387
322,396,466
199,394
10,135,298
130,410
136,397
208,321,347
405,484
31,155,492
28,44
124,394
10,314
117,144
65,432
88,184,294
456,460
359,456
73,447
67,453
214,228
169,486
23,100,125
179,181,354
196,202,306
120,402
39,195,207
65,198
85,438,443
281,406,476
71,378,467
31,328
295,324
87,193
293,372
148,234,391
80,484
169,354
196,408
69,149,342
205,426
11,252
124,423
25,56
327,328
112,352
12,149
58,156
21,86
5,246
41,354
9,33,225
96,315,347
84,94,174
307,379
225,226,378
137,404
46,176
65,339,433
190,401
314,452
194,446
370,456
91,207,385
67,321,344
161,359
105,141,335
12,364
142,169
294,406,453
308,350
164,331
75,93
362,449
228,382
382,383
113,298,499
273,301
80,388
56,191
202,323
196,295,483
18,290
14,93,500
118,368
55,383,463
64,458
228,370
336,340
136,304
21,139,367
149,432
55,117
40,417
387,421,499
257,474
299,429
123,379
169,227
241,272,400
154,282
102,325
22,408
328,438
124,390,453
382,439
318,476
182,441,450
341,342
188,247
57,238
153,232
282,324,408
246,344
17,403
304,367
66,358,443
208,320
123,403,406
166,177
109,293
149,457
412,496
159,393
147,483
185,293,345
109,214,327
215,383
105,220
278,403
212,257
78,367
91,202
36,203
91,292
278,378
360,365
184,441
261,319,468
33,176
371,431
1,119
176,183,189
35,127,200
141,250,345
311,376
19,118,413
249,327
177,261,444
59,213,256
73,193
110,352,406
294,429
17,133
204,441
423,426
186,328
237,332
33,136
269,494
136,346
259,290
302,352
81,435
178,202,258
320,337
90,348
374,470
159,435
89,183,263
104,151,328
171,189
58,221,460
143,181,253
168,351
50,97
343,357,396
35,85
147,193
277,424
75,169
331,339,350
255,391,434
6,212
71,276
389,449
46,90
173,315,320
100,243,475
97,221,450
204,267,327
39,91
16,282,339
8,210,326
117,212
152,155
287,351,490
86,399
39,47,91
211,291
13,130,472
135,172
27,126,203
127,376
115,288,405
440,479
137,374,428
232,358
197,247
121,294
59,261
165,406,449
75,366
414,489
180,285,427
131,236,333
15,273
13,465
416,470
5,393
146,348,412
89,169
428,448
155,196,237
50,411
116,217
90,318
87,311,474
102,329
362,431
207,404
143,299
18,145,300
128,288,438
217,281,495
246,316
122,319,360
433,492
74,207,389
86,241
240,453
113,451
153,339
6,363
70,385,479
306,314,409
426,445
299,337
199,426
219,257,322
259,425
321,456
285,369,475
47,75,420
297,472
158,325
24,313
152,427
243,464
224,235
326,496
326,404
403,454
321,403
5,165,405
114,375
252,363,432
100,416
241,377,449
119,452
274,413
223,418,442
235,286
250,449
145,428
15,193
247,417
330,376
159,402
3,239
25,128
182,343
31,301
86,412
227,458
281,475
105,204
191,291
44,214,323
282,322,350
253,366,490
208,428
278,319
84,172
34,377
87,468
177,460
86,406,477
424,480
411,479
288,301
272,469
25,113
193,272,278
33,225
357,423
77,216
121,178
149,374,497
29,155
159,215,450
22,271,310
112,311
193,388
326,342
148,422
201,403
16,323,437
100,330,332
39,110,473
203,416
258,419
32,211,365
49,476
120,186,344
118,286
217,449
13,259
215,216,414
92,117
39,160,400
91,418
17,371
37,420
277,325
30,228,305
357,369
404,436
26,436
159,395
38,245
202,433
182,233
71,481
169,279
282,333
27,436
343,403
31,167
113,158
207,471
106,135
174,395
166,452
93,377,498
248,260
15,346
213,323,350
178,226,417
4,54
96,408
12,72,447
58,64
58,359
259,431
102,351
37,143,358
243,297
117,493
396,422
207,300
27,377
244,284,428
33,217
15,245
67,92
226,336
194,284
112,239
127,477
109,161
94,372
66,86,334
88,377
208,344,345
324,349
241,381
174,281
112,173,377
92,132
5,443
205,390
199,413
19,311
178,440
207,391
150,457
354,465
2,79,119
103,104
311,360
254,286
39,80
190,311,333
212,389,417
35,121
450,459
158,170,464
75,183
51,497,500
112,472
165,345
13,297,412
57,456
124,128
158,208,325
59,187
20,148
119,464,472
157,393,409
29,175,420
96,242,368
7,12,398
44,437
235,415
56,62
104,112,395
294,337
63,409
138,451
64,197
136,149,397
160,489
140,160,274
162,404
191,297
5,377
134,416
322,441,454
115,497
195,370,455
111,412,442
339,352
310,322
28,74
406,436
74,339
117,276
408,449
129,500
54,214,234
25,370,490
311,447
31,425,435
75,359
64,459
360,371,389
19,35
92,228,303
13,371,455
81,232
26,467
169,283
212,488
415,421
75,171
423,438
95,159,348
249,313
38,205
101,460
152,496
21,127,402
34,497
23,425
277,303
100,125
256,283
192,428
191,445
33,250
171,290,332
176,230
155,292
35,202,329
282,477
57,192,218
236,375
35,62,321
92,344,354
118,309
77,256
215,368,444
258,411
160,231,271
81,142,261
196,417
35,321
194,385
281,361
9,135
166,255
93,134
422,459
130,141
432,436
78,239,263
34,295
86,169
62,184,392
113,182,392
1,262,461
355,369
149,361,430
309,489
30,205
262,267
171,461
273,468
118,341,491
125,314,359
265,473
304,487
249,318,454
122,135
43,264,297
119,348
7,366
119,249
114,329
352,481
138,301
161,253,485
48,462
461,470
250,312
238,357
117,130
81,251,456
244,274,298
203,433
131,345
60,276
80,419
57,259,261
40,98,328
116,323
263,291,338
420,496
39,220,373
19,252
170,384
121,203
23,365
105,197
193,260,349
52,160
50,162,314
17,310
36,204
35,69,266
113,181
119,182,329
55,63
273,410
121,469
86,268,372
317,351,384
83,436
59,363
123,406
207,307,313
151,191
371,414,420
23,31,330
145,335
17,366,398
98,157
116,424
336,338,457
41,276,364
189,373
173,183,392
36,470
16,190
5,291
90,486
66,370
37,55
35,102,489
89,211
205,321
120,185
2,56,76
41,130,469
322,493
267,416
55,197
76,239
243,449
275,334
248,480
185,308
74,220
61,402
58,213
56,184,399
46,161,269
88,223
22,261,307
21,95,427
105,257
284,297
334,366
43,221,260
256,273
55,415
255,360
18,164
429,468
224,235
148,336
136,495
7,121,152
241,385,434
171,328
47,315,372
311,450
408,443
26,460
27,126,336
378,482
89,455
204,465
352,485
119,454
332,356
193,403,418
3,155
74,469
143,310
86,267
92,342
296,374
302,378
133,415,439
311,328
275,334
296,323
195,366,417
175,298
167,489
47,172
78,82
183,460
7,12
307,364
17,409
55,155
107,326
32,491
302,362,401
98,261
173,316
55,274,308
27,255,394
179,366
47,55
168,180
124,135,391
284,297,437
420,422,441
342,391
276,351
31,53
340,457
147,441,475
59,127
1,404
110,123
188,230,470
53,478
47,374
34,206
11,291
63,293,348
2,14
141,207,367
105,155
278,340
239,442
23,325,426
23,146
49,480
324,395
392,466
120,172
211,330,462
160,313
209,385
341,346
110,257
110,136,374
74,131,408
251,253
146,475
168,206,481
50,297
154,220,414
217,469
322,483
42,474
22,36
182,431
155,299
121,173,300
51,80
22,209,478
6,99,412
79,182,439
135,388
12,466,480
254,426,435
35,307
90,250,276
252,454
143,211,291
105,242,401
20,63,270
145,329
76,383
166,176
189,381
142,335
152,421,483
107,200,459
20,190,279
410,485
207,440
190,406
111,229,332
80,408
78,390
25,379
208,213
310,312
7,286
69,106,194
95,127,207
28,209,289
9,137,188
7,73
52,419
163,214,410
317,471
225,265,482
21,285,496
81,267
50,167,453
83,145
20,54
92,163
191,378,416
239,312
75,135
348,389
96,406
258,354
43,60
73,340
326,358
25,387
319,453
281,287,430
213,297,489
47,315
202,352
179,305
172,453
55,71,230
302,399,405
99,222
240,241
65,243
115,191
157,381
16,114
245,325
84,263
176,466
184,245
483,488
23,460
132,297
218,491
204,219
64,70,197
219,440
30,428
192,408,432
434,467
474,489
431,452
67,384
268,367
207,217
372,417
11,268,275
25,423
231,239,394
100,471
59,366
6,299
312,352
99,344
269,439
314,462,481
168,348,376
101,224
40,346
136,188,406
120,468
67,353
27,414,442
196,219,347
46,179,494
15,303
173,291
245,486,492
36,38
394,398,403
301,392
40,227
76,298
290,385
15,462
23,75,157
65,366
12,22,132
135,252,323
7,15,84
241,385,470
20,316
55,62,348
18,257,288
364,399
14,97
121,378
36,266,424
273,322
63,318
111,470
80,188
90,99
74,202
40,237,340
359,472
299,365
91,240
184,395
176,446
301,321
244,333
8,346
39,167,203
44,86
18,287,347
102,406
106,487
62,475
37,498
341,423
313,435
1,146,382
173,175
238,295,338
18,22
176,352
170,477
206,292,328
20,76
78,450
98,346,452
53,103,143
46,176,408
48,163
330,456
73,134
79,119,336
13,297
111,293,310
18,192,248
125,291
295,316
63,123,266
49,121,480
127,448
64,219,287
392,461
50,490
180,313
244,391
71,429
128,245,416
164,402
71,374
237,342
222,470
98,291,300
202,345
368,377,471
173,300
281,408,479
115,387
294,333
279,321
37,285,442
54,212
27,79
101,424
118,341,456
15,37
182,292
10,214,334
375,453
127,457
50,173
206,352
79,93
417,466
59,126
49,97,209
228,237
251,356,363
22,248
9,13
26,44,330
333,494
109,438
48,324,428
153,211
157,255
325,379
367,392,411
191,283
379,387
68,94
150,324,457
282,401
466,472
133,312
50,231
170,252
89,218,251
101,459
65,203,220
259,309
172,187,457
143,286
53,193,417
107,172
15,38,161
345,431
110,219
90,142,280
47,304
191,295,347
33,288
43,239
83,313
162,456
128,317
219,288
466,495
237,393
110,461
84,446
336,365
320,473
219,272,440
1,6,152
106,231,269
380,463
298,387
89,465
126,244,417
84,283
124,148,159
269,427
58,87
164,197
23,73,456
56,170,272
128,356
157,371,405
136,372
326,383
233,291
163,434
40,199
91,429,497
412,446
260,404
376,415
111,478
245,342
81,428
313,324
217,347
95,322
234,390
178,377,454
81,423
211,254,485
394,416
13,235
52,383
156,174
145,433
112,357,482
324,451
259,340,467
52,235
108,306
308,398
386,401
1,382,442
94,364
158,176
311,480
80,474
76,190
99,497
26,320
406,454
338,482
116,365
96,242,278
318,427,442
67,282
167,195,403
166,317,483
73,111,260
53,227
7,120,138
103,298
63,464
142,463
201,364,374
53,231
84,342
299,343
249,325
152,293,354
74,386
9,63
65,220
93,367
61,224
244,460
20,392,453
286,337
128,171,285
418,431
33,375
287,477
6,55
82,445,477
286,371
38,286
217,297
123,240,287
279,384
129,188
352,392,492
112,397
94,354,363
380,395
104,131,177
