189,301,495
97,361
343,490
211,251
154,266
9,125,477
181,220
255,266
58,313,334
9,413
172,428
34,459
179,366
194,388
52,312,469
287,340
24,228,391
118,451
297,447,459
397,483
184,383,409
71,140,478
224,259,442
353,355
360,476
272,416
37,422
12,437
188,374
331,377
129,294
221,418
329,392
119,237
89,351
99,408,479
26,303,358
320,487
24,397,475
105,129
331,442
32,151,294
164,331
65,234
185,456
58,91
83,157
44,223
218,387
142,160
88,118,157
265,466
395,426
195,264
250,461
212,350
41,328
81,336
136,345
159,253
3,65,124
368,496
112,118,187
15,49
19,42
30,438
279,458
20,389
124,183,295
339,368
392,399
3,289
93,95
14,449
486,495
33,222,250
335,498
426,491,496
84,356
111,217
102,367
138,445
302,463
87,176
4,78
221,336
287,496
275,397
63,327
157,462
60,225
148,322,352
61,251
4,169
181,393
159,392
60,111,293
167,267,398
76,145,154
22,30
221,321
104,369
127,375
7,174,441
162,306
16,41,109
54,329,347
245,488
127,492
89,452
333,353
86,194,200
55,109,210
211,286
144,478
35,299
235,325,345
54,291
53,79,102
295,405
110,250,389
192,317
173,256,386
387,403
119,448
28,236,251
77,142,192
225,465
145,362,496
7,269,434
328,353
90,264
27,83,272
12,349
255,333,340
179,229,391
201,416
95,140,427
105,171
264,276
263,414
266,440
351,416
258,489
115,458
236,288
34,90
317,416
228,252
12,168
177,368
122,416
324,470
307,455
195,484
209,356
6,442
191,276
101,161,364
218,263,452
93,182,344
62,161
138,239
360,477
5,482
16,491
62,275
185,261
353,403
261,332,423
186,445
21,213
252,409
175,390
72,92
383,474
131,283
32,266
183,259,323
85,409,460
284,350
66,215
179,313
257,490
92,113,135
11,187
182,440
7,441
257,444
55,271
128,463
18,339,347
11,31
170,211
235,287,482
388,408,448
366,436
19,354
356,490
50,344,499
255,428
208,481,495
180,251,303
326,404
11,135
79,206
272,273,439
117,470
94,143
111,313
141,265
151,245
6,234
115,289
314,469
201,439
265,282
62,338
87,356,438
13,116
242,378
321,459
143,444
13,324,460
15,308
244,494
18,270,295
20,487
115,365
8,86,242
236,387
117,276
48,117,405
49,415
184,330,437
26,447
243,354
92,175,382
173,500
24,491
293,335
110,164,186
81,347,449
381,392
197,483
93,486
398,491
133,317
359,394
213,226
119,257
114,403
53,493
406,418
112,157
3,111,210
110,362,462
215,374,442
3,320
220,387
104,216,476
327,459
144,389
74,159
63,310
322,425
183,277,319
441,489
123,324
168,373
29,360
366,492
232,468
230,360
154,319
175,274
12,345,404
224,323
245,394
71,437
398,437
113,438
32,358
18,193
171,270
243,342
76,224
11,16,236
227,482
66,91,164
217,484
2,217,452
42,70,173
76,96
281,456
220,226,377
157,226
188,364
140,483
80,99
384,396
101,337
425,465
84,114
156,317
2,125,328
12,192
40,275,331
45,60,262
155,202,266
190,342
13,373,387
216,323,364
27,269
61,175
122,274
381,472,478
19,40,140
317,342,476
459,496
193,221
227,476
43,83,450
136,443
83,192,405
364,447,454
11,488
32,416
287,462
90,474
184,316
77,339,380
194,197,439
409,495
342,373
130,205
277,360
39,251,418
130,354
76,410,498
22,103
400,489
84,229
73,316
32,443
201,346
21,425
63,164
178,427,439
162,451,473
172,381,382
377,450
44,247,500
218,363,497
7,479
268,279,397
51,181,264
66,306
40,499
27,254,348
106,137,388
48,73,337
233,367
147,150
23,115
55,280
148,234
212,310,378
67,400
448,498
111,195
60,324
152,485
272,290
222,409
391,400
223,247,318
111,178,224
62,195
160,203,256
72,231
412,448
139,473
226,357
15,256
108,349
218,324
359,422
144,271
88,117,155
29,436
179,296
103,190
249,474
8,478
285,442
92,281
277,320,430
133,275
218,365
213,409
129,183,289
47,234,488
19,315
44,125,378
108,272
14,309
204,287
132,151
72,372
323,340,349
196,345
345,386
235,360,423
53,478
128,138
188,343
5,32
300,366
220,221,361
128,293,412
48,291
110,375,432
51,266
19,27,260
133,464
189,490
222,407
162,367
344,348,438
219,371
159,183
321,435
7,81
72,344,462
1,191
250,474
166,280
226,424
124,281
406,453,490
224,412
39,361,408
32,192,198
211,223
18,113,473
224,284,394
210,320
245,301
4,20,72
18,361
26,213,273
84,319
131,139
201,359
261,448
290,392
46,68,376
18,68
118,464,499
431,462
211,228
212,471
100,316
281,333
140,307,463
354,418,451
44,122
123,360
31,111,189
200,253
324,353,423
196,340
120,130
140,226
117,333
166,229
113,451
11,431
24,39
256,285,445
22,469,483
11,180
49,312,364
81,109
226,432
246,359
43,349
261,466
104,482
318,486
34,202
294,349,357
88,154,421
240,350
18,252,474
33,150,308
211,412,463
317,426
10,132
358,435,454
45,478
11,221
93,362
83,149
100,455,459
92,262,434
315,353
82,179,345
43,234,422
30,242
53,392
28,222
132,271
151,489
190,440
178,384
220,367
362,388
51,238
31,468,486
162,479
11,276
343,349
226,350
45,173,254
194,205
148,328
50,406
326,385
205,248,306
59,327
304,363,423
58,282,323
350,358,458
32,397
115,131
5,30,408
20,234,378
10,355
204,315
92,335
184,434
150,250
238,348
165,389
295,366
103,377
17,347,429
215,492,494
123,166,293
107,363
240,337
261,470
49,78,189
34,195,478
130,305
12,378,441
84,334
295,480
76,117,490
301,372
172,201
303,324
410,483
47,327,433
69,73,176
34,351
140,150
246,285
203,305
39,279
120,386
141,284,302
70,148
8,266
320,382,440
62,246
337,422,471
114,120
35,318
166,274,340
182,477
153,300,332
21,420
182,282
191,211,279
26,206
164,409
5,408,458
367,418
260,350
25,374,456
159,191,436
37,350
49,89
93,115
106,144,499
60,182
51,281
295,440
290,376,414
7,414,427
36,289
84,224
29,67
132,256
279,354
48,448
183,298
375,487
102,117,142
121,184,417
320,356,364
123,185
228,283
429,458
104,284
99,469
16,51
96,302
88,425
139,315,446
245,345
57,407,494
220,356
107,434
227,318
7,397
120,219
199,328
373,451
1,428
69,343
23,67
229,266
64,296,333
256,287,314
32,439
60,227
187,382
157,459
167,437
202,497
9,19,73
360,410
8,90,176
429,431
4,73,198
275,476
81,254,399
40,140,305
71,301,464
69,162
21,40
126,267
228,369
78,380
158,353
66,319,460
84,187
66,403,417
170,472
185,332
192,292
106,251,407
354,418
242,289
132,136
53,75,357
113,213
99,434
224,292,472
22,95
80,184
117,482
113,238
371,494
110,480
25,221
239,470
92,458
299,307,444
25,112,222
13,147,363
30,36,241
451,475
28,298,415
114,286
12,38,68
21,39
10,418
124,363
117,211,272
33,215,271
42,237,285
209,423
138,189,382
47,391
164,237
177,364
67,344
30,99,383
224,248
71,311
261,295
69,129
232,483
416,466
125,264,275
199,445
234,425
34,126,249
433,460
23,383
92,367
36,76,460
47,126
382,459
168,257
5,306,406
41,391
34,67
52,302
354,491
95,200,250
50,97,277
139,435
31,51
214,252
17,450
364,371,394
196,229,353
51,212
136,280
384,408
208,305
71,163,303
101,231,314
154,312
27,201
318,471
172,231
142,153,161
17,198
2,364,460
267,380
222,445
312,405
127,373
7,499
41,217,463
62,237
138,412
135,300
245,434
152,227,270
137,306
152,321
28,105,110
61,387
37,247,465
68,350
5,347
169,172
110,325
150,273,318
231,311,394
244,500
57,331
323,410
85,266,464
316,461
140,162
166,229,460
69,233,275
95,499
227,271
184,208,254
91,161,454
206,259,317
28,162,371
46,64
67,258
300,461
466,494
141,416
451,467
228,452
295,494
135,413
428,436,456
121,138,302
70,106
114,380
16,49,193
91,438
147,268
7,38
165,357
83,323,490
197,483
86,94,305
169,267
147,214,459
249,274
86,204,388
2,396
361,371
264,268,325
221,311
101,500
71,140
125,470
19,300
23,366,483
376,414
184,212,341
220,245
125,321,430
147,265
110,194
34,165
318,342
3,334,470
137,183
39,306
109,387,444
43,81,258
10,160,469
148,223,415
289,293
221,494
123,183,316
20,128
221,499
46,491
197,283
321,407
68,173
241,495
206,272
325,431
128,309
164,203
33,42
55,407
383,396
182,463
114,316
87,498
36,442
235,453
153,194
41,236,268
56,228
133,481
6,114,237
25,144
30,31
5,267,465
225,273
229,295
325,350
33,380,445
68,101,278
69,108
133,226,358
143,227
287,399,423
112,298
37,141
183,326
25,101
233,400,447
287,438
483,485
69,453
243,396
168,314,351
30,336
54,245,387
4,254,462
364,476
18,482
265,442
31,142,241
250,435
214,268
49,466,489
112,181
95,236
80,208
292,312
68,225
199,219
311,343
118,124
17,394
250,443
94,336
217,267
53,260
317,328
159,187
35,141,338
230,493
365,384
141,272
428,476
111,317
224,235
227,496
155,245
351,422
216,269,351
13,293
203,466
76,281
30,431
225,285
240,370
386,458
233,282
280,300
93,373
171,266
444,490
206,338
212,362
22,129,420
53,279
146,215,312
283,389
82,110
236,384
80,429
207,337,416
20,269
32,46
155,303,307
67,405
63,133,186
178,500
122,369,419
142,253
243,355
146,181,222
393,445
84,369
350,398,406
131,434
264,378,451
155,437
179,468
405,500
39,215
249,455
147,217
101,372
12,273,414
414,427
128,174
65,73,231
51,57,387
80,197
123,244
306,325
277,317
43,303,405
43,444,492
396,464
69,173,349
265,433
60,232,402
241,314
42,152,258
86,461
33,223,445
179,245,444
93,286
83,217,420
218,437
247,344
117,370,373
156,300
423,497
289,327
81,404,459
98,117,403
178,232
52,77,201
243,377
77,254,380
60,166
88,178
39,200
200,253
147,457
131,233
299,442
221,322
359,363
86,386
129,306
255,374
386,479
167,314
207,392
109,284
202,495
31,345
61,339,481
165,346
180,287
151,485
31,161
120,179,183
292,408
171,372
195,348
76,294,392
66,271
61,308,332
31,130
105,458
74,287
145,436
469,494
162,388
157,256,308
215,438
137,495
65,466
95,165
37,221
408,443
116,470
36,61,219
292,389
358,414,474
248,383
124,300
273,457
59,123,277
134,366,420
306,481
40,189
179,259,339
366,397,443
202,292
71,134,260
42,169
147,274
21,136,315
193,436
91,198,343
77,394
89,435
452,493,500
225,289
58,269,483
181,322
80,106,434
5,476
142,175
39,306
196,233,500
28,283,406
27,95,398
56,230
121,320,426
115,325,499
130,327
40,163,424
331,443,471
143,352
266,340
369,491
51,67
173,203,378
226,330
44,308
15,393,427
211,390
181,219,314
335,418
92,473
106,453
88,485
79,304
279,408
69,81,263
282,340
204,417
236,316
156,405,450
289,442
301,352
68,197
106,325
224,241
166,177,339
91,141
98,215
189,418,483
14,102
5,328
370,426
200,253
145,189,357
128,149
14,393
16,470
217,299,470
215,434
71,197
79,226
135,179,209
119,265,391
206,288
140,184,467
214,462
232,379,495
232,240,409
20,292
104,478
159,224
25,420
109,218,369
270,278
344,449,478
421,445
212,355
23,307,420
229,385
194,466
113,282
47,462
193,345
183,457
105,434
207,397
5,180
25,275
205,300,361
214,309
165,409
4,454
244,359
3,114,334
170,202
90,116,230
207,228,299
396,471
322,382
132,422
119,323
22,186
108,316
216,342,360
201,278,338
51,126,270
354,458
390,425
100,409
91,346,389
321,459
90,140
71,355
130,421
125,302,482
454,458
369,414
35,263
141,223
96,423
39,92,181
193,222
57,298,488
24,143,434
130,388
46,214,378
248,315
281,324
187,415
240,413
92,352
22,360
155,363,388
43,386
57,262
163,179
356,435
305,331,345
37,356
39,93,307
132,198
332,391
338,404,449
59,394
2,119,476
128,177,191
48,316
151,207
287,359,474
52,139,475
7,74,249
238,312
244,413,441
69,335,395
205,377,415
154,250
352,432,483
373,390,491
175,284
112,434
223,401
5,409
204,362,372
34,47
94,167,389
47,210
36,342,412
293,417
27,382,478
203,333,467
286,354
71,205,355
149,442
191,257,313
107,371
306,325,348
211,230,403
67,77
180,343
74,75
108,248
224,430,457
147,276
2,433
195,242
72,279,281
154,160
321,471
26,109
89,309
264,292
22,164
12,421
98,121
40,143,163
51,102,211
73,459
175,326,400
25,133,410
133,305,499
181,445
150,207,438
7,170
286,457
153,181
20,221
82,187,351
1,255
14,277
90,251,384
202,297
93,226
149,390,456
290,492
92,221
114,460
50,223,241
98,316
37,198,297
256,443
126,178
109,279
163,229
14,76,432
358,383
312,468
198,453
355,495
299,317
265,438
135,390
28,110,495
269,435
10,213,464
346,403
159,394,442
55,217,335
259,326
86,352
395,450,454
222,469,471
214,287
248,375
321,409
145,492
92,429
137,388
206,345
267,332
64,435,495
139,291
332,414
333,364
53,153
9,469
87,397
176,404
317,466
114,120
312,350
279,352
3,159,280
417,436
283,471
252,311
62,223,297
196,426,433
7,176
34,198
27,48
27,267,349
242,243,317
205,315
357,402
160,212,301
3,24,490
4,77,241
47,49
285,305
301,325
18,154
157,238
116,185,463
344,416
56,296
176,253,374
51,116
14,440
94,472
140,420
200,458
175,186
67,321
167,256
117,153,258
114,120,335
85,343,359
301,465
159,175
212,319
87,301,315
203,242
41,339,371
42,288
230,393
12,399
173,183,304
13,79,319
89,174,405
109,410
230,240,364
178,221
318,348
25,200
53,364
89,264,458
56,280
136,353,453
221,467
318,398
293,371,390
242,351,435
127,332
167,405
48,230,347
342,471
140,362,429
223,385,454
187,465
334,371
7,357,400
109,121,460
108,292,465
326,412
13,59
213,477,492
332,485
121,190
172,385
120,227
103,316,469
44,47,288
214,260,387
110,112,362
250,378
20,318
364,479
43,100,441
50,400
98,153,344
300,491
228,474
6,48,188
73,307
208,275,331
110,222,437
58,423
204,219
94,147,182
85,96,456
30,275,354
227,368
85,470
5,103,180
266,443
25,322
23,480
39,246
322,387
215,357
151,313,393
115,266
368,385,426
32,315,380
146,325,361
227,284
276,482,490
23,253
175,342
64,150,278
58,179
58,102
165,222
218,240,374
87,388
99,429
351,443,458
19,361
253,275,479
58,334
69,185,197
166,180
47,117
52,298
210,368,416
136,164,473
306,383,494
144,494
7,64
52,232
99,130,431
143,148,238
113,180,408
71,235
39,181
100,207
108,115,141
24,195,479
9,55,124
95,325
389,408
35,446
9,85
93,276,438
92,225,460
140,367
10,28,148
214,258
104,403
53,158
168,297
261,460
50,358
127,365
262,266
236,458
380,418
186,190,482
197,464
129,199,200
79,331,350
305,443
89,294,400
280,491
286,486
112,221,315
69,314,405
131,245
16,339
131,317,407
323,417
65,222
262,471
60,395
100,489
235,279
172,290,496
116,261
126,144,432
105,148,155
136,306,467
69,343,492
218,445
122,176
37,201
143,231
184,479
322,359
83,192
46,343
341,369
61,340
34,214
98,228,404
58,407
99,375
207,347
134,499
296,403,491
8,32
29,477
1,470
94,160,471
153,179,259
98,410
12,393
198,235,245
99,365
166,175
365,438
3,363,369
6,117,270
134,205
33,264,308
110,197,464
94,298,462
121,291
46,314,456
41,247
151,345
373,444
69,189,488
68,438
124,149,196
58,185
60,134
399,420
67,183,332
47,421
212,279,464
100,348
272,291,380
254,273
410,449
176,475
93,418
326,332
149,189
111,285,461
57,87,283
153,261
98,399
159,259
23,109,156
43,447
154,480
39,331
428,496
421,489
88,106
208,209,279
38,156,389
256,431
3,496
201,289
4,70,432
29,164
36,300
94,331
234,461
78,416
15,278
345,468
11,213
235,397,433
209,326
58,232
20,151
99,379,384
197,475
305,339
285,340
154,255,419
23,90
190,413,432
174,426
339,423
69,346
217,391
406,431
179,300
227,261
10,458
181,344
120,332,491
291,345
20,193
106,213
135,285
86,404
25,301
314,351
10,40
144,310
305,488
242,370
76,162
249,424
47,388
250,352
103,131
117,188,395
13,123
257,385
95,115,498
106,379
90,170,381
147,373
16,214
136,218
26,84
99,176,400
310,367
118,283,493
6,450
168,413
207,404,472
180,331
251,306
407,467
98,135,456
22,138
293,391
173,308
32,338
229,265
96,245
5,345,389
53,104
131,321,409
5,392,463
153,482
260,272
315,339
19,287
97,323
68,320
126,346
312,362,471
106,109
280,397
18,260,294
147,190,224
198,246
37,97,396
55,100,313
16,397
132,298
410,439
276,324
125,217
4,198,446
214,497
156,295
198,480
196,500
232,262
321,386
110,197,306
53,399
232,399
315,365
128,442
313,342
249,309,341
52,122,158
11,422
7,453,457
163,331
468,473
47,268,274
321,454
145,428,497
12,256,400
37,72
92,319
195,404,416
107,394
85,322
121,384
169,197
283,434
156,399
60,224,323
120,328
200,424
145,300
173,228
112,443
199,298,322
63,307
266,395
197,350
122,244
3,327
158,394
86,205,325
66,209
7,202
280,414,487
165,409
268,337
9,23
51,235,360
189,220,418
300,408
296,353,477
68,193,382
132,389
186,431
107,235
131,397
326,440
185,373
242,263,294
193,499
64,85
45,489
121,346
196,323
105,340,488
121,271
19,426
136,253,420
157,201
206,246
143,201,247
315,321,389
84,490
267,405
201,268,416
57,264
133,262
322,383
11,484
20,308
226,251,361
142,186
76,131,137
10,303
88,460
118,124,364
249,269,359
18,244
67,260,478
274,402
341,429,494
204,361,379
405,441
447,454,485
176,283
83,337,409
278,388
66,90
40,468,476
75,313
138,417
57,232,464
145,320,442
124,332
208,377,483
254,265
69,462
342,385
201,308
302,491
198,324,467
351,422
333,390
97,235,239
140,286
174,344,453
153,292
138,442
195,381
264,270
224,284,293
195,244,381
118,297
269,381
92,160,205
231,275
78,103,239
67,435,453
49,107
216,498
331,456
336,416
359,465,493
138,444
45,211,238
21,80
71,162
124,335
177,306,366
327,498
103,365
155,245
322,388,407
114,155,220
96,440
64,166,373
112,260
137,139,432
358,473
8,284
67,322
202,243,422
127,494
346,355
6,60
49,142
276,410
61,230,395
194,368
58,161
90,351
227,458,497
84,119
134,226,464
247,328
256,309
172,388
43,358
113,165,499
254,311
168,290,453
14,41
47,419,500
169,249
14,41
166,263,348
192,241,383
108,346
11,133
29,64
9,15,191
171,340
2,10
20,32
93,203,413
22,164
53,74,223
57,82,477
198,405
56,129,325
229,495
8,430
455,484
21,127
123,495
41,305,376
24,48,107
141,419,447
126,451
103,305
228,449
335,391
220,436,454
167,223
247,439
76,341
29,316,369
281,340
174,214
21,139,238
227,461
333,373,442
121,178
291,447
97,356,403
55,129
122,416
176,452
216,275
369,426
307,396
375,464
167,180
102,135,188
190,390,482
62,213
144,155
433,499
42,150,151
206,391
152,436
271,281
93,298,469
50,288
381,393
133,269
147,424
102,293
261,337
9,343
323,439
123,159,282
24,139
52,332,359
19,469
79,254
30,86,407
2,117,457
39,207
404,466
409,472
37,449,468
335,369
138,328,332
40,322
296,474
148,177
95,134
8,53,399
216,486
97,296
42,234
86,361
220,481
406,434,481
185,274
181,495
11,389
98,135
202,210,224
109,123,439
38,225,421
162,418
120,218
19,301
241,343,439
81,408
235,374
200,486
360,497
119,281
107,125,322
199,429,464
49,438
37,208,360
180,282,470
248,286
271,384
62,346,419
184,350
392,419
362,436
155,390
357,399
29,111,177
313,394
444,498
184,261
185,369
13,69
66,477
254,272,422
277,304
185,328
197,302
263,408
135,157,207
10,357,492
248,365
219,448
95,184,408
34,372
20,169
28,454
94,225
42,78,258
400,486
316,395
100,465
10,163
114,333,360
125,385
1,211
321,361,362
119,319,387
197,489
182,188,239
257,332
45,167,288
170,414
10,257,309
21,364
52,72
18,256
114,444
73,108
19,194
289,358
306,328
99,418
241,263
210,487
122,163
374,456
37,399
87,245
238,413
161,183
120,176,294
317,370
14,444
368,394,464
411,482
9,76,240
175,270,388
57,137
305,407
146,245
4,406
31,200
127,393
57,115,139
433,481
46,492
52,388
307,329
151,283
196,359
193,305
361,437
201,445
140,199
123,175
318,483
158,472
52,305
258,307
145,344
204,238,483
308,380
304,340
152,208,219
57,130
271,334
5,124
94,167
158,297,404
141,392
16,219,369
355,464,488
179,356
47,77
305,321
14,326,356
133,388,492
124,317
106,146,471
62,175,450
65,98,378
251,365
272,447,462
224,333,370
344,464
64,199,325
193,415
79,190,265
90,324
106,146
248,384,467
19,70,245
348,459
31,197,379
23,314,419
335,476
209,446
64,289,490
434,481
57,385
174,492
253,473
153,177
59,274
94,186,361
63,136,365
115,139
54,343
105,144,432
4,57
106,419
13,135,476
311,405
205,315,434
115,144
9,160
39,355
215,367,437
54,442
93,325
49,70
341,424,483
102,335,364
129,397,432
306,386
66,364
369,424
414,455
225,315
147,265
351,466
275,438
290,328
15,419
140,322,432
275,305,473
379,396
125,298,429
28,35
142,476
160,301
144,402
198,219,414
15,105,283
264,417
59,217,316
246,421,490
234,260
53,68
112,339
234,303
103,425
110,200,306
119,363
16,159,487
183,300,464
124,377
333,373
68,489
436,487
72,421,449
21,148
316,491
394,411,412
112,140,184
173,278
34,132
54,290,358
2,55,191
173,268,314
288,365
354,371
152,263
31,43,488
171,368
46,61
19,193
39,94,361
123,260
182,457
298,348
380,497
64,223
117,313
302,315
49,94,500
47,65,174
5,343
68,198,291
229,259,295
9,247,381
113,253
263,285
368,399
150,493
120,216
242,380
59,482
16,259,496
346,446
234,338
200,458
184,194
87,350,475
85,166,461
367,384
164,199,285
234,435
209,391,431
332,427
29,183
15,405
188,457
29,96,323
111,440
118,418
434,480
135,238
15,322
431,495
286,464
160,451
15,348
99,418
96,376
244,360
61,203
164,181,444
147,482
200,208
285,419
235,281
107,301
89,313
317,333
56,148,315
162,229
170,348
226,278
88,287
103,450
293,456
76,227
43,91
305,372
24,199,464
8,17
33,168
196,255,304
199,408
93,163
56,309,421
171,183
328,477
16,388
105,366
7,79,476
101,157
80,482
183,282
9,382
232,248,429
80,199,420
67,132
279,367
158,439
200,434,475
209,333
28,332,396
137,143
143,145
55,119,128
69,337,427
231,370
165,417
50,100,465
460,462
112,305
69,465
324,326
400,402
71,227
6,107
105,131,406
15,425
8,372
388,473,492
326,482
317,363,368
171,308
259,448
101,414
51,295,333
232,292
51,130
301,306
228,499
200,476
151,203,401
252,493
33,136
66,340
348,453
78,161,272
123,240
168,288,453
5,113,215
6,460
101,104,340
330,493
213,361
218,383
126,237
54,67,444
315,415,486
68,400
11,21
64,300
12,194,303
226,283,325
245,325
117,302,413
231,294,484
116,340
102,358
71,105
105,118,133
116,153,477
63,94,418
163,401
155,222
55,122,373
158,278
461,476
369,497
166,340
17,236
124,292,493
27,318,401
29,496
86,289,483
177,339
77,249
137,232,312
35,75,90
134,306
96,300,412
75,214,237
147,409
424,429
120,255
4,497
182,216
334,395
11,71
246,280
136,473
265,317
207,478
191,374
196,243,281
190,374,403
262,397
257,436
28,362
254,351,399
201,258
107,427
51,159,276
77,388
118,391,471
319,328
4,351
238,388,443
108,271
291,414,450
1,163
95,262
159,496
75,274,309
145,289
43,100,314
175,188
290,332
29,296
121,359
382,390
66,430
238,361
86,477
232,282,388
352,458
134,251,366
40,315
226,331
162,180,212
70,275
48,268,376
54,408
200,303,440
56,197
339,356
444,487
230,282
91,175,321
38,309,363
19,111
339,356,395
426,483
180,310
23,305
166,382,441
111,350
312,384,488
260,349
15,145
194,479
242,404
54,347,431
101,114
52,387
44,422
66,85
168,343
41,114
146,429
471,491
99,375
81,202
153,300,368
134,289
32,37,434
138,243,364
76,278
22,261,263
19,349
160,341
178,424
69,185
2,360
72,152
116,154
23,352,396
155,458
194,202
212,250
146,200
222,322,471
33,411
345,398
239,413,431
272,460
30,48
1,61,412
122,337
153,252,433
330,439,449
148,237
347,484
1,33
143,280,335
115,158,184
67,375,412
159,406,438
139,432
235,264,492
233,435
31,173,403
142,155,421
149,356
317,494
46,201,378
286,298,429
104,426
199,330
233,488
156,188
186,239
3,300,391
95,195,271
1,277
146,204
281,391
211,251,473
172,288
95,194,248
82,494
194,264,310
300,452
113,409,495
173,279
44,419
196,392
12,274,425
297,329
149,368
179,211
279,345
171,319
221,222,408
96,430
9,276
156,197,437
99,186
134,365
64,114
262,308
73,81,231
162,184,464
112,143,305
3,14
207,233
157,448
122,450
346,399
269,450
200,213,499
53,154,294
237,278
154,346
116,284
267,445
233,234,441
276,300,332
162,228
42,414
76,119
77,452
92,408
161,448
43,228,419
447,484
15,232
364,405
248,470
94,190,237
34,43
90,281
60,137,398
83,302
235,289
8,68
306,477
40,307
39,372
206,432
25,208,355
236,398
135,209,296
215,307,418
28,30,325
13,55,64
101,442
194,388
231,256
197,271,479
135,190
85,124,333
183,229
189,264
330,394
22,464
328,363
21,486
3,266
15,248
149,490
110,403
170,176
68,343
202,472
36,174
58,236
342,413
170,228
121,486
324,391
47,306
183,195
205,475
22,30
51,277,369
393,487
14,332
197,391
104,271
10,388,483
70,312
27,51
105,275
22,134
249,451
77,258
82,88
369,459,484
76,411,491
61,360
69,267,357
319,332
58,381
338,370
40,105,397
194,455
80,275
207,237
178,371
468,479
286,437
39,486
181,199,444
74,364
13,319,366
249,349,480
50,81
269,482
183,190
216,410
111,145
56,464
167,352
45,78,462
73,234
294,394
8,74
233,294
173,263,380
265,380
206,417
14,444
186,205,499
223,273
192,343,416
252,264
361,437
111,431
249,338
225,372
367,420
247,312,346
120,191
203,352
177,255
100,288,309
153,349
29,163,447
105,307
30,163
156,460
281,353
23,245
280,328,487
198,346
257,270
75,106
235,271
176,428
172,292
180,184,310
220,246,436
290,318,338
43,427
94,459,493
78,358,372
382,409
106,267
131,315,365
114,304
38,101,392
137,180
229,415,476
96,217
149,328
114,216,323
67,241
275,389
158,285
62,126,459
87,184
52,192
50,154,249
149,225
347,472
104,371
3,470
271,278
13,417
3,145,293
45,158,274
132,167
137,215,495
237,397
30,187,366
43,246
235,430
198,445
333,450
158,460
19,117
342,497
140,481
283,384,420
52,187
23,112
132,399
227,293
298,390
328,461
107,370
12,262
126,337
415,469
75,478
120,257,333
47,122,214
198,425
198,283
41,234
21,40,310
80,129,197
117,376
78,441,474
16,394
91,292
83,144
451,486
403,428,463
410,457
50,114
70,360
43,264
247,325
126,157
86,473
85,229,497
164,372,387
78,480
19,137
64,370,477
281,374
208,226
196,216,340
442,470
374,440,450
166,219,323
73,132
130,213
334,456,457
79,153,316
104,367,406
96,495
123,304,332
79,206,335
79,190,428
242,498
410,450
145,216
52,113
95,112,389
342,406
10,127,193
152,295
59,492
446,478
107,380
381,480
330,343
120,276,390
114,277
185,265
23,165,379
51,224
128,186
307,389,492
257,259
165,469
52,170,480
269,294
50,54,438
163,205
162,271
155,492
44,101,376
352,385
4,45,258
70,300
143,162,189
1,485
189,222,301
235,296
227,277
69,421
20,274
78,358
73,393
21,384
73,78
81,161,274
155,315,348
202,228,297
148,231,408
163,220,332
221,441
91,269,273
41,61,336
240,257
100,454
146,182
90,286,430
414,449
310,424
155,379
28,421
56,147,290
243,354
34,350,383
223,320
362,386
92,361
249,451
212,298
92,105,226
342,498
39,415
109,313
299,416
74,252,311
183,336
4,45
230,426
63,156
162,199,418
165,251
203,350
49,124
375,464
348,362,488
45,157,260
124,224,270
66,153
93,419
201,396
2,431
237,297,490
32,108,273
33,344,450
128,198,429
22,221
475,488
47,113,131
90,274
114,302
31,252,368
79,282
281,498
88,309
320,412
132,410,446
13,131
27,234,455
318,421
366,423
23,279,494
278,359,405
4,215,422
12,107,131
269,402
102,315,493
69,331
14,428
334,340,413
239,280
193,249
30,383
69,359,393
33,178,214
1,363
81,300
29,331,455
41,49
280,374
12,115
307,425
170,260
99,221
63,471
315,386
97,203,380
1,38,461
166,482
381,409
286,437,481
235,447
72,152,297
299,306
30,186
102,327,369
58,147
239,470
1,463
34,285,359
219,334
44,48,294
139,321,488
7,459
297,400,443
145,391
155,420
454,485,493
136,374
305,467,473
361,437,494
180,408
279,393
221,321,429
25,93
53,333,384
224,356
385,457
16,391
243,310
95,133,226
121,190
76,281
39,166,459
19,116,456
279,469
67,481
248,468
67,151,367
89,269,314
121,340
340,498
77,310
183,339
124,153,410
130,270
351,410,478
63,157
3,284,357
98,185,490
41,219
114,210
93,155,200
107,285
153,206
87,200
12,291
132,488
117,231
8,421
186,194,437
94,162
112,151,304
17,246
1,9,284
246,256,493
96,280
238,312
84,117
84,163
341,423
254,347,348
86,209,446
73,351
62,225,295
9,364
141,265
2,29,390
264,485
102,142,209
25,221
329,479
21,386
88,169
370,427
304,353
160,205
202,448
24,130,194
302,402
33,429
47,165
47,178,258
77,287,381
35,297,421
66,259
20,344
186,433
245,354
67,347,447
268,455
277,333
61,184,251
200,272
118,458
455,489
81,169,452
125,254
144,156
12,181,421
13,114,442
101,226
2,71,265
5,215
19,409
12,151
32,202
158,435
118,448
312,336
145,313
150,369
83,330
203,400
18,187
151,307,454
59,463
229,467
170,291,343
70,474
120,340,374
160,271,391
74,424
289,491
48,322
152,242
228,247,380
417,441
318,343
114,272
14,24
231,480
257,498
142,497
165,431,475
12,459
8,75
421,469
210,352
165,336,422
249,273
437,473
262,464
74,148,500
101,120
111,335
206,243,255
85,302,324
43,67
255,385
124,301
146,398
124,249,471
1,260,320
450,471
132,229
69,287
87,275,350
87,477
371,389
226,397
128,300
145,259
91,234,484
28,141
1,171,335
41,309,479
230,378
26,320
22,25
147,157
140,226
249,458
121,500
218,266
351,415,454
186,354,394
456,460
355,366
184,275
103,218
129,458
96,219
192,364
108,207,380
22,99
241,288
244,311,422
297,485
39,280,490
219,416
187,383
86,427
119,335
386,389
298,465
26,61,391
102,289,368
246,338,454
107,498
401,445
177,339
346,461
53,219
235,374,476
222,240,395
17,408,482
95,417
54,180
88,349
72,332
141,484
131,252
83,438
163,328
80,225
7,346
81,228
457,493
31,189,388
36,191
135,310
63,458
52,495
114,185
39,143,379
13,343
128,149,423
338,402
421,455
273,439
8,351,393
200,469
136,324
113,129
150,454
106,218
112,415
162,174
231,268
174,267
152,292
170,222
32,246,401
311,320
80,366
93,486,494
209,317,332
246,376
112,228,375
43,396
86,144,486
237,292,401
194,465
141,454
186,238,474
131,218
374,390
287,359,421
89,456
118,130
162,400
107,120,327
35,38
133,232
72,399
124,269,472
415,481
112,160,341
2,293
177,304
24,76,353
191,239
27,41,344
416,452
266,334
74,330,425
186,471
307,321,409
278,492
158,179
186,424
86,304
230,386,398
484,500
260,450
241,263,485
143,406
7,385
245,333
131,180
112,132
72,393
30,375
272,294,427
369,374,456
70,204
147,292,309
65,77
170,229
192,308
287,327
279,384
116,374
191,313
7,201,489
411,486
250,366
10,388
72,158
38,146,238
216,302
135,167
420,451,479
112,179,420
173,252
125,299,328
313,457
227,229
381,465
182,436
213,249
130,315
204,405
230,414
35,413
176,249
138,266,282
6,59
131,165
470,476
138,434
169,244
67,480
88,349,391
359,499
241,494
176,222
346,351
176,458
207,425
198,290
37,81,462
175,460
55,89,241
232,398
296,414
17,273
300,426
258,287,363
93,348,489
1,300
43,359
334,444
93,277
23,99
10,133,406
84,268
41,196
263,353
1,313
377,439
436,479
39,141
102,271,342
108,306
101,290,359
117,149
26,78
101,339,373
178,314,439
205,252
266,352
87,275
84,289
357,455
20,358
309,351
331,425
27,421
52,415
167,432
22,216
355,429
72,465
118,178,392
424,499
305,361
127,189
20,340
83,151,258
146,220
70,232,361
331,361
139,180
211,339
386,418
18,271
78,212
17,214
104,340
328,433
74,346,422
240,438
72,314
25,134,212
26,498
311,471
85,335
11,352
68,78
48,62
43,160,323
199,305
226,269
59,261
14,364
40,105
146,446,477
179,223
59,264
194,491
320,424
149,470
277,478
323,336
247,295
7,359
8,18
31,157,377
85,392
222,397
299,430
12,138
127,201
70,494
125,255,444
280,351
58,327
36,373
46,152
147,436
187,282,481
232,251
22,303,479
33,97,247
81,386
74,126,170
183,412,440
6,135,217
129,355
51,286,496
302,476
164,187
140,394
127,420,431
207,490
278,319
147,284
257,276,490
216,276
234,304
129,146,432
222,357,434
344,474
343,353
315,437
107,340
37,195,381
52,388,483
261,320
110,389
9,369
70,204
38,44,285
62,274,446
71,424
334,394,413
154,299
36,349
86,107,161
205,331,355
206,490
158,289
154,192
94,262,396
272,372
80,375
233,446
26,76,97
138,139,257
96,369
226,332
49,260
191,413,496
217,427,499
365,397,482
85,460
3,456
72,379,440
61,114,371
151,270
41,210,363
68,173
95,409
374,387,476
407,414
44,325
230,431,466
195,338
125,198
251,341,388
6,13,360
153,185
74,339
4,46,311
219,432
134,244,258
278,436
59,495
3,121
145,148,471
127,422
255,276,300
136,321,340
335,423
198,233
49,450
215,363,491
69,293
52,118,386
110,307
89,246,308
18,408
102,460
111,255,395
228,319
105,205
6,282
188,245,325
76,104,433
126,358,485
22,100,177
90,470
207,447
50,244
65,244,359
30,72,105
180,358
245,397
123,166,399
332,457
409,473
35,265,320
224,319,391
184,248,352
89,132
7,357
171,461
146,345,481
100,169
83,285,309
94,112
300,437
106,118,292
141,241
249,349
89,151
28,406,432
10,148
137,361,406
277,278
110,116
269,448
248,262
82,364,444
125,231
204,302,336
340,349
13,271,284
192,427
125,246,445
254,316
490,498
62,172
287,491
256,311,435
236,377
391,429
50,288
131,464
261,490
46,202
205,481
44,239
185,293
184,396
233,294
251,345,420
341,394
208,306,341
106,165
25,464
85,144
293,476
257,402
225,446
260,330
97,200,204
217,320
133,432,437
127,327
194,458
6,149
224,463
310,475
7,356
65,357
156,243
57,74
182,356,385
190,261,460
266,453
277,385
264,470
358,386,418
40,251
128,138
57,187,245
77,289,449
1,119
200,244,263
62,462
56,153,325
122,293
150,198,446
288,465
23,451
6,65
76,179
11,22
103,181,250
35,388
186,253
212,451
386,432
14,463
253,338,363
51,54
69,466
57,66,358
112,499
78,152,319
215,303,479
230,442
63,320,492
13,179
92,446
62,158
215,303,473
88,195
89,313
407,414
47,349
112,148
77,435
30,366
208,253
14,211,498
5,23,383
152,262,439
155,204,460
227,299,476
213,471
45,378
93,351
126,169
98,472
148,352
337,435,493
75,260,434
59,73
182,391
82,242
58,286
118,126
134,236,432
332,457
268,497
247,297
182,196,371
106,134
9,26,374
83,170
8,48
380,408
8,252
109,229
55,175
103,481
194,345,429
206,491
456,457
29,162,185
23,350
16,185
57,145
27,39
103,181
103,284
67,472
177,270,271
73,169,285
18,26
291,330
79,295
273,371
85,493
210,485
29,356,385
192,427,439
1,370,487
15,251,382
153,316,335
8,378
88,284
72,421,435
96,319
211,428
7,47
239,329
116,199
189,266,319
52,162,362
2,373
278,482
43,365
236,475
312,347,355
135,334
21,140,275
66,400,486
315,457
169,246
176,349
223,376
210,281
33,489
24,220
80,253,494
76,142,235
2,323,324
45,474
127,131,486
63,428
34,472
276,465,473
244,310
117,335
324,353
83,480
39,434
45,210
122,299
285,381,392
130,212
68,126,168
152,343
298,459
233,416
188,259
359,427
226,388
401,425
88,309
368,478
58,70,133
167,287
75,101
49,305
47,136
372,381,446
132,165
320,481
196,300,334
166,219,224
33,404
169,231,466
8,205
128,339
108,170
52,118,245
152,208
8,62,174
347,486
61,117
58,179
170,195,256
38,53,73
138,186
26,42
210,299
263,343
441,500
310,434,495
90,223,401
73,168,170
36,409
62,399
142,302
81,355
309,425
48,361
104,175
120,196,316
239,411,426
228,249
178,381
233,472
55,232
53,375,450
73,268,446
48,353,360
132,311
168,417,446
330,381
170,310
230,340
107,243,259
70,307
54,195
104,396
174,312
370,413
283,302
273,376,465
184,321,499
176,498
86,261,406
191,341
57,451
345,427
331,437
134,139
104,314
356,443
294,308
367,443
337,446
69,121,315
313,322
2,473,497
16,227
133,221
4,83,203
205,495
406,464,469
201,454
52,400
379,471
82,404
50,74
6,413
254,280
286,331,495
243,255
75,399
183,270,339
11,334,422
123,149
255,485
160,222
351,447
105,208
48,124
366,406
240,257
168,405
265,430
71,106,321
111,270
115,118,337
327,347
259,332
5,495
150,310
59,411
260,347
225,439,453
112,495
43,422
85,379
219,369
46,402
215,298,455
353,482
330,454
46,192
75,169
393,411,486
336,493
67,223,485
164,301
420,494
132,154
343,348,447
341,431,479
22,155,415
179,183,327
262,408
22,152
9,300
222,468
23,87,221
253,323
348,485
82,233,318
237,258,381
193,334
211,313,342
57,175,420
114,281
14,29,363
89,233,462
14,326
239,295,394
127,137
341,358
122,381,428
50,381
187,331,437
228,351
106,257,328
326,417,433
80,494
166,301
26,483
108,288,429
153,159
31,322
302,368
210,226
92,283
23,180
481,498
185,191
116,410
7,225
4,157
57,493
25,39,146
49,249,486
51,218
352,354,408
24,481
40,303
30,57,310
79,442
293,306
331,389
138,444
83,241
91,263
202,322,337
112,321
182,255
404,465
407,495
24,180,389
237,401
104,463
109,312
4,43,274
122,214,378
126,404
2,298,396
111,255,482
213,215,443
138,247
163,221,492
15,32
201,472
248,464,494
1,179,347
344,352,475
324,444
25,48,180
274,395
21,379,418
172,367
312,375,396
27,119,204
137,389
146,175,341
156,480
216,414,497
373,453
14,153
11,262,375
1,4,37
187,193
194,354
83,151,172
63,493
117,385
228,236
56,129,131
70,189
95,407
256,297,396
84,391
99,101
213,375
246,278
176,357,484
116,261
256,462
4,400
98,299
100,263,376
95,306
369,487
106,331
382,485
29,430
450,485
80,212,324
74,178
66,77,162
308,330
157,201
309,449
423,482
229,235
214,392
49,202
45,362
17,161,438
107,204,324
338,462
89,417
33,370
71,458,481
295,417
32,42,67
71,221
300,320,411
203,446
104,440
257,261
63,70,352
212,277
25,31
188,323,395
138,363
435,500
122,399
160,377,384
404,472
151,213
289,387
153,461
447,493
184,322,377
268,472
289,430
40,474
247,258,366
428,453
77,447
141,318
165,345
88,435
144,367,384
38,353
74,201
402,453
37,322
118,395
319,371
3,304,417
61,359
142,175,332
55,452
224,476
62,267
154,264
333,341
206,320
345,425
8,20
272,303
62,238
271,403
271,461
132,170
137,283,408
369,447
171,289
59,341
335,477,496
243,375
374,484
191,265,333
59,196
324,328
74,407
126,228
49,53,135
28,354
25,41
68,88
61,387
76,206
56,423
152,348
295,394,426
117,209
186,432
52,127
181,185,302
160,234
487,491
436,475
31,121,447
343,493
380,403
116,209,271
148,194,499
300,376
45,157
135,202
12,169,170
31,171,183
327,349
257,446
124,257
193,310,451
125,335,374
20,122
159,200,473
99,490
168,195,413
161,313,349
95,389
94,236,492
31,332
170,179,461
299,412
195,288
92,318,483
77,83,198
194,213,245
148,285
11,25
190,302,331
42,499
145,371
39,125
109,376
189,446
124,345
115,180
115,215
109,182,304
113,232,406
238,406
167,265
17,428,469
64,260
119,333
94,383
5,148
226,467
230,489
130,459
263,373,438
182,246
1,260
171,300
250,396
55,498
1,117,442
211,230,281
160,495
28,274
33,111
201,368
133,299
285,336
248,307,361
57,420
257,412,461
30,310,397
93,112
432,471
107,320
306,321,429
30,346,412
139,494
193,275,471
168,400
107,149
44,274
50,72
150,381
139,179,429
69,299
311,336,472
243,277
120,270
363,492
302,315
10,232,407
93,120
88,265
5,457
59,60,218
113,275,409
172,402
154,419
169,351
28,321
324,465
132,445
178,201,202
85,262
124,243
6,444
79,322
139,401
92,475
98,149,224
217,440
47,77
175,216
272,300,336
260,288,439
2,282
136,353
185,333,440
228,244
5,248
22,420,424
139,171,215
349,436
142,150
31,367
352,367,492
233,241
159,279
209,385
179,323,390
63,267,400
104,266
249,277
51,423
296,482
139,155,345
231,364
227,334
165,489
37,259
149,284
179,410
273,449,497
41,408
63,133,488
118,372
282,490
39,325
196,302
107,135
41,453
278,458,467
23,102
45,89
90,422
145,328,368
17,122,158
67,401,443
86,446
233,402
45,124
274,393
28,419
196,458
301,495
274,459
127,145
11,38
251,288
52,196
57,420
197,366
68,312
347,441,453
70,110
266,304
173,477
22,226
190,429
267,452
7,281
35,289
91,421
46,107,475
146,345
219,243
294,393
64,329
315,403
111,281
273,467
406,412
189,423
158,198
384,410
78,400
76,497
76,276
136,379,451
203,480
124,356,412
12,386
18,49,91
112,389,467
47,57
238,268
277,373,497
115,135
126,203,380
261,370,371
25,346
204,251
46,149,211
215,306
9,413,433
235,255,328
187,243
117,120,412
208,280,321
325,407
146,388
69,362,456
55,139
169,381
237,421,441
18,32,349
294,482
7,103
15,120
29,371
176,424
202,438
460,461
57,108
172,317
378,493
251,451
97,277,284
348,459
134,281
133,249
57,170
230,463
70,197,354
22,332
72,493
329,353
17,43,198
185,382
34,254
235,427,473
282,429
81,163,418
38,287,392
198,329,472
196,411
94,427
129,369,479
40,79,347
172,214,330
93,276
121,145
204,332
162,465
46,438
377,482
375,398
280,404,462
415,430
87,367
282,436
12,150,380
297,372
117,416
39,165
244,438
229,326,327
245,299
126,450
10,473
173,318
176,180,299
181,354,475
355,488
434,497
264,370
412,458
61,197
173,272
203,244
29,211,218
424,432
174,265
428,433
94,148,231
441,488
312,341
57,199,396
382,460
88,118,339
404,500
383,468
212,262
56,479
184,260,270
92,389
38,48
85,185,320
95,486
49,125,463
364,495
170,449
206,230
246,336
93,334
209,210,498
98,173
169,326,424
159,382,456
128,174
3,463
216,417
141,318
150,151,223
319,356,407
251,367
53,64
323,348
41,426
154,330
291,346,398
92,143
462,465
439,465
183,355,416
55,304,320
181,345
90,208
147,443
36,410
339,377,382
303,468
129,396
66,291
129,398,407
243,389
398,437
2,196
244,268
352,467,483
85,378
320,403
39,63,232
87,194,315
290,347
69,267,309
191,348
297,446
171,221
66,171,261
106,397,418
242,440
374,461
336,475
160,208
189,313
111,369,410
29,210,259
213,298,354
36,97
38,43
140,274,446
2,14,370
165,354,432
102,413,436
232,400
23,180
164,400
42,211
366,409
372,465
378,462,469
268,308
223,382
15,114,484
290,299,472
75,414
38,336,346
291,428
152,290
216,233,463
406,417
307,494
41,138
341,415,483
147,239,289
456,460
43,290,466
324,414
74,173,199
28,312
51,255,481
125,171
98,327
347,394
8,127,320
295,328,487
178,462
320,328
153,209,360
36,379
360,403
110,365,475
36,227
97,326,342
185,393,421
85,319
47,170
202,455
39,154
405,452
14,280,491
267,404
409,464
13,344
55,411
115,163,283
220,458
5,234
218,270,339
248,325
102,390
90,315
171,320
84,313,364
213,230,243
417,449
380,405
216,306
321,325,350
56,321,350
227,281,328
114,340
254,329,480
201,278
37,55,232
97,237
62,249,469
130,272,308
213,464
64,229,276
1,412
132,242,422
93,345
5,63,384
42,492
227,442
40,120,466
108,151
19,32,61
210,430
119,327
192,438
138,206,333
107,344,396
288,364
61,370
210,301
83,207,474
252,381
123,138
327,360
144,426
322,325
237,427
106,284,462
54,263,421
143,483
104,333
81,357
107,335
190,257,442
60,491
265,390
295,387
35,43
245,497
267,352
389,464
139,199
1,374,491
126,201,271
14,29,103
150,203
156,300,440
1,410
315,473
415,450
92,379
31,361,473
96,320
44,459
105,323
40,395
187,235
62,294,337
224,250,269
38,144,310
238,395
279,425
71,458
435,464
50,74,273
72,230
13,408
51,68,89
109,212,356
337,467
3,128,227
196,387
166,234
106,144
70,86
49,336
35,167
2,474
148,481
193,367
397,398
177,255
221,328
52,215,292
272,275
21,463
122,237
4,405
411,467
189,244,262
197,450
134,392
263,265,379
198,250
229,304,332
176,420
348,427,438
135,162
446,466
80,83,280
45,75
73,152,249
455,466
86,467,476
348,420,441
77,349,455
170,348
285,452
187,270,395
141,321,398
420,451
268,405,447
46,329,494
134,253,432
181,238,377
22,248
149,197,362
86,194
183,391,482
124,209
25,199,375
106,458
109,228,427
241,306
15,488
180,212
388,406
154,225
205,423
20,36,221
164,375
77,88,297
42,437
161,412,465
2,299
203,402
60,298
345,455
152,256,458
413,475
15,267
61,426,436
98,340
65,135,150
165,262,435
132,423
142,413
68,489
117,177
381,429,451
393,479
173,291
145,176
165,291,299
10,472
75,254
310,341
195,393
60,477
212,225,452
26,263,469
53,318,399
95,159
29,107,356
84,119,282
294,327,391
38,294,343
151,211,378
42,215
108,132
21,366
309,398
103,104
226,436
15,96
283,378
221,311,460
224,319
156,382
197,355
6,175
70,205,226
43,225
28,150,451
66,236
101,110
67,233,464
127,341,375
98,114,490
78,169
144,173,493
105,375,486
63,407
327,371
332,391
186,413,450
145,346
363,493
7,17
173,244
200,474
338,394
432,451
143,148
191,370
325,446
57,83
93,130,215
103,154,233
57,275
47,392
172,297
265,296
222,368
182,309
94,181,193
392,421
99,164,350
257,461
83,285
1,326
124,152
114,259
164,167
162,431
40,418
196,232
459,492
347,453
286,297
49,131
207,450
115,434,437
7,146,220
91,445
69,402
76,457
205,240
78,436
179,215
49,311,416
163,283
266,374
56,180
98,349,388
321,388
34,178,404
151,257
59,360
64,411
180,395
100,381
445,485
112,251
254,452
142,239
423,428
310,331
452,472
89,372
383,415
300,348
394,433
2,46
94,213
271,457
44,158,309
123,224,440
210,272,307
256,331
26,85
23,131
18,259
310,351
5,325,432
65,453
188,365
46,122,254
3,409
202,353
38,427,466
15,188
225,320
19,234
363,483
85,431
334,395
473,479
133,137,306
282,360
159,444,463
252,254
56,251
215,279
343,402,480
170,404
79,419,473
282,334
87,415
117,230,296
263,273
137,193
152,387
246,280
302,352
255,342
172,203
111,363,426
135,239
107,122,176
61,135
11,161,351
157,449
22,208,429
373,382,490
122,222
350,386,434
34,351
12,256
3,435
207,297,480
163,455
97,238,389
127,144
62,352
330,446
366,476
229,395
255,490
77,347
267,475
98,233,236
51,435
39,377
62,148
35,362,374
103,342
140,155
349,482
282,374
109,274,297
97,413
86,488
186,204
312,372,475
16,179
138,461
47,63
179,412
108,210,431
22,260
263,416
391,463
155,405
200,205
115,268
46,381
58,94,158
307,335
248,354
198,458
81,225,244
196,414
52,56
172,306
67,305
8,17
123,171
90,382,396
193,367
305,407
192,258,478
8,312
465,489
83,183
171,185,295
22,490
20,237
48,49,474
72,263
308,346
258,319
258,278
94,307,341
108,157,285
26,353,385
7,198
23,286,488
159,210
138,324
148,366
271,403,444
129,138
57,449,476
115,499
47,174
419,445
343,492
206,265
19,137,213
37,48,192
235,363
125,277
86,208
139,432
270,332
57,312
115,444
35,151
3,443
375,483
263,489
272,372
123,376
246,392
48,453
152,377
31,267
93,140
41,317,474
136,262
409,495
85,240
42,192,446
67,155
139,326,388
4,45,263
296,353,364
188,299
4,201,455
74,407
20,228
189,372
222,354
48,50
300,382
8,487
26,317,332
87,204
128,267,414
28,284
173,287
82,358
161,214,378
60,303,344
74,141
294,307
9,60
5,163
238,471
285,467
47,59,438
15,203,414
151,291
43,262,316
54,82
152,189
57,361
193,312,415
51,326
223,262
48,392
97,143,363
199,335
168,500
8,241,252
210,428
229,410
152,288
59,177
26,498
392,427
69,72,256
354,356
108,276
211,486
44,151,268
10,323,477
171,480
43,338
163,451
81,252
206,211
3,124
105,283
113,221
314,336
104,171
57,158
312,387
418,423
191,248
84,143,407
374,385
141,180,298
128,303
113,150,194
311,362
287,402
18,92,337
184,194,388
109,339
63,195
316,335
199,357,387
120,316
60,204,313
227,390
374,448
266,280
289,317,412
119,154,410
109,121
91,108
86,499
91,152
30,280
191,451
41,299
48,274
153,348
370,417
233,272,288
284,289,360
96,413
334,444
24,147,344
131,454
156,318
105,194,365
33,393
26,40
105,275
53,157,465
213,377
153,428
10,27,156
291,427
183,254
177,217,244
184,431,445
424,495
201,430
264,359
132,161,197
206,364,390
77,262
1,29
92,146
289,297,396
241,399,450
46,365
160,200
187,343
102,261,299
4,74,280
74,207
83,269
216,373
167,180
117,417
2,470
189,329
145,361
261,472
361,464
257,463
123,185
22,315
213,431
32,252,454
128,281,461
390,494
171,430
147,423
371,409
14,41
124,223
235,341
235,326,435
37,50,53
231,339
152,169,338
258,297,459
112,253,409
97,214
331,345,420
314,369
210,335
269,288,365
71,235
123,441
420,480
95,479
81,254
181,339
171,368,403
7,191
203,358,392
206,396
334,342
217,294
98,440
155,322
66,102,320
50,349
30,310,361
16,334
174,446
54,62,435
112,362
49,500
276,432
143,481,488
8,173
16,135,159
96,289
57,130,352
143,325
104,271
48,253
180,418
51,319
94,322,398
56,87
36,359
43,123
351,365,390
153,179
41,366,402
224,401,457
76,456
264,423,495
13,178
385,496
239,423
99,468
99,161
377,459
219,395
58,60,369
74,405,446
93,483
124,423
84,281,411
371,410
125,149,348
96,108
8,158,176
339,347
124,178
65,308
229,259
42,74
247,383
310,384
136,193
101,144
241,337
234,312
258,311
53,337,465
249,475
374,427
28,133,479
191,353,382
222,408,475
219,228
111,199
172,297
31,343
175,353,397
251,310,464
236,354,398
83,401
15,122,274
109,123,395
71,420
18,282
127,480
124,315,494
80,178
123,371
321,337,397
313,448
73,90
199,475
354,355
212,236
115,481
202,250
55,480
280,282
231,242
171,300
259,360
204,238,301
135,296
242,421
40,75,292
210,332
27,330
355,469
43,246,337
123,255
203,309
73,90
87,112,286
200,212
281,339
29,210,470
163,474
38,67
62,264,272
39,105,137
10,225
133,281,305
43,44,75
308,466
44,54
215,369,421
40,471
35,44,338
86,139
66,500
342,417
190,334
42,447
161,240,407
9,363
133,312,420
199,469
127,290,465
375,419
176,368
260,410
86,191
1,492
134,420
182,401
191,295,319
203,219
78,474
215,260,316
6,391
88,158,402
190,299
79,327
43,247
187,464,475
5,19,200
25,181
23,140
85,482
15,21,99
29,299
345,437
131,307
205,492
138,325,336
274,414
22,411
183,266,317
195,364,479
389,409,424
238,281,373
241,246,436
81,99
23,482
56,177
42,84,378
175,257
128,227
31,113
147,441,491
154,176,482
379,419
49,365
188,363
455,487
294,392
138,206
77,419,480
273,349
155,204
36,182
23,31,108
77,244
82,178
278,385
126,290
15,32,184
13,26,316
51,106
208,331
106,275
152,309
46,452
64,384
44,242,445
232,256
404,442
115,352
158,269,466
146,489
156,282,461
269,435,485
10,232
77,157,257
311,396
240,283
160,208,367
278,390,487
99,146
240,367
265,385
133,432,479
41,183
221,400
257,287,405
145,385
219,280
16,165
6,109
20,317
70,377
73,291,482
423,440
159,332
66,98,270
198,444
259,327
18,416,466
27,330
144,238
168,352
33,141,452
60,339,413
161,260,297
33,402
74,157,400
295,327
272,380,445
176,300
107,426,460
152,421
1,239
177,427
55,332
46,80
171,332
63,215
239,382
186,488
35,426
67,234
54,479
119,281,317
312,422
349,466
27,291,347
121,124,342
7,45,263
473,475
101,172,344
247,469
414,478
249,251,367
63,140
254,417
141,484
272,500
202,371
111,147,444
97,224
47,405
312,415
70,278,364
11,90
465,474
387,491
88,257,295
204,220,283
124,131,298
39,152
22,40
248,285
187,304
104,491
175,442
89,94
38,204
12,398
41,74,288
56,137
93,350,494
120,485
124,156
38,410
14,385
83,174,485
356,436
268,311
76,79,216
25,415
14,340
261,384
143,200
7,54,101
74,108,168
294,393,427
98,134,494
163,488
312,494
62,376
182,331
154,500
236,322,451
193,283
171,240,498
71,216,383
217,364
266,437
428,436
17,337
295,482
38,77
192,435
141,203
49,237
152,207
300,438
5,287
212,303
312,382
75,474
200,418
117,319
450,486
42,463
111,219,363
76,360
157,376
357,402
52,122
206,363,452
198,202
47,266
251,345
307,469
219,384,482
79,278,323
121,320
213,355
67,96
11,164,234
302,483
126,409
247,454
30,245
277,282
270,339,491
285,310
126,272
65,243,422
4,291,426
2,114,230
15,30
93,247
217,286
208,275
122,141,342
270,423
147,235,476
102,240
288,423
136,215
89,203,452
373,387,426
63,241
183,299
202,256
55,119
13,493
15,391
263,442
374,387
177,442
151,161
93,174
44,461
154,347
133,160
30,140,437
93,408,486
120,183
7,313
78,242,430
99,318
137,279
202,244,347
54,172
93,262
241,441
201,269,436
443,447
426,461
49,75
168,249
31,80,324
123,158
353,399
246,330
135,363,403
117,190
218,374
196,363
306,407
371,457
8,380
75,201
141,178,183
234,482
161,297
66,387
85,491
248,345
235,375
214,260
12,74,462
228,242,446
105,122
255,430
291,485
198,203,274
102,212
195,392,422
149,221
140,198
75,161,281
15,217,440
16,114,227
130,493
181,218
114,240,496
64,230
24,464
27,346
53,242,386
286,354
112,312,380
49,157
442,457
142,168,500
316,360,491
118,167
3,316
232,479
59,327
59,255,287
101,290,358
171,372
161,330,474
1,369
256,287
66,197
95,345
136,462
16,29,461
272,276
73,403
163,291
27,422
99,231,352
38,326
254,414,419
53,158
32,257,340
444,477
15,176
4,435
166,235,356
139,312
245,471
353,456
139,370
90,145,479
143,208,272
42,178
111,255
134,471
107,239
104,300
180,247
64,84,186
71,131,136
2,88
316,428,433
93,384
163,362
310,480
131,365
186,469
355,499
442,460
36,368
141,422
103,181
44,410
202,278,400
42,391
156,166,371
186,322,473
90,202,291
29,209
358,462
19,164,424
167,339
105,396,451
166,380,383
5,494
262,306,417
313,326,428
467,480
165,377,424
116,130,359
347,449
86,248,496
73,482
182,203
85,281,412
50,392
40,275,486
71,443
198,254
92,193,376
188,280
77,152,487
22,144,315
14,114
237,294,376
371,386
244,256,292
76,153
223,462
191,277
10,110,486
171,182
34,416
178,439
207,408
63,305,494
42,484
229,444
159,194,456
139,143
10,442
132,205
43,189
338,450
152,241,309
187,479
55,77
84,306
271,468,478
33,376
254,265
2,228,324
265,387
87,434
26,66,333
232,250,352
213,367
289,472
119,321,497
121,218,304
90,441
92,127
182,257,368
199,312
274,461
15,277
408,469
201,338,349
122,193,238
80,426
265,490
52,455
18,62,466
201,376
151,256
16,46
98,267,465
191,236
96,175,240
315,468
207,427
204,217,428
62,359
210,289,309
98,384
365,500
191,211,334
135,263,414
106,367
180,347
121,433
21,93
136,202
82,178,414
138,215,479
175,411
186,283
6,128,159
171,242
58,243,375
239,293,460
114,347
97,295
75,94
266,271,334
121,277
19,43,388
36,116
96,302,477
45,54,59
46,160,449
6,423
216,265
44,198,399
69,243
223,273
88,154
313,485,499
328,431
66,364
349,414
185,496
252,328
93,102
63,86,180
72,238
109,166
214,354,390
118,282,409
29,39,63
31,294,313
68,185,203
190,359
113,259,410
165,315,381
274,285
341,483
43,268,448
48,402
59,134
293,430
217,332,456
192,474
358,406
381,470,494
53,72,173
37,295,313
250,486,495
28,143,312
195,414
122,225,294
43,459
123,304,496
187,492
262,283
170,362
72,448
380,439
8,482
215,475
155,199,459
57,140,270
177,317,463
20,368
315,407
7,243
388,499
478,488
61,123
266,331
133,258
198,260,348
205,258
266,318
176,207,324
160,239,472
55,407,449
97,308
170,271,415
153,219,368
17,233
17,437,486
246,321,469
244,347
240,360
9,125,456
78,226
132,263,404
313,435
264,346
89,402
287,416
108,338
14,490
155,443
464,479
221,238
173,382
276,317
179,295
231,318,445
280,491
259,326
189,375,486
458,468
220,303
133,240
81,378
55,227,419
172,378,399
177,304
2,240,307
197,408,420
299,333,420
104,138,224
88,151
112,136,331
43,233
226,253
216,265
82,273,287
178,360
97,482,491
249,393,397
173,318
421,453,465
132,361
302,474
32,332,416
250,473
212,391
127,212
23,348
65,244
37,348
11,110
122,260
22,70
80,92,94
74,359
85,394
284,415,489
50,83,174
243,300
176,242,425
5,33,388
339,458
389,478
151,173,435
15,126
39,365
50,475
389,443
113,272,303
224,460
449,464
212,290
20,335
48,149
17,292,402
222,408
244,404
296,428
106,115
52,80
128,492
111,270,391
362,438
216,320
11,93,375
85,410,499
36,111
54,102,114
119,282,498
17,60,101
98,138,464
93,131,226
124,440
190,316
103,165,212
99,250,429
147,284,316
322,345
284,442
196,431
7,353
136,486
363,461
80,92,276
47,449
103,420
334,365
260,347
231,366
90,424
300,304
25,398
89,257
24,39,48
302,305
42,478
32,197,358
325,495
115,431,488
139,418
34,102,458
82,152
157,252
166,171
21,53
321,355,406
259,443
299,334,442
350,420
215,348,461
234,290
11,310,325
84,155
42,259,497
78,308
373,390
53,139
272,330
220,431,475
221,224
421,454
361,366,407
289,377
105,410
124,324,470
415,449
293,407
93,424
216,235
10,379
60,448
38,444
127,388
78,249
121,139
121,185
306,379,418
104,142,282
1,280,284
120,217
281,390
98,149
41,484
316,357
305,362
63,230
344,352
3,368
61,66,342
57,114
417,444
11,420,473
34,269,427
136,398,479
21,487
246,423,473
232,407,451
44,427
414,453
251,422
310,481
110,155
103,130,499
151,203,445
161,273,297
14,423
44,67
76,473
213,494,495
366,377
98,363
74,84,397
130,375
13,364
182,466,499
134,436
57,131,365
142,410
94,187,345
63,279
123,453
102,137
55,476,496
35,50,154
125,164
321,468
369,430
33,299
291,459
222,388
9,256
25,205,226
174,203
116,261,333
169,402,414
126,173
218,224,373
294,357,444
113,408
187,198,474
234,453
3,185
148,355
235,476
133,458
117,259,360
10,131
218,323
100,320,418
63,151,218
47,272
22,388
108,123
259,425
57,243
211,226,246
96,289
91,203
101,124,327
204,303
320,433
70,482
479,483,494
43,46,151
2,196
250,301
68,183,277
293,323,374
276,334,490
381,392
246,484
318,457
280,284,369
189,406
221,223
27,419
160,230,288
73,329,441
387,452
45,359
47,62,172
303,310
42,251,288
128,257,276
87,447
13,53,196
124,374
193,298,431
6,324
201,329
58,164
120,383
55,243,271
137,277
480,482
38,169,448
170,233
63,82,336
378,384
45,101,249
123,262,462
317,327
42,493
376,475
407,444
116,339,360
20,247
318,404
191,279
255,316
183,210,257
321,384
6,471
95,222,244
88,439
229,347
366,468
192,347,459
76,395,423
83,201
117,324,395
120,265
150,168,357
73,294
235,292
418,475
247,285,399
208,253
17,219,445
244,347,427
199,467
232,408
242,378
37,90,347
350,421
346,383
82,89,459
143,431
62,292,401
16,215,341
313,456
190,390
218,264,428
61,463
160,345,375
11,103
63,130
267,499
77,80
370,492
113,247
135,304
19,386,494
28,37
12,21
15,68
131,215
328,442
24,403
312,425
158,435
45,89
51,327
185,417
361,473
23,306,486
267,297
369,413
129,388
183,457
30,253
376,419
78,149
178,233
161,349
216,345
385,467
270,280,360
298,398
105,363
163,344
240,257
195,452
149,216,412
85,103
64,299
109,440
172,225
247,284
183,280,361
327,417
25,103
155,345,384
339,372
156,327
13,414
319,394
5,248
19,257
87,407
38,67,450
8,74,228
392,476
147,271,371
258,292,351
54,103
90,258
120,319
133,204,205
251,368
124,205
480,489
104,157
134,336
405,482
236,283,407
294,318,401
275,353
182,309,402
13,206
48,228,392
324,340
328,370,477
251,255,420
132,290,297
228,397
129,384
99,396
225,277
56,286
262,431
93,120,261
103,425,493
10,183
160,315,439
319,462
15,459
6,267
372,421
88,249
35,62,249
204,298,365
159,300
250,398
24,93
316,327,328
38,43
149,301,309
105,323
343,438
188,389
106,250
46,312,426
3,317
255,316
112,168
372,477
323,403
53,434
429,455
182,217
123,216,316
327,394
237,389
166,333
224,339,371
210,224
16,121
276,491
38,380
32,69,195
446,455
59,317
275,437
91,274,396
95,109
170,273
20,351
430,439
142,235
212,265
113,216
82,428
174,347
77,372,449
28,32
321,388
307,331
41,51,123
201,367,443
55,192,400
122,284,395
130,350,434
90,450
150,190,391
304,375
63,133
159,187
237,372
54,268
232,251
38,92,283
59,217,419
28,170
262,290
204,432
186,387
42,330,338
90,382
102,436
58,66
118,144
67,89,108
179,300
2,332
18,30,428
59,60,282
342,354
183,262
177,394
64,67
193,463
115,155
223,279
84,123
111,442
219,283
353,358
78,196,467
202,243,466
107,423
472,489
28,31,86
31,203
431,449
69,261
86,379
244,425
39,140,375
86,194,366
106,474
45,54,480
167,181
345,483
397,418
379,474
143,315,375
63,213
37,68,345
80,213,321
148,238,365
253,356,431
194,265
127,437
211,292
173,338
63,331
8,176,247
12,293
112,385
79,476
1,211
220,330,396
49,342,480
133,205,361
34,161
88,123,364
113,352
176,272
422,435,452
184,200
195,260
161,342
15,272,318
171,250,457
103,415,475
98,190,239
60,210,364
29,56
79,135,171
47,314,459
284,306
160,279,429
361,415
97,300
50,68,131
58,166
62,169,351
400,438
140,389,464
316,334
140,356
153,415
254,351,384
32,190,296
170,247,330
47,444
127,167
52,434
10,187,283
73,487
113,345
26,369
137,366,487
30,172
28,189,290
303,407
11,236,473
71,283
95,186
291,448
146,367
89,256,404
25,169
336,458
256,287
471,481
244,428
142,443
6,456
117,166,497
128,197,364
224,356
385,440
5,133,464
221,462
202,400
200,321
112,173
111,182,334
218,270,476
368,392,468
271,395
269,409
245,355
327,461
156,340
130,333,359
301,492
32,34,465
75,178,485
1,120,387
12,272,400
53,330
94,204,205
36,412
86,490
3,76
51,371,423
47,272
397,500
137,139,492
178,201,274
33,73,234
108,127
7,318,355
167,308
135,296
73,84,454
194,361,366
171,426
253,338
106,187
254,391
52,322
26,149,277
27,250
73,416
16,255,282
442,498
19,287
282,319,498
2,52,486
116,439
181,303
54,91,343
79,351,361
157,297,446
122,149
281,434,459
65,150,184
304,323
363,471
235,480,497
15,346
63,129,469
332,456
416,460,471
378,496
171,293
122,202,244
225,263
14,424,445
39,458
31,115,492
251,397
160,431
298,389,475
129,475
279,354,408
87,374
357,439
11,129
159,322,403
284,341
98,160,244
24,434
176,314,472
379,458
32,477
111,122,228
287,435,441
213,299,439
165,306
337,470
53,454
297,439
453,482
344,363,372
135,411,463
330,452
41,175,271
46,409
83,446
329,380
255,360
316,320,387
102,147
445,451
103,307
97,289,387
58,319
141,380
34,88
48,140
269,406
196,444
11,437
387,470
67,499
290,446
12,381
93,205,279
18,337,459
69,409
96,204,268
113,379,388
3,319,328
94,325
113,220
490,498
10,389
274,451
289,320
234,357,447
134,345
197,331
85,413
209,385
236,487
252,401
226,484
220,290
41,328
219,412
198,247,329
81,354
152,260
377,396
86,423
290,448
46,173
69,129,343
48,201,427
85,434
237,284
448,459
391,436
206,368
44,48,75
223,348,452
148,203
10,303
50,104
86,165
25,105
188,224,390
275,424
226,435
369,417
313,405
265,332
241,246,351
49,333
170,359
173,201
67,84
180,312
147,182
112,127,140
37,464
170,202,462
53,81
197,479
204,361
155,301
100,202,343
81,268
32,82,445
194,383
218,368
159,498
47,99
32,212
53,245,384
186,332
41,439
190,362
47,306,316
70,331
306,468
1,457
82,337
138,261
27,404,455
162,186,464
278,425
22,68
374,431
246,264
330,355,423
34,330,453
135,449
60,320,356
359,459
186,361,404
186,226,432
63,498
71,112,165
8,152,288
47,207
169,177
141,466
324,466
57,365,464
106,208
121,315,444
256,346,425
59,277
361,397
28,163,351
86,205,341
293,423
268,291
163,171
4,50
359,402,447
77,301
90,101
129,174,333
282,340,363
53,245
240,340
118,451
195,292,462
182,456
183,198,267
66,290,473
59,457
187,222
244,286
50,149,189
100,174,336
117,410
48,317,449
78,256
168,202,238
365,409
366,414
245,341,396
433,482
53,176,416
186,289,473
377,383
81,212
415,482
135,441
305,434
109,120,245
136,486
70,189,409
110,341
86,499
320,327
42,154
178,210
38,42
325,367,464
209,403
357,473
15,52,128
288,389
122,373
144,183,220
104,300
387,498
52,197
436,487
298,495
88,207,489
15,201,472
343,378
317,356
127,158
202,267
419,491
355,397
40,499
92,315
330,346
105,116,299
11,356
153,289
100,346
97,300,413
85,156
65,385
326,442
125,190
35,196
82,399
292,469
122,158
323,461
59,67,230
123,433,457
157,403
119,436
17,43,459
250,283
426,454
41,255,340
250,396
443,474
210,264
75,231
281,489
359,448
369,426,442
351,399,422
57,179,376
10,312
358,385
11,92,160
118,148,362
218,360
77,494
155,220,322
18,329
170,268
201,234,427
225,254,343
10,357
106,140,384
113,352
130,173,291
247,425,480
293,410
152,247
165,306,483
396,488
82,203,297
7,75,453
43,492
204,303
118,258
106,248,352
282,472
211,313
7,272
158,207
146,163,215
101,106
332,364
197,199,384
43,357
235,403
233,247
31,49,398
203,474
207,316,324
157,244
24,494
47,426
19,148
355,399
346,465
160,250,301
312,365
145,497
252,298
96,159,413
41,261
204,226
7,31
343,352
18,27,459
179,382
114,266
277,296,319
110,475
35,456
104,304,411
103,296
48,77,173
87,300
21,24,375
25,30,114
164,398,486
7,161
17,442
398,410
211,287
72,123
95,430,446
278,381
308,372
392,474
149,210
37,173,381
61,177
82,437
61,328,440
3,51,89
122,168,478
181,484
112,220
277,338,382
229,235
333,413
372,474
305,312,406
199,424
115,213
161,380
78,186
84,85,270
201,471
143,397
68,82,234
53,100
326,386
85,166,265
215,338
42,53,272
160,357
445,484
247,413,477
165,312
134,426
94,452,496
48,285
274,287
109,311
31,155,230
288,422
28,187
221,357
26,64,159
159,314
166,497
6,456
2,202,451
146,168
296,304
275,324,364
134,463
185,477
151,321
125,280
27,337,405
327,356
29,303,386
26,443
10,187,455
324,440,482
54,435
12,68
238,339
153,353
57,432,488
172,449
180,204,434
220,275,345
360,368
91,228
92,249
102,119,350
130,164,458
210,423
154,464,498
91,192,330
351,453
57,354
33,329
43,101
128,470
57,248
256,380
8,45,195
16,209
107,187
395,406
80,160
428,438
162,235,242
180,232,407
46,440
159,167
256,297
183,191,199
479,486
253,325
334,497
14,296
72,485
47,372
134,327,433
26,393
145,159,313
240,286
250,494
201,291,308
181,232
252,300
186,388,479
377,484
172,294,485
39,472
65,128,466
20,88,207
211,430,482
446,461
110,458
346,401,416
66,465
176,292,437
53,354
341,492
388,449
22,31,118
86,368
292,472
15,249
132,484
156,243
399,465
1,6,436
164,451
70,301
162,169
138,226
121,455
93,245,432
97,145,235
112,243
240,283,381
155,325
207,226
160,418
211,436
81,287
49,117,179
121,191
100,225
321,365,498
20,441
388,471
331,469
360,463
44,48,311
61,298
152,208
67,178,404
50,484
314,357
124,457
11,334
195,296
70,103
104,482
116,474
16,391
63,203,363
13,295
340,447
71,236
191,224
79,179
7,33,291
106,438
347,470
86,92
249,250
26,460
89,100
47,67,167
309,412
10,361
110,238
124,232,372
10,432,435
363,364
250,266
13,128
68,372
278,328,380
207,480
4,301
405,488
293,370,461
31,215,409
19,238
186,468
41,335,385
159,319
159,363
135,327
145,320
207,405
48,256
196,255,482
67,150,346
172,285
137,187
176,461
22,265
152,241,372
232,321
76,188
102,370,390
110,143
28,337
374,457
219,316
172,303
220,317
390,403
42,219
431,468
105,106
2,374
310,380
243,439
231,402
28,214
22,52
93,137,198
81,82,223
343,476
88,162
44,179
324,435
59,261
185,281
1,288
13,108,389
9,26,334
21,194,204
210,258
158,313,349
241,348
445,459
258,337,489
355,383
226,495
270,402
89,193
1,272,482
181,232
303,453
67,311
115,129
15,68,454
113,427
58,346
193,272
474,492
281,451
62,78
51,496
32,125
53,104,491
54,270
348,446,465
35,272,472
28,205
183,263,305
321,460
77,254,381
210,340
255,424,481
181,361
197,467
95,96
160,290
230,284
6,373
160,387
20,108,216
68,210
165,305,473
171,225,298
15,192
23,92,365
36,449
99,148
376,407,436
147,230,326
90,172
2,235,348
178,268
382,446
212,334
98,395
65,274,450
325,443
238,354
17,358,447
439,466
4,135,322
170,197
437,479
93,451
25,30,396
33,58,192
15,103
131,133,262
207,445,449
37,137
49,392,446
121,375,460
33,308,372
230,266
320,418
312,435
75,260,362
68,103
345,365
20,347,349
30,312
105,116
186,242
5,253
83,88
46,82
82,115
380,485
165,338,419
33,256,329
42,53,414
316,477
133,148,184
13,271,461
397,436
59,64
280,316
132,351
20,293
17,44,82
294,405
154,478
338,414,422
379,499
172,246
209,493
116,280
63,148,307
129,251,325
32,329
144,252,296
264,344
122,241
73,152
54,93
108,152,490
197,205
130,307,473
230,250
67,373,409
110,328
5,189,303
54,343
170,189,475
23,183
42,405
70,130
146,175,257
30,181,447
323,374
30,178
64,235
10,434
176,222,237
107,232
316,410
183,259
211,261,482
269,417,493
49,141
26,371
86,354
178,484
5,11
379,398
257,404
184,197,258
37,82
38,69
274,396
87,499
71,368
185,270
173,339
227,356
94,238
298,345
43,62
29,317
38,427,462
55,461
46,414
19,105,250
214,255
66,88,309
284,294
52,56,266
121,270
338,346
294,449
312,354
238,473
56,71
203,226
61,327
263,423
118,315,383
177,356
26,353
64,263
139,245
428,461
10,384
260,479
20,88,362
246,386
162,488
312,446
35,192
58,427
96,259
298,315
43,48
201,445
47,309
1,467
86,95,181
373,452
33,225
176,326
139,282
39,87
108,267
24,485
210,251
95,377
50,269
71,236
217,370,373
333,357
360,407
41,125,149
120,133,206
225,473
23,370
14,138,413
51,258
122,300
103,301
133,162,398
187,488
18,236
125,275
163,328,348
7,497
104,406
386,431,432
125,166,255
60,179
228,381
77,275,286
185,247
51,92
46,83
299,428
79,104,182
28,133,140
207,256,475
117,281,326
1,224
18,54
152,164
85,411
82,354
253,468
172,478
42,96,385
243,339,342
58,190,240
105,361
277,326
382,466
43,332,474
88,170,243
237,251
59,120,323
51,261,281
21,103,180
206,266
344,432
94,424
13,97
22,423
142,463
234,473
145,202
177,311,467
181,187
173,342
157,210
258,396
110,423
397,432
204,395
46,433
206,289
35,231
245,309
245,262,468
43,108
133,450
438,478,488
79,227
205,258
328,390
146,476
385,421
76,282,370
103,221,432
349,491
126,474
256,347
39,412
29,58
317,331,439
84,243,251
89,336,459
271,342
53,500
64,398
269,393,400
167,214
334,417
16,368
113,143,254
249,278,465
241,345
152,425
158,252
277,492
494,498
293,322
414,441
8,346,448
17,421
307,334,386
187,248,379
97,283
212,377
46,56,471
128,149,196
213,261
85,242,488
249,397,500
147,436
9,76,332
69,351
224,417,479
78,242,453
343,365
277,497
9,266,356
379,457
226,350
147,406
77,78,170
267,272
25,386
10,389
281,435
130,189
19,80
106,245,473
267,404
1,385,460
193,429,437
102,183
19,355
98,124
320,389
229,293,415
37,337,421
187,420,429
33,137
36,222,484
61,83,316
3,58
31,206
97,104,159
168,332
124,396
250,499
187,296
327,493,497
69,436
4,6
303,416
159,339,391
76,254
189,398
11,32,354
76,293
196,346
38,484
215,444
267,404,419
69,425,472
190,245,348
117,175,403
81,88
393,395
162,312
193,212
332,334
144,355,374
116,296
29,326,496
268,288
38,296
23,451
81,150
111,280
48,404,484
106,117
88,222,320
16,166,303
91,359
250,294,301
223,281
64,226
207,228
34,48
141,330,402
37,404,416
46,337
191,195
5,136,389
58,76
300,394,417
98,374
83,214
86,199,483
20,108
95,204,315
164,361
263,376,478
98,497
299,498
243,304
30,106,361
159,238
20,32
19,113
83,128
103,179,462
352,475
377,380
110,162
166,409
112,122
227,294
19,23,386
90,176
93,436
298,389
136,193
79,170
222,286,384
97,267
190,342,440
419,468
147,304
55,324
269,311
236,441
125,338,435
13,426
230,328
125,313,491
338,448
256,355
60,201
355,383
253,469
134,324
226,427
331,472
60,388
140,186
94,415
258,264,425
393,447,485
176,288
314,438
402,435
32,106,457
10,282
297,393,414
294,338
390,429
14,120
331,460
65,88,151
8,121
1,29,117
116,276,281
405,462
5,262
10,367,452
25,39,434
52,80
172,178
295,299,339
129,329
164,415
56,131
347,398,473
200,408
50,66
13,394
16,60
362,383
350,367
349,442
192,438
44,277
63,74
312,325,464
184,388
70,264
38,471
166,210,282
106,488
75,405
171,280,295
225,337,459
233,498
39,400
406,495
57,175,464
251,480
3,230
232,429
274,297,378
239,364,491
140,215
116,460,496
134,380,467
3,457
105,322
22,131,312
145,156,282
53,191
295,415
127,134,375
27,292,445
261,316,323
45,91,337
157,176
219,270
108,147
214,421
13,405
337,400
198,260,465
178,358,425
151,167
151,179,272
38,167
106,165,481
142,257
260,376
87,346,372
165,186,494
22,25,488
234,462
36,99
347,358
22,24,471
10,312,463
189,497
148,306
258,311,366
210,326,345
299,372
53,198,447
350,443
115,275,408
235,265
71,464
209,436
258,398
139,422
127,130
169,361
224,257
67,318
66,201,281
270,313,411
243,380
181,325
150,201,223
180,431,432
49,357
50,79,300
116,269
95,276
346,445
9,382
382,487
35,212
169,458
225,452
44,344
102,369,417
117,395
172,441,484
462,499
399,490
98,410
72,150,330
354,384
30,443
251,431
320,411
46,201
402,460
136,381,485
133,414
119,233,274
371,460
257,398,432
187,244
26,276
101,202,292
262,325
79,249
92,255
212,228
20,485
70,467
48,332
91,246
40,105,349
197,407,458
51,118,436
230,374,455
59,196
70,126,181
345,384
266,369,394
83,378
181,352
146,352,499
107,167
24,280
98,280,487
313,339
89,223
266,297,360
164,358,359
244,336
244,465
370,436
101,248
393,459
89,454
62,316
86,108
177,360
109,379,383
32,467
10,37
273,390
49,53,480
146,152
399,478
39,127,398
355,445
201,449
19,110
96,220
218,465
12,280
137,268,475
311,455
199,325
255,320,382
230,280
352,450
200,204,471
46,133
256,397
241,318,478
452,459
100,330,372
14,166,496
24,208
157,252,480
160,377
190,266
55,408
91,155
27,97
44,48
107,227
201,318
92,321
109,391
92,280
9,257,296
143,496
16,427
57,478
87,301
96,276
208,433
104,218
150,198,392
264,334
123,169,266
51,437
58,410
67,178,438
66,317,496
339,353
185,299
143,219
192,212
47,83,337
199,221
36,471
343,463,469
245,301,396
272,348,414
9,326
212,331
67,100
204,423
175,296,482
280,457
3,96,487
73,481
222,330,339
265,293,385
10,248
41,274,365
170,292
241,282
57,148
362,386
445,457
301,331
27,299
13,188,270
276,422
155,301
366,468
27,100,273
149,320
37,234
36,68
179,316
126,380
69,258,267
85,179
5,30
166,320
106,148,361
154,336,376
148,194,226
219,220
93,312
36,153,218
140,406
75,485
235,467
464,476
304,412,482
315,477
214,405
399,449
337,489
336,418
146,323,353
225,265
130,396,434
305,354
35,58
36,366,490
324,426
33,74,141
343,485
6,102
284,323
466,499
415,481
215,245
9,497
313,371,385
133,248
77,100,381
364,467
188,327
119,188
164,251
191,281,319
88,337
22,275,467
80,377,431
133,481
46,288,478
171,196,363
293,304
66,385
96,217,289
243,252,460
80,130,262
279,451
344,345
30,498
4,77
453,484
142,203
145,240,276
94,131
313,481
365,411
221,264
117,256
279,429
327,344,464
283,468
144,305,424
452,467
284,390
157,421
57,141
232,288,320
116,395
51,440
70,144
403,498
88,102,392
196,493,494
22,147,336
136,143
249,318
94,200,443
181,227
50,228
209,495
374,409
134,251,287
299,328
320,428
257,294,478
364,378
56,248
35,314
245,313,441
189,298
21,160
343,344
179,216,373
107,456
191,496
94,445
259,284,456
333,497
286,290
173,294
39,481
180,461
41,125
390,407
31,366
152,287
196,346
49,100
306,366
297,369
95,215
79,345,428
169,352,477
21,360
151,392,428
318,485
276,323
283,367,398
146,254
2,225,362
129,164,208
178,424
281,398
233,237
208,334,368
29,307,311
61,302,304
100,137
78,254
61,208
142,410
333,412
99,406,475
241,438
154,480
118,305
273,282
11,15,322
115,214,352
133,215
438,446
313,394,417
119,221
218,295
55,128
225,290
33,373
148,213
159,413
35,299
168,225,264
87,222
34,331
228,259
263,419
9,328
1,191,219
84,117
230,242,483
32,357
187,377
116,279
121,239
23,418
53,425
30,89
304,369
6,239
222,369
217,265
334,396,427
110,386
71,104,340
113,322
183,282,385
47,432
358,419
32,152,416
250,343,432
143,189
177,290
253,479
39,221
1,368
283,397
184,406,415
341,486
31,361
11,63,458
42,101,174
79,323
70,136
65,247
356,419
259,296,421
249,483
235,332,430
69,481
118,298
91,152,169
215,286
292,311,378
300,472
409,437
97,121
299,390
237,371
25,396
302,319
5,144,429
110,451,499
189,200
43,448
52,137
315,444
296,410
17,173
18,375
94,298
95,432,483
364,488
74,311
105,195,209
42,325
40,143,251
75,118,484
204,429
213,443,495
91,441
284,335
227,281,364
141,220
108,267,414
207,381
154,463
