557,841
16,465,538
313,540
80,908
330,410,681
492,536
9,780
60,393,471
871,912
698,754,840
102,592
252,430,972
488,677
473,792
181,595,970
518,878
473,658
864,870
542,949
63,781
176,564
6,316
219,580
44,104,754
404,589,936
209,325,552
155,586
618,666
495,673,781
422,460,512
184,784
41,121
38,243
423,530
485,792
137,841
495,514,720
279,889
131,660
183,473,814
74,809,838
356,604
255,426
53,486,585
634,812
187,701
565,627
189,967
92,860
197,593
473,954
2,601,803
266,656
57,168,923
42,839
22,353
487,497
446,870,888
303,463,803
637,727
100,734
361,562,972
529,756,888
217,580,983
205,550,707
96,333
166,946
565,583
158,635
287,825
105,802,946
3,505
534,740
56,704,950
58,395,509
6,670,803
710,893
6,140,654
335,452
127,364,963
241,686
377,818
25,874
280,406,932
571,683
275,363
226,642
14,321
193,264
608,699
406,693
390,433,465
322,703
662,713
715,806,960
158,793
371,710
59,422
424,768
470,563,975
489,596
143,145,247
473,906
19,912
331,989
456,473
544,697
127,579,767
11,839
490,919
2,587
531,831
98,233,570
410,969
539,678
477,889
116,147
361,745
376,951
200,395
147,428,796
450,763
422,715,767
168,460,605
326,453,637
347,473,895
61,403,631
471,998
359,772
561,576
341,1000
692,831
567,574
100,972
209,825
48,236
426,542,582
474,532
117,616
269,548,576
787,820
231,912
647,879
680,681
244,266,481
38,60,657
927,991
479,899
541,980,995
98,696
120,533
78,401,803
620,638,820
555,577,604
115,308
820,926
682,870
596,940
457,502
58,679
32,656,934
267,359,627
323,340
947,957
6,226
241,699,811
439,898,988
458,607
289,843
117,362
151,921
207,993
144,826
83,499
255,291,953
18,78
166,719
1,220
105,264
259,351
434,682
374,799,912
751,913
501,599
597,638
26,44,890
378,492
238,897
38,908
402,910
31,160,576
165,254,922
486,849
195,334
353,586
556,617
379,556
365,405
154,902,917
911,995
102,754
860,950
162,707
612,683
310,901,906
374,434,571
420,814
102,491
172,581
124,791
426,518,990
570,983
40,598
163,745
538,950
409,731,994
348,694,875
21,802
678,858
504,975
85,297
259,373
87,422,789
273,654
307,409,848
684,714
163,582,712
287,344,703
318,462,825
591,899
64,883
229,369,692
770,847
269,587
195,913
772,965
153,749
765,935
240,787,790
294,839
154,309
768,958
17,282
658,746
393,748,805
275,830
494,565
139,299,362
629,781
219,332,432
234,745,953
175,524
117,275
485,572,961
39,500
389,807
232,899
431,863,978
126,309
598,746
493,636
9,207
177,968
212,444,889
154,257,493
298,425
412,544
47,270
395,509,759
464,912,929
96,287
709,813
110,660,818
324,879
189,315,649
371,570,876
139,301
225,309,997
113,958
80,844,859
193,954
229,794
522,662
598,859,946
291,296,883
219,537
174,340,937
178,306,849
135,147,211
487,642,730
184,321
280,618
516,617
193,316
357,677
364,465
773,957
189,537,543
630,853
116,729
841,964
229,467
70,158
180,459,806
126,369,530
70,755
342,382,864
504,825
333,860
27,170
81,417,915
206,954
431,930
399,491
539,949
23,86
56,668
30,646
184,237
142,509,532
398,409
448,725
458,611
395,606
122,745,898
463,624
90,108,221
590,646,951
649,687,837
106,445
413,496,501
436,616
332,371
57,849
179,709
590,767
107,405,693
27,702
372,720
178,273,682
335,449
430,971
432,886
480,711
198,263,369
503,790
601,861
189,878
194,871
593,691
270,311
172,204,869
388,392,614
4,643
20,796
68,611
239,737
202,798
303,699
625,965
113,148
505,726,743
686,838
117,409
216,431,488
18,58
231,958
219,435
66,331
91,423,939
469,949
228,456
716,853
165,708
504,946
386,391
800,826
49,269,293
611,984
378,467
307,415,870
338,795
346,791,994
91,331,575
359,639
300,417,581
837,979
18,350,840
106,757
462,823
737,772
591,978
233,394,934
140,735
636,666
365,889
364,793
189,262
218,336
3,228
337,800
332,663
308,533,677
59,132
476,761,764
143,409,448
472,689
153,431,647
43,402
307,973
99,277
613,855
445,541,749
6,43
16,886,907
458,808
368,739
384,766
419,934
269,713
446,912
510,818
398,537
402,653
458,843,850
94,525
277,528,845
89,774,990
141,230,623
118,643
449,547
317,378
193,752
117,363,396
285,851
552,902
212,371
273,664
415,521
127,249,838
410,462,890
196,713,937
627,880
344,830
199,243
26,40
48,502
310,418,468
266,800,895
186,657,899
403,542
350,379,710
7,46
111,271,887
295,776
429,860
418,870,991
65,193
226,960
33,188,624
8,725
143,434
492,644
418,770
973,989
181,777
363,652
406,578
212,489,698
140,227
78,381
211,383,463
22,635
131,185,383
345,973
594,718,934
581,962
541,545,684
706,711
494,503
411,431,790
125,170,879
715,990
97,412,963
241,491,535
640,967
100,457
405,607,703
351,532
27,843
379,719
68,757,891
119,618
190,278,865
457,991
692,961
109,499,774
27,257
354,370,551
379,513
236,809,978
324,454
339,400,908
462,664
697,986
16,95,813
142,423,468
142,497,975
448,639
144,670
262,667
532,982
61,523,899
162,175,398
47,472
429,437
281,426,605
351,830,965
171,242
111,429
385,691
182,375,574
52,82,746
399,932
139,476
27,821
183,322,661
16,781
246,282,622
228,370
288,890
114,680
348,501
213,869
15,297
640,853,943
44,871
100,720
96,269
380,696
64,638
233,594,730
328,528,736
108,455,767
304,816
227,688
420,438,820
409,954
632,948
339,521
18,394
85,414,799
118,243,323
13,187
110,829
529,705
77,950
633,924
361,780
478,507,827
218,889,893
455,810
878,894
936,966
86,915
179,879,956
445,551
319,844
516,586,945
297,791
111,984
277,967
225,276,583
264,537,583
370,517
229,315
30,348,921
358,614,898
686,700
514,839,899
42,712,974
48,155,981
773,777,971
383,898,936
681,990
432,787,892
236,970
671,881
332,471
621,739,870
150,410
621,947
93,127
536,789,905
176,713
386,876,958
414,457
68,424
52,547,557
198,326,332
136,272
82,866
113,212
27,604
4,311
386,926
69,453
634,747,883
470,658
48,266,341
150,574
105,628
315,661
84,347
314,844
53,507
687,729
2,519
41,817
318,991
418,850
753,776
94,815
60,604,767
496,987
686,772
460,952
623,981
55,966
111,366,838
128,417
182,470
117,574
663,906
100,849
150,765
168,431,963
89,202
369,692
843,971
559,880
563,825
307,629
763,812
303,357,788
373,939,954
319,340,926
273,473
756,794
797,916
451,959
295,579,784
662,952
70,645,684
43,826,900
561,733
597,748
378,387,823
257,489
441,533
207,803
361,478,702
102,822
560,999
156,664
134,320
383,691
119,265,472
73,188
133,666
305,726,940
80,656
69,674,738
642,721
14,370
326,386
296,365,436
401,536
110,468
880,981
187,291
447,757
463,564
217,553
388,634
60,239,927
386,625
446,587
683,716
55,490,1000
563,857
59,761
361,609
124,816
444,611
416,625
2,147
7,97,858
771,773,927
54,290
61,328,463
33,526,679
68,980
169,342,887
564,829
705,716
267,403,698
75,164
14,912
184,345
93,641
185,837
140,429
668,1000
175,575
360,859
71,636
129,229,993
382,460
735,827,919
239,437
324,359,549
139,778
105,383,614
920,936
78,730
54,925
63,86,293
325,652,933
121,384,735
134,437
200,412,630
393,944
5,532,717
348,511
628,930
401,606
607,872
835,945
532,710,760
435,603
464,922
694,999
525,683
163,665
49,60,679
124,939
258,744
511,760
239,891
691,931
344,599,961
486,849
504,719
669,713,895
140,645,862
457,646
397,781,794
352,402
244,549
530,834
513,566,765
328,957
654,833,874
51,830
562,729
870,921,972
193,463
99,262,704
231,784
702,845
632,971
289,729
15,222,679
228,616
174,392,834
186,498
231,526
94,374,814
442,768
838,885
96,910
192,764,914
90,759
43,477,753
197,899
196,812,994
535,559
752,948
27,472,933
272,508,933
307,421
442,497
665,974
53,176
81,840
264,900
485,697
400,938
21,373,729
202,266
488,843
66,982
261,551,738
439,916
90,710
240,320,586
45,743
285,326
245,921
82,345
743,977
297,507,611
470,716
111,138,318
732,842
260,267
564,602
499,525,880
168,666
381,844
367,478
116,617
80,119
253,433,473
109,337,600
248,703
304,513
14,786
238,270,290
423,746
160,319
265,430
179,590
297,386
301,734
82,411,601
426,466,936
148,232,593
553,731
424,541,872
148,956,992
768,876
312,832
446,882
178,378
554,583,725
338,410,726
429,629,776
208,417,984
278,979
127,283,733
124,220,439
46,243
413,860,869
811,913
147,883
464,541
482,782
338,356,753
75,478,824
223,679
521,574,600
231,246
128,785
323,658
424,608
394,528,831
56,696,764
398,432,529
476,999
150,975
657,810
218,687
111,265
362,970
224,259
576,842
84,485
216,848
666,690
129,528
357,751,836
119,927
163,880
458,987
32,528
859,957
284,801
33,173
368,462
12,613
40,775
438,720
347,561,602
264,607
16,76,106
164,637,918
142,424,893
10,866
467,909
1,778
152,203
910,948
929,996
592,774
255,669
611,809
377,645
125,834
165,328,730
755,986
18,455,768
117,252
568,763
378,865
260,362
473,613
409,674
150,377,768
287,575
288,668,814
705,949
448,776,799
216,375,672
219,465
673,970
332,869
61,877
83,100
402,691
675,952
217,466,820
198,423,776
674,999
503,951
23,697
477,595
486,510
107,381,586
720,984
311,317,680
204,965
170,786
66,87,416
101,483
495,814
238,641
121,720
29,655
270,646
291,616
291,398,458
264,342
388,640
261,375
437,950
35,807
236,365,379
305,920
341,981
53,979
96,346
675,813
391,553,898
43,281
722,728
89,109,716
257,752
663,946
701,783
651,802
27,117
404,799,971
112,661
768,795
23,262,618
225,636
206,558
790,885
191,478
173,179
210,325,355
257,937
591,984
511,663,945
435,739
239,809
89,96
67,166
6,599,747
129,539
73,856
8,105
154,829
290,912
121,596,931
6,699
37,810
495,517
956,961
126,914
235,913
508,856
319,362,675
162,228
16,251
89,278,983
3,24,581
220,239,957
384,707
611,817,893
597,871
592,767
365,392
142,287,335
167,322,671
80,338,812
84,383,562
167,740
29,816
134,374
391,433
322,640,913
642,661
23,132
85,487,869
171,787
509,684
455,765,769
12,352,794
323,471,508
8,713
6,986
356,957
9,449
636,936
67,758,986
546,945,974
764,893
478,521,693
313,885
37,98,651
259,582,751
875,902
412,762
224,990
275,606,707
188,411,564
380,807
436,718
165,190,887
740,748
126,691
460,576
183,925
408,550
130,244,891
350,760
70,432
59,745
261,653,816
284,639
361,402
223,736
193,328,727
556,769
495,918
589,820
377,457,776
726,997
521,769
840,899,935
205,887
629,772
294,476,542
152,740
281,762
165,262,520
377,930
231,580
497,760,969
756,799
120,879
193,732
359,885
358,874
49,591
228,915
156,500
100,498
672,713
19,617
371,740
239,338
471,545
154,885
386,429
141,606,807
625,687
92,166,690
279,711,719
84,626
32,437
486,567,648
502,798
235,303
189,354,576
491,662
606,631
741,805
542,594,924
65,331,922
160,223
90,530,728
777,992
309,578
411,664
168,777
136,247
170,330
289,638
390,613,812
749,778
135,804
432,568
215,514
680,910
94,715,883
724,770
587,762
68,282
361,482
151,371,504
206,228
206,267,473
488,891
406,589,590
114,647
29,244
44,548
105,368,505
532,827
245,942
111,605,670
440,449,496
676,758
106,132
459,525,901
358,660
29,118
123,362
77,316,410
43,305
46,252
273,952
800,818
128,756
389,783
175,621,749
176,694,920
189,286,419
52,646
234,907
444,675,916
332,830
120,199
317,754
26,432
405,488
668,764,989
516,660
88,899
402,529
233,432,452
482,762
347,458,903
103,665,937
22,245
44,858
139,567
834,921
840,905
360,724
476,547
445,544
111,441,522
437,528
259,455
429,480,818
552,692,893
98,278
869,989
11,547
363,754
663,965
436,964
745,861
145,580
46,703
9,212,227
105,114,695
192,469,836
448,768,888
122,347
181,188,442
477,954
458,510,937
153,575
458,582,724
144,773
599,794,950
270,486
544,960
346,934
344,717
24,208
461,947
786,958
472,785
220,855
780,808
323,462
120,140
517,700
536,701
391,686
37,280
499,588
47,416
413,735
109,349,960
118,527,724
167,368
227,728,787
141,688,766
66,818
610,655
117,270,673
58,131
135,307,328
54,876
45,250,645
464,893
295,608
458,637,670
634,733
284,287,763
574,600,962
330,652
24,410
177,425
464,785
165,556
200,539
325,863
246,555
396,445,875
796,879
78,427,593
628,861
554,879
117,206,505
163,420
84,913
238,251
207,326,818
724,904
294,343
150,348
272,398,399
573,973
132,491
156,434,615
15,36,151
499,627,699
131,534
342,402,834
262,671
7,97
209,603
22,784
19,586
361,789,800
81,150,226
270,396,970
69,929
71,777
653,731
222,314
367,368
400,477,738
184,355
596,708
485,717
219,563,624
258,264
44,808
393,999
562,853
450,837,962
506,887
628,938
34,140,998
798,915
204,974,975
383,902
543,849
89,110
282,310,367
31,67
18,696
513,810
463,708,770
3,582,609
258,428
465,810
98,495,679
106,163
68,555
391,713
355,965
509,656
252,388
145,574,618
183,539
591,836
839,884
74,392
392,705
30,737
461,622,980
817,906
266,273,994
604,755,986
387,938
852,999
14,598
541,627
2,333
502,614,774
218,548,661
534,877
644,789
607,762
600,643
284,836
477,707
659,890
821,889
583,635
390,879
300,750
610,660
211,674,788
162,283,434
603,739
963,974
9,698,917
361,393,870
8,578
183,907
701,708
25,54
392,625,822
160,278
679,787
224,313
38,63
14,658
205,228,978
233,361
610,765
749,795
318,605
38,319
195,745,866
198,238,480
318,447
589,857
78,327
607,908
520,998
503,825
232,884
131,247
89,457
359,952
74,702
321,822
92,691,961
8,129,814
250,651,945
318,373,998
493,993
185,577
117,520,841
57,615
553,845
379,783,819
13,834
239,617
489,872
840,976
574,800
343,415
25,503
14,773
227,431
358,574
370,384
67,719
742,817
340,488
209,377,403
235,943,987
872,957
371,644
127,564
70,496
642,893,946
497,840
50,217
277,483,517
924,975
239,575
109,412,583
131,373,403
444,693,850
627,940
218,232,295
386,862
152,744,977
240,345
250,641,823
225,423,667
214,689,796
559,694,960
665,725
345,413
205,289,532
193,567,810
318,379
516,569,939
653,868
162,705
413,572,625
247,820
82,931
324,590
165,399,687
222,309,672
147,771
131,876
103,955
617,970
119,591
106,685,959
112,299,944
451,583,774
673,887
657,796
138,281,436
383,531,711
472,894
453,914
222,860
220,342,673
196,643
276,607
17,680,921
640,689
810,860
184,511
447,524
175,453
753,869
556,817
260,337
41,155,500
817,918
90,336,509
153,206,660
125,268,850
132,586
45,718
165,375
127,609
332,859,917
128,466
71,380,458
493,819
154,600
316,835
92,432
244,453,579
192,650
620,871
615,723
381,692
720,765,830
179,526
435,704,956
721,836
498,563,578
213,237,312
499,878
171,443,892
452,696,893
262,528,772
15,714,875
671,892
276,718
886,987
569,691
487,599
400,505
108,955
390,466,725
453,818
491,617
364,790
385,563
617,636
227,335,663
218,621
300,462
144,383,666
339,381,559
5,310
331,703
267,867
434,612,687
689,941
91,303
249,404,790
28,850,915
695,760,877
73,745
258,286
564,638
41,880
3,675,777
319,658,795
165,527,795
349,800
20,411,981
262,517,747
539,580
44,941
289,763
223,939
148,495
315,546,781
337,999
190,327
406,847
240,249
88,480
437,845
147,409
49,217,607
218,257
323,859
2,861
528,670
69,400
333,414,691
476,767
267,424
295,383,803
103,950
618,905
303,612,676
814,880
659,675
264,280
707,809
342,393,782
624,790
180,271
504,730,931
564,748
154,413
253,547
13,521
79,196
394,463,867
863,974
76,136,895
59,306
526,778,970
827,882
32,400
527,778
292,878
609,622
27,693
12,71
391,493,998
306,647
235,273
88,179,917
502,653
655,757
877,897
124,931
388,776
330,803
36,336,587
183,328
17,189,561
226,989
856,940
492,821
471,850
480,601
132,936
46,637
179,906
165,534,708
809,971
54,662
208,784,933
344,510
21,39
258,799
333,961
414,607,794
75,98
57,146
431,631
114,738,932
482,852,949
284,347,670
414,650
15,333
319,464,784
370,477
37,151,934
908,916
358,542
392,657
511,665
26,206,871
853,861
201,384
39,292,372
750,780
375,783
228,864,888
39,429,504
176,618,886
201,639,714
745,962
81,387
466,517
540,996
785,890
431,499
409,933
7,716,853
741,914
632,806,990
80,321
162,998
228,977
69,753
203,815
252,379,720
356,795
42,710,833
302,706
664,956
183,894
399,967
324,509
152,883
281,509,949
95,598
319,446
9,552
139,440
701,728,763
14,621,977
333,381,803
233,609,796
300,727
425,627
12,292,540
7,122,588
252,841,846
38,271
322,483
550,571
689,838
2,32,348
322,439,666
459,522,540
80,331,838
522,630
141,640,993
296,365
320,412
28,437,675
95,205,488
329,417,648
204,240
32,330,613
18,889
75,300,796
236,264,655
119,744,932
25,287,626
342,543
61,926
138,173
724,738
33,55
367,738
326,625,719
604,950
542,945
104,240
88,749,916
255,450
98,775
736,741,747
54,730
180,870
100,525
32,787
581,831
30,285
356,751
5,289,653
84,849
510,660,955
448,532
41,293,376
136,878,942
213,250,876
690,804
360,760
107,786
80,117
539,697,877
342,346,767
256,695
660,840
52,436
181,970
116,426,830
91,201
714,955
327,901
266,597
30,441
120,740
262,905
708,886
98,937
575,823
365,739,843
583,668
24,562
346,563
569,715
436,813,882
157,953
48,460,614
235,375,680
30,359
246,399
348,797,910
168,404,460
465,564
251,826
32,781
382,859
132,361,956
276,906
587,627
552,635
650,807
131,912
201,552,899
81,479,776
85,395
796,854
96,552
71,508,529
487,965,997
396,812
164,756
151,371,504
480,776
43,680
400,926
17,179
729,859
310,482
166,474,995
496,601
296,447
153,170,462
594,902
30,298,745
74,95
633,696,697
54,502
536,682,772
92,712
644,752
208,951
227,427
436,778
229,591,957
411,460,901
214,740
149,341,990
105,519,964
284,603
224,720
337,622
425,713,959
366,724
145,431,937
202,461
499,811
108,193
149,779
202,644,677
560,733
446,488
486,656
533,666,688
302,769
206,884
113,935
51,97
326,977
182,205
285,525,983
658,739
92,277,530
299,368
208,442
30,556,571
180,222
14,461
332,427
81,333,768
228,954
333,623
614,767
586,627
386,735
68,742
184,257,860
243,946
385,550
89,117,947
288,461
120,162,595
139,314,985
337,887
299,881,929
464,846
189,217,960
541,658
313,947
54,566,592
592,627,901
792,793
131,776
301,551
353,703,755
76,971
120,729
399,430,742
13,908
378,917
575,823
407,531,668
779,988
120,742
406,739,855
659,926
1,342,946
216,306
107,344
52,737,960
143,809
180,657
148,297
276,352
193,973
14,290,621
136,615,997
702,968
85,509
541,971
302,434
270,508,852
96,301
377,572,690
1,870
165,198,989
290,957
525,563
93,603,938
324,910
852,946
364,946
675,833
37,595
263,685
391,615
351,421
299,373,461
10,166
56,585,995
485,675
207,827
47,562
222,482
62,303,867
85,120
640,850
223,402
425,967
275,654
684,763,807
20,306,512
39,842,967
447,854
767,800
293,311,435
71,263
51,260
84,987
593,868
593,604
491,665,866
239,417,785
643,758,920
620,830
516,892
473,906,956
211,479
528,706,899
623,992
281,402
540,865
365,595,732
211,733
453,703,769
206,289
7,941
10,43
29,1000
136,352
819,916
689,968
117,558,858
72,389
564,1000
10,511,627
75,623,973
267,497
520,756,968
511,606
108,181
51,596
241,305,406
161,546
74,367,771
234,535
331,415
87,144,537
454,953
187,581
370,416
353,496,534
159,416
6,783
48,662,734
26,321
245,973
48,800
299,314
347,998
719,955
563,632
310,417
904,953
637,988
209,397
788,794,817
42,562
122,498
373,998
208,391
267,454
208,245,823
459,522
492,967
963,971
179,512,762
85,116
51,286
558,612,899
121,696
40,980
103,221,591
163,901
29,123
739,862
68,323
45,815
536,579
27,524
66,825
329,947
811,898
342,526
428,955
667,769
348,413,530
551,667
122,427
142,610
146,387,814
277,670,718
314,582
214,587
41,603
304,673
514,590
38,457
213,610,965
30,589
569,686,898
170,795,850
405,406
228,520
664,972
123,457
352,682,772
1,93,323
191,466
583,942
86,658
101,600,966
9,776,922
545,733,986
140,765
441,729
168,247,364
310,705,795
199,289,472
503,738,914
495,863
102,573,641
122,855
178,587
205,805,980
302,551
432,442
223,402
278,649
222,802
225,902
126,378,967
240,567,594
130,712,954
260,355
57,722,879
188,305
184,208,662
601,862
104,408,621
170,217
15,850
299,804
461,932
621,743
123,505,506
171,482,556
40,476
852,952
280,740
737,770
93,856
163,811
169,618
260,469
593,701
116,444
228,326,519
944,947
720,754
202,544
392,912
551,671
19,886
68,478
58,718
40,346
718,787
258,539,859
111,968
354,390,732
3,256
40,653
110,777
184,297
250,551
574,952
434,701
59,303
600,943
786,971
133,245
8,466
137,486
315,437,610
750,999
151,347
580,895
139,695
87,902
462,971
539,885
332,571,625
253,607,886
670,697
118,785
323,505
103,714
200,261
580,668,683
113,399
242,777
402,629,841
45,209,388
873,894
480,776
771,847
682,811,863
348,380
255,306,544
9,961
120,239
112,743,757
173,453
300,780,883
206,360
784,805
324,868
230,633,876
224,614
224,800
822,962
58,838
253,727,872
360,382
401,567,861
89,791
377,992
449,736
724,977
95,852
501,973
670,676
303,772
492,600
496,943
27,871,985
108,689
241,312,499
14,823,891
70,861,877
119,675
223,655,782
119,449
381,403,840
553,659,905
503,808
107,584
306,576
242,419
413,475
161,434,816
732,870
137,986
84,296,449
267,274
190,468,878
83,881
133,410
30,938,939
106,137
492,704,726
88,948
348,900
150,477,717
19,724,761
426,762
43,412
537,596,649
276,448
203,843
195,856,947
92,985
811,847,990
99,263,759
423,745
410,575,838
127,518
338,506,658
842,843
105,283,482
367,402,900
58,66,99
612,895
151,262
538,884
200,698
357,792,964
37,164,185
265,884
137,648,935
157,352
623,934
49,498,548
905,936,960
375,444
138,458
361,864
670,976
169,409,739
5,839
137,785
637,703
155,247,963
574,763
449,831
159,192
478,506,812
12,909
233,769,862
328,332
509,717
54,614
313,481,806
294,440,599
43,191
255,608,684
20,680
366,984
368,827
91,194
491,811
74,462
52,335,646
645,758
514,734
16,186
263,570
202,588
199,566
285,837
819,869
700,997
240,787
264,524
63,119,915
595,985
325,656
239,985
28,369,899
364,466,881
369,454
833,851
120,914
180,245,870
197,306
592,824
15,70,872
223,538,858
219,312
181,648
617,842
558,802,805
242,856
182,237,767
121,803,840
302,633
204,226,861
559,563
356,804
4,168,537
274,652
96,932
196,653,906
836,974
46,514,872
70,470
147,268,743
191,898
345,971
342,758
597,813
396,899,991
41,673,918
468,962
216,502
3,852,889
310,600
463,919
231,260
257,395
244,578,866
297,432,670
76,782
146,967
106,740
434,538
554,906
569,614
149,954
319,357
466,948,956
592,632,913
246,462,809
552,974
260,409
102,620
34,666
183,703
517,718
304,544,617
41,311
249,681,953
38,908
109,157,699
108,296
86,770
163,920
342,657
670,845
367,376
165,608
106,834
388,775
156,281,772
380,575,979
697,897
203,675
191,904
139,279,620
403,570,755
28,378,801
628,657
145,913
97,454
508,539,890
34,615,644
144,218,745
259,597
67,130
26,496,923
578,653,911
303,580,983
124,155,746
496,599
53,832
249,758
1,581
231,472,962
49,349
28,735
6,23,210
180,321,871
65,250
174,524
422,518
296,978
301,558,750
351,846,874
350,696
112,671
294,350,383
788,878
231,611,689
263,691
19,292
325,474,701
664,816,879
621,785
691,745
485,640
161,422,540
65,170
39,230
490,498,574
563,715,913
422,554
325,752
85,452
584,672
313,859
528,845,965
110,319,377
540,613
184,517,736
109,267
509,860
96,370
758,857
149,500
271,887
417,944
734,962
542,697
498,743
443,531
41,52,311
456,907
344,407,486
357,820
281,868
376,395,693
163,829
36,238
33,470
128,555,877
400,804
127,637
418,575,888
427,578,729
171,344
157,548,996
30,420
332,954
71,526
469,742,957
347,562
51,426,760
43,758
127,309,811
169,729
409,705
123,272,658
69,524,968
18,890
7,627
131,413,935
211,917
23,452
33,508,912
83,298,592
157,292
348,436
692,857
221,252,948
144,640,967
160,562
120,366,778
11,167,584
162,629
557,700,709
25,302
668,837
394,684
108,302
712,855
300,386,624
205,676
334,686,788
136,983
382,680
531,883
146,758,857
203,205,991
162,677
37,215
287,343,845
291,363
421,552,776
128,514
51,449
288,439
718,719
638,978
117,984
393,595
126,826
247,653,669
120,551
3,66
405,550
128,689
159,530,930
629,752
669,842
522,805
27,801,869
31,914
219,313,613
904,920
579,723,839
584,801
303,666
422,894
793,879
609,628
452,747
296,313,731
416,764
126,276,925
270,566
68,622
245,550,560
347,702
322,940
120,813
149,402,536
116,468,539
445,923
34,890
397,692,853
519,756
121,434
585,660
166,442,523
395,606
1,560,812
38,259,319
280,402
472,804,971
243,732
103,539,996
477,666,854
669,859
39,459
2,737,867
261,450
372,566,962
87,612
622,888
453,778
306,583
645,754
386,810
700,746
47,658,977
105,140
167,463,714
284,720
84,885
82,241,940
637,856
52,539
365,533
219,432,643
119,160,668
638,947
482,866
313,682
252,338
548,923
12,339,780
523,881
419,561,855
774,967
365,604
732,998
473,566
347,605
670,860
18,380,577
360,740
5,608,706
367,775
75,674
159,163
106,927
273,306,821
133,920
32,218
323,337
79,556
272,558
312,391,627
81,242,654
216,565
43,553,794
61,645,993
423,872
656,871
55,908,952
63,899
455,934
479,902
597,771
376,571
586,935
132,422,502
236,819
198,507
91,554
246,970
397,493
191,792
291,775
233,731
444,557
305,626,826
216,645,736
296,460,611
149,281,490
232,582,766
252,649
350,632
26,318
12,761
155,543
134,528,846
51,667,692
249,565,939
320,555
129,683
197,637
583,752,761
528,916
332,801
88,255,456
463,547
389,993
21,254
713,914
545,916
278,832
164,463
161,460,919
395,949
474,629
69,738
420,916
106,516
34,288
334,669
552,572
356,901
487,546
129,457
15,128
29,156
14,223,282
380,769
14,139
155,244,715
206,318,749
747,804
73,76
623,712
707,760
2,856
171,351,513
149,378
171,858
377,640
27,46,984
862,935
165,928,937
106,820
34,158
780,846
299,533,984
211,594
829,936
313,320
429,663
669,987
443,827
68,415,926
454,861
266,491,518
153,888
273,453,746
195,264
97,381
31,722
612,772
153,800
355,637,833
320,453
98,140,250
19,91
633,645
580,685,848
5,484
108,353,846
579,868
137,250
21,519,785
197,801
623,656
118,591
415,845,877
197,242
217,681
504,766
39,127
576,709
18,81,708
224,848
713,960,990
660,722
96,434,464
126,312
72,316,973
173,477
93,581
136,311
673,870
338,978
217,946
311,571
489,902
387,666
612,676
103,114,187
64,314,673
753,795
233,486
636,849
123,674,784
12,109
87,268
30,255
294,342,817
383,714
288,696
14,636
294,479,747
731,946
452,919
252,464
666,791,959
250,384
427,603
44,541,811
169,980
45,945
181,915
68,102,633
579,635
321,640
464,488
610,974
129,411
58,351
353,523,585
20,547
571,879
343,530,884
78,507,570
62,569,739
673,823,930
7,126,241
259,461,823
173,790
184,696
443,740
703,908
306,574,952
247,598
408,897
507,776
334,573
105,471
161,770
36,251,737
356,767
137,228
609,881
335,995
110,711,765
200,249
202,833
259,841
71,128
484,669
216,685
94,981
13,589
722,989
14,648
516,840
361,660,824
290,360
340,698
67,635
122,898
439,666
218,347,811
542,625
216,438,672
452,532
281,334
332,645
357,879
548,621
240,618
640,855
35,191
921,980
247,372,903
207,281,406
236,634
314,899
111,670,855
88,855
367,644
390,477,865
56,811
230,930
18,131
291,598
32,92,992
559,681,832
67,292
537,628,746
752,885,901
48,100,682
554,873
43,217
93,290,689
141,687
642,720,995
509,691,754
190,628
115,736
39,337
472,887
406,895
166,993
254,625
47,964
639,645,711
168,179,727
563,880,881
131,179
7,10,438
455,643,860
48,420,491
155,832
603,783
527,635
19,644
504,654,670
335,480
512,632
200,800
369,523
219,735
53,779
94,160
152,740
114,258,784
500,514,763
145,179
368,726
502,506
397,943
385,993
54,518,687
654,820
566,920
818,825
218,493
216,635
358,875
150,515
30,38
718,928
660,754,916
64,120,838
30,549
244,851
151,888
287,315,637
244,312,544
144,342,604
187,446,991
315,930
597,638,847
37,701
173,907,920
349,605
335,867
135,436
141,969
227,319,502
470,734,906
726,738
94,589
260,308
177,603
120,867,883
447,981
399,477
496,546
23,329
498,889
4,694
262,801
271,688
71,142,856
602,981
100,674
108,323
814,999
328,836
513,701
458,972
155,266,612
45,690
96,501
150,904
690,934,935
120,679,742
515,690
171,271,800
202,324
240,310
127,543
254,732
30,618,837
385,860
154,329
324,498
93,519,740
279,524,590
509,518
625,706
731,744
212,322,673
85,137,593
421,691,717
194,650,925
15,243
393,623
546,876
227,625
293,445,938
820,997
46,753
36,515,998
469,753
483,489
537,664,781
189,881
80,356,786
467,762
348,666
514,733
249,650,822
424,577
118,243,275
5,485,730
178,772,853
117,223
682,686
438,759
470,826,959
102,990
263,476,568
942,953
158,519,801
148,684
398,970
34,817
479,803,899
6,799
147,439
68,461
775,789
54,715
382,393,852
442,676
379,454
827,839
691,958
73,442,694
170,517
256,507
660,721
35,165
41,372
654,937
210,320,803
282,562,949
270,616,884
143,415
112,598
843,998
272,430,610
214,562
548,580
111,291,472
584,961
59,930,970
86,946
205,915
147,153,858
105,605
376,745
854,997
170,864
490,500
296,380
480,701
284,288
8,686
243,328
300,655,782
435,467
64,913
168,176,537
219,293
203,951
344,593,610
451,963
199,436
220,252,804
39,354,821
415,447
30,164,266
436,750
793,816
288,304,721
52,502
470,671
33,215
97,260
330,921
141,207,703
64,74,126
308,493
176,886
205,300,813
464,957
295,901
227,764,768
656,915
621,695
34,513
156,386,652
330,884
734,987
302,552
102,137,722
273,358,944
256,458
566,863
123,756
338,648
116,821
304,569
240,930
425,902
457,520
76,556
460,640,795
290,731
22,593
214,673
18,194
37,432
468,730
175,562
698,733
450,994
486,923
643,664
107,692
444,645,749
353,818
745,964
234,427,872
99,437,516
271,970
165,374,935
188,281
193,384
383,504
557,569
714,864,868
26,245
314,503,897
787,799
181,926
345,439,774
68,352
339,665,681
21,162
38,330,946
407,516,831
457,934
141,954
163,672
551,854
48,645
165,515
35,103
503,658,795
143,562
236,291
514,614
154,584,876
431,924,995
178,280
285,298
251,450,589
88,549
410,637
62,701,830
409,459
771,834
533,550,945
280,582,646
6,545,982
121,734
157,727
787,825
281,868
238,936
279,399
5,107
250,768
102,407,440
563,887,926
271,897
226,431,485
882,985
84,156
221,291,971
111,135
127,243
301,367
540,901
73,112
134,776,842
144,841
10,341
197,910
54,943
205,562,693
83,146,354
26,845
108,139,220
588,954
333,348,385
58,642
359,512
509,656
110,615,791
341,644
593,772
664,895
453,728,928
167,600
321,477,980
41,715
427,596
373,424
290,644
678,916
864,883
3,272
338,436
258,980
264,515,608
396,646
411,746
129,959
128,410
525,791
408,707
553,636,865
631,761
130,235,912
52,791
617,939
146,557
209,688
465,895
75,980
8,564
58,797
237,970
690,697
102,197
92,277,510
347,686
272,319
50,306,352
296,852
210,810,836
388,506
106,384,520
708,835
217,243,705
5,830
567,959
189,681,983
392,822
92,276
448,743
160,191
93,595
229,786
12,281
498,522
608,950,995
204,766
224,566,669
385,690
72,407,934
295,496,601
646,832
483,830,902
189,699
702,714
712,799
298,470,473
40,272,777
53,88,601
165,561
388,471
208,991
672,678,997
335,594,759
58,656
46,330
147,615
617,653,767
470,793
725,962
56,144
395,704
513,739
581,951,985
635,713
3,300,944
715,852
791,821
174,705
268,846
188,269,576
15,748,949
20,468
95,430
310,360,926
209,814
364,898
19,364
404,774,800
98,316,924
400,892
402,615
436,949
323,732
409,994
280,378
122,828
243,342,359
336,939
13,108,241
448,782
190,749
250,989
291,301,891
187,211
478,797
451,640
440,711
222,527
209,552
599,851
76,174,709
200,336
652,946
471,581
264,731
396,644
278,471
596,739
178,220,427
53,358,869
287,893
372,496
175,846
366,609
578,626
276,897
149,850
906,913
230,481
69,271,609
540,826
858,974
811,952
403,517
18,105,965
136,454
52,470
224,925
143,289,361
203,760,839
308,659
151,827,840
105,340,462
334,983
90,423
706,961
489,754,818
470,700
66,361,906
213,381
264,450
221,365,736
33,621,926
272,733,980
5,12,368
230,651
104,494
806,820
499,613,800
203,738
365,407
609,854
611,693,729
181,313,468
127,914
65,801
330,436,864
554,700
669,941
93,222
509,637,642
26,978
131,552,993
545,833
379,799
306,329
239,823
168,234
696,862
500,627
213,276
70,351
26,221,889
579,617,848
161,579,615
649,702,708
791,979
225,350,553
203,455
73,150,699
181,551
14,949
657,748,921
739,978
188,498
11,561
238,994
146,543
92,684
115,339
640,669
506,690
283,873
166,369,825
243,447
573,975
85,226
333,641
354,465
188,586
322,754
68,888
19,70
357,746
102,194,555
480,872
529,780,847
172,205,283
106,635
253,793
304,372
546,958
733,812
406,460,881
47,363,400
157,402,467
253,948
146,527,538
434,590
218,423,986
229,543
43,290
241,466,583
35,848
167,201,307
139,921
67,202,878
487,975
507,514
194,457
505,918
701,730
146,789
22,62,309
159,452
48,771
596,824
108,696,810
111,147
846,881
80,205
257,689
175,419
43,473
235,269
554,587,916
319,407,589
417,562,740
17,554,964
137,276
428,917,978
245,291,436
669,816
104,612,981
521,528
470,633
122,567
100,141
429,566,976
26,608,781
564,613,774
76,750
60,806
477,926
407,474
209,322
133,561,612
538,889
78,233
31,835
378,427
357,566
41,979,996
409,442
356,705
794,855
163,826,881
48,549,878
923,979
91,868
450,800
151,436
32,560
364,429
278,520
207,317
91,700,942
487,694,917
645,862
171,847
13,180,228
518,866
731,794
693,954
566,953,956
254,374,593
295,446,543
474,979
809,957
128,367
335,402,480
792,856
128,658,687
27,491
272,321,677
393,664
159,435,907
59,636
300,598
644,727
80,538,622
98,386
561,601
518,634
56,277,701
54,522
814,821,938
365,717
121,642
249,344
548,811
34,349,848
300,408
371,934,976
681,870
207,914
663,714,840
445,709,987
541,608,872
510,592,690
311,423
721,862
191,636
704,878
155,336,359
42,943
516,950
66,419
36,214,918
70,385
608,688,690
46,264
305,499
102,992
664,806
716,913
237,363,796
334,375,716
161,355
595,802
331,340
383,698
62,516
374,533
170,220
255,267
616,926
805,844
426,706
5,232
149,249,535
317,822
74,270
24,490
62,255
367,732,946
472,743,888
342,356
880,966
343,528
183,788
258,852,859
314,786
532,568
153,951
29,861
227,965
511,530
420,907
550,619
19,843
297,298
69,396,777
80,358
38,782
94,127,629
168,266,647
163,577,954
500,947
91,445,957
27,63,86
71,971
497,838,950
521,598
406,856
270,683
498,648,686
608,842
800,901
440,574
156,636
257,601
181,492,541
39,537,647
80,306,686
365,644
459,672,755
244,657
693,795
27,50,346
105,726
240,508
207,531,690
190,969
345,348
23,35,982
662,754,917
122,741
286,740,889
569,997
336,746
152,258,402
63,264,428
113,164,353
617,952
973,976
302,723
369,851
230,449
103,538
629,765
47,847
245,497
407,513
461,915,1000
5,56,197
697,764
156,434,461
488,847,852
417,903
136,600
303,494
102,384
689,912
187,724
145,778,960
124,304,411
557,649
353,604,799
603,684,772
223,410
390,547
450,565
149,183
208,587
87,465,816
43,374
218,266
146,668,789
418,436,841
460,904
558,597,785
397,511
297,992
706,938
593,691
3,500
42,621
128,231
133,607
452,909
442,748
107,250,914
351,622
59,263,779
261,544,602
177,185,389
398,469
222,963
266,850,923
22,729
3,203
486,603
650,835
470,518
562,870
272,367,927
65,82
120,462,482
747,957
604,631
721,856
298,368
147,846
680,699
85,541,639
229,856
573,958
84,309
158,816
511,623,861
310,724,775
92,697
274,777,951
642,799
600,820
295,488,739
227,488,890
61,282
442,493
308,539
668,996
695,896
515,532
18,876
166,859,965
70,534,804
228,404,932
570,589
298,600
335,650
273,393
133,145
6,156
310,912
254,485,555
442,866
210,975
250,533
881,956
446,461
304,589
672,795
91,837
142,988
362,538,757
632,924
126,378
92,432,671
703,930,982
343,955
298,385,870
23,759
617,672
61,331,517
52,632
293,321
165,493
587,921,965
686,734
343,917
138,707
176,944,992
112,461
251,549,676
103,478
856,942
277,494
358,594,701
545,683
176,238,962
315,586
370,381
31,532,548
368,388
216,579,683
39,381,533
66,631,910
76,129,905
345,637
93,526,724
34,589
66,165
589,855,963
342,605,770
26,299,887
22,656
531,924
150,566,819
4,217,234
489,524
263,341
447,614
188,459
435,779
352,895
359,645
465,779
191,249,643
130,380
342,503
151,797
549,987
214,675
320,509
108,236,597
205,321
517,868
591,953
42,483
878,904
308,503,646
100,928,978
696,945
61,375,844
154,505
319,471
73,834,854
514,725,912
278,626
674,782
200,536
76,111
105,215
97,702
217,439,682
313,525,811
470,476,883
690,950
264,731,882
597,718
272,652
307,852
152,689
36,490
461,872
868,880
568,687
388,775
71,770,809
547,955
492,962
480,673,797
696,727
661,710
417,677,897
441,638,646
76,102,829
297,419,437
406,589
943,944
72,869
489,568
426,679,722
37,760
636,831
550,756
135,923
44,147,977
483,608,867
656,659,974
655,715
591,985
616,658,977
398,421,515
4,34,814
97,458,628
433,543,559
134,664,715
536,716
316,868
468,883
568,625,872
380,918
525,563
139,361
420,981
575,675
662,835
658,689
848,947
5,262
310,748
681,967
116,483
154,861
616,738
272,275
18,64,914
180,258,750
684,717,928
224,312
302,427,836
348,670
507,552,763
604,719
75,151
312,341,647
393,724
271,393,796
234,513
228,558,757
129,406,450
80,299
369,839
161,456,715
215,415,771
180,661
47,179
90,690
271,517
416,928
64,190
18,513,825
8,327,761
63,77,793
30,312
469,508
24,94
270,977
347,460
322,702
443,532
202,249
411,878
426,445,574
947,949
669,763
677,844,884
167,350
584,755
152,327,475
583,836
527,952
510,856
247,986
5,502
209,839
148,487,935
761,999
696,991
25,242,651
39,911
129,309
106,433,963
22,25
359,632,644
600,678
214,673,777
655,675
166,754
370,431
146,161
31,351,394
21,93
275,538,998
554,738,998
560,719
19,48,946
118,223
151,509,528
6,65,712
559,951
374,631,922
457,678
43,906
312,650,696
405,908
187,392
406,461
34,292,793
591,843,944
549,766
183,525
343,703
325,957
288,885
64,105,241
629,808
118,181,529
57,535
137,254,546
69,949
136,948
358,370
655,744
227,542
659,974
337,435
219,946
206,575,957
60,505
334,678
25,401
267,538
489,836
2,431,776
153,609,897
393,990
323,392,733
511,530
138,484
117,996
469,796
324,866
396,675
255,576
104,540
443,976
226,448
181,368
447,471,550
135,497
354,944
90,226
630,853
339,516,716
11,868
264,338
589,823
129,278
608,928
274,361,545
366,402,458
529,739
482,955,986
212,297
958,986
47,275,469
525,659,682
55,124
682,788
294,364
332,712
505,813
381,487,661
281,608
34,770
59,125
560,609,964
274,823
16,146,729
68,167
329,877
315,663
249,311,907
464,621
363,932
92,461
121,414,777
19,805
165,523
529,914
228,396,638
437,813
494,878,997
146,411
514,611
181,514,671
136,191
337,677,870
23,52,707
235,468
304,868
16,252
779,855
251,504,686
323,326
394,659
72,322,736
552,701
120,446
233,336
128,382
157,468,817
234,949
143,206
89,550
385,422
251,940
381,507
119,403
376,632
363,453
464,926
168,605
388,679,823
766,946
110,273
198,625
306,347
324,905
97,354
366,430,843
594,683,916
101,711,911
305,790,979
191,317,460
947,957
198,606
409,486
322,667,874
9,509,764
550,634
49,865
841,999
476,558,673
107,363,775
413,586,727
485,623,993
83,695,882
20,1000
256,282
231,273,928
278,376,412
38,392,521
154,523
645,787
130,339,871
461,747
246,422
565,588
18,670,723
242,460
452,697
238,937
396,476,606
223,826,834
394,940
4,63
357,887
415,804
215,282
348,417,632
631,684
114,221
783,877
559,613,979
189,737
291,446
200,649
844,954
196,683
98,432
219,968
836,975
221,802
155,496
126,654
464,767
28,109,461
908,964
805,893
571,602
164,874
251,512
62,722
111,580
84,379
7,181,545
102,641
82,266
559,665
74,784
32,313,572
170,319
460,669,678
345,474,723
593,766,995
267,934
334,921
251,715,911
147,738,740
299,325,595
160,202
36,167,605
485,851
103,870,984
275,338,770
520,986
389,480,610
83,157
650,772
197,654
87,557
414,497,730
232,966
55,336
107,384,845
476,622
347,822
336,456
302,423,801
341,399
257,493
740,844
387,800,865
264,452,632
154,243,403
684,845
118,650
344,427
342,726
247,387,516
148,688,698
472,932
66,322
171,741
79,798
299,843
531,556
401,902
437,728
77,653
108,220,908
500,556,600
759,789,911
383,542,973
249,992
137,248
165,501,523
489,491
861,982
330,732
400,597
192,596
497,755
619,812
112,283
52,147,192
745,855
157,938
112,430
503,812
237,850
20,176
378,821
929,966
359,821
123,142
353,414
49,952
13,443
391,578
393,941
419,577
680,971
641,807
439,492,676
366,683
195,349,666
438,626,990
172,362
487,666
66,72,497
277,981
47,891
162,345,762
71,448
453,727,851
284,383,397
140,386,567
318,679
685,939,997
283,982
432,702
245,754
636,789,938
75,741
122,180
341,761
143,488
75,409
159,801
223,257,858
17,494
408,598
672,907
581,609
449,454
72,629,719
149,583
422,898
264,973
578,627
124,311,925
276,966,983
181,330,908
200,873
212,542
318,408
442,596
367,991
347,451
329,423,869
219,956
69,259,977
249,510
107,596
147,172
15,130,714
57,173
197,638
20,798
434,522,997
263,295
149,225,649
610,746,960
616,742
105,447
310,342,400
291,702
280,447
16,273,853
609,738
533,682
212,839
80,585,620
237,785
386,416
635,720
438,826,939
491,589
282,675
735,807
197,960
752,774
211,831,955
10,684
85,377
272,314
595,676,834
111,527
26,386
148,942
457,630
63,220,400
256,472,941
249,664
839,988
591,914
154,501
605,963
91,583,666
30,446,733
61,276
184,255
452,541
414,910
354,439
116,517,794
134,452
245,506
120,739
138,859
41,292,300
276,599
779,898
198,423
10,639
588,617
375,946
61,559
260,786
416,860
165,611
128,736
222,310,908
375,950
545,845
150,707,718
151,718
198,276,934
41,126
168,832
87,916
115,428,929
109,482
362,385
260,613
454,950
680,981
393,588
182,336,574
123,284,980
43,135,717
92,482,909
418,749,770
276,583
145,833
152,572
453,487,530
713,1000
331,926
173,620
460,704
50,374,672
582,675
503,828
832,996
379,916
96,197
30,168,349
266,357
268,503,859
86,321,964
376,607,683
161,996
1,761
303,762
724,973
106,269,881
313,618
41,373
580,694
334,812
312,865,873
510,826
250,766
403,413,419
195,374,624
95,272
260,327
626,939
117,809
822,855,865
149,721
399,427
7,16,955
8,300
144,636
37,166,385
785,844
281,556,649
597,689
124,818
213,761,879
51,132
17,868
42,142,384
68,289,844
138,896
150,328,691
298,378
277,650
391,980
249,954
726,845,851
75,165,989
112,321
436,724
259,918
38,946,998
96,986
79,294,599
245,520,750
30,349,666
78,783
247,864
286,947
436,968
16,202
848,916
330,909
490,576,717
405,527,949
364,434,997
400,558,795
243,447
68,118,765
188,600
87,741
217,535,613
284,665
364,826
287,788
256,268,695
130,208
192,254
243,621,844
75,836
564,943
503,520
299,753,868
82,681
389,861
477,929
607,627,753
74,905
36,341,676
90,496
38,174,388
595,646
243,909
635,711,874
320,429,545
240,948
536,1000
824,917
482,790,876
80,175,770
31,893,910
944,972
295,642
373,852
186,190,518
31,943
27,64,80
100,414,701
715,806
82,215,405
489,747
575,778
62,637
319,482
85,389
523,899,924
586,841
206,889
457,472,626
282,544,725
180,555
215,726,858
222,424
334,821,881
614,668
428,488,503
47,86,731
412,903
18,419
163,433,927
398,417,657
194,348,792
165,341,732
674,949
733,852
303,758
144,683
478,490
13,86
185,187
65,483,577
237,890,999
230,489,497
296,417
537,709,844
265,519
717,747
431,639
345,606
420,863
508,700
23,928
51,711,885
101,325,710
246,367,812
494,636
595,740
395,507
397,934
42,284
326,775
18,85
1,271
210,501,973
336,517,655
406,500
203,286
214,731
175,921
104,176,725
60,661
140,148,692
501,545,839
618,849
676,969
190,632,767
586,639,835
1,461
42,263,567
179,720
165,201,344
252,731
343,993
74,139,890
272,321,477
94,191
490,709
452,458
238,882
27,782,841
472,621
145,800
206,784
835,973
22,304,455
202,674
293,433
457,576
228,260,373
419,969
384,452,704
729,980
110,455
123,462
329,503
250,403
900,913
4,540,920
455,749
184,944
25,791
84,542
435,466,544
805,954
307,579
355,415
149,163,895
160,828
542,955
665,902
181,206,770
218,370
41,842
46,782
19,404
28,147,470
159,486,654
327,346
112,478
416,628,860
565,627,772
372,912
613,963
22,596,922
367,946
537,590
40,301,941
91,317,357
624,923
257,824,833
102,335
119,838
464,813
545,743,956
498,670
755,792
124,398
271,897
290,933
726,846
230,267,874
74,280,889
455,747
326,629
445,576
629,688
283,795
336,592,905
63,734
218,403
523,641
363,733
7,878,898
197,708
231,843,970
135,471,658
86,747
112,370
149,643
632,808
85,165
44,108,529
26,263
804,823
28,846
548,571
253,584,851
423,572
426,499
345,818
13,395,674
455,968
715,855
322,539
30,963
238,691
248,596
20,963,981
869,965
247,626
236,657
83,178,624
63,123
391,524,898
352,668,911
430,616
46,446,573
506,771
421,660,764
190,794
541,720
249,800
709,789
568,766,807
359,938
594,828
94,113
128,729
519,780
509,692
130,950
614,686,857
308,429
148,901
618,829,990
47,469
435,547,640
377,661,719
549,633,821
378,444,644
349,663
466,664,903
101,539,604
321,491,740
385,726,944
681,706,829
51,351,586
262,315,893
26,555,593
574,865,960
598,749
282,884
228,977
105,552
540,725,752
665,992
129,468,829
285,489
418,852
512,682,979
305,960
829,848
1,153
96,302,344
180,695,743
115,726
264,731
228,398,933
157,742
462,675
532,769
63,117,558
227,380
222,729
724,981
17,684
353,990
419,703,768
211,807
482,798
472,703
460,860
540,649
695,882
470,927
338,365
122,456,720
630,647,788
442,874
439,465
33,655
941,986
655,719
523,584
321,441
454,730,928
560,707
119,607
350,754,893
330,550
24,939,974
226,449
660,704
118,405,448
388,648
168,522
13,80
810,979
232,297,379
231,890
305,822
43,301
190,334
87,271
436,947
40,274,482
132,832,879
181,859,929
145,804
135,393,673
83,807,910
643,842,959
55,229,304
336,776
113,415
602,894
388,485,873
563,626
484,688
137,346,390
94,492
490,587
430,589,819
399,652,804
352,536,644
78,884
492,806
143,418,675
147,291
77,574,966
290,667
880,962
115,658
64,945
512,636,682
24,491,756
366,666
482,866
230,316,650
136,837
8,166,817
13,314
672,829
433,992
373,996
443,869
590,909
64,142,630
524,835
80,314
61,989
56,254,935
336,439
268,312,762
791,873
832,882
157,923
716,826
231,858
599,620
421,974
917,986
404,532
720,782
713,966
323,751,889
718,825
236,702
577,603
236,575
242,623,783
401,995
470,477
350,542,860
59,110
217,734
118,270
396,808
93,564,637
556,632
46,365,852
300,786,946
470,620
848,953
330,850
628,934
821,956,997
559,588
123,984
563,837
254,706,827
214,966
350,717
160,422
582,734
176,480
95,128
746,943
694,987
440,709,834
317,567
100,757
115,236,921
132,298
135,796
242,346,579
426,668
226,827
132,566,767
436,576
595,980
4,416
136,255,261
219,222
444,781
56,452
16,578,699
478,488
7,662
178,248,272
220,591,929
205,912
49,579
435,626
98,841
300,689,915
742,750
100,605
208,349
259,268
422,890
44,86
429,504
571,653,666
95,558,777
500,709
351,516,919
768,923
66,397
237,654
67,522,873
403,800
746,832
390,453,767
14,931
348,747
760,842
296,555
377,487,606
378,570
160,794
63,275,318
339,859
621,677,929
367,889,944
71,703,755
869,991
494,776
327,350
115,283,339
769,810,836
472,884
889,937
291,447,677
141,883,989
6,785,993
312,315
716,812,832
62,166
68,284
72,965
52,885
125,651
36,878
390,673
543,752,938
120,676
462,469
25,516,747
539,563
401,996
608,639
60,780
82,945
610,818
331,480,656
47,398
500,842,863
92,700,773
509,580
328,440,712
545,914,931
204,297
237,340,724
459,644,761
577,633,736
288,703,814
326,670
606,803
165,504
70,692,871
515,712,856
6,568
91,589
167,766
784,976
117,524
609,852,957
52,583,901
101,584
58,329
755,791
131,434
50,979
486,754,867
208,992
25,625
117,301,477
14,505
604,918
318,659
251,313
29,110,324
392,739
117,265
189,670
437,718,723
110,238,752
147,187
55,543,649
261,644
404,627,653
586,930
310,716
535,556
486,942
18,629,963
145,299
674,811
258,623,897
609,611
81,113
193,819,885
240,440
673,895
212,412,822
44,564
199,296,823
331,698,893
485,787
46,764
235,746
58,807
157,440,816
671,706
603,803
15,71,287
369,916
420,552
172,399
816,909
442,788
462,705
109,491,635
323,552
179,229,298
77,193
260,718
214,253
612,855
65,101,869
14,562,999
256,780
441,847
432,899
486,509
282,882
886,894
208,562,677
203,417
405,409
820,855
917,930,976
379,570
80,908
210,451,768
29,89
359,957
578,839
151,515,718
534,579,984
270,524,538
234,989
319,609
309,548,881
169,527,679
220,302,498
100,733
42,513,528
129,267,440
488,812
125,689,753
239,594
876,982
339,675
522,774
364,461
156,286
152,749
777,821
225,543,816
343,599
149,357
241,269
549,880
12,257
185,599,760
269,538
647,915
135,749
14,396
880,904
289,529,951
827,869
182,186,311
34,439
70,235
678,808
152,219,319
238,411,913
173,851
178,901
550,748
156,862
877,924
441,506,582
99,213,618
69,314
49,901,997
229,693
547,853,900
320,534,755
213,577,950
532,698
423,616
426,427,709
159,351
127,637
209,433,692
39,217
693,825
20,87,350
666,764
48,878
223,446,688
289,501
130,380
7,762
693,695,838
90,179,595
661,867
126,382,788
416,712,747
662,894
293,406
89,653
322,961
204,667
244,685
440,668,966
157,183,537
597,804
227,572,766
454,918
82,374
371,872
764,973
207,765
152,660,757
578,686
386,581,861
164,287,585
363,415
254,924
120,505
91,662,857
574,625
235,439,625
511,727
311,383
444,465,822
150,267,993
230,957,996
530,572
30,378,938
52,235
614,659
735,869
453,787
377,545
258,270,998
494,685,960
12,88
264,871
13,844
719,997
838,859,984
431,610
314,562,998
57,814
275,582
729,820,942
63,453,455
646,749,786
135,806
531,735
732,989
143,597
297,786
211,413,642
98,300,362
61,198
12,304
26,115,913
152,231,362
129,694
287,665,714
297,385,692
285,774,956
149,412,468
166,538
503,932
60,194,228
56,993
571,615
132,168,247
278,326
382,804,890
143,487
535,623
442,803
14,889
152,634,638
195,706,956
101,178,229
370,808
619,676,967
84,553
607,759
5,942
76,939
87,679
516,525
649,713
186,412,490
41,548
771,864
90,148,403
142,846
462,971
59,353
263,336,566
201,262,840
232,325,872
65,236,930
33,675,809
393,729
691,712
529,946
126,464
595,896,954
748,788
379,774
52,71,356
360,464,726
429,667
377,642
405,989
400,403,668
618,880,981
552,628,980
565,672,909
135,850
75,783
274,357
248,436,897
415,802,985
587,799,818
250,470,734
622,744
836,931
259,318
537,685
238,812
331,604
50,986
161,270,611
362,808
43,480,759
115,117
598,761
468,502
596,807
204,786
323,330,478
449,567
261,791,939
167,705
16,535,809
639,807
622,771
165,417
95,689
458,560
187,813,993
887,891
865,981
96,203
58,690,992
315,542,665
25,353
25,922
183,849
291,328
472,728
2,381
539,907
78,437,480
270,430,919
179,341
365,846
361,991
220,243
106,513
221,456
408,700
255,710
425,745,967
405,461,804
70,396
18,394
435,993
572,722,819
288,826,987
156,190
524,951
278,612
120,753
83,244
56,72,768
528,723
620,827,919
298,450
926,977
29,634
589,605,814
15,65,670
264,834
49,357
951,960
76,334,466
629,673,888
153,272,674
283,440
628,819
147,687
355,628,819
351,985
470,537,913
5,508
80,421,994
58,484
223,373
171,172,826
28,768,825
651,982
128,675
203,915
701,993
156,240
850,964
104,627
520,562,693
306,409
92,861
249,498
499,886
82,620,665
131,974
329,918
463,754
188,746,966
83,516
768,797,876
430,744
360,897
421,604
308,602,736
73,779
406,709,849
82,751,971
517,610
970,980
206,632
42,204,721
437,759,958
786,809
57,163,466
331,765,818
360,430,646
116,920,948
464,887
135,657,813
250,587
500,695
265,620,879
291,675,732
61,479
162,227,255
307,337
120,657
273,353,444
286,622,742
293,304,422
366,673
432,919,960
4,874
47,68
148,691,714
310,478
350,666
279,674
68,771
62,474,893
109,364
667,876
173,735
179,938
227,850,975
504,965,973
284,567,827
418,634
70,284
287,461,971
212,750,933
793,838
790,975
548,814
479,704
61,568
317,373,509
95,436
751,781
317,662
804,821
374,789
558,838,915
214,509
361,638,941
246,477
311,526,712
218,248
173,435,780
621,890
156,304,880
75,818
141,350,501
444,785
784,893
434,457,848
54,134,451
325,515
581,802,978
37,810
276,857,859
189,666
369,867
176,303
21,915
185,232,294
24,729
579,612,627
125,381,976
363,702
124,605,607
326,875
541,973
440,584
79,724
683,855
382,926
274,933
145,834
375,662
207,604
69,117,153
658,998
350,975
524,634,834
695,826
66,351
429,610,824
122,261
234,481,640
603,922
199,286
15,429,711
222,774
821,902,930
449,488,901
395,833
19,56,357
435,540
812,828,915
330,509,961
908,951
463,586
264,575
295,326
64,105
219,375
138,474
632,772
126,904
81,692
380,455
543,581,835
538,762
258,301
330,382,458
302,335,667
16,364,685
236,859
503,724
101,531
75,147,405
82,849
562,741,775
326,571
6,106
38,783
88,217,304
947,968
50,286,817
169,461,562
519,771
135,509,867
130,240
127,149
126,519
538,957
420,482
354,594
334,559
21,430,707
599,736
297,452,487
235,615
101,919
87,342
471,968
192,278,335
654,767
754,986
339,488,733
192,845
203,524
363,458
115,650,989
44,742
293,607,905
168,176,583
121,912
36,257
565,834
417,739
323,367,482
349,465
302,721
144,587,913
114,138
407,955
272,542,906
662,767
569,571,877
491,583,842
830,945,961
185,741
122,747
273,556,640
911,950
523,984
61,993
165,760,803
100,111
506,557
173,676
304,857
266,276,865
479,656
170,340
190,224,444
174,270
176,898
358,596,869
717,935
307,836,872
148,651,717
303,735
23,198,287
809,823
348,394,818
422,576
369,383
827,858
6,297,320
527,921
377,423,684
82,503,735
424,623
782,838
74,250
266,719
163,327
338,508,731
2,160,777
882,916
290,575
611,908,972
175,448,813
77,224
31,141
266,965
667,877
166,429,961
835,861,966
305,709
280,581,823
471,597
491,657
246,390
645,827
412,553
28,194
256,782
265,753
163,447
113,333,845
397,810
42,85,531
244,613,894
190,595
292,354,948
109,313,853
75,603,787
343,387
399,519,804
142,671,869
156,612
502,514
644,649
99,210
655,809
254,350,807
415,658
794,963
293,873,880
544,825
195,200
244,683
311,704,931
473,499,857
200,864
402,707,897
558,785,999
178,495
601,623,769
558,616,638
283,598
512,878
89,929
141,170,471
97,242,687
764,894
24,206,335
428,621,912
617,873
64,365,884
584,839
219,817
122,315
712,727
803,827
113,242,546
235,292,878
191,439
146,241
186,544
349,492
43,359,438
114,338
355,888
722,919,956
44,482
368,379
263,479,749
306,349
162,527
20,160
335,509,736
82,241
49,911
16,962
130,271
133,157,800
590,941
15,118
67,406,539
391,970,977
333,867
334,543
719,909
646,758,959
81,429,839
308,312
107,471
397,830
226,660,736
82,653
485,585
678,871
112,964
449,628,874
7,39,761
274,794
59,520
121,165
28,113,483
326,449
474,687
243,778
194,628
164,386,845
395,741
14,818
63,229,931
503,991
12,178
166,495
152,409
587,829
230,262
755,784
377,487,874
402,749,830
488,679
470,518,953
214,666
150,267,645
79,544
47,675
19,458,885
161,458
50,189
34,519
286,302,499
88,733
102,455
406,556
42,480,628
179,455,874
187,823
572,893
492,608,782
