258,435
231,447
406,873,924
649,943
101,711,835
622,651
553,676,828
331,421
33,962
684,955
134,306,741
73,245
29,692
250,481,814
48,729
210,760
29,438,834
654,877
89,631,934
168,456
146,264
850,932
430,918
533,886
460,910
290,661
105,786
275,707
357,711
595,814
125,445
329,936
72,479
9,135
229,381
90,545,866
38,929
332,950
8,267
447,612
159,460
515,929
223,511
441,822
405,569,861
137,197
58,415,609
232,666,888
929,970
140,745
276,983
105,328
199,933
479,661
60,648
87,864
477,514
378,869
230,727
13,477
807,918
917,983
908,942
432,546
266,531
454,770
43,743
93,420,977
15,965
22,38
486,816
577,728,898
46,820
117,663
340,969
266,335,557
121,279
416,461,641
645,758
155,442,621
146,151,964
78,896
48,103,697
246,276
130,953
231,512,515
190,837
214,230,569
324,700
19,671
45,854
215,497
479,798
202,675,822
302,518,838
645,842
129,133,829
311,921
589,677
357,785,894
239,370,524
471,509,931
311,819
461,725
46,664
842,980
17,88
860,905
66,260,680
553,975
134,569
731,998
724,787
811,876,905
75,790
171,303
128,461,894
99,543,730
605,753
370,993
134,398,907
547,577,663
184,863,973
448,755,977
585,733
104,574,711
397,703
245,754,970
113,598
286,557
494,735
23,256
225,535
644,870
95,770
7,627
113,982
201,726
30,648
89,781,882
87,694
617,824,851
129,313,663
225,535
463,550
110,846
98,427
107,228,495
14,542
147,541,695
240,408,996
614,875
416,539
597,647,893
522,527
318,777
586,877
556,582
205,831
200,466,719
363,374
121,213
14,564
643,898
26,134,161
132,379
589,909
112,162
487,721
959,966
109,361,434
25,483
5,309,836
446,537
362,810,837
42,386
501,856,919
5,434,626
26,210
324,910
5,361
15,469,540
18,650,681
286,941
335,869
380,422,865
114,122,766
85,159
98,555
317,840
842,968
607,811
389,660
450,671,873
482,773
418,709
123,980
607,703
70,573
864,964
455,510,864
329,513,747
126,719
435,501,948
238,263
139,292,356
475,669
567,657
121,951
110,155
695,992
72,441
914,967,996
87,887
609,983
236,951
93,352
114,482
240,408,902
892,995
699,886
70,590
120,184,511
236,587
96,506,628
467,918
343,400
312,323
300,308
105,658,748
336,782
91,97,920
327,567,834
132,478,681
52,862
3,497
247,836
427,776
165,783
771,973
310,326
401,908
126,224
185,592,723
167,602
163,260
561,762
827,901
494,693
20,116
115,202
289,512,934
289,520
145,519
345,597,690
682,892
102,526,887
37,302,611
590,899
100,595
176,934
126,288
37,603
261,334,767
297,701
159,407,687
578,878
6,825
375,603,828
428,450
77,519,804
13,927
121,451
491,663
280,440
376,635
163,427,902
347,666,669
479,675
250,714,841
209,758
318,727
378,833
691,973
252,352,807
861,979
479,882,935
454,488
366,516,581
531,558
402,541,785
245,676
205,445
360,954
534,601
28,392,850
38,460
33,186,580
92,995
158,171,525
809,820
23,651,924
17,297
758,928,989
14,420,762
278,421
206,246,945
270,677
949,992
505,554
212,500,901
276,461
804,992
768,860
94,382
685,828,979
34,83,651
557,975
157,711
21,106,342
383,552
75,360
134,591,929
88,223
773,987
93,864
216,725
37,703
144,754
32,103,646
80,222,842
166,576,765
57,763
724,941
546,679
520,604
287,442
73,725
578,587,850
211,859,868
657,748
400,523,942
95,98
254,726
21,95,593
183,637,653
241,243
445,572,783
107,751,819
194,930
43,559
239,569
379,632
590,934
754,917
167,948
57,660
221,555,936
361,377,730
314,322
239,259,671
56,512,588
136,293
353,424,753
822,891
134,840
575,724
394,632
312,329
138,358,766
266,796
68,732,803
291,472,853
431,866
500,717
79,508
375,919
347,859
53,277,451
131,764
102,525
606,703
10,240,709
294,872
585,671
120,741
46,536
14,328
25,581,892
108,260
174,695
2,248
193,286
33,466,553
482,795,969
631,816
360,443,503
198,340
333,772,783
540,986
21,124
111,590
194,604
340,481
453,495
267,493
77,742
58,342,435
172,905
400,515
314,502
554,687
289,486,699
375,503
208,695
407,581,603
666,774
717,763,799
410,738,973
215,817
37,71,598
770,843
348,574
66,160,364
297,973
185,699
824,886
314,443,849
664,837
384,809
537,788,992
437,874
39,288,570
71,756
794,838
74,685
158,258,283
874,964
104,461
537,565
280,341
57,880
109,246,410
63,409
92,647
17,888
223,619
15,609
35,274
94,588
543,862
242,875
592,630,752
408,470,902
460,546
297,720
752,949
70,938
692,915
170,208,706
191,522
123,729
257,308,326
379,442,864
131,454
787,909,911
159,253,799
324,377,871
244,331,779
26,123
32,799
478,611
102,205,859
329,357
605,678,824
485,924
123,972
93,145,663
269,650
118,516
393,925
226,624,912
313,475
426,915
610,612
539,738
241,686
482,747
304,852
556,817,854
9,606
757,933
51,354,845
106,252,456
584,927
363,583
1,80
13,691,743
332,902
3,540,713
247,516,748
25,727
74,164,561
270,288,868
268,572,594
2,34,542
916,992
332,621,919
558,708
558,620
465,950
396,840
654,921
549,858,906
495,852
141,240
702,853
70,418
201,290
207,707
191,618,1000
167,191,792
372,484
52,359
346,460,760
313,873
259,468
139,149
96,261,525
208,284,306
342,688,755
18,915
42,557
273,842
459,554,888
168,987
204,711,893
584,808
658,737,845
44,543,575
304,685,686
644,750
73,629,885
56,360
670,822,906
56,438
824,889
303,977
77,701,889
104,390,590
388,491,949
252,586
281,919
258,273,450
475,567
139,440,781
59,385,559
578,889
64,831
642,970
127,159,301
162,247,578
108,234
93,846
531,661
344,545
534,800
38,177
585,956
430,656
325,386,986
12,907
227,507
681,758
132,963
191,342
263,472
523,724
173,175,389
7,860
167,455,653
661,902,995
87,321
266,750
282,568
130,260
236,753
470,564
347,493,828
117,823
414,727
342,700
984,995
482,547,560
715,877
483,793
118,528,548
293,841
45,49
5,871
20,403,600
153,177
172,422,910
361,399
278,383,547
234,256
430,622
407,474,629
321,402
656,690
416,611
546,840
45,284,520
75,367,785
234,311
536,946
238,558
425,550
238,527
304,448,579
32,580
323,787
541,644,863
286,738
161,438
476,997
684,952
435,754
309,682
65,190,723
128,148
27,428
702,919
18,873
147,669
66,522
129,895
376,454
67,818
346,489,868
331,938
642,917
292,612
268,369,937
347,891,993
157,341,342
30,535
543,845
460,959
303,703
148,558
462,813
447,573
252,447
58,330
262,611,800
3,462
266,770,926
341,673,728
165,708,806
76,652,853
184,276,591
293,385
346,477,955
101,825
82,198,450
313,512
527,545,975
377,600
405,819
329,577
851,862
486,588,971
461,758
421,717
301,457
258,561,958
800,902
52,494
28,808,937
134,506,873
56,398,417
719,939
332,552
11,185
824,892
210,773
94,276
514,700,800
125,911
492,499,881
35,770
712,993
33,269,630
68,945,975
101,703
745,859
10,511
408,591,1000
328,493,912
160,363
84,898
218,931
127,196,233
926,943
408,872
171,271
862,958
54,161,519
477,647
678,877
347,737,789
60,986
816,866
74,535
115,727
521,635
477,868
161,456,842
300,603,743
261,532,888
402,700,980
118,278
318,352,365
417,592
88,698,940
365,798
430,759
308,668
613,780
133,932
43,496
625,708
13,312
931,994
517,789
821,889
401,685,813
32,783
110,207
202,345
41,257
845,857
373,876
132,518
200,371,992
487,669
555,771
268,283,424
152,254,675
347,801
363,447,872
494,996
449,637
211,460
32,150,329
644,798
232,696
336,409
20,866
739,828
301,359
248,550,836
24,182,661
768,837
218,598,901
277,729
4,510,515
830,855
103,398,446
36,125
530,559
2,438,831
470,482
183,653
240,294,749
325,410,973
103,317,830
181,814,977
297,792
79,763
254,336
295,676
3,594
28,543,767
657,792,928
127,168,883
655,696
79,763
546,798
203,291
149,354
528,841
10,188
257,264,709
424,697
51,196
32,69,869
56,156
378,783
118,152,308
110,936
177,257
68,430
241,724
517,815,827
432,480
240,471
661,750,931
851,877
267,521
125,375,695
244,820
281,414
46,756
203,764
168,915,980
69,198,245
521,715
174,288,984
2,167
393,422
235,387,721
233,326
237,282
311,805
282,688
338,875
442,804,831
325,815
772,874
79,254
154,507
310,797
677,789,957
142,381
46,886
77,846
248,849
192,724
5,397
165,443
105,856
320,341,800
110,646
121,722
711,875
359,808
132,870
154,398
761,987
436,688
54,379
486,741,839
591,657
204,787
235,908
89,832,914
607,939
225,230,523
802,885
410,661,894
181,886
349,561,851
557,745
221,306,898
797,893
65,231,744
432,496,671
44,286
238,318,479
136,981
89,988
74,79
31,110,938
98,735
147,412,561
195,825
683,793
128,545,642
70,518,752
622,918
301,617
216,592,861
368,533,548
660,912
728,825
10,750,800
114,500
584,710,889
291,682
237,647
447,465,919
241,481
762,834
44,819
310,689
51,111,955
119,377,876
332,489
232,420
485,965
256,407,488
201,239
801,972
673,818
41,469
170,316,494
195,385,751
20,754
200,893
461,691
500,942
926,972
102,466,586
307,825
389,877
520,930
91,578
19,767
163,214
199,231
307,643
119,745,883
752,929
192,496
92,523
90,678,870
567,967
33,492,698
194,294,764
373,888
385,574,814
95,791
503,931
135,413,987
73,213
658,996
273,463
295,467
24,658
226,407
383,711,724
550,876
75,341
14,111,455
679,842,849
438,515
176,377,856
826,967
25,121
315,760
48,624
32,82,205
109,189
106,319
87,335,395
413,416
175,295,648
726,752
150,677
316,453,973
120,160,383
245,888
518,853,870
627,871,886
112,888
144,337
533,668
4,252
50,621,724
198,389,772
257,921
723,752
606,697
165,277
416,685
260,434,903
612,755
758,859
423,678,936
288,380
235,825
377,575,640
181,505,804
261,593,894
73,473,575
567,747,927
296,744
395,535
447,733
307,708
162,903
169,395
55,244,459
376,453,714
671,759
552,632,885
203,645,702
239,253,718
167,527
438,571,595
81,299,803
422,561,704
289,315,405
276,506,747
175,416,668
298,339,527
209,665
482,564
244,854
245,879
509,721
145,169
472,526,907
403,829
126,799
109,818
424,766
442,945
978,1000
4,331,827
501,895
936,1000
9,300
303,351,541
870,949
205,393
14,933
79,399,771
550,727
411,854
449,466
264,877
126,541
23,407,763
560,861
9,81,163
763,830,971
674,918
287,745,906
622,773
276,292
582,893
404,775
248,485
543,591
643,778,893
31,722
670,940
253,556
300,986
470,878
3,53,790
166,208
7,96,391
103,283
546,936
312,860
745,791
499,923
85,234,807
447,711,981
61,972
160,456,798
548,988
1,124
57,399
335,968
409,702
211,471
10,750
205,767
328,563
128,828
246,648
188,274
229,503,563
16,686
48,114
77,78,912
92,944
46,760
200,724
189,305,572
831,893
56,125,259
262,368
821,958
284,595
198,458,625
226,689
358,884
53,434
242,912
366,887
476,901
599,939
70,298,695
247,251,780
531,580,587
330,563
593,753,791
150,802
182,664
244,310
294,495
576,878
36,359,769
304,763
342,722
295,409,877
60,175,212
345,932
274,512
698,895
167,603
478,522
356,716
78,685,796
19,383,844
55,545,789
177,219,291
323,761
23,130,494
186,424
180,241,735
31,179,357
36,725
809,860
233,249
287,309,671
19,208,428
236,317
502,625,862
287,800,881
215,999
42,421,644
163,662
28,198,865
155,483
689,812
537,896,990
163,263
106,641
77,911
354,842,919
261,367
138,459,795
992,997
170,198,748
412,555,600
622,974
143,390
237,278,942
46,183,621
137,294,786
257,436
527,535,962
139,417,499
160,595,643
140,168
486,530,723
138,889
229,648
447,734
459,572
93,196,400
127,895
518,523
424,587
162,546
222,871
824,966
68,327,614
86,238,936
536,702
339,756,976
81,420,901
138,646
483,504,617
711,838
162,477
115,584,618
647,981
2,45,335
508,797
56,413
736,1000
448,582,702
260,351
349,551
35,261,753
482,486,914
21,616
451,687
180,888
435,985
184,920
442,893
357,928
332,946
670,717,721
16,80,93
329,754
69,132
282,326
108,261
283,458
277,756
738,972
422,695
456,497,898
101,346,448
4,47
538,580
170,423
163,726,828
552,819
65,846
135,886
39,346
439,997
653,728
608,869
465,653,904
264,285
519,984
305,398,550
197,708,720
221,834
55,278
93,991
84,745
172,392,426
622,731
309,487
823,827,959
252,403,719
413,621,972
224,386,850
274,852
20,864
273,621
615,926
552,681
9,553
172,583
167,178,725
407,952
278,316,891
192,470,622
683,744,831
128,502
577,816
305,440
47,958
440,499
22,784
397,790
216,685,792
246,776
541,823
426,947,949
435,771
168,878
570,933
381,934
286,503,540
417,697
616,977
415,536,816
365,969
382,720
156,761
330,779,955
41,48
621,794
292,849
252,510
102,341
464,631
40,442
120,132,219
198,248
438,487
139,530,557
7,310
480,657
78,292,859
890,968
45,63,530
64,101
49,756
172,504,883
563,966,991
463,523,710
703,830
18,856
196,749,799
348,616
20,76,624
423,730
16,251
291,846
462,730
86,599
244,839
237,466,613
62,464
278,293,335
650,786
241,276
835,864
314,484
620,707
390,469
434,437,799
655,683
424,639
302,515
33,208,353
245,939
310,576
765,820
472,836
41,116,127
35,475
107,481
123,371
302,701
420,984
414,662
513,866
44,192
383,914
197,634
304,894
12,705
131,214,844
497,611,804
95,234,765
486,738
311,660
466,747
158,426
887,911
339,417
298,830
654,918
130,362,685
516,642,741
664,872
753,766
363,716
398,485,951
14,513
299,465
448,565
90,269,471
107,849
183,546
146,698,808
59,613
63,106,448
289,345
292,716,870
32,158,344
437,582
177,794
144,932
320,530
340,378,867
71,875
256,709,869
203,279
209,927
698,988
388,945
528,551,707
165,631
97,461
825,916
651,866
210,604
152,460,917
61,67
466,714
232,354
319,405
137,157
170,910
483,487,507
71,262,365
248,538
351,560
312,580,703
72,175
573,952
209,374
650,683,707
147,241,323
253,341
242,711,769
419,647
583,769
887,978
109,212
33,142,734
443,966
402,883,966
311,840
361,457
10,384,782
138,314,697
254,416
123,758
75,237,373
280,511,697
24,803
192,845
750,763
35,322,629
303,635
292,538,777
150,166,748
140,146,944
277,952
163,303,394
193,825
460,495
641,827
69,306,374
129,345,834
689,825
121,460
515,596
59,370
34,44
308,623,803
17,372,985
282,952
368,755
106,643
510,705
224,603
48,499
60,250
660,835
330,346
459,923
101,174,536
636,752
146,903
104,216
276,781
416,462
96,304,870
137,629
265,344,575
89,176
265,695
90,649,949
173,879
411,898
520,860
124,158
379,664
420,715
617,959
761,965
216,787
29,528
564,701
170,821
105,850
143,415,609
75,366
27,60,175
391,485,964
993,998
80,728
328,442
142,393
382,963,976
291,647,927
726,964
40,752
432,764
186,715,840
16,864
117,399,408
612,911
372,459
58,143
500,759
432,577,967
190,232,260
638,821
263,721
696,836
313,603,661
187,975
435,551
40,464,701
249,843
315,733
440,526,729
149,368,608
744,894
112,141,321
121,160,602
336,709
557,598
298,649,952
547,747
843,948,953
328,447,944
32,327
36,436,979
206,878
21,360,718
222,369,850
788,857
116,272,852
435,734
516,889
73,280
484,796
66,78
221,768,786
739,754,902
555,670,931
599,989
300,597,770
14,185,478
495,530,660
26,68
38,912
221,961,989
539,764
99,549
237,912
42,935
648,738
148,559
279,809
75,609
182,431,730
238,631,661
111,456,864
738,869
406,434
258,860
398,925
377,940
32,811
493,879
178,676
316,582
850,924
309,750
199,495,635
849,905
885,936
497,839
43,296
94,150
398,477
545,986
711,971
82,341
217,920
689,831
68,252
30,889
63,757,817
161,278
737,881
459,584
378,382,901
36,936
241,290
587,790
244,665,694
13,747,817
148,166,510
173,237
259,518,976
266,427
215,619,875
56,87,493
208,594,842
249,779
86,227
54,612
353,937
230,522
287,494
69,403
10,539,720
57,989
86,449,709
113,813
118,148
420,502
110,448,460
302,530
935,942
783,906
525,897,987
68,89,322
149,928,993
668,965
381,817
265,870
283,564
134,168,523
94,862
572,907
83,663
208,383
9,508,984
366,846
290,414
358,707
585,914
298,353
185,371
41,438,674
629,784
123,313
39,299,806
56,181,665
521,533
216,255,975
576,763
106,736
331,437,663
778,882
380,665
480,941
59,775
561,940
435,768
594,635,655
51,335,567
104,599
258,340,413
165,468,888
369,664
142,850
363,411
389,718
65,786
733,802
737,836
305,765,778
59,864
10,618
403,924
148,918
268,927
350,932
328,451
298,338
498,866
191,625
226,255,637
154,155
375,602
611,908
118,133
136,712
609,641
585,869
65,133
352,599
142,309
630,867
287,989
265,266,544
569,899
235,853,875
650,732
9,215
68,352
8,584,850
258,461
286,579
164,611,692
309,453
240,461,945
250,396
663,756
280,755
273,458
8,463
31,226,744
287,985
420,972
482,958
677,700
132,610
260,759
130,185
45,743,977
11,719
669,776
118,947
390,901
53,979
356,619
233,390,415
48,460
78,437,919
288,842
167,427,822
452,746
212,706
32,805
306,583
149,777
97,537,728
85,190
560,726
284,785
491,990
513,945
412,518
156,892
519,886
30,299,548
111,321,442
397,453
106,610
25,845
31,59,321
369,849,996
442,798
303,710
32,318,517
445,587
520,693,713
494,552
11,101,687
122,296,459
10,184,463
300,854
55,740
465,999
531,609
366,741
470,666,772
188,721
70,92,420
129,833
586,643
105,581,669
428,733
261,286
427,806
129,882
601,612
214,430,853
57,390
331,875,908
255,895
262,365
313,368
4,402
236,531
325,510
175,276,971
129,188
182,639
278,660
456,701,728
320,937
394,934
636,861
666,672
357,702
523,744
71,81
79,568
75,671,745
477,495
28,460,639
374,507
591,620
61,144,931
128,424,704
158,829
645,737,741
122,205,579
85,710
525,614
692,712,795
292,934
837,979
182,560
578,679
30,257,979
163,597,644
142,661
117,524
11,805
383,661,909
75,487
721,771
463,522
533,556
420,820
108,587
458,935
33,470
406,601,725
46,153,429
620,715
438,724
370,735
664,940
101,468
380,775
512,777
676,782,952
207,451,492
448,702
458,718
502,681
497,743
409,860
200,217
651,713
52,997
118,326
117,263,962
133,838,991
648,700,779
895,994
258,798
100,544
103,306
133,599
376,699
167,403,433
249,358
337,712,905
39,431
205,506,732
27,394
109,246,749
301,789
200,693,918
332,495,573
351,935
615,617
650,901
208,812,970
283,374,954
489,582
76,419
485,508,692
816,995
307,731
309,712
321,716
6,85,558
558,690,810
327,450,496
111,371,567
345,358,375
125,198
471,564,807
394,796
192,580,678
188,412
244,694,992
716,956
209,403
682,778
269,948
50,723,955
94,257,834
576,839,963
210,523
354,603
324,482,791
65,153,832
176,358,749
168,592
395,504,766
242,317,946
296,367,373
134,374
42,740
79,724
855,902
217,929
26,129
345,401,517
127,828
132,291
145,339
644,733
101,518
590,917
446,932
215,911
167,455
204,677
173,564,784
472,475
804,963,982
395,733
335,419
751,991
592,757
274,738,848
203,338
104,308,435
349,729
232,979
192,851
287,862
316,992
198,264
35,699,794
513,780
223,277
450,526,571
104,622
324,625,829
181,195
573,716
2,313
117,670
257,706
273,289
116,256
87,304,646
479,683
634,651
516,910
225,565
60,313,880
98,959
165,389,505
609,765
259,728
424,579
287,293
62,850,917
586,908,963
30,524
525,672
744,911,944
131,609
497,543,963
43,406,696
273,748
427,996
710,789
292,724
99,840,994
373,653
420,585,871
130,959
606,922
122,907
544,632
292,378
217,228,339
166,186,309
838,909
296,467,761
5,767
62,153,318
824,959
497,537
442,772
344,398,452
185,559
62,548
518,612
601,837,942
406,614
480,719
434,793
324,373,881
553,837
381,777
593,669
243,309
272,421,609
529,768
70,495,941
406,638
385,695
47,518,538
630,953
670,749
380,485,718
250,919
190,521
328,586
630,641
256,623,675
176,899
183,415,957
60,201
213,281,716
269,727
266,463
157,347
250,270,357
102,287,503
529,735
785,878
584,772,924
519,638
20,691,841
485,770,964
576,812
531,602,971
494,599,648
360,745
316,575
31,200
511,568
485,540,842
48,146
885,986
726,980
36,818
397,423,450
277,842,994
423,978
459,543
495,511
885,977
56,532,586
62,370,828
297,771
163,362,452
232,424
116,427
159,721
381,895
764,948
73,572,745
389,626
254,380,990
49,895
294,441
586,734,831
31,593
712,790
293,547
722,922,951
736,959
258,260,776
199,426
385,643
142,593
195,478
267,840,965
393,705,924
580,682,969
82,797
26,86,218
402,538,762
89,778,927
211,920
401,534
40,789
29,882
467,729
259,521
11,632
245,317,772
317,821
145,831
24,425,840
26,57,279
228,250
22,204
150,760
588,968
117,136
364,742,853
404,881
310,507,987
39,267
799,957
512,735,941
215,535
291,880
486,820
74,936,993
238,550,820
563,998
124,334
273,335
351,407
534,557
684,825
489,530
410,809
99,372,857
10,231
45,51
465,639
155,915
478,868
447,497,804
476,797,952
678,718
367,422,484
34,242
250,364,659
402,456
277,697
185,195
26,726
193,431,951
117,307,834
143,322,918
286,874
54,97,741
191,889
794,914
227,527,758
273,896
299,428,896
318,351
773,1000
9,145
138,895
479,828
175,887
362,662
149,184,661
652,972
765,824
836,962
266,326,644
11,966
225,688,768
28,598
11,957
12,349,729
70,125
651,931
330,459
155,179,933
698,705
411,424
85,408
310,511,851
111,142,480
616,676
523,747
441,771
454,480,540
799,814
728,866,916
71,410,786
581,961
48,386
302,624,743
128,746
313,545
14,49,136
436,675
94,876,967
45,856
138,793
153,170,199
421,569
103,639
195,400
271,958
281,778
248,265
776,852
458,459,856
73,276,760
203,654
508,623,857
221,382,430
448,913
211,497,760
312,343,434
821,940
308,686,969
255,716
8,845
22,817
574,948
364,385,570
479,823
54,265,711
651,721,918
469,706,801
171,998
522,894
72,216,844
301,713,761
178,416,649
408,496
807,819
31,532
380,942
281,434,561
556,710
128,154,350
52,898
709,822
1,970
784,973
116,249
275,708
407,904
216,350,732
410,931
257,307
7,337
228,533
311,631
596,652
228,622
222,756
180,418
194,610
529,768,989
412,683
403,563,736
55,387,529
294,414
65,242
574,629
280,323,862
314,695
33,92,692
92,719,755
362,959
313,473
258,520
251,730
13,615,886
228,845
310,682
299,618
775,940
119,773
337,532
30,268
11,112,509
448,956
28,566,940
165,398,748
121,730
22,383
472,536
248,426
745,906
39,51,379
267,698,862
508,921
388,913
263,351
384,491
434,559,852
456,691
623,781
294,707
64,400
368,818,833
718,994
331,338
102,627
110,301
68,125,391
39,868
157,185,651
411,536,757
491,820
650,770,983
209,399,477
188,351
399,963
39,434,994
90,427,918
380,548
554,778
117,325
25,718
143,528,573
195,347
375,507
373,877
125,418
57,668
698,739
810,953
119,691
137,848
182,370,803
181,582,814
107,753
25,165,209
140,578
4,81,620
353,473,987
22,278,920
572,821
177,530
563,871,914
272,596,775
16,397
925,987
193,470,710
80,914
326,847
78,778,780
458,765
344,865
439,725
222,347,692
409,660,858
544,573
88,540
47,335
374,897,969
222,603
9,266,517
141,238,948
293,400
91,679,799
735,859
278,676,970
233,645
11,576,851
158,564
404,780
414,456
355,385,530
150,303
53,268,281
698,783
34,947
273,543,566
509,742
248,845
675,810
44,419
856,935
253,290
74,350
7,462,877
19,347
8,426
934,935
175,263
395,636
146,888
408,811,945
253,968,969
717,875,930
337,715
473,577
595,777,946
781,889
59,524
294,851,901
493,534,745
532,963
316,731
63,510
172,260
226,525,602
795,953
16,259,847
181,338,552
483,487
228,283,881
755,924
684,758
49,586,672
769,858,871
138,273
424,753
205,442
98,553,784
248,619
242,989
492,891
156,999
70,433
240,517,921
99,275
196,710
832,868,990
174,337
314,575,700
659,938
557,711
188,900
12,261,487
442,773
58,78,661
158,742
549,709
831,961
199,922
608,676,953
322,770
161,780
982,992
810,966
706,849
172,862
269,535
81,913,948
141,223
120,552
185,546
124,851
384,867
147,510,612
635,687,859
369,958
132,922
122,631
743,951
399,686,796
41,194,844
181,596,911
104,511
123,499
53,640,767
569,973
277,394,645
254,304
102,951
407,435
274,727,749
81,211
297,953
558,983
675,941
124,265
82,96
218,707
744,967
723,814,887
252,592,769
750,998
216,397,550
530,595
542,999
434,729
504,874
800,934
421,664,934
615,655
354,438
20,59
496,849
49,252,497
566,707
380,840
68,264,872
92,693
7,320,761
254,792,843
199,785
414,527
597,623,684
249,287,554
322,845
467,581
947,948
199,542
370,558,992
87,242,570
422,607,774
538,567,632
476,576,578
234,765
189,373,856
379,438
578,594
48,258,678
139,897
378,551,813
149,173,202
31,694
18,372,845
2,429,542
305,830
504,666,679
240,574,918
118,657,720
79,90
334,779
400,616,995
440,570
280,540
573,886
32,731
221,638
531,950
371,922
486,627
89,197
41,605
180,518
237,625
27,838,851
239,463,539
320,400
2,846
17,18
805,945
649,864,986
132,963
415,947
66,822
151,387
898,967
152,491
293,624
410,602
370,709,810
446,467,638
30,562,667
607,829
482,851
4,977
426,998
295,452
393,729
155,512,898
412,726
673,848,872
695,965
14,110,169
530,540,894
248,445
66,242,741
85,400
95,805
564,625
138,922
168,411
955,959
759,882
110,816
18,525
158,573
210,641
364,660
139,937
199,331
131,325
146,987
629,652
49,637
728,730,778
257,609,803
244,720
374,740,951
187,224,345
408,952
163,604
201,725
274,929
163,826,899
38,153
183,984
99,632
563,912,922
94,430,439
346,647
190,270
256,357,794
43,849
696,979
36,256,650
952,1000
533,970
245,620
76,783
117,313,497
80,295,382
214,608,894
273,892
105,997
68,268
35,522
127,167,529
623,719
235,577,798
495,908
173,634
455,820,835
466,627,963
417,824,971
278,323
588,633
82,487
227,248
129,722
490,769
880,948
288,609,833
146,325,748
214,230
321,867
356,456,977
96,704
140,513
465,795
218,389
910,953
947,965
501,557
123,493,746
634,945
498,987
289,729
9,600,935
670,732,1000
13,532
59,160,592
986,1000
84,944
65,858
164,398
26,439
156,293
256,894
497,542
566,705
543,708
172,372
231,653,697
749,889
524,796
208,306
46,76,854
528,530
143,297,960
272,469
485,605
148,150,823
502,588,887
189,275
722,867,966
563,922
450,872
129,131
404,744
161,357
475,567
322,459,627
25,646
105,646
54,722,890
13,779
12,240
580,658
13,657
42,696
294,351
12,492,772
543,571,737
49,326
270,586,956
389,824,906
926,977
426,732
179,464
172,748,965
105,372
292,964
798,859
123,675
443,640,969
413,862
337,464
322,407,644
610,853
349,585,604
417,576
282,406
93,484
852,863
4,68,437
129,269,770
234,766,897
388,523
204,643
212,777,787
386,444
446,489
813,958
39,763
420,946
800,849,881
38,699
355,568
20,669,909
139,454,879
196,218,895
114,952
310,723
406,816
120,904
205,337,470
137,225
126,612
262,378
225,926
528,746,897
531,927
467,622,655
224,655
133,331
7,526,819
111,521
580,671
109,534
98,556
903,940
14,797
27,77
409,555
256,768,978
124,631
190,637
218,321
113,368
203,916
19,459
82,507,594
189,889
225,690
20,491,788
419,610,798
205,391
719,794
366,716
378,557,568
34,249,308
270,562,886
335,429
77,504
100,981
381,471,656
109,408,674
271,368,972
49,85,694
253,504
271,930
652,867,912
1,941
282,902
194,630
458,504,655
335,825
213,232,874
142,816
182,412
931,976
129,473
25,404,700
68,834
312,455,573
687,833
41,986
536,756
122,172,967
81,84
246,791,844
59,489,630
713,767
156,288
103,695
285,384
317,622
63,156,548
271,697
378,809
535,928
471,986
62,298,727
107,462,508
31,409,752
50,886
552,691,749
98,706,899
374,766
272,771,833
536,733
379,591
51,77,155
134,305,309
126,405
247,494,910
102,976
164,772
261,713,877
283,740
110,716
549,672
449,835
214,644
426,860
105,957
269,960
690,846,865
54,679
28,408,583
548,861
319,365
409,665
199,559,966
40,755,957
72,326
525,607
13,867
382,712,912
548,972
428,549,824
121,675
495,652
292,974
239,439
196,474
150,452,945
177,976
221,845
445,766
420,942
866,970
329,930
295,528,943
749,819
105,930,967
353,896
81,393,441
486,838,981
396,413,496
38,402
19,678
242,712
294,799
151,665
149,347
96,704
666,790
160,190
60,846
97,722,821
164,305,445
93,410
499,556,785
218,962
196,654,934
213,878
460,845,920
522,633
250,400,456
409,856
562,611
9,68,289
22,946
691,702,719
143,865
264,971
381,688
677,704
392,446
210,215
528,549
158,213
541,557,934
321,567,894
414,515
326,673
9,693,894
546,946
410,884
184,707
84,391
739,923
29,685
562,592,922
305,829,923
254,508,697
941,946
110,780,938
194,357,790
764,820,909
362,553,786
436,998
706,873
231,395,982
708,810,947
771,901
661,768,901
370,591,673
337,500
468,851
130,143,210
738,931
397,576
41,743
557,652,850
51,153
436,668,786
131,321
148,189
102,270,866
151,669
523,653
226,371,711
12,254
240,788
330,887
702,838
471,818
423,494
428,790
423,465,602
702,817
145,304
248,549,566
245,825
549,775
430,988
445,473
99,189
391,580,907
832,976
710,773
317,707
191,435,960
377,734
354,973
399,936
166,389
366,853
746,768,810
162,503
419,920
128,515
479,602,813
704,715
261,906,967
721,861
355,539
617,840,980
158,500,628
258,475
538,985
21,122
191,300
417,454
541,869
662,1000
909,968
293,396
285,884,971
51,521,663
550,640
502,804,955
482,759
24,982
155,371,927
41,516,756
378,634
103,719,899
528,975
333,781
474,803
282,609,959
421,636
139,470
263,547
348,444,609
559,942
359,855
292,325,384
162,289
925,930
676,935
24,83
136,327,727
318,548
210,241
335,394,784
292,798
165,415,545
55,459,704
63,136,363
296,730
229,416,477
333,655,937
232,260,485
349,944
111,222,742
64,406
268,838
602,861,926
696,906
841,941
318,736
266,629,709
13,438
772,970
425,695,828
216,797
103,148
51,87
248,761
38,923
171,697
519,802
151,851
137,608,1000
78,270
288,988
197,572,928
324,549
27,533
794,868
322,548
479,603
441,860
650,848
802,989
737,783
68,558
72,444
98,488
191,634
645,782,786
665,847
62,540
101,770
320,889
477,497
3,179
667,715
405,485
99,957,958
289,958,994
721,830
97,126
868,904
379,854
169,448
160,777
397,509,779
97,615
84,133,179
44,593,753
252,844
525,880
256,807
44,192
572,692,813
204,363
403,810
113,220,441
257,298
517,548
80,167
539,670
482,675
197,326,557
740,772,775
199,747
42,176,731
436,749
521,577
174,702,780
551,971
369,740
170,281,424
250,356
372,783
194,816
33,525,778
484,940
48,280,797
74,673,918
106,693,908
65,455,893
278,642
680,722
91,183,480
285,381,464
424,986
86,322
157,400,462
301,776
197,918
656,735
346,841
85,711
472,909,987
664,702
259,395,888
239,520
133,140
224,528
8,167
745,851,1000
90,263,658
72,266
598,762
556,930
887,914
33,253,393
6,91
469,726,848
610,763
89,631
472,817,942
153,836
342,821
169,513
331,928
288,724
261,523
102,662
408,801
102,669,902
133,595
449,578
216,246,551
410,779
796,907,955
803,953,973
39,775
121,135,730
154,262
256,394,609
578,800
628,832
25,55
54,887
147,190,966
111,237
522,763
6,235
93,640
278,788
102,836
480,611
40,955
358,717
852,915
79,194,254
91,798
218,257,928
326,661,948
799,910
742,890
48,730
257,786
103,520
648,726
822,979
733,790,816
499,508,561
95,361,682
585,815
19,759
117,943,948
349,458,484
437,612
686,798
22,912,914
156,426
43,710
587,885
17,306,808
927,949
451,772
244,400
559,696,708
419,728,831
219,868
125,329,984
513,908
501,654
282,885
168,405
84,489,804
50,84
146,903
720,861
313,399,971
952,979
96,209
358,430
185,472
67,749
406,698
257,529
442,992
371,885
441,684
478,480
194,759
749,841
97,762,838
452,838
154,159,995
236,575
424,677,713
103,344,840
532,842
121,505,576
214,336
21,521
41,882
258,591,999
315,316,775
87,856
17,875
629,918
267,863
152,778
644,673
173,350,707
45,794
105,473
300,614,685
545,770
417,954
46,241
715,748
393,811
162,781,941
359,872
240,822
365,648
387,843
361,682
6,286
129,883
76,160
357,419,518
524,563
157,233
97,324,686
281,594,783
160,914,950
292,635
97,477
646,923
56,480
689,926
485,692
23,214,643
304,463,528
419,495
302,933
412,802
78,274
697,730,907
786,843
46,406
435,524,604
147,250
684,948
216,217
172,305,862
326,761
565,588
438,633,825
142,713,761
271,794
567,695
65,270,941
275,310
344,401
226,288,794
172,926
578,752,771
113,796
5,406
270,621
24,378
417,426,505
401,988
450,646
592,781
526,730,964
463,597
479,649
24,436
380,957
231,886
626,938
572,761
552,621
76,644
511,722
789,813
338,983
385,832
587,715
155,766,869
126,853
452,807
414,521,924
390,948,974
31,885
315,443
90,884,945
878,951
388,780
241,544,680
96,305
287,987
247,290
157,915
232,484,865
692,888
179,309
607,812
130,921
449,453
84,156
160,666
210,521,567
209,426
466,714,925
72,393,607
229,336,693
198,314
85,816
619,735
142,433
206,554,954
503,665,731
814,942
436,869
195,596,618
241,950
159,188,418
233,523
656,725
6,425,778
58,238,781
369,855
211,528
251,347
310,542
770,872,996
554,894
365,764,918
691,807
187,809,828
67,408
11,961
18,786
44,151,679
484,506
504,750
147,734,929
425,781
178,279,648
28,100,266
695,862
243,635
293,699,741
83,239,247
11,291,523
205,865
500,622
419,537
586,871
168,402
251,446,682
537,831
177,371
58,820
357,630
108,248,453
181,632
221,716,959
86,763
365,767
422,611
120,866
345,709
580,842
355,873
257,412,918
17,130,622
185,333
60,835
170,367,737
471,485,720
596,613,798
719,894
23,545
259,692
510,544,870
42,935
330,588
487,797
200,366
261,980
923,963
279,920
617,644,898
90,304,683
7,33
176,464
344,824
3,718,964
479,650,749
268,737,785
256,674,675
302,898
166,579
796,874
128,527
408,614
93,563
77,179,908
555,598
492,857
179,433
463,507,910
405,631,931
379,597
85,161
629,794
51,321,364
261,473,790
270,599
541,664
711,890
100,174,995
217,534
470,496,667
639,873
21,569
10,68,746
315,999
135,512
836,951
136,154
179,825
135,525,578
627,796
59,259,809
99,416
477,632,790
519,663
702,958,987
570,587
438,949
37,360
8,334
461,764
333,628
600,803
265,737
51,338
251,639
11,671
496,713
338,368,868
469,852
328,424
376,400,805
250,562,922
183,955
335,929
298,475,477
73,669
9,159
205,589,888
19,910
171,389
59,616,728
124,942
163,988
437,716
679,812
146,638
54,65,409
552,875
124,284,800
279,362
790,1000
127,606,814
485,827
477,516
542,688
388,432
510,949,955
316,650
328,515
425,897
689,932
474,546
428,774
270,530,820
553,775,990
393,883
291,519
40,521,619
124,661
92,866
525,829
112,374,857
103,193
198,474
359,878
149,196
588,691
274,844
20,315
111,338,448
217,323,734
740,870
342,758
118,188
502,900
334,413,905
456,458,827
232,586,785
370,768
95,342,798
26,636
827,869
336,948
186,426,620
340,547
186,607
27,454,758
142,856
265,704
452,664
381,843
498,800,980
115,279
170,483,909
56,480,816
392,452,499
11,981
26,561
774,808
416,444
336,878
68,197,603
153,270
129,711
422,440
547,832
354,709,848
233,477
172,283,575
114,855
210,687,812
702,916
740,965
709,944
86,758
196,913
397,850
843,947
431,601
191,758
238,257
328,374
27,662,693
219,288
255,693
34,437,816
197,784,959
183,949,984
112,217,419
129,585
149,214,225
168,199,846
426,580,821
331,611,914
257,863
12,174
583,589
35,278,425
373,475,649
304,507
17,405
417,616
90,820
338,645,942
41,233,656
254,331,996
41,264
642,931
299,836
583,679
260,459
391,882
225,274
535,813
391,520,630
735,750
627,798,938
538,782
199,270
428,465
522,558
447,647
133,217,831
69,469
677,930
119,763
421,529,690
75,456,547
527,692,779
323,536
264,469
678,892
69,594,705
31,371,966
394,427,488
645,928
694,741
223,277
227,948
88,281
70,136
523,596
739,989
183,432,904
84,769,904
121,703
134,433
263,683
39,635
424,489
187,948
438,653
573,844
113,182,313
240,696
126,241
794,893
588,752
212,497,885
101,752
597,865
606,712
242,501,695
372,437
252,490,871
263,519
333,507,937
139,261
267,343,423
109,454,598
60,662,769
608,735,980
26,983,988
311,584
199,510,900
52,511
14,510
103,482
225,889
756,944
24,882
103,516
26,257,623
41,863
538,577,624
263,588
102,420,871
51,126,418
754,822
42,183
388,570,686
86,629
349,625
409,678
210,816
330,566
156,478,530
232,930,995
408,899
63,877
425,972
267,937
60,492
539,843,928
697,767
265,775
517,558,905
155,572,596
46,619
110,851
105,436,484
507,751,936
32,843,938
506,594,712
179,851
175,276
204,220
694,831
113,781
500,730
309,413
170,842
289,798
404,467,617
584,696
125,206,707
654,749,768
191,708
911,979
366,608,960
282,650
3,99,967
101,933
52,362
115,276
368,436,654
214,381
175,254
240,892
74,799,879
8,82,105
835,927
319,448
204,558,620
514,655
365,542
213,998
671,712
660,716
1,159,742
221,255,488
24,300,599
36,58,74
153,466
131,600,726
414,860
730,772,985
79,279,735
47,582,929
58,786
983,986
348,869
714,769
129,602
361,821
457,783
389,589
186,284
179,429
620,773,829
312,866
452,558
596,647
53,630
190,522
111,909
589,656,747
156,413
74,272,405
92,341
69,334
118,454
11,76,956
371,467
268,410,683
380,710
139,289
74,732,810
530,532
625,695
233,796
411,870
23,970
225,339
99,855
270,689
437,456,714
532,646
137,181
130,526
147,459
177,621,805
494,646
103,303
439,662
484,504,776
3,140,622
134,708
37,771,811
10,863
37,155
470,994
45,477,898
378,631
63,148,757
649,768
91,904
277,286
105,352,565
218,308,439
35,513
518,853
622,692
25,142,589
551,689
232,369
30,60
622,767,840
327,377
31,946,993
325,662
839,995
15,562,854
168,817
230,899
156,659,984
220,688
562,702
54,199,431
203,688,763
596,742,966
164,424,484
527,706,758
108,541
541,824
317,381
215,631
291,920
293,680
100,894
94,350
716,717
62,818,996
124,344
103,612
304,351
107,667
483,618
348,693
567,990
711,823
13,153
56,388
563,754
77,875
414,522,690
262,436,786
76,371
531,772
699,835
284,520
492,628
299,739
689,716
337,440
9,24,410
191,264,761
209,783
307,661
416,489
79,786
123,152,345
19,657
293,659
924,934
210,503,834
80,513
98,869
431,689
675,693
117,304,704
698,987
163,233,529
32,48,511
156,240
391,479,739
653,689,728
303,604
498,662,991
772,858
208,728
411,615,967
366,701,839
394,671,797
500,706,711
359,605
714,830,844
835,970
8,484
568,954
274,293,946
113,739
485,680
787,915
656,988
256,488
783,904
138,520,578
65,335,714
124,579
60,391
630,891
447,854
497,566
338,832
565,615
311,385
286,764,911
654,880
74,983
759,932
143,872
243,523
246,569
373,789
43,505
328,474
99,389,906
20,442
120,292,502
137,314,974
769,790
293,719
204,432
43,274,430
192,311,745
48,737
214,768
458,507
7,374
436,480
489,963
449,877
631,879
245,248,628
132,195,270
189,673
110,825,951
771,777
240,378,399
196,698
565,679
6,627
904,937
494,916
149,602,603
190,570,871
677,928
315,853
390,416,786
255,836
299,327,548
378,758
120,387
273,792
515,565
57,127
133,219,512
51,639
644,1000
96,808
681,941
685,702
276,947
313,528
289,487
34,354
54,751,867
49,399,494
204,215
493,833
86,266
801,816,1000
524,951
526,873
123,668
574,670
702,814
178,247,456
283,457
182,560,631
30,964
54,742
331,859
257,707
817,999
43,301,476
56,838
293,787
76,831
602,809
551,978
294,989
106,421
110,817
621,832
145,652,867
750,770
610,720
290,300
517,749
285,787
219,595
32,733,890
91,743
182,970
303,444,786
471,901
583,969
144,792,884
265,790
693,988
391,526
474,651,913
597,631
359,554,819
41,175,336
677,827
553,877
96,320
55,289
798,869,941
88,678
333,394,730
507,575
620,808
468,799
24,386
70,210,663
50,563
498,967
87,204,518
7,876
819,987
331,743,779
105,829
596,848
439,978
45,672
610,868
16,219,716
324,840
161,548
59,355
118,872
626,986
4,149,959
237,299
57,616
118,120
280,898
478,523
234,889,915
62,493
266,734
152,479
43,166,433
651,852
322,529,601
128,339
457,645
48,450,625
113,382
146,853
363,900
276,386,469
345,539,758
655,751
406,954
52,785
371,799
242,495,921
243,383
65,400,966
21,99,248
218,390
60,68,184
115,525
939,980
451,806
309,413
631,645
245,776
521,820
57,152
43,228
26,123,658
408,801
434,604
91,379
153,521
61,599
289,579
246,533,902
699,886
259,513
531,688
204,324
542,756
540,550
382,601
169,542
274,875
72,196,430
60,898
721,923,967
716,891
171,263,694
898,931
114,759,910
631,884
196,264,693
130,674
31,449,643
408,650
1,223
33,253,857
64,618
160,330
513,752
387,835
444,973
127,601,901
277,666
84,186,749
341,979
89,488
659,716
100,593,868
17,868
175,440
16,756
9,147,313
55,644
448,952,971
452,935,983
344,689
196,202
544,644
261,281,320
331,923
107,406,790
177,559
430,528
445,669
361,592
40,772
331,341
308,563
207,697
352,378
237,635
240,311
207,439,796
226,438
443,700,951
153,592
88,164,593
289,771
100,147,922
26,685,960
142,446,692
292,960
77,610
226,382
374,426
793,939
319,949
301,342,487
698,732,963
237,911
26,36,590
756,841
56,865
13,448
224,239,415
37,295
205,912
208,697
101,497
112,940
835,861
462,828
333,499,575
818,897
267,628,980
400,922
8,73,862
536,624,817
45,959
420,722,802
14,328
568,685,770
303,522,674
580,666,695
70,171
69,505
155,204
113,742
37,597
91,319,624
24,591,811
174,777
109,727
258,617
22,335,546
206,765,767
179,563,769
161,868
551,560
141,558
207,209
205,428,883
233,430,863
33,817
320,776
134,753
11,252
376,942
350,534,792
19,865
293,874
458,506
328,719,776
19,544
328,490
761,923
212,813
672,772
128,299
178,266,948
147,602
746,837
288,927
233,304
532,881
676,781,986
298,598,738
697,951
610,669
604,926
494,645
164,445
111,151
132,252,560
343,544
632,831
10,801
215,904,908
355,540,658
525,534
488,602
665,668
349,507
54,438,755
693,886
252,653
302,397,513
159,948
203,354
891,960
612,984
404,485
24,676,988
338,595,777
573,938
556,824,915
77,91,757
229,551,667
772,830
634,828
432,686
87,175,894
530,621,787
730,889
389,503
252,855
61,279,598
285,601
400,949
136,779
78,279
408,651
79,809
142,151
119,280
263,436
516,995
261,504,836
83,188
17,667,820
116,218,894
78,89,693
138,510
47,330,911
241,252
374,761
659,791
737,776
510,793
315,577
220,811,934
413,473
284,440
295,527
297,501
247,696
278,597
650,738
283,572
165,359
283,785
402,793
384,585
194,326
458,608
357,887
134,856
440,879
154,169,514
89,601
82,151
359,504,695
16,866
623,661,972
82,611
376,868,982
202,894
407,412,727
303,852
127,255,548
18,543
556,970
808,901,905
95,696
23,367
578,750,955
12,582,949
57,201,239
525,888
265,375,402
344,663
785,889
332,663
108,656
231,240
13,490
61,778
539,799
79,810
470,473
168,944
222,981
272,940
893,944
42,670
142,412
702,914
164,204
341,717,723
587,856
62,391
383,999
206,483
57,248,415
8,897
645,674
307,567,649
724,999
627,827
555,934
536,592,762
7,993
186,882
32,443
710,864
239,535
172,554
59,336,564
225,239
179,699
348,410
394,863
361,692
589,626,713
130,149,891
486,541
254,454
318,413,486
69,795
136,769
57,944
88,550
77,611,968
301,504
419,530
116,283
59,712,745
275,828
184,590
169,385
182,591
425,789
170,753
210,510,744
662,738
155,237
853,973
106,846
14,297
164,913
553,574
41,995
301,561
10,271,363
59,975,999
599,990
39,537
52,171,283
21,377
471,546
280,561
69,195,952
333,980
146,251
340,976
335,559
667,834
286,646
246,750
585,849
284,605
170,426,607
533,746
570,741
154,954
826,974
413,940,971
29,74,796
439,861,947
30,887
117,276
477,588,630
222,231,577
517,780
136,161,567
18,77,372
562,723
35,652
99,790
249,339,880
680,911
618,827
307,992
173,986
147,258
533,598,631
817,837
787,912
556,594
53,425
433,740
241,871
296,564
95,470
71,683,998
129,275,522
526,886
40,278
570,697
601,895
235,674
21,352
78,203,770
278,714,933
162,165
161,698,765
430,643
205,268
260,531
407,551
189,999
76,798
249,681
251,638
651,707,815
53,343,960
370,644
189,232
69,253
520,704
292,890,893
354,511
364,653
794,850
164,353,398
237,789
97,701,955
258,333,924
307,375,658
99,112,138
269,435
89,303
16,302
439,459
724,748
146,189,361
489,619,926
237,820
452,995
44,774
686,794
558,782
76,323
88,594
290,469
325,757
748,997
277,506,696
59,637
296,973
499,677,980
373,420
260,268,458
509,918
321,536,582
685,750
202,307
660,831
55,100,736
380,481,805
133,183
698,713
109,390,410
520,592,787
58,230,667
542,916
181,790
745,942
31,719
275,593
103,445,506
630,775
65,665
74,988
426,506
386,764
565,639,802
67,465,879
240,668
174,841
681,814
214,501
556,692
311,373,617
51,76,990
124,307,855
3,33,525
453,718
183,746
75,186
354,591
31,747
278,538
10,74
206,253,556
10,129,527
462,499,892
411,752
251,594
63,620
267,970
770,870
730,834
369,593
72,541
24,394,807
637,984
379,516
485,498,932
193,669,958
213,234,236
199,388
264,602
704,776
20,831
626,774
232,797,877
98,203,298
778,897
823,861
674,688
105,380
172,532
302,990
259,776
924,942
29,301
230,529
695,850
861,885
833,882,894
560,768
35,155,871
57,420
583,900
197,408
161,235
344,714
56,185
173,298,427
305,345
896,991
106,153,199
257,619,661
98,436,522
19,333,584
182,191,282
160,666,735
456,820
490,865
22,887
527,784,829
181,562,916
149,214
309,512
105,750
221,471
330,532
267,499
263,528,664
33,693
258,564
53,715
70,490,846
610,812
554,713,889
155,735
256,954
506,740,907
308,901
7,546
299,894,960
326,517,726
82,606,812
118,952
745,879
440,676,958
255,644,786
139,514
119,790,985
106,992
263,623,690
828,994
91,933
413,789,923
109,285
391,778
786,935
44,218,360
253,434,579
247,391,646
770,870
473,765
10,495
354,538
141,777
235,624
428,788
1,572
94,388,400
508,575
233,517
66,176,998
764,802,840
457,812
181,643
234,924,980
466,659,721
627,827,937
160,376,787
226,598,969
648,706,719
477,977
206,550
11,393
2,490,660
217,412,882
448,950
79,216
181,395,858
64,641
551,738
232,287
692,782,976
160,932
357,829
317,483,554
89,568,645
507,898,947
540,545
233,298,979
250,296
177,308
512,749
185,530,957
147,838,886
903,905
234,306,964
206,662
142,261,497
207,710
559,820
95,398
430,539
26,479
265,857
211,364
122,698
438,502
39,807
318,869,974
117,629,783
70,858
512,637
972,988
47,136,653
212,488,510
452,809
40,632,990
34,612
231,976,982
22,643
296,923
121,518
675,732,758
556,785
247,482,671
757,983
11,338,825
743,886,887
147,364
137,842
82,632
290,378
658,823
335,556
20,605
64,916
194,780
849,865
707,952
127,959
62,410,908
809,934
198,986
828,879
747,862
133,456
386,648
357,851
438,840
155,515,933
619,875
307,366
402,727
201,736,938
224,647
233,331
61,802
109,763
100,601
172,795
17,837
468,602
459,561
618,852
524,894
352,830,861
282,422
3,470,487
652,776
507,964
191,656
85,760
425,703,774
659,755
144,597,754
306,620
543,615,851
120,329,385
619,685
367,712
597,953
316,469,531
725,953
217,244
762,777
65,290
48,339
442,455
821,843
510,959
323,839
594,712
13,56,637
113,899
198,505
289,643,751
366,809,937
87,153
166,325,358
199,559
764,770
43,233
42,249
110,363
2,377,892
259,567,705
9,454,623
1,530
325,358,983
151,223
238,470,617
563,700
346,838,922
846,886
438,573
141,444
465,982
171,647,752
94,527,650
94,322
293,941
580,712
403,661
476,897,923
51,665
275,350,720
533,806
334,525
665,721
223,773,937
23,90,322
77,616,660
222,675
109,384
34,292
17,108,564
635,646
344,817,905
61,827
439,545,935
25,728,997
210,695
110,363,665
67,549
471,953
216,575,724
587,797
773,842,924
143,352
28,589,881
476,836
95,333
11,86,582
112,772
30,861
72,74
537,687
360,770
290,447,732
132,962
389,605
109,229
42,555
386,827,931
673,685
587,888,965
467,748
409,522
299,400,976
337,584,874
361,472
300,474
545,596
176,390
322,902
900,910
214,249
284,855
5,915
247,579
1,224
65,507
355,480
160,400
297,684,973
71,151
335,920
494,524,989
71,117
195,241,536
232,766
16,862
12,33,445
542,583,892
149,751,935
944,976
859,871
721,939,989
440,678,855
425,655
450,923
112,468,964
272,771
182,302
405,497
585,820
67,225
669,684
847,946
460,676
57,111
194,861
109,874
8,343
366,552
357,526,983
267,536
483,593,776
514,549
14,523,694
496,883,908
288,567
225,675
64,181,523
128,182
942,995
97,272,489
476,486
407,453
950,966
79,620
332,638
186,883
462,481
387,486,551
133,585,825
779,900
513,881
331,893
46,86
44,552
379,680,944
432,714
871,942
114,247,924
323,547,689
21,790
619,893
159,241,733
285,830
516,889
488,959
105,334,932
396,687,693
473,924
10,178
218,264
37,717
755,785,891
199,419
255,875
642,928
217,942
420,976
304,657,972
849,865
62,919
563,757
588,665
741,886
836,994
117,823
161,911
357,874,889
305,468
158,172,373
515,875,956
286,481,783
37,585
311,353
223,985
463,998
179,182
167,254,815
721,930
147,864,992
65,385,552
255,392
734,810
179,609
172,776
402,961
334,771
738,974
575,930
347,484,692
225,683
730,790,842
230,996
124,422,678
123,133,973
105,583
175,623,653
238,427
386,408
14,437,536
296,765
180,245,772
261,903
3,8
759,986
527,629,902
353,499,923
276,326,477
255,879
628,742
30,654
209,632,841
247,359
56,537,831
204,788
553,623
51,242
177,723,868
274,431,590
562,578
208,273
107,862
38,949
376,831
841,908
78,608
712,982
107,142,146
318,721,989
143,390
179,275
64,512
595,613,714
41,177,842
350,529
2,567
44,850
33,740
134,985
687,755
98,760
419,542
49,305
340,450,790
746,830
322,782,974
599,717
26,721
520,970
243,400
587,594,772
50,112
60,891,913
3,21,987
40,53
109,239
463,539
30,947
112,228,508
555,727,816
343,395
696,946
663,866
463,816
41,297,464
52,589
157,819
196,684,693
234,440
275,582
237,955
719,786
522,637
23,754
890,982
144,894
318,568
734,889
274,707
753,845
243,292
203,246
139,703,819
783,906
459,937
710,743
523,888
579,581
489,632,946
117,731
407,645
889,970
616,668,950
329,875,890
296,774
390,427,749
109,269,709
24,718
337,576
9,953
90,608
310,365,459
100,102
495,632
76,912,929
441,555,781
585,938
122,944
51,635,900
63,155
337,881
127,894
326,644,921
333,342,960
215,274,968
170,171,280
289,511,566
727,803
53,511
66,217
684,732
893,900
328,340
119,605
196,828
343,361,470
471,616
506,682
372,500,671
771,992
75,677
91,442,521
25,232
129,490
179,288,986
206,356,922
276,396
583,827,873
80,250
128,452,852
371,847
368,394,651
302,523,838
743,929
204,751
169,213,219
224,975
330,694
416,603
84,850
72,229
82,450,745
205,613
285,574,673
48,764
239,247,270
81,872
37,348,590
501,641,770
237,611,817
456,723
35,258
711,742
464,707,953
221,778,863
414,470,608
544,777,922
539,731
280,367
251,416
382,740
634,882
676,844
98,266,945
212,656
177,744
119,309
201,973
453,653
151,455
18,788
267,550,566
538,900
638,726
35,854
192,847
576,768,867
393,396,404
117,135,804
197,618,948
411,956
227,358
646,698
461,914
385,607
167,352,631
417,520,790
172,453
67,779
108,496
713,927
223,543,840
105,967
399,535
445,685
485,964
325,493
523,951
386,584
170,850
449,528
485,622,811
292,360,411
251,311,778
758,948
159,653,727
552,636
15,879
55,261,373
320,842
87,154,592
197,216
32,874,905
444,502
205,783,937
190,702
69,425
40,794
419,620,961
212,279
313,910
130,256,945
412,430,986
369,389,566
568,833
230,269,384
251,508
2,460
538,772
167,717
185,716
250,831
386,401,410
188,854
23,939
275,507
165,317,458
536,612,647
83,709
852,952
669,790
327,495
424,850
213,381
276,601
352,827
211,510,596
412,499
82,617
75,669,836
722,853
67,501
111,461
276,399
382,764
66,76,460
561,638
695,710
357,379
464,597
28,829,840
701,992
701,777
567,639,847
184,754
25,780
579,589
48,425,622
654,758,974
555,655
40,822,890
365,691
461,649
29,739,904
282,736,975
250,804
840,940
943,983,1000
97,497,723
17,555
819,985,987
317,483
385,874
92,742,867
149,263,362
77,269
215,964
493,726
706,707,727
191,992
183,458
228,313
348,484,866
386,451
679,763
265,857
207,703
496,584
440,500
93,494
253,837
299,318
70,687,691
314,400,471
3,195
119,763
834,893
99,665,767
20,127,422
781,903,942
152,689
237,547
19,623
395,595
80,820
33,689,957
507,520
311,875
322,354
324,337,712
592,701,814
169,610,612
186,994
504,827
234,627
133,449
401,735
170,264
79,168
395,448,595
374,591
11,451
534,548
123,986
245,967
437,838
647,864
662,801,843
190,723
463,522,952
109,331,858
736,928
443,572
50,420
434,955
760,783
494,809
684,845
35,969
796,974
98,522
418,653,788
83,660
369,440,468
4,80,429
337,812
67,199
210,473
321,680
361,498
634,781,828
112,367
75,413,958
56,442
96,845
158,616,787
177,630
93,237,371
102,180,334
255,810
108,260
120,931
511,596
560,600
124,710
178,746,892
132,521,636
629,829,850
67,599,895
447,665
440,578
281,765
229,872
943,951
438,847
953,967
606,951
305,457
27,362,720
123,927
159,632
284,594
518,659
645,962
665,762
182,902
217,449,995
541,778
27,533,813
27,224
494,614,989
302,755,847
178,264,726
476,857
163,758
360,505,824
375,651
37,164
569,618
686,847,885
436,852,921
122,169,947
695,824
122,703
623,922
14,31,330
333,679,1000
919,995
161,236
3,425
111,393
23,262
335,420
288,764
83,651
601,810
164,377,460
210,332
882,976
567,944
209,484
410,645
88,647
325,708
240,415
356,431
538,896
12,730
29,149
521,623,653
672,876
107,680
33,415
572,754,907
129,307,501
708,763,869
199,672
169,950
49,305,667
122,206,845
272,720
359,403
222,519,559
388,557
140,487,980
333,380,930
956,965,988
226,647
268,718
66,506,918
264,656,962
135,631
114,826
216,322
701,825
389,409
270,366,563
21,744,910
444,483,536
490,849
215,359
549,700,723
221,945
23,435
240,519
329,542
521,750
619,847
178,214,218
218,533
139,247
212,654,749
225,714,835
23,305,990
161,512,624
660,997
951,980
711,922
487,745
188,421
118,279
1,867
333,511
676,945
221,826
90,425,724
503,583
446,925
641,764
74,288,460
463,914
66,77
222,592,840
494,869
18,876
357,882
398,424
672,728,911
108,138,566
34,42
559,621
461,529,731
708,841
7,311,353
243,792
332,443
687,702,963
117,724
147,431,965
334,851
335,533
33,49
310,443,932
495,684
888,983
200,262,593
694,936
246,590
790,980,987
260,551,570
869,904
347,985
402,691
174,705
110,420
618,688
69,483
151,765
219,490
240,969
93,250,904
370,399
20,210,619
92,115,333
16,747,968
556,939
120,370,731
313,632
52,406
99,482,907
142,374
350,763,979
870,955
115,475
24,693
46,418,995
31,794,999
49,672
103,151,776
247,401,493
361,895
268,579
365,375
398,873
561,715,755
740,808
281,392,895
8,22
144,187,979
325,944
76,243
442,748
37,569,894
670,882
257,553
393,453
719,752
325,830,884
167,551,844
252,851,998
519,588,689
93,681
869,942
313,622
432,877
922,1000
345,601,658
337,965
623,725
6,514
209,849
107,376
55,594,965
453,923
163,921
577,786
540,549,924
96,100,749
165,417
239,441
406,483
132,798
414,438
123,396
292,466
558,879
170,650
76,521,742
9,555,803
157,471,552
179,323
650,979
151,640,969
41,365
70,537,976
215,329
549,980
929,932
533,890,892
476,729
743,825
90,115
704,937
677,843
74,117
142,605,666
22,612
862,972
350,366
550,969
1,16,537
901,993
112,877,906
7,767
139,473,507
118,756,817
97,198,595
450,496
325,685,739
207,281,646
343,440
234,496
361,964
106,199,331
57,806
653,782,895
237,809
65,566
128,452,781
143,216,590
140,599
875,894
362,841
106,741
491,713
928,951
347,436
236,486
137,420
508,998
310,897
127,471,560
289,750
191,657
867,933
841,941
681,734
319,328,377
296,951
452,531
712,865
403,753
128,256,844
240,499,699
481,673
453,514
257,819
352,792
450,856
596,927
79,116,221
137,279,469
57,173,827
388,689
521,570,885
410,629
328,727
127,656
320,578,699
381,430
282,384
44,298
59,853
