44,88
47,91
21,24,62
40,56
8,22,79
55,77
70,72,88
45,87
16,39
49,95
21,84
13,49,54
12,77
37,100
1,51,67
12,24,26
48,79
7,9,40
9,78
47,96
21,54
6,20,91
8,15,82
43,81,86
40,85
39,43
14,32
71,90
1,61
20,31,77
4,49
52,54,92
4,29
83,100
38,43
18,51
46,55
73,83
44,85
42,51
71,73,77
20,56
70,82
60,90
40,73
37,84
32,43
19,28
88,99
30,49,76
10,24
17,66
9,37,69
12,41,73
22,43
26,63
10,26,77
16,66
15,71
19,22
11,58
25,86
19,88
22,82
53,96
25,74
1,36,57
6,56
85,87
70,99
25,42,50
78,89
48,72
65,98
12,47
25,83
87,94
10,58
24,94
38,81
3,53
24,47,67
40,45
6,75
1,44
44,69,74
8,63
54,96
19,69,99
63,94
20,48
58,72
33,82
7,73
52,86
16,65,66
20,92
16,65
7,15,61
28,55
5,40,70
21,91
3,42,94
9,29
20,27,46
39,55
29,48
37,45,49
34,60
11,29
17,76
28,97
16,34
12,33
78,81
59,70,78
19,54
48,59
22,67
28,29,42
16,34,100
25,97
51,56,79
32,49
8,46
16,85
8,24
1,41
19,26
34,38,56
33,59
43,65
21,32,46
15,38,73
3,76
36,77
13,93
4,46,57
5,32
13,15,64
44,70
3,69
7,14
24,72
43,46
36,43
21,76
26,56
62,81,94
67,88,92
66,82
25,89
10,37
46,53
26,99
10,24,80
34,41
32,73
9,42
54,68
59,67,75
35,53
40,89
9,26
4,48
3,27
29,68
64,86
85,92
26,86
42,45
6,9
13,57
65,66,82
33,39
69,75
59,85
9,12
16,89
37,54
32,36
12,66,83
48,81
14,88
31,57
33,43
32,76
45,78
21,39,98
52,74
1,59,79
10,23
43,99
42,67
28,100
42,51
42,88
59,100
37,43
6,43,91
57,64
37,58
32,74
26,79
27,29,46
57,92
51,54
39,82,91
53,56,69
37,49
33,44,56
3,36,44
18,55
21,58,84
1,48,79
7,79
14,94
46,61,69
49,97
42,44
18,40
18,33
3,78,86
23,29,72
1,13
51,72
25,100
27,57
9,49,79
11,77
30,46
89,91
76,98
1,59
62,77
41,98
54,58
45,52
20,23,27
33,90
52,54
10,48
4,69,96
71,85
21,22,67
47,89,90
10,75
10,45
12,19
9,74
6,52,96
25,36,59
24,58
14,24
69,95
23,40,59
87,97
50,83
21,22
50,77,99
81,89
68,92
22,77
6,19
11,76
38,65
25,43
80,92
8,32,85
57,59
8,70
10,15
27,51
15,38,47
30,45,74
68,71
43,76
24,70,100
3,53
41,63
15,37
15,62
8,91
19,23
12,85
10,23,63
2,44,70
24,31,80
3,42,81
46,93
18,32
7,98
40,65
62,81,84
1,30
85,91
5,26,92
9,34
62,87
38,82,98
5,76
34,44,53
28,70
15,34,100
42,80
44,52,89
38,61
55,77
75,87,94
24,31,85
9,14
25,67
27,28,95
26,32,39
42,51,72
13,49,63
22,47,54
67,94
3,84
55,78
7,61
31,36
42,53
59,82
18,19,43
7,90
28,75
40,73,85
26,32,95
27,80
20,28
63,94
42,73
61,66,73
6,44
4,74,88
67,79
4,70,96
60,61
47,73
48,96
28,61,67
3,35,44
36,71
13,20,75
21,98
40,98
42,56
82,87
58,61
14,79
5,71
41,66,71
18,27
42,84
45,88
3,59
14,59
79,91
19,83,92
38,84
46,68
41,47
32,95,96
90,94
14,87
41,62
18,54,99
16,40
31,92
50,58
80,94
50,74,77
37,61
5,11,75
4,55,57
22,91
37,40
3,90
15,36,85
8,90
3,81
1,63
4,63
17,28
6,98
16,71
47,61,71
7,73
34,47,66
58,81
7,37
48,88
24,29
4,97
35,78,94
7,9
40,98
11,23
15,71
53,61
60,71
42,58
16,40,90
7,8
7,58
60,98
43,51,60
67,75
3,40
47,65,73
19,58,84
57,86
49,83
9,80
55,99
17,19,39
41,88
22,78
1,8,9
15,40,66
27,95
12,72
6,73,91
45,70,97
5,58
68,87
42,89
29,99
55,68
35,98
24,77
22,60,96
12,73
35,80
13,23
12,37,100
58,62,99
27,28
75,77
1,88
40,61,65
24,74,97
8,77
2,18
25,86,94
40,49
47,73
39,45
24,31,92
52,53
4,85
29,83
45,67
56,91,100
4,80
5,30,58
41,53,98
15,42
18,28
18,62
22,23
38,41,56
66,83
9,64
5,11,21
5,21
56,66
35,52,87
5,48
29,71
9,61
43,87
26,88,98
75,99
42,67,72
8,80,92
43,47
12,41
3,52,97
20,77
5,23
72,94
67,70
5,76
47,60,73
6,47
5,45
56,71,90
6,12,100
34,59,87
10,84
24,96
10,77,95
38,76
35,70
24,42
18,31
55,83,95
1,67,97
48,94
6,37
33,36,44
26,52
21,24
33,96
8,20
16,40,82
34,82,100
31,98
52,78
19,79
4,42,51
2,51,56
27,76,83
18,40,49
4,51
11,26
68,78,83
3,79
40,66,98
22,34,44
80,99
37,74
36,52,78
33,94
22,85,98
6,56,90
62,74
45,53
59,70
28,59
47,72
9,34
27,61
49,93
5,13,23
13,84
87,98
9,66
16,38
17,27,31
59,87,88
6,34,100
23,75
3,68
16,30
71,85,91
7,13
45,96
53,74
24,75,76
20,76,99
3,59
12,100
30,65
71,77,100
21,49
49,95
67,94
20,78
10,23,46
25,45,93
31,63,99
32,36,63
6,47
1,72,94
7,38
30,34,44
58,73
11,65
19,24,28
66,73,84
79,94
28,65
