21,28
4,15
72,94
24,82
42,98
29,97
15,78
14,21,69
35,47
21,67
74,99
31,74,79
37,92
25,43
27,60
22,52
21,28,67
5,34,35
74,96
31,76
4,8
47,87
6,35,72
14,37
45,72
17,43,46
31,74
1,28
54,69
19,50,91
29,82
46,48
31,92
41,42
27,59
4,65
34,42
16,79
74,100
7,87
34,74,97
55,56,87
27,50,52
7,47
46,50
77,84,92
17,23,26
9,54
16,41,42
56,86
56,65
52,77
9,19
26,61
61,83
8,68
27,55
21,66,73
3,63
24,40,72
1,19,20
3,18,71
45,87
55,71
13,77
13,23
43,97
18,71
44,91
74,76,91
4,70,77
30,76
19,72
20,29
23,73
11,42
14,28
74,78
16,61
58,63
75,91
21,45,57
22,32
18,45
29,100
20,92
5,28
2,99
17,87,89
23,37
54,91
76,81
28,37
32,36,97
19,57
12,92
70,82,99
43,54
9,52
6,41,95
16,26
21,76
26,31
14,22
47,59,94
48,55
29,94
31,67
36,53
51,57
74,86
15,56
67,78
4,34,48
15,73
20,86
6,43,73
24,40
10,81
6,12
13,31
22,77,83
1,10
49,50,57
84,92
45,48,62
51,64,72
82,98
74,82,100
7,36
14,95
33,71
32,43
7,26
32,42,96
8,83
4,34
11,15
2,39
36,64
22,71
42,59
16,43
20,93
28,80
87,88
75,85
13,93
10,50
34,55
76,93
2,87
20,86
31,93
51,97
3,94
17,60
48,83
27,64,86
2,81
36,42,48
79,97
2,61
45,57
32,41,54
66,94,95
5,46,71
50,75
7,8
18,65
43,67
88,94
24,59
6,7,30
50,74
73,80
5,55
44,57
25,35
35,73,90
32,75
33,89
24,77
24,29,88
30,48
19,81
7,25,38
1,40,58
2,4,95
87,99
54,87
59,93
70,90
12,52
27,39,53
52,54,76
65,77
28,35,39
14,31,66
48,87
11,52
13,17
31,81,96
2,37
7,50
83,96
60,62,68
51,64,100
32,40,94
78,93
15,87
18,79,84
24,88
14,71,95
26,57
40,68
19,68,87
15,69
75,83
26,38
5,72
5,52,57
44,86
4,48,95
34,42
59,63
41,59
5,8
21,79
37,94
4,75
14,61
7,70
8,58
5,18
27,28
10,77,78
24,88
22,75
35,69
22,40,42
66,80
76,96
6,7,28
7,42,47
71,89,90
39,61
44,71
50,74,92
17,97
61,79
70,94
4,90
3,87
17,80
18,87
72,98
61,74,86
31,77,91
8,34
31,50
34,77
26,39,60
1,57
10,19,45
6,72
25,66
70,72,73
15,78
76,78,96
57,86
36,92
54,64
58,92
20,39,76
15,21
7,35,86
12,19
26,87,100
82,98
10,80
46,79
13,45
37,64
43,72
21,45
13,49
35,40
62,85
75,85
18,46
47,82
13,64,71
61,86
1,74
21,65
26,91
49,51,97
19,21,58
2,51,90
19,45,78
2,46
65,82
2,14
17,71,85
4,58
45,66,82
14,30
27,48,89
2,84,85
46,81
3,99
8,33,68
7,20,59
60,91
14,35,58
10,80
52,56
15,57
7,57,63
36,38
33,45
23,38,64
52,89
38,75
39,61
26,36
2,8
19,80,91
22,45
80,82
19,74,91
80,93
38,39
26,50
16,56
22,80
14,48
54,64
15,60
4,58,83
58,65,83
60,85
66,77
48,60
34,97
42,54,97
29,69
1,35
3,48,89
59,73,82
13,27,93
4,39,75
57,93
5,99
9,77,96
50,76
35,97
35,47,90
19,97
42,60
8,27,60
40,100
4,40,81
45,91
25,42,59
13,66,79
42,54
12,76
62,66,80
29,82
30,35
58,60,88
27,45,85
16,36,54
18,62
18,23
45,61,80
30,97
52,100
10,39
15,69
19,79
36,97
30,31
21,39,76
25,34
27,84
17,47,91
18,39
9,36
53,59
78,93
56,75,95
43,69
72,93
24,30,40
49,54
31,94
32,88
39,49
16,30
2,11,71
18,30,79
15,71,94
91,96
20,78
39,57,61
11,55
52,62,85
22,25,42
26,90
8,39
2,48
37,72
61,71
41,42,73
74,76
81,91
65,88
60,75,100
5,14,15
34,62,71
15,65
47,70,90
8,45
30,40
11,18,95
61,68
55,71
29,80
23,80,93
24,25,35
48,55
20,73
14,28
49,78
25,35
7,61
46,67
10,82,88
71,83
23,82
17,24
18,68,87
9,66
66,87
14,81
60,65
31,82
36,62
10,31,96
69,74,77
3,15,63
70,99
24,87
19,62,80
50,57
30,99
2,46,71
55,100
28,55
43,52,65
9,99
65,71
25,43,64
14,60
49,55
64,69
11,65,68
90,98
28,95
21,31
40,50
50,67,81
93,94
55,62
1,20
24,36
33,86
31,39
50,91
48,68
52,85
11,48,83
88,96,100
22,94
78,90
46,87
93,95
20,30
18,27
98,99
22,41,73
3,17
31,44,77
2,99
9,29
32,56,83
35,59
49,81
51,56
9,44
34,38
4,62
57,91
50,68
23,26,36
3,80,89
61,77
3,7,23
16,64
63,81
14,58
13,19,21
63,70
81,91
57,66
10,66,81
48,55
16,25
16,40
25,60,90
18,49,100
9,74
24,36
16,24
15,47,59
59,70,94
45,47,90
39,49
20,31
8,30
18,89
33,84
23,50,84
18,86
30,59
11,28,62
3,99
39,91
50,86
14,63
8,46,82
1,84,85
26,28,78
34,67
35,59
82,93
27,51
80,99
16,24,74
33,50
19,67,92
15,46,58
15,18
20,44
32,49
42,83,91
4,42,49
81,87
5,48,75
44,74
21,62
28,37,90
37,46,64
29,53,98
41,88
1,58
22,42,90
25,29
40,70,72
53,84
9,98
2,39
