3,49,85
6,37,67
7,8,80
3,31
57,58
3,10
34,99
35,95
32,64
38,51
21,25
37,77
39,42,50
97,99
67,76
32,66,84
22,37,50
76,94
20,58,69
51,82
9,56
54,87
37,48,77
21,53
6,47,50
31,50
60,70,100
3,37
19,24
22,63,66
45,78
29,39
7,82
3,14,61
32,70,93
20,77
30,65
36,57
28,55,58
16,56
11,43
55,59
56,80
29,100
56,74,100
56,72
2,5,95
17,27
2,11,51
1,10,73
56,95
38,64,93
42,64
6,77
32,65,70
52,93
21,52
41,46
6,31,75
71,86,97
55,77
50,84
36,57
26,65,96
30,88
7,11,25
63,80
17,27,59
6,47
11,19,53
13,99
14,95
34,35
64,66
16,51
66,98
34,44
22,94
21,71,99
7,58
32,66
2,33
27,54
49,83
2,38,81
20,71,93
39,99
16,42,71
51,53
48,68
69,99
5,25
21,41
23,34,57
43,47
26,51
11,52
45,97
23,45
25,40
17,49
2,57
30,61,94
9,65
81,85
68,71
68,85
28,40
50,70
15,31
61,93
28,37,55
52,55,57
18,55
49,94,99
7,28,37
78,95
28,47,82
66,81
23,74
82,100
31,32
26,68
26,81
26,62
48,49
29,46
4,32,93
29,95
49,61
28,98
7,80,93
10,43
37,39,66
56,88
72,79,86
36,83
10,47,71
13,42,78
2,80
52,60
48,77
27,55,72
44,81
49,87,92
27,52,93
52,61
19,52,68
15,24
11,36,66
3,6,71
24,42
31,82
2,26,62
77,92
51,69,87
33,85
37,64
8,30,76
51,68
18,56
24,34
18,52
22,47,75
24,94
18,21
9,55
39,43
26,94
36,47
10,35
37,63
37,45
56,97
22,63
52,74,84
76,95
9,29
14,60
31,32
32,77
10,36
31,40,84
59,80
72,85,86
37,39,77
45,75,96
18,52
35,96
19,61
41,49
25,65,90
1,51,58
10,53,61
6,85
84,100
48,56,68
11,37,78
35,54,76
45,61,98
9,70,89
2,100
17,30
27,71
37,39,95
9,22
47,55
11,23
65,75,88
43,45,90
2,19,41
57,59
3,65,73
24,46
41,65
24,94
40,48,61
23,83,84
33,94
1,7
36,88
29,79
24,29
35,42,64
60,65
12,22
79,87
48,63,95
22,67
30,45
67,96
85,94
20,69
8,38
22,96
85,96
27,83
16,50
13,66
46,77
3,11,47
93,97
80,90
58,60
16,48
36,57,80
3,73
12,58
9,38
1,19,55
11,65
28,78
48,64
13,83
4,32,58
20,40
6,42,66
35,48,73
54,78,98
23,92
34,92
31,67,87
15,74,88
30,32,33
17,23
4,17,61
49,85
19,87,99
31,34
49,51,98
16,45
38,60
9,17
65,77
14,61
9,56
40,61,76
19,94
6,34
10,35,88
57,71
35,82
32,39
25,26,38
9,32,39
25,48
74,85
39,75,77
27,46,64
16,25,41
62,88
12,65
35,43
44,74
25,39,52
14,65,68
57,97
3,25
12,73
6,70
40,84
54,56
35,90
38,75
9,76
15,77
80,93
55,60
91,93
24,40,82
37,47
5,67
47,89
45,51
54,96
11,35,68
40,60
44,59
38,76
81,92
8,23
22,75
85,94
9,15,89
8,26
42,51
50,63
52,86
73,94,96
37,70
13,15
35,42
5,96
2,44
37,50
52,97
42,58
68,97
58,82
63,67
40,76
35,91
6,32,77
18,38,44
30,90
55,72
7,8
28,99
7,93
17,35,77
13,56
43,76,88
25,33,38
11,35,54
40,74
69,94,100
29,98
44,70
25,75
64,79,94
8,76
13,18
32,67
18,58
8,41
11,81
23,26,86
5,42
55,69
66,77
59,61
45,100
10,61,73
15,59
37,87
27,97
48,64
22,32,89
5,31,95
27,44,93
24,75
16,51
32,41
44,60
46,99
32,39
31,49,88
23,79
24,47,95
19,81
19,36
12,53
6,41
2,36
7,19
20,64
2,80
42,48,95
27,30
15,29,66
61,75,96
29,61
4,17,57
31,35,40
30,70
28,45
6,32,75
14,70
48,64
16,85
8,59,62
24,78
37,62
72,100
11,71
22,64,67
3,29
30,55
22,75
20,43,55
77,92
11,22,84
32,47,48
1,16
75,87
45,50
61,90
81,92
25,77
54,74
55,82
57,93
29,64
85,98
60,91
11,45
60,97
15,63,64
3,45,74
7,28
19,26
41,51
35,90
32,39
12,52,80
14,46
28,58
12,22
20,36,91
5,30,47
30,60,92
28,52,57
1,64
59,62
38,95
6,56
34,82
36,87
17,90
15,66
27,44,93
38,95
54,85
15,71,72
16,72
20,28,94
5,13
22,70
9,92
17,57,97
11,49
37,39
26,61
41,94
64,95
39,59
24,37,50
13,29,98
5,14,72
10,49,91
57,80,82
59,87
15,75
16,57
41,49,51
71,100
33,93
18,62
46,71
15,37,66
69,72
58,84
83,100
38,92
8,14
9,24,32
27,36
20,28,86
2,59
40,82,84
53,71
18,100
1,77
31,67
73,97
22,29,77
33,99
4,87
59,86
34,75,82
6,32,77
51,82
39,79
40,50
16,94
16,33
27,34
20,69
4,50,94
32,66
82,85,86
15,72
40,43
1,2,96
1,30
15,63
8,12,35
10,78
54,55,90
17,22
36,60
13,94,95
9,24,70
4,98
10,93
11,73
7,86
14,89
14,26,65
31,37
23,61
39,98
29,87
73,85,86
8,14,98
17,44
56,74
26,92
13,97,100
10,60
30,60,73
28,31
25,51,78
4,36,60
8,29,95
13,20,99
38,96
5,24
84,92
33,91
49,58,72
56,59,99
37,39,95
55,69,83
24,45
7,12,77
19,60
9,74
31,48,63
27,49
23,78
16,63
29,89
22,29
57,58,59
