426,715
360,798
753,843
231,257,264
41,485,700
288,616
168,207,478
265,920
31,698
538,928
10,747
178,220,536
776,878,981
417,954
126,787
19,780
419,838
53,564
61,103
445,616
261,471,907
16,298
716,761,976
447,595
104,542
148,781,783
172,648,872
311,919
328,546
249,846
535,630
420,707
565,573,853
51,370,855
232,315
35,534
262,974
341,360,550
536,686,903
321,358
7,836
139,541,866
151,605
662,962
259,795
85,119,281
342,779
253,291,658
132,576,721
3,355,624
325,401,587
48,319
453,509
539,983
356,763
785,801
33,276
104,206,222
120,311,544
659,669
290,527,558
42,404,719
492,757
814,835
95,823
44,304
95,969
506,927
677,784,840
302,386
529,681
287,668,910
474,912
960,976
200,235,773
613,705,754
186,374
480,836
209,421,911
850,990
23,792
729,756,987
70,217,772
75,881
197,592
432,511
213,370
149,180,453
795,938
79,677,971
461,983
759,851,991
514,634
306,441
541,858
469,588,652
393,437,882
368,531
398,898
535,539
74,518,604
514,827
197,315,684
259,600,998
166,174
539,733
151,238,645
209,815
479,660
375,955
448,846
354,938
62,404,943
153,429
243,625
10,758
117,760
379,781
378,544
144,233
194,569,966
674,927
555,615
856,902
89,469
837,839
326,676
254,378,968
396,846
258,966
120,402
840,977
233,430
353,439,870
506,566,784
26,462,527
485,534,688
665,781,915
64,296
140,554
134,465,964
41,78,804
14,929
200,749
269,303
897,958
40,321
403,447
271,658,777
43,144,395
56,259
206,684,824
323,330
78,604
33,35
226,890,983
497,869
400,511
119,225,671
10,70
589,892
210,563,613
393,700
601,742
40,619,620
780,948
10,65
233,739
275,291,540
656,785
62,215
301,722,887
471,595
299,849
57,510
87,466
669,832
642,924
331,448,879
571,868
190,624
249,830
287,655,781
80,310,509
393,951
282,409
836,959
336,634
359,814
307,794,953
398,823
689,692
53,482
515,608
98,557,875
166,511
219,282
362,957
9,469
5,509,558
106,474,626
538,996
186,278
254,262
727,961
345,908
318,621,901
922,938
588,874
139,303,904
76,472
307,401,442
203,459
237,689,709
250,341,361
714,847
163,832
299,492
439,730,827
140,310
473,930
682,814
516,807
300,783,961
197,242
116,693
452,948
746,917
310,870
85,385,719
707,957
413,829
677,698
497,890
813,861
407,751
677,930
39,786
133,586
871,947
773,971
437,614,945
813,858
496,580,728
543,569
313,678
526,660
665,885
384,760
666,872
23,927
171,768
155,656
321,519
284,329
60,320,667
426,580,953
35,237
74,288
573,645,771
491,951
796,898
307,757,983
559,708
76,530,599
290,915
10,301,562
223,884
183,841
484,519,690
48,265,367
31,179
245,322
756,766
323,622
84,761
818,971
135,285
492,678,685
179,453
340,434,629
192,280
220,290,510
332,794
518,746
130,252,820
172,348
2,346,878
665,798
322,931
170,220
205,860
459,482,990
124,877
198,560,992
132,359
428,472
291,924
471,876
255,449
477,629
101,480
356,510,527
46,549
168,371,642
150,726
372,795,977
125,734
80,849
676,825
756,943,945
171,230
171,785,993
522,575
203,233,739
205,711,827
547,912
575,632
579,710,726
203,475
313,899
661,675
718,911,956
173,511,928
614,982
376,422,606
627,732
98,541,915
312,613
462,543,742
76,929
38,736
58,660
737,888
4,160,176
456,770
269,386,789
34,207,915
190,699,988
151,655
442,866
18,899
52,324
600,806
716,838
838,959
83,321
578,728
87,388,566
841,991
232,253
476,505
3,504,700
502,915
127,415
404,515,957
648,677
559,727
355,419
810,841,954
684,925
63,210,372
155,219,408
56,947
30,941
245,517,843
504,571
7,645
110,929
482,511,519
1,696,939
198,774,913
147,395
119,124,862
708,764
149,212
339,765
263,451
320,463
418,807
50,512,804
309,513
455,928
752,978
663,842
328,881,884
73,401
24,752,786
742,981
160,217,957
235,288,801
276,458
898,899,960
185,367,448
43,647
634,801
630,772
547,689
70,324
230,412
425,565
368,812
426,649
27,280,468
11,49
155,829
192,968
705,767
182,331
359,670,957
434,584,930
252,802
898,928
322,362,676
378,773
202,369
439,582
736,971
439,648
109,252
145,764
409,577,930
226,840
143,802
340,473
16,515,647
300,564
201,441
179,528
190,591
429,784
298,355
853,976
601,682
204,734
135,644
188,317
38,876
380,978
953,970
384,530
481,495,909
199,704,769
926,933
368,858
317,708
208,984
759,871
298,614,632
445,699,737
53,866
421,755,872
239,323,896
409,555
368,717,964
61,120,318
96,101
955,991
114,427
127,928
309,597
568,845
44,321
229,953
179,926
307,774,836
994,997
401,794
41,180
396,719
333,613
557,986
221,698
220,843
631,690
100,531,534
92,130
962,997
110,354
308,467,848
262,628
345,631
457,759
715,751
374,823
104,488
37,824
6,273,714
574,795,901
78,387
84,451
321,489
167,746,949
7,512,579
320,456
103,256,495
469,850
70,879
243,803
610,834
103,973
363,433,637
240,616
215,708
185,616,858
74,902,976
71,828,979
204,574,797
91,328
319,750
225,584
798,920
239,604,1000
227,809
674,829,914
479,923
469,619
202,777
222,996
247,938
345,890,892
151,345,518
384,685
404,892
37,605,758
655,892
169,231,297
88,725
340,616
700,909
101,734,783
578,902
576,826,999
73,897
280,601
201,575
431,481
1,505,652
75,250
515,722
105,526
212,510,816
533,604
275,571,590
104,719
375,385,687
9,239,391
128,841
825,980
189,769
28,849,992
240,767
322,333
623,689
281,775
342,744
208,499
840,871
955,968
136,234
5,489,490
411,755
248,504
311,425
621,709
120,681
635,967
256,291
288,985
221,422,990
284,899
497,578,801
256,433
478,663
773,782
45,395,500
214,697,750
273,610,724
30,390,618
345,441,862
18,275,828
490,679
155,922
245,318,577
301,602,735
706,847
44,457
3,81
72,103
110,304,578
270,928
405,451,956
368,800
686,956
277,368
57,391
2,322,399
240,406
119,327
249,810
179,340,920
447,958
808,843
294,487
26,252
627,649
74,748
14,123,339
605,793,824
199,956
512,619
353,514
484,655
147,579
508,762
596,857
253,644,753
120,668
19,224,231
106,842
498,568,885
458,535,746
133,199
23,499,863
198,980
95,97
737,829
63,434
826,960,1000
489,935
332,442,989
187,632,775
250,332
351,482
95,385,437
783,974
463,762
228,286,662
606,851,980
20,65,606
318,696
112,239,542
459,511
61,505
74,450,504
222,824
17,178,942
108,602,618
437,608,817
529,800,880
184,398
94,600
107,173
83,441
110,817
42,855
476,484,485
84,180,417
5,269,612
108,157,856
187,291
28,99,378
99,911
97,634,688
585,877,910
318,576
163,555
363,767,885
85,945
521,729
122,313
470,844,888
380,682
120,139
551,695,954
457,655,991
438,913
380,974
311,596,968
497,875
290,968
363,849
482,490
105,156,696
83,703
255,378
21,351,518
266,596
320,371
391,459,476
496,896
408,940
58,925,938
118,500
116,529
18,208,490
183,388
420,494
108,492
86,443
857,973
539,835
337,646
90,298,564
445,653
154,522
128,607
406,592
170,363,585
728,903
153,483
310,848
49,485,903
46,462
730,776
199,488
322,982
444,806
201,618
743,968
119,223,437
33,455
29,815,887
6,787
15,122
84,533,534
767,893
218,421,471
249,981
48,313,563
220,451,808
729,760,823
119,661,979
41,571
214,679
194,697
608,822,916
257,475
412,511,838
782,967
92,320
146,660,938
179,231,465
39,688
126,438
694,963
37,985
567,607
216,892
234,658,744
447,687,716
279,966
357,798,924
679,750
229,620
72,327
20,376,869
577,619
102,555,563
465,624,678
893,918
616,750
393,405,591
296,577
311,888
857,892
62,464,894
72,176,317
624,868
98,756
586,681
267,768
220,558,781
318,914,978
409,543,976
32,75,86
352,442,523
80,444
37,68
905,963
403,422
124,269
525,780,806
9,503
536,569
285,409
425,966
682,804
430,435
342,532
327,992
265,411
391,861
206,427
132,479
88,672
45,796
249,562
477,657
65,318,363
93,982
283,285,672
130,967
32,505,904
78,905
592,663
720,751,819
282,865
207,382,655
281,760
227,615
770,774
81,891
117,260
584,587
113,417
31,583,619
541,706
263,590,856
121,364
97,489,981
130,142
49,661,715
14,388
23,876
274,799
632,885
36,164
252,981
602,764
552,751
19,884
237,352,623
86,364,808
189,233
74,375
50,564,694
98,242
313,322
390,701
34,247,297
96,186
369,452,973
79,987
331,809
304,339
230,313,330
116,765
306,841
343,777
240,704
388,621
110,621
204,371,736
211,339
71,165,759
452,939
300,620
123,427,493
293,721,996
388,671,874
58,444,450
384,909
423,609,884
3,952
735,826
33,411
152,247,634
52,720,840
152,720
825,857
542,950
121,327
55,901
392,864
62,761
314,545,813
284,719,855
622,859
257,467
178,551
193,501
19,301
147,887
371,546
17,21
407,705
44,499,580
167,453
137,736
504,510
317,436,992
27,372,813
329,624
268,697
498,990
130,393,789
17,549,851
63,833,969
292,571,867
575,581,718
2,325
579,595
729,870
243,929
921,942
34,868
479,684,983
395,917
252,409
489,589
279,531,905
806,946
505,816,838
453,546
176,263,646
308,627
417,448
548,795
525,905
835,972
761,989
377,640,810
123,203
554,562
403,610,680
571,765,774
360,425
228,608
704,825
26,900,906
20,784,919
621,971
22,382
367,752
116,953
833,848
70,496
153,524
3,293
207,422,964
12,669
368,905,988
148,245,432
195,216,884
686,873
355,993
202,513
437,597,612
114,917
16,584,811
23,183,274
259,612
685,702
285,720
207,450,651
156,594
276,367
419,479,716
255,534
145,483
658,686
12,503
358,566,925
24,803
168,441
511,753,961
466,925
380,864
355,891
610,984
140,265
81,761
385,538
117,868
313,424,744
247,810
8,965
605,832
171,182
679,830
387,505,924
718,833
324,715
167,775
826,890
65,784
344,741,753
121,722
272,550
342,425,806
559,774,855
525,705,864
100,648
175,981
411,818
1,440,1000
512,706,995
469,637
11,279
93,990
615,854
51,140
616,642
134,439
846,857
128,379,734
464,731,815
321,417,876
370,513,739
42,604
55,559
535,598,776
273,950
275,485
451,656
281,353,803
554,780
153,325
79,840
603,923
593,837,984
72,440
257,705
31,143
411,820
253,258,523
4,187,568
278,654,810
324,637
507,615,706
2,11,487
2,643
258,642,920
770,931
206,664,883
356,550
272,817
55,382,825
238,436
19,646
344,540,817
189,224
516,612
332,761
505,766
359,517
287,592,769
443,900
85,324
443,986
589,948
430,845
486,801,811
157,742
403,600
353,385,474
34,478,579
602,824
386,773
151,997
369,912
140,637
516,729
386,986
138,394,791
199,361,432
376,880
368,832
319,362,539
496,997
336,808
246,340,372
25,872
83,848
230,773
8,471
88,230
135,652
88,420
57,960
470,633
250,383
5,143,432
321,554
577,663
187,607,876
821,910
113,913
381,756
442,842
179,333,596
450,521
282,917
121,587,909
34,978
77,90
6,389,999
393,654
318,472,650
223,730
743,867
252,893
554,818
244,391
400,705
70,228
441,572,726
88,837
235,331
360,949
375,427,657
260,511,991
191,308,698
118,201,908
128,279
231,627,773
30,267
66,535
391,591,918
29,463
7,38
495,769
559,880
109,385,982
45,175
105,291
471,485,589
177,820
37,212,758
892,931
220,826
69,533
156,706,867
725,843
233,925
417,876
68,489,780
232,568,993
169,779
350,484,518
208,412
328,700,882
5,25,38
82,729,824
419,471
19,429
695,704
378,505
388,579
213,368
487,854
692,732,860
314,318,361
28,279
387,772
227,241,996
629,646,836
422,533,951
528,593
171,199,230
535,729
415,528
209,243,600
381,532
44,377
193,302
243,333
140,768
23,66,871
302,556,702
507,779
157,655,871
935,946
321,648,724
327,612
168,942,989
248,598
232,548
169,651
29,755
122,487
3,645
157,494
82,92
129,906
566,702
86,168
473,759
237,669
240,802,803
453,769
226,673
55,455
80,791
304,513,701
261,457
657,902,984
201,282,597
93,186
470,777,847
64,868
300,519,605
186,631,688
404,964
518,536
371,949
116,618
202,441
625,677,937
35,480,502
376,768
614,654
142,262
716,942
411,424
190,248,917
162,864
628,663,786
607,703
183,594
233,942
370,547,796
679,840,969
224,655
367,455
290,495,709
126,845
313,740,888
518,851
368,864
443,832
81,675
340,348
558,590,978
87,198
502,682,864
375,952
125,977
190,698
13,389,793
130,271,644
20,418
113,577
96,780
860,948,987
406,775,960
433,690
144,177,724
490,713
139,320
179,219,308
281,443,638
71,96
68,689
155,395,504
605,620,954
587,919
473,848
647,912
255,574
246,583,740
535,684,838
222,489,903
92,533,860
37,447
33,97
299,956
82,186,883
17,826
133,453,746
618,728
255,651
691,885
412,553,604
184,651
209,908
255,734
407,825
320,551,677
517,767
9,364,687
33,299
258,287,318
227,321,842
350,781,987
104,215
635,850
158,289,715
293,819
377,869
146,485
305,771,957
525,731,992
476,481
413,421,597
850,879
300,372
472,532
439,648
255,364
315,741
61,575
397,495,681
664,666,803
186,311
112,233
105,886
381,558
233,499
152,208,640
91,357
92,209
510,540
237,831
165,212,439
210,496
656,752
21,824
103,142,215
446,975
614,665,829
655,842,947
283,323
843,873
67,821
327,541,603
476,803
751,916
146,543
80,995
272,482
33,559,625
70,470
615,912
367,639,886
502,1000
106,348
164,858,988
301,378
472,696
227,257,491
675,967
75,875
242,949
644,724,861
80,967
14,99,139
367,486,501
486,596
591,942
647,823
242,287
181,360,745
488,534
335,590
420,563
393,756
367,373
207,919
839,888
171,207,284
417,609
50,410,649
74,606
368,698
42,203
39,96
60,959,971
806,988
25,83
566,573,633
154,410
522,805
180,746
286,390
220,597,684
350,546,882
238,921
102,324,367
324,963
72,102
880,943
215,242,867
93,109
374,947
67,554,628
183,680
120,575,945
56,167,882
208,924
322,825
56,441,742
453,648
438,507,696
572,598
141,969
581,919
4,475
161,388,405
282,609,881
350,489,883
176,253
84,240
282,512
81,444
530,870
582,949
522,781
179,486
83,398
294,803
31,911
717,946
687,813,943
263,658,780
754,804
200,541,852
290,950
24,426,874
110,755,824
348,352
566,972
68,395
264,350
605,991
48,346,922
156,363,921
75,290,537
544,869
533,541,733
412,858
59,183,392
292,618
316,733
116,725
681,730
114,324,854
240,812
177,216
447,588
80,90,263
60,568
231,618
241,329,950
75,258
230,576,701
136,269,770
630,676
368,840
832,948
206,779
497,666,936
116,611
654,890
55,470,505
246,845
139,644
492,760
211,401
87,357
174,548,761
691,773
90,175,615
317,912
339,709,860
181,493
454,983
205,413
124,654
59,477
50,835
520,633
138,950
668,698,962
56,169,435
115,669
106,548,870
333,654
333,474,833
187,413,928
11,262
38,157,982
543,879
442,805
731,905
486,517
705,967
319,905
178,764
29,86,368
484,511
539,758
435,465
309,615,784
368,474
688,907
434,651
734,880
421,647
147,596
268,795
110,518
621,913
489,751
566,720
636,900
47,58,233
312,905
325,916
313,337
153,181
272,926
199,258
115,274
684,750,964
543,775
266,462,776
244,312
106,540,646
383,904
586,808,966
337,921
695,865
587,999
492,561
556,800
752,787
200,448,830
322,584
91,200
300,861
196,516
477,615
118,865
244,277
60,326
379,814,981
20,678
68,355,574
97,100,882
21,379,633
16,152,768
277,303,478
302,494
393,804,906
515,691,913
134,269
385,489,576
746,934
266,434
228,389
123,836
231,466
346,619
58,634
245,357,450
271,418,963
87,826
123,775
176,553,810
667,688
33,39
322,385,537
27,113
163,576
169,545,757
308,813
114,598
213,566
124,626
5,589
201,868
515,576,792
664,707
294,432,483
423,444,538
9,161
91,658
54,350
115,777,799
122,311,695
155,311,924
37,925
55,411
611,719
237,348
420,497
30,443
79,92,146
376,752
30,654
346,965
317,371,551
699,711
206,595
364,387
150,549,968
38,56
313,555
309,339,697
371,843
103,417,951
312,999
180,328
78,853
285,552
425,508,536
359,364,727
395,398,562
616,968
256,344,805
267,808
525,960
272,549,846
614,893
534,755
56,376,729
65,443
90,637
20,303,942
8,180
421,703
146,727
34,360,527
268,677,739
365,884
478,666
360,608
250,688
80,686,859
207,959
489,917
578,661
347,442,478
95,122
95,639
362,985
565,814
162,987
656,852
54,567
613,946
500,894
483,495
196,519
368,559
67,141,291
873,891,959
724,968
77,374
176,962
795,930
624,852
231,243
353,799
72,547
331,834
62,867
770,839,948
140,145,401
440,555,608
397,742,771
430,998
238,760
70,308,743
30,487,740
107,991
201,339
474,858
31,921
28,117
670,980
383,888
505,777
532,997
633,956
448,848
513,863
70,246,653
704,820
606,869
404,520,927
720,776
418,439
598,818
422,746
395,736
229,685
264,288,840
200,816
135,316,693
860,921,950
55,948
529,856,859
751,968
530,948
132,784,966
560,657
113,585,935
583,645
20,973
129,607,856
628,919
150,895
36,307
236,492,890
310,311
492,618
715,777
19,688
627,981
114,230
103,341,956
66,181,974
60,578,910
168,464
151,935
687,903
422,551
195,269
548,671
811,939
364,696,920
711,833
549,716
152,248
372,720,923
173,275
93,902,970
557,623
462,646,686
197,280
41,127,348
474,927
473,817,843
187,217,319
702,738
347,735
22,125,317
22,940
358,697,887
692,811
685,917
461,845
55,230,506
484,931
47,625,972
44,170
670,969
75,684
436,560,717
184,314,866
553,749
257,604
414,749
169,800
557,689,709
391,495,672
212,476,640
455,532
14,759,968
47,449
670,785
407,498,1000
378,825
80,558,798
14,42,944
99,885
162,341,926
244,762
13,364,894
26,282
393,470
540,766
464,689
144,730
479,905
15,388,500
175,499
307,556,653
587,927
49,140
93,106
701,972
159,720
51,642
52,572,827
593,778
54,614
255,341,582
191,202,610
110,146
142,488,581
432,739
259,564
261,382,665
240,483
559,737
617,719
89,211
202,239,320
357,389
683,751,795
425,821
557,793
531,657
91,360,914
73,342
451,712
320,403
451,558
364,871
522,638
340,717,750
134,223
43,541,743
16,382
478,679
185,608,670
259,643
49,147
753,878
71,453
409,564,952
305,370,905
139,550,817
339,453,993
574,844
557,597
167,902
925,928
711,870
178,521
55,299,320
393,647,673
550,949
420,634,718
306,524,790
647,999
25,43,391
220,728
210,520
274,796,858
609,997
156,221,322
73,765,815
32,779
162,789
248,391,671
44,286
132,162,294
212,218,779
22,603,679
179,713
141,255,960
25,49,299
50,347
215,500
582,705
381,887
246,625,795
533,768
665,918
152,169,745
610,684
199,550
46,844
27,358
184,798
335,662
236,941
445,513
385,446
75,989
113,841
270,396,725
370,774,845
160,596,858
156,299
78,677
841,983
159,733
18,463,613
136,948
111,150
61,103,542
187,546,955
707,949
38,561,618
439,994
495,541
652,729
280,458,661
130,436
289,831
521,733
46,358
78,238
791,847
104,135,445
743,964
142,697,724
61,505
17,111
404,448
615,636
37,205
541,657
625,897
294,442
329,382
311,746
276,850
273,820
44,222,302
248,609
442,581
281,949
849,850
655,890
386,557
316,340,505
451,645
76,315
402,489,887
710,767
63,544,653
30,477
164,960
279,584
336,634
203,681,697
354,521
43,120
175,906
331,390
916,985
597,772
116,954
121,181,867
177,512,673
305,721
470,774
445,794,865
599,701
183,868
383,710
7,790
102,288
694,761
619,810
15,262
608,689
551,591
144,201
190,596,727
519,559
327,354
56,586,884
87,787,902
317,409,725
393,497,588
431,951
686,771
124,400,761
348,575
239,865
109,180
88,986
257,403
199,464
660,776,879
55,785
225,399
137,446
83,632,793
171,194
611,671,742
599,619
11,824
362,479
15,711,921
17,436
1,857
177,619
54,610
140,758
220,386
190,855
79,977,986
258,577
752,971
507,921,932
610,844
49,721
447,878,949
600,847
18,479
645,928
92,679
448,798
80,442
174,711
371,817
466,939
60,725
97,109,812
442,592,786
953,984
486,537,878
462,677
290,429
294,528
184,947,978
13,179
53,662
1,243
227,415,760
133,650,754
123,690
562,583,801
51,134
43,840,857
213,834
878,937
215,428
590,797
353,613,838
201,687
89,116
254,271,704
19,317
41,222
30,284,568
514,630,979
93,470,834
550,668
269,902,955
405,888
49,610,961
181,635,920
112,780,966
493,907
798,828
211,221
85,666,872
89,965
459,671
552,928
852,867
337,905
74,248
509,531
329,859
162,223,394
390,406
20,761
304,387
81,748
82,451
732,775
315,495
253,442,768
218,457
667,975
148,911
108,717
101,426
611,631
135,671
146,834
26,254
494,690
306,783,886
402,457,831
618,877
6,367
167,688,694
335,523,582
249,528
571,885
706,767
380,869
116,247
14,414
475,965
101,654
628,650
350,908
428,854
387,766
250,344,974
16,666
276,465,943
184,693
486,892
210,874
331,710
436,457
351,444
619,949
435,795,927
295,602,994
308,845
92,110
469,631
376,507
171,248,766
169,477
286,669
628,950
112,863
115,174,530
298,729
330,972
681,967
141,691
214,832
46,462
100,933
557,881
39,191,413
285,879
21,841
155,170
259,375,499
153,932
186,222
180,896
90,280
129,401,918
984,1000
958,962
67,478
214,825
647,809
59,110
315,926
361,500,849
183,516
560,593
137,919
504,514,735
474,566
229,971
56,97
113,298,889
562,865
647,648
201,707
137,291
573,682
53,916
343,378
207,308
480,903
712,1000
175,279,383
221,828
42,246,568
286,912
28,52,219
427,755
188,296
81,900
467,750
227,669
736,841
413,818
69,533
245,843
36,785
53,671,718
581,950
467,930
769,849
571,832
178,864,967
98,184
574,951,974
614,986
109,742
877,919
37,89,151
104,463
93,273
484,589
37,845
495,944
357,773
502,800,976
831,949
84,575
838,883
187,602
216,444
49,151,979
42,891
10,715
495,506,738
281,892
465,981
649,906
600,641
411,479
176,219,458
359,679
318,651
839,855
630,954
212,741
362,840
361,730
188,602,974
546,618
40,812
29,300,529
470,583
301,315,727
635,643
649,708
781,806
59,857
137,590
509,749,846
37,438
13,325,940
323,826
905,946
108,226,612
289,807
79,942,952
204,831
147,583
547,905
135,665
383,713,784
157,534
96,702,921
52,120,601
576,866
138,466
159,396,879
424,561
83,935
132,179,716
163,782
83,589
51,576
201,330
288,776
260,441,885
347,595
609,657
238,544
247,771
260,375
456,494
310,873
39,302,675
55,933
333,948
4,846
363,611
329,720,905
25,594
26,862
855,962
91,113
106,229,497
200,469
398,516,921
655,726
617,953
188,294,327
194,785
23,942
326,910
770,875
144,385
246,848
694,902
275,875
170,466
103,643
164,487
14,618
208,453,939
293,323
99,720
548,613
158,353
138,801
358,757,800
550,600
79,228,530
66,78
763,963
436,529,894
234,504,956
39,427
80,970
639,716
549,570
192,845
279,460,772
169,872
165,969
498,653
153,592,852
421,854
28,735
545,674
869,925
460,605,772
143,714
869,913
504,686
230,435
33,495
120,313
444,967
342,374,678
253,854,933
632,647,704
383,570,623
658,745,989
199,482,644
717,963
418,882
417,814
312,684
319,862
17,820,918
116,614
220,651
731,946,963
401,557
299,544
44,791,824
336,382
43,353
160,832
1,179,592
458,699
605,980
65,129,561
114,459,637
571,836
169,913
359,435,977
124,225,826
712,795
85,453,518
402,704
8,128
397,537
478,547
265,276
307,310,866
483,658
207,806,816
87,719,750
347,765
111,768
743,975
389,508,766
504,693
339,847
160,915
7,391,728
711,755,900
241,418
183,680
501,969
329,784
228,496,712
480,644
32,128,165
661,948
586,942
42,931
694,783
418,812,952
356,385
612,835
242,622
163,567,883
201,933
82,666
407,540
286,346
350,851,855
243,461
211,673
330,990
107,556,809
251,648
239,717,966
307,394,504
293,476
36,360
680,872
926,943
286,461,488
70,834
130,609,997
320,480
494,936
63,122
188,465
45,463
138,338,529
699,818,872
230,743,929
144,179
212,229
199,377
119,809,882
267,565
16,859
37,543
958,969
812,847
348,730
21,875,973
127,321,987
71,138,824
218,539,852
245,542
621,688
571,930
387,857
266,763,977
199,557
44,338,710
769,895
147,396
94,318
31,910
28,46,912
257,531,559
518,788
126,541,770
68,415
371,517,697
474,651
79,530
814,950,971
94,737
301,374,941
433,900
568,657
405,543,678
113,364
82,339
146,333,613
287,813,867
598,810
348,731
204,341,574
45,308
434,590,978
287,412
434,568,804
104,241
282,627
229,322
143,771
329,864
668,809
568,860
348,467
319,584
50,144
85,524
332,978,989
237,245,532
272,303
476,688
434,466
227,949
175,228
365,545
288,640
58,969
377,611
534,835,962
145,808,836
275,287,422
56,74
519,768,835
281,478
409,831
689,723
403,446
477,671
277,884
52,485
56,875
99,445,749
50,484
76,472
171,866
62,828
273,328,732
425,878
152,256
287,491
272,380,588
462,917
406,952
916,953
413,956
215,940
43,689,817
266,725,953
154,687
304,368
586,711
161,766
104,110,748
438,663
302,847
320,396
831,959
301,541
38,350
359,445,853
228,430,670
49,193
12,356
524,723,802
569,682
484,522
259,598
271,532,663
153,668,828
641,652
496,717
67,473
262,283,941
88,964
97,529
236,729,900
707,895
216,736,964
55,648,773
358,817
447,502
76,131,556
89,188
137,141
162,736,856
343,474,484
152,216
139,824,882
168,482
63,436,521
293,456
782,882
62,545
667,918
24,535
105,184
13,364
41,631
108,587
131,277
307,365
43,843
301,506,622
17,111
60,61,84
359,435,698
104,833
185,931
218,864
618,681,991
233,531
270,569
196,760
161,898
320,481
209,228,533
80,739
143,530
22,67
121,314,991
110,471
534,807
588,859,928
159,629
412,793
13,859
122,653
275,565
29,229
43,77
81,196,420
166,200
90,166,973
146,591
429,643,978
605,746
222,300,579
61,769,918
102,624,785
744,754
8,812
116,962
55,825
43,742
201,261
310,567
692,970
921,959
443,447
166,398
92,464
115,163,581
142,335
86,627
294,583
395,539
740,810,849
447,656
5,25,385
232,593,677
183,873
329,940
158,862
108,580,655
31,92,877
33,773
190,796
66,182,808
418,984
161,763,839
485,618,802
528,811
415,725,754
722,902
197,380
517,636,867
155,164,481
209,508,853
367,388
259,403,492
131,231
268,954
296,700
18,196,630
736,965
49,802
105,337
86,272,510
135,575
822,990
648,929
639,740
156,392,991
281,473
83,443
11,278
448,458,943
369,721
218,352,958
367,407
425,565
347,574
488,735
117,772
70,458
282,887
755,760
483,950
177,758
27,105,320
111,690
200,646
195,607
474,794,914
938,982
326,510
261,647,903
562,923
702,734
166,838
25,498,636
126,799
589,892
21,173
153,387
224,277
252,579,595
858,977
267,965
332,601
58,235
130,732
455,511
67,736
322,644
21,744
225,299,561
682,999
429,642
34,355,792
349,350,945
200,236
367,436,972
544,863
293,528
337,417
731,854
108,484,595
178,686
250,973
2,528,674
43,753
397,641,867
210,365
52,268,912
124,186
69,908
455,653
429,483,596
237,668
140,876
646,832
73,318,663
144,393
232,438
139,269
662,795
197,295,524
12,38
479,877,952
534,802
193,604
78,895
404,426
760,884
267,291,734
666,777
102,413
37,460
651,745
393,770
23,671,807
248,335,665
536,591,646
219,877
399,701,846
76,429,805
180,350
129,271,315
166,504
83,398,889
435,908
636,706
439,664,907
78,512,604
472,747
600,782
693,849
836,966
144,588,841
806,949
523,580
736,836
76,356,363
782,842
506,776
247,465
707,812
275,334,851
89,322,565
563,798
600,876
190,795
28,98,807
243,292
247,778
479,804
317,968
440,714
591,826
7,909
510,826
306,523
852,987
497,875
690,992
605,649
619,802
308,458
147,344
97,906
48,390
63,992
708,837
429,807
396,435,757
176,858
396,609
737,990
157,222
86,867
630,847
195,713
606,978
312,416,852
346,711
420,492
189,384,939
31,672,911
439,602
542,638,706
259,349,872
434,778
100,980
112,266,946
74,303,449
293,576
259,957
313,449,554
127,353,376
107,960
846,874,885
118,636,780
174,954
723,766
455,593
243,496,968
242,449,885
538,640
889,998
276,946
81,638
645,907
938,992
65,372
216,311
126,484
388,991
569,989
567,758,789
425,974
434,618
327,809
597,612
135,282,903
108,490,991
616,835
233,270
476,998
356,412
104,420
44,597,906
575,791,901
547,838,841
781,817
293,722
142,590,852
120,765
137,965
404,594
176,401
130,270,611
276,364,871
578,951
524,765
42,494
356,706
58,969
67,105,843
567,930
135,823
91,139,314
743,911
125,140
125,814
85,423
350,633,730
635,951
416,969
149,569
544,548
309,713
367,762
877,940
30,62,962
440,692
185,757
436,709
573,578
171,789
110,281
170,325,482
57,828,904
70,359,888
291,378
17,443,738
467,547
684,774
619,631,682
78,346
290,303,502
8,11
586,831
127,358
166,221
684,847
489,890
356,401
146,486
201,700
154,678
280,793,811
291,389
209,942,951
243,988
264,865
8,323,983
604,643
153,576
675,959
203,570
87,659
159,935
662,957,981
154,166
129,996
98,541,701
73,816
516,912,984
614,782
558,739
588,666,779
24,434,630
275,693
183,522,870
378,382
172,903
1,28,239
124,211,640
37,66,648
346,378
428,974
476,955
491,645
5,494,855
406,690,778
142,205
608,816
123,379,802
331,661
123,345
52,515
835,898
146,439
127,230,367
197,893,989
152,403,541
611,779
75,879
21,783
431,795
27,138,272
348,349
26,355,919
337,607,852
267,318,665
531,818
241,927
206,963
311,526,983
14,956
108,269
533,686
264,374,547
582,954
249,830,959
417,543
86,826
453,478
303,711,995
798,911
456,771
754,861
586,805
176,390
24,695
636,649
641,850
187,398,612
174,882,957
206,472
100,413
496,966
307,734,959
304,863,913
93,151,970
332,989
166,242,972
232,626
170,291
696,978
246,746
475,701
194,992
817,828,978
729,907
180,854
617,719,773
32,614
31,61
739,821
244,733
263,842
26,759
440,953
418,918
733,882
390,448
114,602,934
72,975
412,605
276,946
645,819
247,762,959
70,227
166,312
121,741
230,944
490,630,635
118,693
88,269
77,133,431
10,19,562
24,97,420
194,438
36,125
280,603
596,633
250,557,885
20,425
719,819
27,283,786
100,101,613
473,585
398,671
301,441,885
726,947
6,734
627,811
287,874
256,769
613,618
595,614
656,706
367,477,834
99,558
504,993
240,512,518
289,525
763,875
310,769
2,383
85,850
751,928
77,784
67,862,899
16,312,367
76,526
416,930
773,936
227,905
287,669
258,380
455,513
735,817
790,825
305,670
57,139
74,242
563,969,993
254,630
38,657
72,459
658,668,901
979,995
317,441
380,887
834,997
416,439
274,560,896
604,935
111,635,826
163,442,635
463,913
600,619,952
214,568
35,663
400,648
673,928
202,454
465,973
619,907
665,857
101,886,932
362,458
529,782
493,657
593,678
78,206
30,473
139,715
516,929
127,891,942
165,895
72,740
518,534
9,166
499,581
135,158
12,79,240
597,689
528,868
667,966
624,669
368,955
320,741
271,742
469,715
158,429,559
138,457,551
686,757
55,180
58,159
364,668
388,447
78,568
87,414,972
130,940
394,801
829,988
100,153,870
621,720,878
681,880
400,821
192,659,780
29,600
45,453
116,538,771
89,167
536,850
339,743,934
145,380
482,862
573,609
281,842
201,595
793,895,996
905,990
40,477,799
114,995
515,712
231,340,968
696,921
7,567
101,283
723,794
46,924
3,160,985
646,976
489,760
169,888
423,673,802
433,978
517,825
438,545
402,452,772
184,394,815
6,364
292,974,989
359,580
204,428
762,920
469,594
757,948
741,845
888,996
6,254,979
822,837,879
317,613,941
220,651,787
548,587,798
979,983
127,293
289,935
383,517
149,457
513,543
93,820
8,721
445,694
354,944
297,627
93,334,968
233,566
22,811
2,525,714
216,804
209,235
243,747,913
56,570
708,709,928
208,402
326,806,856
391,690
138,777
393,526
158,863
347,610
287,954
39,514
742,866
124,655
295,582
69,318
816,911
733,942
21,684
397,530,677
30,237,543
285,775
150,564
205,254
127,636
138,600,607
234,709
61,726
653,730
170,236,713
714,854
26,592
533,738,826
229,274,889
310,840
46,456
188,359,613
174,577
20,325
632,760,778
63,233
93,556
405,676
209,424,898
553,581
410,528,689
297,842
266,691
260,971
515,750,913
412,716
513,833,940
358,474
76,635,965
222,787
769,891
79,830
13,728
27,74
152,530
107,165,742
789,856
44,536
730,752
130,483
382,613,683
641,882
788,942
128,789
312,843
535,748
57,162
476,673
843,963
687,755,981
278,388
377,875
607,948,999
97,459,579
696,973
329,977
142,669
230,556,937
216,728
581,928
75,272,312
398,671
404,506,683
372,660
172,206,410
318,479
111,656
161,509
186,648
163,255
17,854
837,900
376,500
433,829
667,668
128,657
141,157
146,800,989
90,247,843
985,986
151,318,773
523,890
172,824
479,586,887
178,524,586
103,133,765
47,161
250,880
232,320,733
394,496
359,433
237,508
403,761
395,907,986
303,343
619,656,663
227,948
171,188
488,496,865
102,985
226,459
418,624,794
467,809
170,232,389
189,191
248,852
297,478
379,828
13,849
150,616
333,559
83,718
424,575
175,291,729
674,748
457,637
333,432
119,234,241
119,835
221,881
167,419,695
205,580
362,544,725
155,333,358
755,785
61,529
365,470,899
583,776
228,506,871
111,556,982
55,975
213,498,958
448,740,771
538,579
771,882
456,941
311,658
468,587,753
382,977
153,859
629,674
315,754
551,575,607
57,277,940
88,622,844
499,759
407,879
181,773,877
398,852
519,903
177,748
569,970
175,846
65,843
535,671,802
265,566
21,200
298,518
381,691
577,726,760
545,548,746
114,581
888,919
430,591
131,657,742
713,723
614,650
589,665
594,655
269,482
113,458
447,471
695,979
208,534
771,923
187,592
82,537,607
194,680,879
602,963
486,623
564,649
58,166,992
701,790
395,508,585
311,810
10,988
54,722
202,479
565,582
28,307,917
499,632
468,643
267,517
93,646
717,861
40,301,812
193,377
26,802
50,565,609
122,462
219,941
123,430
294,432
525,935,990
58,645,848
410,952
3,727
132,470
327,470,731
427,607,872
386,558
638,984
198,763
421,856
163,414,511
349,447
655,851
97,224
38,833
528,770,837
230,231
203,365,369
507,881
19,132
83,690
618,874
460,586
320,781
451,751
465,683
96,320
666,867
564,851
44,493
334,719
363,405
24,372
626,797
105,872
268,986
80,725
295,418,831
807,832
350,895
278,547
396,606,809
127,306
270,386
37,126
79,720
612,793
57,142,741
125,765
57,866
55,285,525
495,648,873
125,582
37,354
328,804
503,755,799
502,915
317,536
148,283,976
327,795
140,385
705,833
54,261
119,726
94,595
116,575,777
333,382,769
112,458
325,567
328,355
380,599
498,902
209,736
149,240,417
176,288
100,152,581
25,433
356,967
73,661
214,687
28,544,957
127,183,340
401,585
763,953
513,544,721
432,473
279,965
91,141,500
400,710
641,996
215,314,882
148,676
188,527
225,639,820
464,831
419,675,713
395,586,786
755,988
366,680,922
90,123,952
431,548
66,460,543
249,999
886,901
90,420
166,749
436,863
163,684
168,182
81,212,271
245,343,486
338,423,529
300,417
111,532,541
635,791,850
648,703
6,178,277
254,369
15,800,821
228,396
64,690
35,49,446
500,552
188,455
173,364,987
29,644
79,940
411,799,889
269,883
6,892
227,964
20,368
342,843
618,788
192,698
906,941
45,731,750
37,410,654
152,878
123,282
102,235
454,985
296,559
223,230,332
306,746
173,879
283,598
77,120,783
136,657,806
379,606,767
308,742
525,827
800,870
77,972
210,407
373,893
51,514
106,631,807
99,958
344,507
107,702
237,388,823
559,981
40,980
4,448,924
666,882
292,635,960
105,901
192,513
207,210
113,348
623,815,908
298,310,822
274,327,670
520,819,928
461,629
750,949
18,979
326,451
139,334
103,233
183,757
84,303
486,556,923
34,659,710
434,734
89,950
29,595,983
89,654,773
74,541,909
178,611
54,993
270,864
71,251,482
125,357,376
114,735
3,676
335,427
127,399
6,672
193,342
604,812
143,264,555
14,726,759
702,885,951
270,775
162,341,682
124,353
34,450,665
101,886
147,628,947
158,512
524,613
195,242,762
281,457
379,866
326,383,783
54,261,884
270,575,944
471,700,771
202,229
68,523,954
575,625
97,98,450
566,840
611,734
9,104
6,508
63,245,986
15,394,864
15,78,497
22,608,771
85,939
18,511
634,961
74,201
707,933
208,799
127,561
226,899
81,534
5,847
40,306,884
218,564
457,657
55,323
220,348,544
359,528
199,344,449
457,883
200,268,965
486,661,818
161,487
350,411
470,721
423,876
225,553,812
518,889
179,860,871
20,753
511,574,798
178,521,642
60,759
50,144,459
45,79,239
111,130
398,667
852,894
585,599
420,631
623,831
512,521,814
149,865
752,792
125,197,816
142,930
745,946
360,873
56,439
327,545,800
55,563,615
824,845
410,775
18,529
626,887
6,213
188,967
209,608
157,971
185,433,599
476,611,983
27,248,867
170,244
378,454,769
79,746
116,645
69,477
243,309,572
524,652
308,583,953
18,187,799
48,190
65,889
889,892
685,820
136,686
196,936
283,867
420,955
774,897
234,826
640,929
653,669,878
605,954
141,395
17,281
400,460,607
150,891
1,905
333,935
70,354
342,891
625,685
363,486
524,791,834
462,613
237,549,987
305,878
19,467,674
9,26
589,634,884
706,816
104,737
596,763
468,508,549
469,936
49,400,620
206,990
511,711,869
651,769
499,870
561,617,858
822,830
608,676
5,386,934
100,402,666
111,133
274,931,939
426,520
21,426,827
324,477,887
523,745
113,297
108,298,863
640,675
188,376,855
66,449
91,409,934
451,523,951
487,720,789
150,186
626,645,757
95,390
736,963
141,171
192,696
356,894
970,975
271,599
144,713
585,643
191,615
279,888
17,310
377,637,713
155,735,987
486,798
253,967
50,158,440
181,815,821
14,426
494,649
30,143
202,961
482,765,781
221,876
800,869
399,958,993
53,386
271,868
512,985
587,986
103,196
198,543
130,709
258,606
480,543,889
734,985
244,301
158,721
510,792,947
309,660,981
119,641,973
4,466,773
51,436,691
212,739
353,412
94,263,292
633,659
343,511
625,926
326,482,527
352,420
642,659
64,349
730,909
274,327
83,437,903
466,501,943
348,955
196,872
66,426
499,817
642,836,940
720,878
518,645,978
576,857
485,655,690
338,836
86,627
229,770
253,571
579,839,945
226,484
167,177
75,181,550
163,423
601,786,831
283,374,843
634,936
109,417
722,906
601,626,829
48,917
266,309,436
65,123,901
285,737,858
302,489
114,381
706,960
175,820
469,743
267,910
140,668
587,652
547,751
540,701
351,391
571,973
272,455,910
78,595
506,850,963
353,690
158,746
356,451,901
260,288
541,590,920
749,790,946
477,785
299,648
373,919
146,209,865
332,434
105,429,893
211,690
119,436
699,834
290,292,332
495,644
686,902
597,779
208,407
165,357,645
410,475,898
851,985
446,855
400,548,589
193,534
41,398,424
243,577
366,720
290,460
248,303
246,800
586,783,864
790,863
323,888
743,883
444,612
291,857,875
709,964
283,574,621
28,739,992
82,124,265
161,694
347,575
250,606
326,527
44,391
353,885
170,816
42,486
703,782
203,600,925
36,873
591,681
445,947
454,742
511,773
270,282
352,388
2,213
501,809
157,299
325,361
48,399,708
332,816
707,805,996
304,559,948
193,414
495,524,744
302,748
396,505,816
746,793
286,648,908
293,628,644
857,975
265,545
110,624
733,949
544,615,938
474,841
211,667
443,567,718
491,597,710
279,486
838,969
277,460
200,336
383,860
874,893,980
81,867
8,343,529
598,917
567,979
119,671
882,997
72,474
132,333
5,598
3,739
360,731
757,913
23,358,449
148,861
188,818
345,760
350,386
590,898
277,707
68,242
559,693,935
132,854,935
156,536,682
23,238
175,308,382
183,688,930
166,537
743,943
660,916,966
338,579
166,655
122,520,997
657,987
339,633,925
329,637
261,510
782,868
387,829
175,413
807,810
429,491
113,512
66,538
67,68,170
113,561,820
299,332
148,653
594,947,950
28,807
42,556,898
234,704,982
325,789,942
560,563
415,772
448,676
877,911,946
79,452,680
383,906
36,125,320
705,786,860
310,451,968
86,405
76,768,852
490,503,545
190,249,969
686,919,976
93,300,729
139,357,521
86,450
92,209
690,872
28,96
910,921,971
8,647
129,162,861
169,848
448,533,994
515,915
148,430,518
170,646
260,724,852
109,439,805
164,292,855
360,371,438
686,836,921
616,898
164,381,578
437,831
719,872,997
341,541,826
106,448
575,675,793
238,578,948
470,604
532,738
147,151,971
855,964
61,753
756,911,974
87,257,727
313,461
446,630
305,629,931
343,409
43,153,181
134,278,492
663,886
218,852
236,318
125,187
350,825
345,597
314,570,671
46,785,980
639,884
133,640
854,892
288,822
142,468
745,922
336,962
533,653
372,407,898
364,419,616
196,604,945
670,972
208,571,940
82,610,657
641,905
155,589
181,432,510
55,387
477,520,776
126,511,627
516,823
336,498
127,663
576,794,800
250,738
655,671
167,222,877
187,606,828
110,228,365
722,986
658,682,816
421,820
91,569
570,741,781
45,215
168,380
234,308
132,601,839
14,82
755,883
313,631,803
95,441
372,970
179,670
24,344
298,574
129,134,333
24,485
345,943
9,605
92,677
301,544
48,562,699
222,458
116,356
374,444
14,492,952
32,434,849
477,837
467,669,788
607,695
517,551
232,448,923
349,412,471
431,738
46,151
136,578
147,434
674,852
513,853
559,692
369,780
538,637,821
703,870,936
236,264,553
540,712
267,382,442
79,83
262,557
162,379
26,892
26,459
345,393,666
100,365
210,611,997
108,409
468,689
81,113
322,453
22,615
126,318,325
478,981
412,564,669
367,636
38,110,605
171,385
417,892
403,625,733
62,102
12,115
132,562
428,779
704,870
181,819
579,926
500,956
208,872,936
166,339,860
770,992
497,864,964
185,916
243,270,897
198,674,857
508,521
129,167,226
350,584
23,114,176
85,657
201,323
34,960
624,873
806,953
12,651
656,920,942
9,423
383,905
246,615,691
483,743
197,401
624,743,822
414,953
802,973
51,189
364,521
125,780
548,871
192,340
50,396,495
451,606,668
106,880,916
382,833
291,303,689
280,804,883
165,667
132,182
345,372,383
925,945
310,808
320,816,875
127,191,626
441,590
302,579,595
95,421,630
864,995
606,746
519,802
341,560
215,852
580,703,889
310,363,781
225,640
301,525
890,971
494,597,690
599,622
578,904,967
486,691
356,864,907
276,401,696
470,888
36,857,929
759,779
253,873
805,893
217,296
320,349,645
492,939
334,526
66,445,696
761,955
282,851
74,536,877
38,165
104,724
249,431,908
118,361,973
12,982
756,806
115,564,675
855,943
429,604,876
74,624
134,902
34,574,861
18,627
791,992
75,953
1,568,889
510,568
17,80,440
645,896
37,437,652
486,991
896,989
396,563
383,600
231,747
597,762
215,280,318
310,795
309,917
174,605,755
420,666,823
359,962
464,783,867
238,278,933
517,747
201,864
147,246,823
547,603,719
138,262
585,682,787
56,998
369,610
71,664,936
40,777,847
293,968
309,629
681,795
48,439
95,859
413,684
676,899,936
174,485,807
312,1000
428,982
228,368,830
400,664
527,601,819
44,149,403
95,791
15,404
189,560,640
273,612
95,794
239,285,436
782,959
268,424
531,942
675,934
80,856
503,537
40,919
504,626
85,529
310,610,619
7,760
93,860,880
27,85
417,581,597
342,538
193,500,937
383,901
398,729,824
296,510,945
501,863
84,260,306
238,950
17,36,510
179,514
169,609
759,919
468,601
426,667
21,430,827
130,704
808,975
168,310
276,552,679
509,606
774,850,880
272,587
70,235
192,764
233,291,325
593,933
526,603
497,949
204,574
240,247
163,772
344,794
549,661
918,926
10,548,837
529,651
678,976
181,464
210,735,817
117,423,616
633,704
288,290
32,510
37,167
275,406
226,580
146,916
532,783,942
77,400
310,682
762,927
633,782
136,472
220,435
518,892
79,87,686
402,652
216,397
624,964
410,484,983
181,312
417,543
139,883
5,435
457,468
27,877
295,927
161,231,705
106,543
391,972
74,303
775,960
615,649
66,511
452,566,775
542,700
22,110
307,841
50,597,874
219,302,594
441,952
270,485
204,529
289,777
242,432
166,908
131,542,699
51,525
447,862
99,301
151,705
42,243,958
168,724
238,386,465
115,545,825
283,310
225,392,969
27,32,297
145,149,966
763,922
800,821,834
673,933
272,387
161,969
751,928
221,367,448
560,935
402,845,943
440,563
450,644
813,891
252,982
444,671
474,681
88,590
573,932
726,810
435,660
1,146,525
87,731
157,630
698,927,941
109,669,734
175,314
668,768
231,569
710,889
622,680,963
395,474
395,928
869,942
416,533,594
389,918
428,680
371,570,672
87,964
24,208
56,229
709,897
318,703,997
333,975
242,675
263,853
516,908
96,153
116,138,218
95,146
591,825
680,734
776,833
272,817
114,745,841
28,897
507,955
502,903
618,760
122,633,670
320,960
345,501
305,391,973
622,633
36,344
49,647,907
52,946
1,248,809
643,918
83,488,564
161,599
155,338
92,365,500
139,263,894
203,979
243,396
363,768,824
242,665,764
1,192
544,650
258,461,857
304,955
227,234,354
582,784
291,940
24,25
239,352
550,638
420,454
142,961
771,855
693,989
205,852,937
57,432,635
406,739
308,692
645,975
18,902
569,961
476,829
547,835
235,324
19,566
23,47,999
6,500
747,793
57,834
450,756
781,976
126,180,186
539,704,902
21,308,809
182,235,509
574,792
488,667
837,848
457,858
73,950
59,963
86,517,686
767,828
155,536
20,808
89,114
184,771
265,445
34,164
437,548,824
534,566
35,401,875
230,784
756,867
60,69,635
141,379,541
24,203,936
154,543
592,747
166,296
4,448
134,681
382,629,683
385,391
566,644
163,423,889
112,435
91,284
820,868
16,248
53,95
461,513
284,573
134,154
717,779,792
332,545
656,814
7,593
254,880,905
78,405
223,654
514,806,878
8,729
39,537,661
467,838
620,894
206,568,632
540,578
658,854
444,761,817
385,640
385,492
131,385,707
909,919
310,599,864
21,808
133,228
48,704
166,375
348,394
49,289
237,340,508
261,602,810
408,681
316,588,996
126,306,400
414,633
557,786
180,273,398
348,658,910
472,687,877
211,661
520,866
320,741
228,950
783,786
865,980
90,287,450
139,840
317,722
111,190
115,128,730
664,882
465,846
195,253
84,249
470,750
402,557
150,694
156,175,804
83,452
468,918
348,752
510,526,947
282,551,661
103,105,549
283,373,843
645,691
553,927
317,339,863
78,144,646
446,556
119,151,328
138,474,636
169,874
694,838
45,319,473
205,233
508,647
251,534
414,965
487,692
5,251
77,662
243,378
86,438
337,358
613,944
603,831
212,388
172,457
400,580
313,810
92,366,784
92,504,533
331,470,740
284,591
579,903
574,706
166,412
141,574,764
47,84,180
110,350
22,158,616
246,285,506
342,390,884
30,52
164,814
423,649
212,269,729
445,461,645
114,863
33,645
830,975
297,584
290,578
440,677
229,907
75,106
131,199,627
182,366
457,589,654
520,531
429,767
614,757
325,530,550
377,495,548
27,728
15,950
88,116,473
94,670
141,159,900
357,623
385,453
15,261
20,430
192,296,938
88,703
724,933
454,501
71,129
70,222,964
71,766
514,910,933
116,236,476
13,412
153,819
74,797
38,437
109,812
589,639,793
838,967
368,566
519,597,889
50,883
618,957
384,472,517
479,684
550,590
314,646,923
285,716
117,327
262,767,847
860,949
107,682
601,722,789
211,769,881
110,270
418,700
372,805,998
64,365,783
144,350
194,320,567
144,260
552,830,861
138,659
200,719
177,234
336,346
473,690
24,96,388
502,985
384,635
408,536
273,848
77,934
688,857
197,450,451
700,882
103,113
98,740
437,503,571
805,824
482,971
28,712
224,465
5,306
514,892,929
123,802
303,453
520,963
207,620
558,696
180,673
95,195,667
727,796,868
186,454,834
249,775
539,722
195,458
218,597,707
480,859
192,581
839,958
615,701,905
431,769
733,768
36,823
528,915,957
228,811,912
319,841
625,654
342,373,480
779,850,908
335,771
20,234
616,814
175,697,938
904,999
174,802
59,330
154,186,419
375,938
640,818
183,939
397,477
240,621
176,441,527
477,917
71,636
191,457
769,814
33,784
267,387,689
294,559,757
335,383,504
177,654,810
72,771
90,387
157,916
266,270
157,717
374,828
255,571
644,856
561,589
112,898
704,802
842,932
238,726
245,751
614,703
269,961
625,889
188,465
387,543,574
393,899,961
574,894
349,894
110,687
151,220
57,425,885
98,144
87,162,587
266,304
174,345
668,924
50,647
171,346,772
150,992
133,624,718
385,948,970
168,518
172,945
74,918
27,817,989
272,313
353,552,701
208,577
477,739
645,866
183,402,581
347,959
340,790
168,194
485,704
359,509,943
841,960
188,837
349,529
271,698
15,789
431,769,950
277,383,495
382,728
133,364
42,490
533,550,861
400,746
954,981
127,674
242,247
555,816
422,895
290,318
417,670,807
476,694
582,978
182,323
358,646,903
555,940
147,153
421,742
667,720
231,648
48,150,963
18,490
229,977
29,271
358,995
275,752
507,839
67,743
106,551
378,750
398,413,813
25,350,819
648,704
326,959
499,939
398,462
4,707
128,553
129,357,867
348,457
396,613
15,171
73,181
136,709
219,374,644
102,160,840
139,716
13,70
43,911
201,241,456
501,539
28,346,753
699,980
398,900
113,564
277,373
146,365
73,667
14,493
5,338,760
481,523
15,844
596,645
454,981
255,482
202,449
317,515,914
315,341,685
738,879
42,977
253,429,554
575,631
810,869
369,937
154,242
319,770,853
911,930
681,706
272,585,911
295,789
146,714
173,924,956
104,589,627
225,484
59,826
880,947
131,532
424,497,827
592,671
23,726
95,770
529,648
438,693,834
857,1000
415,764
451,733
73,263,526
429,733
131,356
374,893
118,650
584,655
192,682,772
165,494,841
395,645
416,619
484,701
416,578,651
29,529
94,601
268,599
407,731,848
260,810
300,372,613
757,782
250,797
55,112
240,601
45,787
550,590
84,925
152,769
260,489
500,549
698,743
269,921
479,487
1,28,560
114,295
377,396
352,578,998
121,884
249,266
237,305
262,647
70,547
3,208
272,734
371,776,875
329,331,711
204,829,988
774,848
109,602
555,820
404,406
664,932
165,304
15,440
611,649
28,764
162,414,680
381,547,642
625,875,971
37,916
334,695,966
36,242,373
31,860
567,754
297,512
553,962
455,697
718,772
369,544
308,957
46,880
256,351,598
43,270
407,631,995
24,638
842,882
556,834
447,655
329,362,986
394,504
154,775
171,463
679,737,926
5,41,767
475,572
135,955
276,611
148,267,312
214,898,986
172,903
660,856
191,428
391,787,967
798,970
488,692
233,701
512,802
382,662
442,702,713
666,742
345,822
384,711
154,263
290,485,604
307,315,834
227,988
403,778
217,992
343,895
437,635
34,895
327,364,560
555,853
498,598,657
473,804
88,720,880
325,378,473
46,905
136,699
277,658
864,922
670,952
194,719,853
395,502,921
327,527,674
125,668
267,914
159,323,994
766,814
92,272,405
440,963
724,791
287,791
673,958
668,930,946
92,760,845
254,543,619
185,617
259,635,743
98,173,341
212,424
28,219,660
362,888
14,688
17,386,772
17,843
158,161,576
372,796
286,292
410,667
739,831
324,950,955
684,788
109,113,890
708,835
392,814,930
4,425
539,814
233,495,822
64,776
40,81,151
567,642
244,351,536
103,983
6,532,795
395,517,951
242,381,741
400,420
165,366
173,938
347,529,573
292,600
314,384
710,793
608,610
809,829
127,190,301
211,996
219,834
124,931
200,336,366
479,900
132,257,773
535,546
576,623,864
289,619
54,654,662
545,994
37,361
211,875
29,695
185,365,975
59,187
731,938
533,940
397,811,858
373,709
360,434,904
26,972
141,155
611,874
48,209,789
43,744
566,935
593,740
169,343,880
64,928
382,775
42,660,743
36,155,458
126,172
30,205,840
645,948
36,642
268,608
489,547,661
238,900
417,811
236,691
964,985
57,107,608
10,572
121,243,799
144,202,881
263,993
58,317,725
433,593
186,917
23,188
491,776
950,987
71,325
245,565
583,994
127,825
5,511
439,511
310,745,915
6,212,517
179,976
533,769
127,284
807,891
87,900
417,466,836
734,764
280,448,838
139,617
487,583
307,571,668
41,808
224,279,634
449,863
11,534
330,842
551,881
869,943
547,977
44,605
258,335
108,406
480,971
161,640
675,758
437,494,982
54,649
274,525,646
345,578
301,430
27,162,557
215,527,774
257,608,849
495,656
404,634
109,126,804
233,637
215,271
903,933
296,775,794
792,930
300,391
459,790
387,642
432,650,672
520,678,763
342,817
752,980
265,793
118,392,668
291,327
202,496,709
269,387,983
125,820
462,975
32,277
378,430,473
236,970
875,958
485,641
712,821
233,769
532,655
448,749,809
131,156
228,323,603
100,874
87,574,919
157,244,950
191,596
245,658
432,654
45,63,192
413,552
379,882
98,634
159,669
522,991,992
188,388,992
28,506
28,690
689,891,924
46,227
686,766
10,531
100,709
420,443
311,751,977
24,41,632
29,75,346
557,587
136,834
325,339,788
240,575,892
506,829,834
42,298
344,533,540
30,864
273,903
125,244,540
143,946
773,776,848
582,852
528,534,945
94,661,847
51,764
112,726
124,717
2,244
311,400,559
174,896
422,502,644
309,692
412,518
881,893
87,765
620,671
230,286
198,504
304,974
411,423
323,997
250,446
255,785
225,406
368,835
116,306
293,328,549
139,759,966
286,414
622,788
91,751,924
633,743,855
15,443
161,446,498
171,415
258,388
27,326,918
459,597
770,784
252,847
519,655,812
234,920
472,881
356,702
360,539
635,967,999
74,133
466,760
41,269,868
12,996
50,69,519
399,844
306,572,705
404,583,588
369,566,822
434,754
261,732
412,829
50,471,493
494,548
264,367,584
44,835
265,967
707,872
271,354,736
415,440,811
301,895
105,408
918,931
139,237
503,761
38,537,775
404,412
549,846,994
394,861,978
33,376,417
656,877
213,574
97,775,895
141,360
255,318,477
159,729
533,705,948
538,914
47,571
372,753
273,813
945,982
400,649
143,466,818
244,326,794
368,845
24,393
5,630
225,902
494,522
879,939
200,522,799
395,485
538,732,874
513,966,977
190,466
150,923
125,752
392,665
116,287
342,853
24,529,823
371,410
69,867
411,423,761
477,887
149,238
207,253,729
60,450,901
443,979
408,718,784
490,837
83,273
257,321
304,878
720,824
311,347,590
563,813
623,967
190,907
132,229
428,618,740
808,814
156,373,450
173,261,733
34,718
78,492,673
337,794,971
314,570,753
338,775
392,403
188,559
287,395
579,760
362,992
524,728
665,757
180,493
263,762
524,964
147,551
32,325,537
386,748
498,701
532,966
234,950
227,470
541,756
68,720,728
785,951
113,487,540
62,66,405
125,507
158,641
323,714
574,651
288,479
544,550,948
331,739
93,302,890
419,514
885,942
917,990
692,898
57,656
751,837,927
306,434,726
493,645
477,567
226,261,902
515,535,603
1,293
569,810,949
334,429,863
789,883,887
192,299,317
3,508
322,960
829,954
48,87
129,487,816
655,946
136,441,924
41,348,799
417,782
240,840
141,262,429
232,629
572,851
412,909
381,395
206,463
119,377,791
726,802,970
443,730
94,402
245,314,432
612,856
548,734
267,762,920
342,655
153,272
406,492
633,955
42,185
202,336
169,593,613
293,487
71,302,589
48,633,850
418,716,956
61,769
286,559
113,772
547,961
241,920
76,672
467,854
469,703,807
540,821
427,548
465,470
201,252
151,243
191,564
256,959
311,648
544,563,845
92,102
330,822
4,249,496
98,960
1,713
585,752
362,575
61,815
27,978
409,564,716
720,916
5,724
756,810
105,764,794
185,825
159,430,754
488,727,747
397,482
19,308
906,952
1,569
439,778
55,616
10,709
503,773
237,250
100,166,627
217,796
332,368
238,907
21,251
545,977
380,735,836
71,852
613,769,824
78,387
134,384,617
722,900
337,556,690
373,413
763,895
546,649
191,922
505,956
234,420
419,598,902
244,784
129,786,959
76,260,717
378,616,725
142,850
560,712
481,663,672
102,517
498,640,871
739,966
590,965
151,356
57,571,918
176,644
63,331
201,580,803
125,303,551
506,990
386,702,819
180,216
845,969,986
184,921
168,332,738
115,890
202,841,929
274,965
112,544
289,372,720
108,713,889
316,733
101,479
184,302,481
229,619
77,355,438
712,835
370,999
73,685
441,793
247,429
81,468
204,398
112,279
108,992
374,712
119,137,849
794,864,910
300,769
473,797
521,533,726
111,655,982
375,663
181,284
51,278,914
326,947
741,884
768,793
427,812
394,774,907
86,557,976
328,620
133,326
45,692
24,586,796
56,847
234,371
193,812,847
588,882
400,437
257,677,994
792,885
306,418
177,422
401,855
245,997
51,215
311,565,950
176,730
369,400,857
164,686
203,384,659
485,567
13,565,924
355,380,465
727,927
18,489,537
415,997
872,987
455,751
237,643
875,982
545,770
336,366
533,775,937
578,697
788,895
84,121,993
243,630
293,516
42,912
387,978
338,634
566,980
25,831
401,451,967
139,176
558,912
414,576
38,423,799
185,512
32,213
325,686
136,194
362,462
216,533,956
