41,315
309,362,769
670,983
526,614
21,386,435
166,316
129,220,642
151,232
485,980
636,993
425,503
33,912
101,190
306,624,804
349,383,903
353,470
55,258
604,895
649,783
226,959
519,739,836
106,935
193,464,628
12,33,849
140,146,381
263,370,580
114,281,348
49,524,950
327,584
428,640
153,290
95,333,919
27,35
200,969
874,924
447,630
232,291
778,845
198,287,371
9,661
123,183,752
467,585
98,628,848
13,916
208,372
365,816
232,859,895
311,356
139,822
455,998
464,478
101,383,954
786,936
253,352,595
118,713,965
50,367
561,838
191,465,788
666,797
154,413,851
615,677,988
215,498
605,767
273,356,845
349,687
698,968
17,757
119,312
326,874
39,242
35,608
157,282
117,170,219
69,769,808
595,790
528,797
633,653,902
73,903
240,738
29,227
104,721
594,652
680,687
611,924
194,926
240,963
745,812
906,999
689,764
343,850
673,953
123,461
143,817
9,120,737
6,150,550
102,351,812
477,501,920
127,282
303,553
44,52,656
141,990,992
841,957
368,490
698,792,877
454,811
547,917
714,736
418,978
421,597
157,304
104,474,493
294,502
474,549
13,584
146,766,956
560,820,895
438,687,703
36,803
184,725
93,814
725,948
560,876
447,617,989
287,532,941
28,425,717
288,880
541,901
906,926,929
134,142,145
45,283
468,474,627
139,300,850
10,122,563
191,810
310,789
116,226
424,776
395,581
280,981
6,511
320,381,525
104,167,579
209,765
165,963
84,685
369,458
138,440
86,432,568
214,215
509,736
256,487
114,691
340,831
258,623
161,795
211,739
346,984
629,932
581,837
81,862
160,181,901
460,713,836
538,742,986
454,537
254,835
72,738
189,325,751
35,127
325,670
447,976
458,510
313,942
12,355,973
28,857
621,773,777
845,929
121,473
381,709
261,570
198,362
274,740
307,816
501,688,879
185,300
166,337,853
542,969
52,819,869
296,475
269,398
512,921
49,304,696
55,490
369,575
359,558,724
413,736
205,514
202,568,668
662,781
5,645
487,889
350,622,671
502,534,565
605,833
172,504
330,788
110,708
196,432,746
74,91,135
47,70
39,815
173,591,911
360,456
184,576
374,591
549,695
280,336,603
104,236,810
86,129,993
589,616
583,961
119,375
437,622,725
754,889
811,905
603,765
903,995
294,725
662,853
73,976
387,612
346,846
24,604,656
240,885
445,693,990
269,753
176,802
818,964
96,183
669,675
185,754
76,784
564,976
501,777
339,346
114,171
419,953
29,549,755
373,686
624,653
59,83
647,938
251,566,957
11,288,778
633,748
201,428,831
200,489
42,582
49,255,617
550,870
316,783
115,156
498,573,587
85,146
121,661,946
494,529
297,391
590,608
198,456
327,410
32,299,782
193,484,917
682,705
32,71
269,328,509
291,416
66,609,804
438,997
183,192
678,741
99,480,629
273,770
222,459
93,870
74,149,670
480,826
454,523
578,675
109,823
721,783
163,263
372,953
486,783
423,623
163,271
544,694,898
287,390,419
293,473,754
70,196,581
736,786
70,916
151,203
735,757
138,437
256,506,742
253,424
290,765
159,210,460
781,797
116,597
57,221
30,544,833
71,965
231,877
297,962
458,668,836
321,604
140,371,825
122,280
709,813,897
119,483,589
166,537
81,338
180,280
192,897
228,978
23,689,829
293,394,495
484,809
204,465,606
242,302,729
175,683,875
119,423
276,795
335,638,671
761,973
263,928
525,653
529,643
279,384
321,348
24,251,600
553,753
344,663
133,760
8,46,91
464,811
99,952
309,549,952
786,827
135,394
348,431,871
283,454
456,717
532,955
598,692
337,512
97,240
241,529
24,335,597
631,825
338,823
694,836
3,693
6,616,708
196,351
231,616
98,735
132,282
259,893,989
239,535
47,152
583,710
177,874
152,737,805
91,502
50,976
589,697
722,828
449,996
375,432,673
211,832
332,696
786,989
24,408,502
751,931
220,621,759
132,609,821
9,81
138,501,871
251,370
250,560,962
222,579,900
36,542
54,859
453,649,889
107,776
32,368,503
395,474
379,974
95,556,623
630,642,652
81,591,952
183,252
277,854
23,377
556,606,902
367,493
366,691
282,299,329
2,160,918
83,158
25,281,637
44,518,912
646,748,797
95,822
324,598
430,550,615
437,705
357,796,948
598,622
469,796
364,707,850
54,547
351,570
110,865
35,184,193
290,577
141,206
124,418,523
157,481,981
4,296,803
423,963
354,915
424,889,978
294,693
298,627
190,543
422,543,952
489,820
465,812
159,385,680
33,180,433
611,850
163,723
235,792
499,582
517,928
338,835
241,266
115,662
273,307
95,596,753
804,838,921
427,891
287,324,403
88,457
359,576
287,651,745
250,416
436,889
164,197,554
427,823,960
81,915
771,906
304,573
127,480,754
508,832
570,646,898
302,489
224,424
152,322,676
165,918
42,222
134,286
836,916
35,751,784
399,579,791
347,740
398,548
193,464
429,608
176,331,372
519,719
176,999
577,759,996
68,149,554
516,867
651,804
814,816
698,790,979
520,911
178,212,332
177,678,855
650,654
399,779
415,551
443,528
320,570
440,855
30,199,641
487,896
169,344,452
113,313
61,203,610
529,986
534,866
346,448
184,774
178,325
268,396
388,830
522,529
202,408,675
312,393
12,767
932,946
390,740
327,694
197,283
265,455
304,366
146,566
160,534
551,692
461,834
76,228,572
284,626
225,812,815
519,775
129,697
37,713,905
117,496
8,787,824
701,815,861
213,683,818
183,733
774,952
416,675
133,405
148,585
24,245
143,574,584
583,802
90,829
166,176,821
516,947
307,415,476
101,675
329,863
841,926
469,758
7,386,984
168,843
121,928
128,308
79,877
533,536
138,219,607
812,927
715,732
491,662,778
24,183,201
154,701
44,82
19,313
302,401,498
539,975
310,413,746
379,459,940
47,439
877,926
88,453
466,678
199,385
458,973
67,84
314,761,862
108,161
741,901
37,96,244
573,840
328,444
345,656
243,407,695
403,854
431,785
659,697
337,477
600,936
248,679,887
96,195,637
234,926
265,653
4,322,921
87,967
326,814
591,795
3,739
142,467
438,603,885
403,772
210,372
481,923
434,782
238,402
340,654
803,834
398,619
36,80,772
410,510
383,711
30,469,825
168,453
148,426
58,855
435,916
164,808
17,495
630,696
337,564
503,686
64,216
536,596
299,560,914
491,659
280,527
438,582
393,654
344,377
198,619
576,583
171,313,740
187,655
415,581,930
301,783
139,203,479
418,743
360,732
14,467,738
112,484
96,703,965
511,767
497,712,741
541,546
28,80,717
728,986
312,696,724
263,394,599
442,765
339,625,784
555,735,924
108,257,989
96,349
635,786
290,513
746,834
723,762,772
575,676
462,707
647,896,955
582,845
361,609
139,731
394,835
512,978
531,986
405,726
632,671,863
476,776
21,715
149,285
605,882
76,128
135,327,587
41,126
112,965
552,562
179,779
364,942
139,483,598
106,178,738
356,377,838
338,348,661
294,476
342,373,929
128,196,496
171,785
553,952
895,945
143,756,968
240,577,869
256,757
411,496,827
128,348,634
697,864
171,542
689,786
120,421,666
504,663
449,703
299,376,838
122,666
878,883
459,623
146,671
199,529,619
65,412,448
136,838
356,644
426,489,574
463,766
314,482
505,705
437,955
116,383,404
108,648,703
393,518,797
602,986
102,503
382,634,930
397,865
205,342
96,743
92,416,425
198,704
214,275
94,766
234,410
21,207,410
83,137,711
22,96,955
254,640
326,467
663,756
248,300,572
301,588
37,880
13,743
168,318
267,412
118,136
70,713,911
83,817
17,951
808,817,857
132,608
328,765
270,291,956
353,602
341,521
16,620
396,646
54,234,306
460,549
513,612
478,584
506,991
114,915
9,217
711,879
614,724,750
34,172
206,392,620
249,341
404,781
348,743
146,849,977
207,954
534,552
451,942
698,703
289,384,592
23,52,805
108,851
635,840
222,914
191,326
541,710
294,832
726,784
130,193,196
495,558,727
372,688
507,756
240,446
231,265
3,108,819
196,484
708,785
71,636
318,333,665
396,768
227,746,954
479,734
388,828
220,457,903
37,443,687
14,816
382,732
420,463
9,625
204,374,654
294,441
103,838
175,553
24,753
633,973
449,619
48,300
471,536
10,434
862,914
210,450
632,716,992
13,319,976
91,135,969
539,925
962,984
159,227,736
61,363
681,955
55,377,511
559,637
134,900,927
512,725,874
226,545
82,371
214,502
210,344
117,419,932
299,450
84,544
128,879
324,811
391,919,999
544,791
180,666
146,531
543,676,972
162,985
176,305,951
10,194,341
272,635
8,66,484
726,918
678,758
807,911
186,721,739
766,953
116,742
352,400
334,590
530,589,988
301,366
484,863
565,985
436,648,853
118,480,872
311,949
124,596
31,736
200,505
499,822
315,923
168,601
363,506,556
166,684
783,808
40,893
821,999
33,257,750
65,918
610,642
477,483,955
408,775
788,840
455,801
31,665,681
277,896
25,249
277,867
26,321,587
653,768
134,748
153,213,915
317,954,955
239,876,922
57,78
177,352,651
210,607
67,240,734
220,378,500
211,768
30,871
681,784
444,524,527
334,377,418
260,836
55,179,817
510,827
106,431
555,792
228,599
48,576
826,951
300,537,707
163,912
390,527,580
145,596,872
59,593
236,741
351,743
80,417
49,612,701
7,618,798
32,50,521
222,913
493,997
10,280,986
95,366
91,518,641
4,143,707
360,777
51,304,435
256,859
18,583
621,739
806,808
44,331
448,707
69,231
739,898
89,863,874
146,341
550,659
657,837
422,490,588
792,860
77,136,784
489,621
866,907
110,975
487,921
79,266,504
540,997
466,925
429,786
27,189,323
21,872
321,951
151,975
178,199,246
367,383
123,998
398,634
768,999
782,939
641,852
302,869
86,652
22,445,860
158,596,970
114,151,900
490,998
404,418,606
613,852
243,297
472,646
350,861
502,556,567
148,208,897
700,841
619,840
620,868
355,619
304,784
232,636
632,697,890
313,606
437,764
4,354
44,452
159,884,944
229,491
254,313,867
358,593,902
691,734
278,370
363,616,783
403,477
48,231,315
517,675
504,760
349,796,907
207,330,572
467,954
243,504
58,447,488
248,425
163,293,957
192,378
388,960,993
269,713
297,880
107,413,760
341,629,754
198,227,969
337,671,814
67,93,426
439,528
188,464,615
544,872,895
650,685
83,647
37,47
128,248,336
118,332
65,786
245,662
215,344,564
260,309
150,757,847
427,555,878
119,183
479,966,986
513,969
232,792
135,276
767,957
116,140,940
843,966
572,796,942
56,463,991
325,412
69,682,954
3,15,658
246,649
12,409,576
266,841
87,233
1,533
54,121
255,323,807
490,771
195,297,329
314,880
10,388
51,315
774,893,943
85,332
256,644
98,627
255,764
559,682
234,462
251,500
167,455
759,981
40,626,905
823,908
254,582
229,923
57,645
411,507
450,566,778
469,615
28,108,216
28,91,110
84,149
373,495
219,422,802
17,456,472
534,564
330,379
447,804,869
234,744
4,747
5,420,643
72,559
133,873
171,770
734,759
733,769,935
311,504,990
242,534,914
222,314
208,756,891
134,514,800
299,955
85,828
328,423,783
514,687
176,249,360
685,912,942
400,997
248,599
420,877
594,998
825,893
53,431
500,698,792
181,502
266,362,654
733,942
185,949
41,477,627
179,403,793
646,730
44,894
501,628
386,540,828
73,142,462
532,702
63,146
179,322
337,456
388,569
255,718
91,170,268
100,270,350
667,899,916
850,912
721,755
522,606
177,252
12,18
662,784,807
65,352,768
347,599,661
28,143
443,460,791
143,752
537,884
656,751
21,908
519,694
738,864
239,565
14,70,826
33,917
47,76
577,818
220,400,567
35,478
45,881
87,165
555,967
407,860,931
43,981
429,824
157,869
11,507,675
243,667,916
222,892
698,849
51,962
676,921
94,360,542
535,881,887
482,820
53,132
390,881,902
25,140,811
200,247
275,543
38,605,764
351,503,900
297,563
265,844,1000
510,823
386,426,428
268,551
193,653,776
8,497
418,565,806
182,188
75,753
212,350,696
195,370
287,342
365,459
382,791
874,898
286,345
476,521,647
155,574
298,786,814
19,384,635
43,96
560,839
303,383
14,509
35,585,925
452,695
603,618,680
96,615,719
790,835
84,747
744,886
300,883
108,189
90,835
568,603
271,460
477,737
10,722
520,845,980
286,773,841
43,98
407,992
182,478,575
775,841
696,744
184,260
454,597
24,855
162,197
166,664
212,848
372,437
181,777
19,83,991
246,648
337,356,479
18,685,733
774,980
399,593
116,771,918
20,801
84,304
198,515
458,470,821
96,949
158,201
118,355
827,942
811,941
164,561,651
220,229,231
2,475
590,725
241,268,483
281,841
155,441
431,841
74,716,888
403,712
477,526
74,285,957
339,826
295,905
254,495
633,896,979
567,729
145,458,640
54,178
132,270,426
167,266
156,633,956
40,514
346,549,756
643,886
667,754
197,619,778
755,976
451,845
153,742
427,919
53,621
303,764,978
36,279
556,615
86,232
305,569
273,645
779,969
461,704,813
182,340,742
266,984
487,707,870
264,507
67,126
59,739
94,588,804
91,851
132,170
165,434,819
218,506,550
654,929
45,291
806,893
683,699
416,836
423,658
461,721
9,666
72,692
277,295
587,981
151,286
761,902
16,127
578,789,816
185,231,330
178,579,827
274,493
395,529,723
3,720,879
578,710
661,746
58,310,617
200,227
487,783
832,891
39,167
68,228,845
175,381
4,239
227,610
500,578,755
88,370,941
17,476
144,904
331,886
489,747
5,531
146,210,645
195,305
239,822
572,708
140,516
94,315
48,228
50,421,820
590,592,697
455,693
340,754
709,779
157,609
186,512
632,917
772,847
392,823
308,953,975
468,967
287,417,485
272,387
263,264,397
121,561
551,884
12,119,187
69,637
166,178,612
164,620,912
556,658
626,822
251,378
176,286
76,274,748
298,408
134,396,430
35,967
11,32
177,433
667,912,919
228,908
36,580,999
656,989
257,571
17,55,200
408,709
99,297,402
649,883,909
373,778
92,820
914,980
104,206,876
606,673,839
359,517
53,220
324,683
11,778,784
135,194
793,907,948
471,581,660
114,395
74,517,947
252,405
8,127,323
477,920
265,541,577
937,991
143,609,612
410,784
567,755,904
202,450
527,566,852
160,465,725
259,339
59,81,392
460,605
298,823
494,639,955
684,815,883
297,778
547,935
540,853
344,539
302,756
172,536,918
566,850
206,222,410
296,381,521
343,512,962
448,453
117,269
715,818
115,434
160,186,979
155,744
254,343,938
48,150
96,173
178,486
713,879
120,451,864
220,490
650,949
159,576,916
213,611,950
222,419,463
783,897
302,665
521,691
131,581,725
85,913
506,710,805
755,877
202,594
382,497
494,694
420,614
551,870
126,231
365,482,927
241,614,714
378,709
385,676
414,740,826
386,648,773
43,728
529,999
296,332
311,842
234,637,697
82,681
839,871
384,489
64,649
100,975
421,477
454,828
359,929
712,805
109,662,919
44,782,954
211,503
638,874
678,701,724
531,990
243,494,557
49,349
209,916
599,787
278,552
403,488
27,265,374
46,716
615,810
672,854
478,519
596,623
91,355,787
448,680
537,995
618,660
257,553
757,801,890
257,593,845
272,589,936
59,378,857
113,538,589
198,435
36,205
180,584
554,963
762,922
513,676
404,521
665,792
746,761
75,611
56,664
25,381,458
425,878
754,952
106,498,612
95,501
647,905
354,393
10,158
405,407
20,192,667
305,541
181,991
615,893
450,731
461,480
400,686
236,529
637,836,892
112,278
829,945
145,171
143,197
112,598,741
726,889
472,953
335,507
240,497
238,809
949,956
262,527,664
307,383,414
399,430,616
415,790,854
506,852
329,626
495,782,973
955,972
375,797,960
222,812
53,312,720
358,499,635
101,888
791,867
311,674,917
435,583
262,273
297,549
77,267,287
4,365
610,865
2,396,586
253,917
13,127,580
706,762
37,333
313,764
289,816,930
524,631
251,887
555,830
108,157
655,915
234,831
105,898
270,646
58,103,892
251,848,855
503,814
5,161,934
62,172
80,333
645,650
139,442
763,796
120,131,295
36,347,542
437,494
642,701
657,841,850
46,136,934
502,588
640,991
180,425
183,251
125,402,641
224,486
441,822
647,885
181,386
797,959
80,238
5,787
266,458
600,825
728,977,997
267,592
81,962
150,744
354,498
591,657
684,958
397,647,827
225,998
146,939,978
254,262,898
169,873
518,982
457,564,577
356,375
162,682
395,800,946
947,977
751,842
189,819
249,310
184,418
211,396
361,552
241,432
582,831
328,501
464,888
334,723
192,560
526,692
266,496
214,959
197,653
451,569,811
861,908
47,876
407,634,952
353,368,512
168,449,684
315,502,840
140,721
117,558,564
206,386
160,662
766,838
264,610,706
42,308
346,728
754,939
217,536,916
340,352
60,353
422,577
64,870
405,726,967
275,398
401,486,541
250,1000
338,744
143,211,760
19,158,292
435,596,935
773,950
504,858
129,349
139,306
488,721,781
130,552
87,193
608,998
26,707
156,605,934
548,549
315,486,598
80,154
34,407
796,873
555,623,689
568,786
125,890
389,542,660
10,875
367,484,791
514,638
9,667
359,959,994
510,652
379,521,545
146,462
695,806,969
637,695
123,834
325,670,870
184,918
356,669,745
437,962
69,691
39,155,779
172,868
5,263
345,994
682,758
449,781
326,975
131,545,837
285,400
645,662
132,497
522,736,890
338,441
446,858
716,789
479,609
290,516
97,255,737
97,707
41,377,924
29,136
451,530
84,273,385
278,839
146,412
265,400
576,579
452,844
8,250
865,934
9,619,637
57,609,923
97,440,471
833,914
641,700
172,627,713
74,91
512,700
210,733
204,363
397,777,780
318,840
64,211
280,402,644
422,964
632,1000
710,711
302,499,564
40,409
210,214,383
343,531,696
399,676
612,748
589,784,789
19,32,776
476,698
60,480,938
537,738
651,920
324,733
64,459
357,449
106,641
126,559,664
348,703,806
727,954
81,389,573
427,551
103,758
109,356
187,874
202,963
329,670
226,669
742,933
238,582
516,841
227,396,974
192,844
165,664,745
248,341,361
465,905
216,343
210,426
552,889
330,703
701,745
29,811
252,780
91,134
155,966
28,600
21,172,647
247,785
42,589
90,175
549,765
88,93,451
426,886
145,577
606,718,892
70,92,919
264,637
116,548,622
337,731,950
14,304,357
364,827
552,991
308,804
763,985
328,724
567,979
635,650
333,535
400,993
81,732,847
308,357
547,742,771
366,482,799
204,561
237,292
348,799
809,841
870,953
71,559
607,955
479,626
794,843
328,572,811
700,891
205,665
59,621
852,978,984
27,904
56,520
182,701,856
279,703
214,381
223,850
317,319
4,680
250,726
6,41
1,388,606
403,440,626
184,470,761
367,746
115,444
155,613
225,376
311,757,969
265,276
556,799,940
48,654,682
550,695
60,700
692,708,868
38,254,280
55,842
215,627
251,819
589,593
11,672
348,634
75,104
170,457
238,318
90,161,806
253,899
193,303
745,906
87,248,407
554,808
34,969
104,879
113,315,345
633,817
296,779
372,457
296,578,678
233,962
273,696,770
396,407,840
88,767
570,792
390,863
330,364,579
518,673
872,909
362,644,744
602,992
145,439,680
240,794
388,580
304,508
107,110
275,441
124,189,555
791,958
346,625
196,232,260
387,541
240,793
54,651
77,425,637
8,675
891,931
477,577
211,301,914
14,60,192
315,730
135,643
271,922,977
836,932,985
638,664
25,741,805
317,670,947
122,943
193,244,429
190,481
456,843,977
525,725,880
104,421
953,979
115,523
567,611
349,851
576,592,916
248,697
23,96,287
376,442
236,636,926
57,201
530,641
259,420
37,634
97,106
158,896
330,381
603,620,916
429,936
455,735,782
207,878
61,218,482
346,347,685
512,643
570,940
164,352
115,406
583,643,680
2,397,832
574,906,992
491,751
187,479
230,437
711,779,834
337,889
373,780
233,739
188,338,905
427,710
229,251,293
75,755,854
268,668
653,898
801,891
4,292,407
427,932
622,626
30,326,941
75,780
104,351,441
62,426,629
387,860
200,493
72,855
714,938
183,654,822
388,612,691
44,186
70,542
99,731
127,774
176,661
112,605
132,442
19,145,514
370,438
160,573,866
38,203,764
40,535,574
140,415
261,840,930
208,371
316,350
61,435,994
388,599,757
155,870
415,838
120,480
243,641,933
469,619,849
85,118,915
703,882
212,455
677,919
17,42,250
223,459,516
239,836
501,681
125,146,332
319,868
283,601,917
398,434,438
665,671
315,653,999
672,789
602,885
560,607
4,422,936
442,833
522,728
148,194
29,167
157,245
793,827
120,616
109,561
70,409
592,620
240,614
182,418
169,582,789
656,659,789
166,451,458
121,772
156,326
893,940
166,551
28,898
3,24,417
254,482,940
21,476
176,253,625
425,987
561,678
106,889
138,290,293
530,838
151,282
725,737
165,373,419
374,383
350,893
341,493,756
28,223
164,506,686
247,267
575,666
325,536
203,330,613
40,549
474,799
315,586,894
127,845
469,514
2,303
543,797,821
575,748
418,877,900
79,468
289,886
42,468
269,941
216,461
135,728,951
629,949
500,719
23,938
167,616
42,120,501
134,556
90,173
98,215,894
335,710,742
52,439,929
501,596,690
211,694
615,626
386,629
342,919
387,619,806
44,294
65,598
166,707
543,742
64,869
520,561,736
125,178,659
48,350
319,911
50,475
729,765
189,674
172,189,310
367,508,782
332,368
602,660
8,92,784
594,992
353,438
275,744
155,554
514,801,974
286,926
181,575
294,520
353,628,794
345,548
770,785
455,499,744
412,954
4,907
258,633,768
133,879,979
360,761
699,815
236,520,947
81,542
204,604
1,392,732
26,123
433,494,517
383,689,873
432,496
7,57,579
53,398
144,228
35,50,852
385,759
239,324
203,295,506
221,371
120,625
296,328,607
325,713
140,704
232,517,549
49,68,335
151,849
183,444
454,843
226,431
280,592
206,821
509,905,906
519,991
658,748
207,877
672,739
445,823
487,690
485,680,992
126,500,818
168,889
52,537,617
291,369
61,801
293,697
437,880
169,426
203,382,701
82,177,744
110,240
23,110
40,889
193,316,594
183,333,705
42,603
189,568
66,445,457
259,341,649
117,818
48,161,212
30,113
833,844
819,887,986
498,930
129,167
573,785
114,333
59,159
463,985
190,500
640,786
537,970
668,887
503,626,767
390,588,609
291,536
168,793
559,723,982
63,557
58,759
439,450
479,790
390,438
323,453
113,733
250,288,531
118,319,690
504,820,850
246,481,785
709,891,917
319,782
86,644,743
692,875
4,631
792,958
474,531,835
191,921
325,700
6,698
552,707
226,668
560,798
86,256
647,782
35,648,865
350,864
152,388
481,951
273,864
93,559,609
118,773
355,997
363,379,565
112,231,260
478,794
40,46,391
86,783
467,968
245,654
59,195,908
71,144,812
430,807,852
407,897
391,430
140,312
707,894
7,607
190,463,769
39,486
516,531,915
33,285
828,831
372,504
176,507
459,545
728,825
434,849
414,513
705,724,770
197,557
700,823
603,894
400,737
365,840
319,425
179,403
879,989
293,489,757
93,241
167,661
369,685,687
333,430
487,735
221,488
526,553,935
159,417,420
17,195
186,218,884
73,696
252,860
185,885
219,827
525,965
244,733
211,442,458
10,557
845,871
704,982
249,412,498
740,896
343,713
648,982
161,535
242,831
868,944
57,699
236,949
377,817
23,527
231,661,665
436,467
58,754
15,301
258,613,704
79,628
540,958
181,687,990
632,938
194,480
580,713
327,816
42,778
411,852
174,643,679
226,907
167,673
150,433
339,591
400,711
363,379,604
222,729
22,251,573
10,916
170,448
521,633
286,471
362,450,486
334,599
107,285
171,760
278,976
243,321
117,323
773,790
460,640,743
192,622
333,484
167,604
273,289,416
227,264,973
250,969
508,551,785
323,490
71,463
243,913
73,241
8,406
190,354
264,339,535
324,590
485,667
242,497,530
143,347,780
22,759
361,767
93,960
36,458,562
42,314
129,148,631
439,707
27,690
64,141
239,727
421,460
358,427
206,767
260,558
484,792,908
665,871,917
731,828
184,896
92,364
452,530
345,998
324,797,805
332,405
312,729
83,417
626,724
588,670,748
347,523
391,898
82,251
104,333
30,268
431,730
645,860
846,922
258,863
412,453
10,143
124,572
636,685,813
325,391
683,748
594,844
89,117
158,881
364,531
320,351
120,655,825
481,810
140,861
313,564
324,425
486,766
314,776
207,390,972
415,717
458,488,775
98,226
423,994
275,606
273,276
276,386
414,882
591,997
341,504
473,919,928
569,640
368,582
316,738
256,797
261,289,453
567,924
510,540
389,812,905
521,557,690
373,489
330,438,558
38,204,292
172,552
190,683,853
314,348,765
64,785
120,908
453,607,686
486,967
261,301
178,399
172,323
30,721,815
228,287,716
7,126
506,711
249,995
264,568
89,489,783
109,762
297,457
886,911
762,971
19,465
617,772
420,980
622,711
451,515
212,242,359
330,893
513,540
95,478
35,613,927
701,854
205,215,664
461,886,894
60,737
98,455
116,181
88,744
60,516,951
131,232,464
312,710
139,238
690,955
227,397,588
870,970
502,825
201,219
566,772,995
810,881
683,911
217,774
54,183
67,758
390,650
244,430
805,936
76,311,841
459,464
77,694
95,141
271,508
162,389,504
294,449,739
676,716
427,766
238,697,993
61,424
407,630
194,340
150,625
77,963
190,302
155,856
94,227,626
16,438,691
315,439,814
7,262,794
460,927
170,497
63,990
413,667
615,806,834
2,299
849,951
24,290,910
136,294
526,811
18,386,529
47,394,628
336,524,813
284,711
159,236,986
414,802
438,514,882
384,645
671,793
742,868,936
237,307,847
88,139
181,607
345,400,950
317,455,541
238,381,681
121,486,628
211,463,534
596,940
27,842
545,778
45,601
308,356
274,421
595,819
173,183,429
64,903
280,749
397,756,875
293,498,950
261,801
242,427
525,955
422,722
601,655,780
54,435
76,721,867
607,768
50,658,944
629,637
465,727
363,955
274,608,667
86,203,266
357,715
103,212,727
207,983
409,949
413,559
816,877
573,610
128,765
48,710
408,669,736
180,266
416,834
447,879
50,488
134,493
797,908
212,838,873
377,835
551,724
433,522
317,945,951
899,942
140,841
403,617
149,600,996
210,419
301,924
627,687
796,941
497,733,768
341,650
39,69,735
38,541,564
217,907
340,420
24,906
144,355,849
85,930
76,822
7,519
104,544
126,439
51,989
155,702
517,619,677
44,760
297,489,695
573,815
62,347
362,868
315,448
38,970
191,725,900
46,122
398,971
67,300
198,726
524,611
594,750
419,581
180,412,885
44,91
67,580
600,977
424,502,598
667,745
22,396
480,641,760
137,696,845
565,867
487,822
83,804
548,995
106,190,487
402,885
147,748
6,80,86
165,408,660
269,941
115,723
10,757,929
299,653,961
46,578
681,867
289,879
448,994
654,727
349,987
322,805
211,598,959
154,807
348,796
94,284
159,327,990
617,983,989
346,655
752,768
15,876
361,632,659
234,736,961
74,769
13,174
140,809,901
403,490
472,724
391,450
312,451,903
518,529
34,847
455,857
341,929
272,332
502,752,794
44,861
982,997
110,976
312,439,498
224,505
642,914
235,276
285,597
521,989
324,831
79,198
19,247
561,670
207,414,833
50,482
286,708
150,603
430,862
257,877,980
737,741
260,575,672
75,796,913
421,465
162,433
83,376,991
240,803
4,293
681,956
668,700
44,752
522,574,757
13,529
49,441
505,709,911
91,997,1000
337,585,863
59,884
236,958
51,758,942
378,755
349,698
235,414
180,305
630,823,959
572,605,974
484,936
13,347
183,203,303
255,516
210,240
201,979
73,193
217,395,824
309,784,977
305,971
411,743
181,796
105,241,330
16,509,556
345,733,825
177,393,485
118,369
66,356
673,775,827
30,783
373,670,946
212,332,437
816,998
365,736
254,379,743
333,931
214,849,974
515,916,918
620,733
442,525
482,684
274,582
467,714
86,335
268,602
589,957
67,84,233
108,873
876,978
141,723
210,372
106,377,445
444,834,862
10,264,992
232,748
25,671
221,280
731,847,931
63,129
326,965
531,738
272,730,744
153,742,972
24,588
112,118
298,663
702,770,993
257,586
485,950
666,946
191,787
6,284,530
245,248,449
307,564,625
311,351,952
26,259
271,820
624,698,923
849,862
474,807
457,641,916
218,417
831,946
640,658,729
801,940
275,647
270,304,396
642,987
679,754,949
274,419
134,184
366,748,841
284,965
206,314
478,939
213,315
839,874
541,694,882
216,764,811
375,674
77,494
36,552
111,418
302,332
519,753
593,644,695
154,490
540,700,842
54,211,470
57,231
619,978
241,646
206,893,928
12,467
413,445
455,936
50,740,782
385,845
333,630
198,697
296,872
604,701
78,577
161,535
204,665
21,765
149,378,887
636,863
199,731
494,581
38,294,369
413,596,862
16,942
790,850
248,517
189,784
599,846,941
219,796
25,235
176,180,917
335,812
40,634
684,896,978
20,616,746
14,202,948
95,550,792
377,436
71,293
801,951
17,999
88,182,388
141,434
449,523
469,530
123,183,854
2,248
820,879
437,641
109,180
432,812
218,333
363,549
128,405
709,930,943
323,992
267,450
541,731
472,939
764,897,1000
312,947
416,700,835
347,517
535,576
671,771
553,815
106,697,745
291,496,725
319,523
747,957
598,878
540,751
170,595
23,73
253,301
690,790
469,762,776
283,305,949
22,123,773
605,900
369,618
143,527
56,443
34,619
592,751
84,954,988
89,752
279,489
703,790
260,661,994
861,934
221,750
5,667
136,459
473,485,660
150,542
9,425,932
476,875
688,755,790
606,649,854
49,95,648
303,983
442,679
577,733,767
20,31,102
786,996
309,757
79,586
291,424
53,201
890,906,929
452,457
295,794,987
404,559,592
147,444,905
5,162
215,273
260,887
34,968
72,994
454,720
247,428
254,343,792
457,702
31,158
37,497,902
706,815
323,930
415,725,781
45,787
40,962,972
285,497,869
405,888
221,509
342,669
27,559
393,669,928
246,598
410,706,740
10,63,728
19,22,275
203,984
4,553,971
471,916
195,444
647,776,906
299,366
187,369,784
143,361
356,595,732
474,673
517,594,842
26,63
23,119,727
82,332
694,943
460,772
172,383,784
343,516
39,642,942
673,740
263,302,980
219,232
895,945
63,643
86,970
547,873
386,581
85,554
117,963
429,430
142,302
117,220
106,249
822,974
659,990,998
345,761,962
526,982
484,578,739
132,718
566,707
209,571
564,733,915
478,939
69,867
668,961
551,942
393,838,921
122,587,951
165,885
80,128,859
167,693,867
13,557,590
238,752
2,200,448
624,663
427,831
396,561,607
319,351,691
271,430,488
494,546,697
77,371,723
329,632,885
397,724
157,220
18,169,172
292,863
293,794
912,922
420,941
1,252
374,527,709
123,746,882
316,796
44,360
775,864
51,81,479
364,627,630
798,898
587,619,731
269,603
127,892
519,865
52,709,840
6,67,586
180,395
22,280,854
313,856
442,523,980
733,867
37,147
102,267
442,607
260,570
38,230
226,478,743
54,962,965
149,582
153,542
187,461,792
314,637
19,879
159,373
608,617
255,644
666,811
190,280,541
515,925
408,620
328,411
13,249,709
272,653
426,810,919
212,350
230,932
343,876
116,942
737,825,968
425,711
430,792
239,578,793
293,609
204,223,556
18,46,310
166,790
466,919
257,651,652
636,781
771,805
183,800
268,273,682
170,680
41,734
330,706
28,515
686,875
2,750
175,221,828
500,737,853
236,494,815
221,980
44,341
11,288,804
139,299,523
430,701
66,109,627
155,265
163,856
506,581,639
64,944
201,474
368,937
400,873,989
585,842
732,839
356,910
237,510
689,805
108,466,703
579,991
573,774
144,228,369
207,230
56,308
497,869
736,835
396,665
337,517
688,846
329,344,977
150,412,997
257,729
214,649
67,72
45,202,953
81,340,426
85,385
682,786
754,801
230,458
3,144
200,824
233,671
477,703
309,926
383,463,486
295,348
366,450
280,814
156,641,982
705,839
26,280,474
188,793,961
742,845
158,683
311,353,793
148,559
479,892,924
170,543
179,742
463,548
544,717,893
240,825
117,336,667
794,821,936
100,789
108,670
156,177
222,357
124,235,521
41,627,864
78,725
735,808
213,454,803
13,329
336,997,1000
648,708
57,598,959
775,795
546,606
112,543
271,588
695,827
695,843
294,804
111,738
100,390
197,320
35,512,773
132,988
23,302
135,210,334
410,662
158,678
122,171
359,818
275,293,909
125,574,750
673,983
113,771
298,460
750,917
534,791,905
220,610
341,699
322,652
49,143
125,777
569,619,787
231,467,763
273,431
759,869
121,213
362,895
231,337,664
18,881
35,287
645,875
390,911,953
530,541,892
187,205,260
22,972
20,606
166,189
49,921
404,503,865
547,954
62,264
24,772,882
269,555,862
164,643,911
478,580
540,611
93,352,514
119,699
256,402,703
67,203
103,167,838
559,959,960
578,587
193,287
290,814
189,303
236,363
5,695
890,980
248,470
527,674
582,783
14,738
293,576,658
356,499,738
33,96
351,574,648
212,755
351,649
781,932
562,853
375,758
507,870
280,492
228,739
84,175
95,213,333
41,290
494,997
709,735
367,436
185,502
401,407
45,722
33,165
460,889
111,360
185,374,589
410,601
461,486
404,494,908
335,624,769
217,896
21,443,698
409,431,939
245,910
702,708,904
610,947
84,789
67,293
241,634,841
499,805
18,485
133,684,716
542,764
343,365,459
72,362
41,869
676,925,993
264,569
767,770
507,840
39,237,598
261,690
699,712,755
355,518
357,512,819
7,91,445
436,689
45,231
531,849
415,725
586,588
335,457
640,932
774,848,969
59,322
500,519
568,990
221,464,962
620,950
142,954
319,776
284,936
118,752
183,444
436,935
544,941
663,926
144,261
218,764
172,394
298,419
152,374,712
234,435
284,671
215,567
368,566,881
129,452
854,915
113,429,701
248,628
203,898
422,479
158,427,508
272,766
415,526,572
596,693
144,184,461
377,461
38,711
100,655
494,504,911
275,449
201,761
59,356,920
142,265,972
619,828
104,353
195,408,975
286,568,662
124,719
184,799
43,68,950
394,476
450,492,950
128,482
398,789
393,724
375,734,757
40,164
526,983
294,410
887,892
468,614
116,428
41,629
151,182
31,145
382,485
159,930,992
477,497
96,649
6,151,402
213,873
264,756
262,295
22,37,752
771,903
205,984
168,596,938
111,534,912
65,352
544,798
586,948
484,859
369,902
7,628,991
152,403
26,654
181,442
510,548,837
532,535
24,892,894
340,944
635,918
349,452
322,711,904
508,761
104,384
68,385,405
308,975
914,952
621,683
209,519
174,415
94,180
100,386
534,776
353,572
826,992
44,378
187,514
53,173
57,149
78,444
835,929
75,924
57,666
424,778
114,523
25,33,850
117,909,939
59,237
31,301,333
664,964
607,958
81,433
646,724
430,516,961
489,970
563,912
163,395
90,434
103,649
640,717
164,949
160,889
135,243,643
192,699
14,95,775
5,569,663
62,992,993
107,241
349,454,635
348,509,789
411,745
477,551
265,278,870
250,697
879,995
652,673
100,152
634,639,917
347,910
581,939
626,668,805
388,417
381,551,731
292,491,831
456,858
304,503
502,900
63,875
589,602
545,701
223,885
2,75
719,790
235,767
6,937,990
53,413
924,933
444,454,962
45,452
756,887,930
230,292
308,395,939
205,826
16,424
827,893
111,911
86,519
91,390,813
282,518
705,993
399,704
246,405,925
380,530,873
244,306
190,723
501,831,913
143,761
269,535,965
515,716
641,999
353,554
673,922,971
574,760
93,368
449,712
454,985
56,838,902
26,493,577
286,783
611,820,935
346,602
249,721,911
81,287
136,618,645
4,528
177,924
475,599
70,557
109,662
646,666,956
218,761
241,544
389,599
451,838
553,891
440,847
644,772,957
15,171
417,696
20,80
558,951
819,920
104,702
524,577,816
147,183
129,857
112,196
87,583,603
622,696
202,803
821,882
20,205
313,532
582,911
72,103,593
436,594
138,606
484,872
247,533,818
432,552
197,704
41,157,654
426,574
864,984
635,925,937
109,539,772
90,344,417
846,979
19,878
767,842
229,756
175,728,946
95,695
789,924
324,455
22,38,289
465,625
167,871,877
80,774
417,523,613
192,964
365,848,927
213,463,796
67,202,914
332,766
548,952,969
244,433,694
887,896
644,811
367,556
372,644
96,335,895
417,891
692,995
67,701
118,438,583
486,772
212,320
866,982
391,694
218,499,628
42,994
320,399,788
524,559
304,705,979
719,796
585,655,887
356,385
228,232,833
129,458,975
102,177
73,760,981
35,354
266,812,872
130,873
67,575
31,371
350,459
871,874
692,730
745,886
339,866
68,540,747
604,749
550,834
829,833
112,205
97,171
242,566
350,587
171,557
13,779
5,602
856,956
64,734
59,229
856,868
295,771
49,543,685
841,961
166,255,769
185,622
250,310,1000
344,585
290,538,996
136,199,534
610,812
198,308,346
409,533
602,736
442,576
824,988
786,855
366,616,857
148,976
132,538
163,967
11,351
733,767
606,974
318,588
7,104
271,420,982
144,367,746
114,333
42,591,836
667,731
116,312,818
70,143
808,872
786,856
174,735
835,897
224,776,866
421,715
628,768
446,670
214,271
631,770,823
619,650
52,719
589,805
244,284
565,588
144,496,888
99,527
266,632
84,509,702
676,869
282,822
80,261
492,776
279,468
452,637,639
774,919
512,984
527,603,843
3,160
499,504
449,951
362,374
69,811
127,779
329,877
7,773
427,566,878
586,716
178,220,454
54,609
257,448
362,404,991
490,521
316,836,940
77,236,941
23,814,818
221,961
84,387
177,332
66,192
103,905
444,983
398,947,983
350,502
614,932
301,353,666
495,527,780
562,855,995
244,560
23,864
628,809
894,993
129,367,925
72,381
581,854,998
189,621
87,609,1000
361,450,645
229,483
235,615
109,277
840,971
425,736
832,988
398,461
100,629
313,942
692,960
382,782,957
535,755
753,832
891,1000
489,628
101,117
110,377
286,464
493,791,889
147,748
131,863
60,767,903
120,755
278,504
521,525
241,653
203,644
706,714
421,844
665,757,917
175,825
212,652
447,700
294,383
431,720
387,873
365,622
570,905
374,543,925
89,442
723,972
95,338
386,888
52,609,925
271,623,765
415,880
677,999
381,484
2,891
153,349
222,607
311,555
76,182
72,471,652
287,452
771,913
171,839
902,995
224,529,817
171,410,484
416,922
269,951
684,695
369,826
521,955
419,535
220,741
82,727
430,669
161,268,711
196,591,967
389,732
539,937
273,790
179,832,974
779,889,987
206,606,691
541,764
11,210
359,938
197,577,582
171,455
696,968
363,406,778
143,263,973
43,380
212,543,562
252,294,605
819,997
353,846
142,699
205,220
2,425
171,521
206,379
288,483
489,804,999
8,592
327,421
338,658,703
640,888
95,156
89,772,911
930,978,993
23,817,998
178,442
281,521,752
194,935
173,650,709
270,596
20,613,662
590,938
30,811
250,329,685
628,640
11,259,452
347,843
254,802
745,924
235,638
188,623,962
43,632
452,539
33,111,205
130,469
305,846
394,582,971
80,929
291,711
9,214
117,301,322
358,635
369,417
74,75,505
56,515
31,428,862
119,181
282,704,714
473,893
399,540
82,962,975
114,873
371,698
13,227,603
455,563
2,469,478
800,877
509,540
247,761
76,157
229,239,747
400,759,845
240,487
68,290,499
400,420
712,816
610,645
106,545,667
311,880
106,127
143,336
64,147
149,488,622
156,298
383,927
644,974
186,788
260,768
45,172
153,446
156,513
441,596
208,899
703,822
140,291
126,823
125,590
578,838
194,389,980
305,860,947
196,224,316
398,883
269,384,518
731,824
822,862
683,699
277,733
109,597,609
678,853,898
67,600
623,781
225,705
97,337
53,277
41,489,982
689,803,923
150,860,905
172,601,636
207,228,927
938,965
511,710,734
76,104
436,788
235,449
612,928
38,211
319,350,427
146,495
289,859
148,807
389,842
188,880
398,680
488,759
88,242
866,975
183,957
83,440
545,859
49,93
285,664,809
206,413,747
40,679,789
496,914
123,414
8,174,601
576,963
759,803
157,808
21,472,525
11,760
105,324
900,949
34,85
645,847,858
804,971
437,739
612,722
115,230,275
608,756
155,480,999
864,904
774,857
302,487
235,671
294,377,935
602,830
244,385,466
67,702,907
117,256
52,359,528
786,823,959
200,602
1,516
62,389
77,364,922
475,814
875,943
689,888
519,898,909
529,590
389,536
199,786
80,406
65,88,356
227,833
393,914
378,536
635,869
95,222
131,826
158,798,909
712,981
464,655,860
677,986
307,549
787,836,899
247,881
335,364,864
377,544,888
161,813
375,797
628,945
276,288
22,665
124,965
723,993
112,599
63,452,979
75,104,951
465,482,614
131,615
396,516
586,621,627
143,502,573
100,627
332,602
69,284
242,356
499,790,946
204,842
64,205,945
849,979
381,859
20,652
108,412
223,319
91,542,875
37,221
673,725
279,584,665
354,947
82,349
412,705
545,909
492,895
169,190,293
606,628,923
558,726,970
726,932,950
341,750
620,808
59,215,226
414,567
219,228,888
365,644,646
50,276
65,324,804
85,450
254,556
141,669
220,239,869
261,841,843
369,961
470,614
520,609
309,941
303,743,791
347,837
194,371,885
576,892
249,777
604,610,908
639,685,942
71,175
90,129
221,391,711
215,405
393,630
52,364
222,240
743,993
146,766
96,625,901
619,794,806
71,90,406
137,292,850
815,927
545,629
732,789
49,300
389,907
780,895
153,988
326,862,935
16,943
55,567
809,853,993
149,723
112,642,857
158,435
14,660
602,881
703,800,902
211,343,596
541,803
337,626
239,337
198,528
582,891
302,704,782
807,890
227,634
249,425,520
587,939
326,823
151,649,708
921,981
124,366
265,682
384,926
212,630,915
295,772
482,574,617
318,900,979
50,400,613
151,220
481,652,850
270,985
136,208,398
168,713
61,625
164,686
714,736
574,922
411,525,861
109,626,797
182,286,812
261,684,990
261,860
68,617
445,992
164,520
423,874
341,584,778
432,703
25,171,658
347,433,929
244,512
583,678
322,910
35,702
13,754
804,959
631,767,950
33,253,477
143,599,1000
35,506,863
266,642,842
154,173,985
276,315,938
289,378
224,282,498
196,860
521,982
445,688
589,632
505,566,821
124,196
72,847
489,694,928
226,332
479,671,924
495,817
313,441,865
26,113
745,838
98,322
98,280
403,418
34,412,820
346,368,521
98,128,620
802,850
344,887
45,90,580
18,322
609,866
8,709
594,880
38,544
454,718
218,262
663,668
129,580,969
545,606,613
105,545
80,105
297,845
822,832
8,685
766,895
128,182,319
415,584
63,849
247,695,993
249,690
27,606,696
603,672
157,422,526
143,620
243,949
290,540
199,683,763
494,634
597,873
88,154
692,702,873
136,885
194,383,544
185,629,980
392,890,919
270,363
61,422,489
740,987
636,658
34,198,810
36,672
269,946
75,847,885
49,143
548,838
353,719
194,485
276,475
697,875
666,983
415,973
364,745
897,949
238,357
447,469
148,516,736
106,236,888
38,171,381
737,824
363,526,985
67,454,537
363,477
165,269
571,790
686,859
652,879
308,473
107,757
473,580,906
480,747
552,904
569,673,969
752,992
380,802
618,789
19,53
533,658,862
394,533
604,970
179,294
91,622
248,758
299,568,783
37,286
54,307
186,398
73,847
166,612
454,485,927
240,471
99,768
314,492
215,357,808
479,722,937
471,664,733
483,639
387,526
121,795
467,640
323,845
366,418
112,314,603
905,984
340,876
445,807
680,898
397,425,450
260,428
377,446
339,531,887
126,850,889
350,517
173,846
158,232,415
315,401
349,534
81,634
617,701,878
101,125
2,410
943,973
70,391
632,726
345,760
499,622
354,526
550,666,781
274,961
143,675,703
261,478
195,310
300,317
119,556,750
466,504
377,568
135,150
1,953
128,406,465
169,731,929
406,778
158,595
539,952
52,699
424,936
579,883
160,756
112,815
244,635
363,817
138,729,851
5,505,516
75,943
607,883
323,774
134,143
272,718
240,449
280,283,694
225,367,871
326,646,884
457,500,832
236,601,807
276,506,833
59,480,542
116,598,630
173,929
277,493
195,897
31,545,870
323,507,736
238,428,506
391,736,762
691,907
46,661
760,840
637,986
464,989
130,815,869
355,493
760,780
155,409
237,727,730
217,644,833
11,393
633,872
268,823
166,201,399
861,895
260,782
624,683
408,491
705,775
318,811
328,640
437,703
585,917
107,507
603,617
784,954
430,443
2,71
80,307,912
749,953
258,640,658
133,487
177,449
363,811,934
110,348
177,348
220,226,273
274,653
12,892
184,694,763
51,551
395,911
100,258
313,776
137,322
216,269
764,882,897
46,164
605,864
420,561
593,630
209,997
608,772,968
676,830
14,639
4,129
754,755
88,265
338,598
168,257,956
692,771
426,783
348,568,579
90,345
384,885
910,923
56,161,669
32,333
268,525
75,732
855,884
375,431
120,203
786,981
285,792
308,494
327,838
339,352,728
655,854
359,800
212,556
150,750,835
83,238
130,471,597
90,655
386,799
326,944
198,976
73,477,595
41,139,332
564,894
293,537,948
202,210,980
223,638
277,913
131,256,492
25,202
255,331,491
897,1000
255,269
807,923
61,994
36,311,832
117,507,912
870,942
626,673
27,621,710
256,614
298,803
389,593
476,783
85,657
344,480,731
198,643
409,426
490,755,878
155,265,835
541,543,621
478,826
876,878
472,579
60,94,942
328,731
80,575,725
133,401,738
181,673
386,523
2,749,888
97,126
60,852
284,428,774
883,948
93,598
32,187
630,774
343,646
84,643
503,719
32,984
844,899
9,505,527
701,845
107,475
184,268,506
270,336,628
413,632
12,375
133,216
278,582,779
376,504
375,541
596,710,715
194,645,847
426,878
414,424,927
916,944
141,269,936
75,741
44,608
481,571,747
105,675,697
221,875
63,214
59,486,661
140,168
319,550
47,466,572
296,892
578,719
417,566,749
185,238,511
311,932
588,818
368,613
229,833
108,609
236,590
838,848
233,425,999
53,257,387
311,922,946
405,583
138,375
359,976
442,443,945
127,271,916
83,874
507,554
345,874
279,574
483,842
139,142,217
852,978
313,640
310,763
382,780
242,648
173,532
438,814
396,765
287,416,685
49,805,818
447,985
679,747
219,704
498,528
872,880
426,545
271,867
145,408,627
466,541,699
192,926
821,880
287,471,730
222,520
135,163,417
462,775
644,683
329,428,655
404,672
221,256
198,585,871
440,564
404,667
7,151
48,497
582,728
432,896
156,706
341,691
150,850
40,100
148,583
367,863
399,898
76,127
98,705
379,793,917
16,725
360,846
428,865
396,640,746
306,312
284,612,842
390,931
531,698,717
36,169,601
54,68,194
341,982
1,574
28,501,646
32,564,874
770,818
147,544
643,657
585,885
486,718
257,457
303,420,536
306,690
550,897
63,256
325,679
478,489,933
234,801,971
437,526
285,730
119,624
98,493
599,941
309,482
927,978
596,816
214,633
300,614,885
62,174
142,892
31,742
118,399
234,838,994
296,619
317,873
323,547
247,587
662,786
45,718,920
280,732
28,305
876,918
123,988
227,505
72,577
229,794
628,640,761
140,516
310,583,613
819,993
777,780,913
37,333,903
379,424,643
12,105,975
430,708
773,848
20,487
37,918
69,375
397,689
345,643,995
265,855
103,199,842
410,564
240,558
275,912
69,116,429
217,276,918
856,1000
192,453
355,764,988
95,320
183,477,534
246,733
361,756
231,265
65,224
61,871
209,425
195,250,650
787,914
198,236,804
667,688
282,439
552,602
378,829,989
576,941
168,747,980
479,599
124,141
457,539,933
631,767
145,944
183,203
511,753
412,979
464,516
285,942
916,927
818,940
348,516
195,398
317,591
148,810
343,959
293,383,972
544,822
274,411
218,435,693
211,369
114,726
347,844
459,508
238,446
38,67
83,175,579
566,701
713,796
139,479,551
221,849
359,497
233,964
383,692
182,188
464,616
583,595,919
471,995
233,884
193,545,834
419,1000
349,395,774
469,924
266,351
198,297,709
415,423
1,971
380,559
693,916
633,646,773
292,501
665,684
641,911
237,360
141,929
212,676
427,563
247,481,734
229,591
316,457,818
248,274
12,533,967
352,839
259,881
136,966
508,579
150,291,747
500,626
168,296
345,720
920,936
112,761
376,642,924
112,419,778
430,829
84,100,805
7,555
177,541,622
126,711,742
425,515,828
924,937
34,542
969,971
35,532
70,507
143,677
38,568
172,798
96,252,787
2,942
506,677,789
83,639
187,203
45,441
96,361
354,604,889
120,183,544
154,297
185,653
207,880
291,627
541,801
332,664
34,539
348,489,536
357,988
141,146,941
122,886,906
334,340,351
22,423,820
43,363
119,835
207,984
814,986
157,707
406,788
601,824
747,992
77,660
542,931
44,172
284,753
558,814
637,881
223,228,411
26,913
18,438,549
128,519
36,331
277,550,955
107,152,345
107,458,799
30,505,600
83,832
401,490
265,621
189,234,757
4,223
82,524
606,944
194,887
507,645,949
80,688
583,609
745,873
397,732
281,318,406
473,711
273,772,890
520,618,731
358,711
796,929
607,764
13,282
733,930
271,983
445,472
380,959
650,954
262,696
112,286
652,717
225,357
40,851,985
57,875
181,362
557,709,917
629,943
354,802
20,800
528,740
236,348
172,528
363,424,470
28,879
280,601
167,958
250,679
296,802,946
484,516
649,693,861
212,621
404,662
509,677
514,678,752
184,748
155,624,701
114,968
470,494
73,653
408,968
247,826
40,180,903
215,767
450,813
615,896
147,493,521
124,223
692,981
116,737
312,458,572
664,995
205,441
377,936,993
285,521
170,210
299,908
287,342
690,846
251,998
369,681,814
70,609
301,368,909
369,534,610
484,501,571
881,982,984
254,672
91,173,582
39,401
81,361,685
78,510,860
389,602,877
243,249,494
285,837
179,733,910
426,917,939
42,685,697
150,227,922
790,874,962
77,263,878
64,134,442
70,486
120,909
39,770
283,441
234,574,843
111,198
158,406,442
202,235,716
171,628,852
235,962
47,715,808
417,709,843
757,832
148,349
755,943
559,856
237,807
195,402,592
100,329
557,614,925
583,686,722
248,311,830
558,759,995
58,158
300,730
345,825,968
126,332
34,259
631,701
116,177,683
87,136
517,881
496,705
137,936
74,912
58,163,732
195,259,599
563,952
198,851
349,981
206,503
222,462
25,225
311,412
51,491,549
513,850
388,731,980
194,811
60,500,960
248,442
57,401,612
477,492
316,478,869
654,713
334,475,969
576,735
665,955
208,723
567,970
53,143
94,635
445,754
403,778,981
189,190,849
291,386
645,851
231,578
545,854
716,788
411,579,684
473,633
310,847
266,429
125,520
186,734
148,355,542
413,932
117,346,754
58,620
40,333,502
395,459
42,144
712,950
526,811
231,654,925
540,551
163,357
341,352
529,736
135,345,496
33,535
9,530
482,870
19,327
404,472,917
29,254
73,620
47,440
349,808,840
111,869
114,151,258
597,605
316,465
470,556
89,792
308,433,581
442,705
138,359,682
9,594,843
31,488
275,770
530,654
294,723,929
50,453
433,918
387,727
4,657
79,921
43,669,921
265,383
290,796
148,176
452,515
15,458
456,930
133,349
689,759
341,568
484,492,521
669,677,973
219,299,812
394,739,935
478,559,809
119,257
106,132
419,629,999
258,776
23,441,536
429,916
412,451,472
343,379,390
273,432,597
4,82,338
31,241,848
365,982
408,760
209,717
451,548
451,876
336,605,913
414,428,896
78,999
493,908
245,828
75,822
529,599,993
262,330
576,633
533,767,877
47,108
257,265,959
556,833
8,433,522
447,892
298,836
631,719
396,861
212,226
190,287,337
340,509,977
306,682
83,274,979
557,655,736
465,556,721
762,935
522,941
463,607
101,179
77,730,877
273,954
508,628,877
322,405
201,865
626,755,832
120,461,761
493,782,795
27,93,805
34,867
401,543
249,409
73,959
58,239,976
224,590
403,959
568,879
24,850
379,979
566,706
202,656
39,482,494
698,756
261,713
333,932
26,799
664,989,995
40,925
41,827
604,758
125,621
272,383
711,729
216,589,781
130,878
261,376,965
629,709
51,720
30,658
869,885
66,651
385,610
12,394,754
547,802
412,520
333,717,862
138,687,766
327,335
451,582
105,223
220,356
218,454
610,809
253,259
521,568
905,965
395,406
325,654
381,891
85,797,957
658,978
670,684
15,140,572
428,458
483,683
608,811
351,382
414,441,714
323,494
230,554
134,501,987
575,828
461,782
7,521
326,501
439,692
479,576,688
343,537
440,869
51,296
190,604,846
302,422,558
30,254,287
178,943
167,527
321,382
117,345,455
822,856
286,512,691
501,957
67,129
802,954
471,772,816
188,499
268,983
501,833,922
38,822
21,418,596
797,862
117,618
118,530
211,746
298,699
166,290,436
139,256,497
16,211
388,446
598,772
55,529
610,826
135,427
5,320
549,833,883
309,325,911
920,923
63,918
17,26,279
192,373,414
337,358,737
227,237
467,729,747
175,470
155,266
435,467
115,736
157,237,920
152,294
57,835
479,588,617
247,526,653
579,841
438,594
80,765
219,880
133,349
64,940,945
179,384,613
1,156
40,362,706
483,857
867,958
280,309
332,770
747,802
123,446
337,436
417,660,749
29,110
332,957
27,730,994
558,855,935
185,302
273,628
216,338,987
46,723
343,406,604
900,966
64,809,880
538,934
856,916
921,925
654,720,857
100,494,680
95,601,768
230,235
306,920
436,724,827
83,179,991
348,858
267,665
214,441
64,459
398,416,999
416,535,969
436,559,933
428,822
165,234,599
53,959
312,578,964
622,925
535,673,949
409,504,732
548,626,892
211,911
240,786
12,872
22,381,506
100,332
270,328,606
367,768
113,268,921
138,368,653
117,610
171,209,955
68,454,642
377,684
366,898
249,552,910
226,664
20,810
697,909
69,73
601,726
52,87,856
115,799
616,736
122,803
28,218
57,288,462
228,515
122,592,929
490,701,733
205,333
625,718
182,422
15,948
196,660
195,494,780
841,927
364,468,978
14,353
182,562,919
630,996
131,920
80,962
66,170
327,450
45,456
330,974
662,676
541,710,758
111,663
147,458
54,124,131
212,499,526
258,987
418,791
515,823
134,361,736
839,893
266,286
268,487
325,360,478
123,767
707,810
300,499
607,846
32,160
356,364,378
100,556
33,347
11,27
121,831,943
438,674,736
35,481
902,923
61,623,662
17,494
113,198
364,558
102,364
886,946
129,273,374
251,469
293,817
166,923
69,764
518,787,997
311,629,835
558,865,877
109,220,240
374,658,901
157,283,721
326,328
464,891
217,883
81,513,751
437,521,721
567,622,933
913,953,966
698,811
312,448,562
41,884
335,483
17,398
207,941
257,745,791
235,820
20,449,807
290,349
14,252,302
132,479,742
495,603
421,809,927
574,710
855,964
181,828
318,427,511
35,450,918
711,924
898,923
551,575
544,722
71,599,660
155,329,380
208,269
164,194,969
86,901
569,590,723
148,606,845
10,667
45,103
265,678,730
277,818
796,999
742,796
245,611,715
114,328,534
108,506,605
121,346
461,944
768,901
11,954
156,256
532,584,886
312,720,806
34,454
6,153
519,765,875
286,614
433,828
48,235,412
15,76
225,773
474,843
226,282,316
70,569,756
770,878,968
469,551
52,925
188,766,815
234,344
77,255,900
531,696
387,495
407,485,992
21,644,921
23,279
461,666
94,622,988
508,900
196,801
63,300
165,661
725,951
110,950
33,370
928,929
839,876
668,804
162,897
727,991
185,398,435
144,406,442
237,306,687
604,889,965
779,944
305,843,890
162,382
5,395
694,768
504,856
23,718,845
74,518
132,192
774,928
443,718
128,144
175,408,542
750,969,973
469,622,853
717,719
101,923
741,767
1,123,324
23,290,873
40,828,885
239,615,755
94,119,755
213,836
484,514
245,670,973
351,460
219,442,927
260,585,602
1,777
34,812
101,363
270,739
507,660,898
357,627
68,149,805
122,617
82,273,540
150,491
550,902
66,327
274,652
376,828
213,516
506,927,956
354,869,994
406,787
61,456
132,356
329,417
125,875
471,676
398,674
713,773
197,206
76,852
23,76
568,783,877
624,729
626,890
146,471
377,488
902,962
836,890
481,744,763
728,995
224,387,936
294,723
511,555
372,420
638,845
459,782,972
165,946
546,884
557,655
139,431,850
528,873
88,554,643
556,909
274,442,748
747,902
237,525
40,298
47,741
404,717
928,969
307,469,993
426,975
101,130,793
114,740
358,683
37,521
290,950
787,968
217,306
592,800
48,546,555
136,234,394
460,705
150,210,536
391,761
127,706
140,168
67,168
213,704
212,315,335
491,946
284,935
108,404,943
165,685
129,413
257,481,742
38,877
68,191
431,803
666,731
548,734
200,731
69,245,710
558,974
161,509
168,304,579
611,817,920
292,351,841
237,255,278
39,497
269,402,425
726,947
320,570
449,513
262,437,834
516,575,916
645,864,975
470,848
230,404
618,881
450,508,625
41,923
446,592,922
120,523,653
598,728
533,536,918
389,922
193,607
24,726
129,293
374,396,1000
96,368,469
279,874
497,527
312,405,817
128,772
699,847
582,849
654,836
370,967
153,701
163,980
287,697
70,127,361
398,447
47,231
958,961
88,246,638
741,793
98,396
28,826
368,951
553,825
236,899
844,877
76,168
63,185,434
137,524,593
53,84,957
421,799
327,355,491
230,746,790
504,542,679
110,386
502,748
234,264,951
239,241
130,212
421,647
165,961
123,762,980
8,724,729
81,712
306,373,434
396,438,569
31,42,361
85,263,711
336,569,840
251,703
29,794
447,969,981
265,600,827
339,383
543,976
661,769,904
523,775
72,316,730
409,529,906
442,488
300,676,924
514,677
417,550
5,886
203,643
298,452
86,710
372,394
734,996
193,397,760
517,670
284,643,673
828,989
257,364
239,335
326,366,681
438,978
244,351,967
161,290,300
680,737
109,175
150,275
158,211,755
19,820
347,712,771
168,678,859
547,744
537,626,933
280,768
703,996
36,831
11,96,187
209,301,914
486,976
4,170,507
253,833
250,402,573
176,664
599,636
489,643,680
237,884,935
13,779
336,973
436,524,738
477,768
558,744
753,895
107,860
326,606
377,793
97,635
43,947
341,584
118,864
471,617,892
36,207,693
467,705
326,596,752
150,299
345,564,699
799,815
655,670,810
266,953,979
11,288
112,861
291,543,926
205,360
246,642,842
577,720
3,145,521
143,475,567
435,984
217,436
85,189,983
442,921
122,956,958
