139,326
437,620,664
331,705
165,717
470,486,773
387,486,551
154,554,806
764,897
513,881
329,885
46,86
44,552
363,653,955
392,681
311,863
101,330,743
442,943
314,533
20,820
596,885
61,180,258
290,501,829
547,907
438,947
547,894
383,709,971
110,141
11,299,670
263,549
456,705
659,754
295,316,698
252,533
198,455,916
153,254
430,735,979
327,662,964
853,869
62,919
539,753
260,654
5,874
830,925,993
117,823
174,913
357,874,889
305,468
115,142,358
326,867,960
240,831
490,616
37,221,421
546,676,984
579,997
179,738
296,467
32,159
721,733
137,989
79,365,533
255,392
734,810
179,609
172,776
402,961
334,771
475,966
45,945,998
81,880
342,384
203,848
801,849
208,850,995
113,418
884,972
383,709
626,668
115,154
226,484
403,714
397,509
267,769
142,200,789
217,906
4,14
759,986
471,516,898
320,907
739,934
55,471,596
204,255
80,743
26,650
209,632,841
247,359
64,521,808
204,788
542,605
62,64
54,263
707,773
51,438,867
406,570
7,431,941
33,43,372
376,784,831
817,899
87,594
712,982
92,132,812
329,492
276,986
139,410
179,275
74,475
584,591,681
41,177,842
381,512
3,545
31,854
33,740
134,985
3,745
126,754
419,542
49,305
321,460,820
746,830
345,779,965
572,724
24,726
520,970
243,400
626,631,789
50,112
63,887,903
4,20,990
40,53
109,239
463,539
36,944
82,185,560
555,727,816
343,395
696,946
663,866
463,816
51,317,474
37,626
114,844
210,693,711
214,795
275,782
2,254
195,725,780
2,522
10,761
890,982
144,894
345,556
734,889
289,715
761,852
243,292
218,265
106,710,844
783,906
467,686
661,707,747
344,523
580,806
478,615
107,559
410,421,635
902,987
616,668,950
323,866,884
296,774
417,451,750
125,286,722
24,718
323,869
422,941
447,595
459,909
126,875
495,967
121,613
499,550,960
461,683
550,578
122,739,981
187,212,911
325,869
127,894
350,624,916
333,342,960
215,274,968
134,137,244
264,561,600
731,798
40,560
80,237
640,736
120,885
321,330,691
105,634
211,835
324,352,490
471,616
552,697
357,524,691
771,992
50,691
108,410,497
212,722
490,582
178,868
814,963
206,336
704,996
107,583,977
88,358
319,860,861
533,594
644,763
287,832
182,925
72,241,736
169,213,219
224,975
328,667
416,603
84,850
72,229
52,460,755
205,613
295,559,683
48,764
239,247,270
92,876
30,361,640
136,389
58,212,903
67,485,679
54,275,910
38,693
95,392,945
780,819
221,934,981
414,797
754,933
526,734
244,354
251,416
382,740
618,881
690,862
123,284,942
203,458
270,730
145,318
213,965
453,653
151,455
18,788
227,579,600
521,897
638,726
35,854
192,847
576,768,867
382,394,403
117,135,804
212,602,947
377,969
241,390
668,706
461,914
385,607
167,352,631
414,696,801
149,460
67,779
78,522
713,927
185,577,850
77,963
420,519
445,685
515,960
349,486
523,951
386,584
134,854
449,528
501,651,831
360,411,845
582,786
541,758,914
159,727,981
315,627
98,350
217,557,719
265,685
160,914
580,654
193,210
26,872,909
444,502
156,810,943
98,688
87,433
46,772
419,620,961
218,293
313,910
130,256,945
393,448,983
495,950
4,363
565,841
249,286,411
251,508
3,424
538,772
156,442
80,206,686
270,808
413,420,436
188,854
23,939
275,507
165,317,458
509,591,636
337,714
861,952
675,820
327,495
427,854
213,381
292,575
386,829
235,473,584
412,499
56,644
52,688,849
304,705
67,483,494
111,461
292,420
382,764
80,91,424
592,665
700,718
357,379
474,571
23,848,850
193,992
228,763
6,19
629,833
198,754
25,780
622,688
233,823
333,846
763,967
555,655
40,822,890
365,691
469,640
29,739,904
294,740,966
250,804
850,946
939,980,1000
118,471,699
17,555
844,989,990
297,511
385,874
108,728,841
171,279,391
77,269
215,964
493,726
714,715,734
191,992
183,458
228,313
348,484,866
386,451
679,763
227,859
173,710
511,876
508,811
493,935
240,845
319,345
81,656,660
314,400,471
3,195
119,763
834,893
99,665,767
20,127,422
781,903,942
152,689
237,547
19,623
78,578
143,791
33,712
106,206
170,553,764
239,862
538,688
314,939
585,804
178,586,588
149,995
504,827
234,627
133,449
401,735
170,264
79,168
369,412,584
374,591
11,451
534,548
143,981
202,972
331,415
53,635,838
676,795,861
96,212
71,639,942
848,968
338,339,477
16,597,797
462,481
61,607
120,956
286,568,784
420,499
219,684,991
249,602,965
91,504,606
383,639,771
83,660
354,443,488
5,98,388
312,840
67,199
210,473
321,680
353,522
618,777,834
112,367
52,415,960
68,408
69,852
158,616,787
182,616
113,254,362
102,180,334
271,801
108,260
120,931
511,596
553,575
94,718
178,746,892
173,503,625
801,828
578,859
523,600
508,666
444,603
250,769
245,876
943,951
402,819
953,967
638,953
305,457
27,391,725
123,927
33,178
189,717
168,525
332,500
635,955
12,756
297,565
334,778
435,647
779,865
527,813
18,351
148,523
194,429,776
299,556,717
170,270
499,859
189,754
347,538,847
401,650
37,164
558,602
655,819,879
455,867,911
122,169,947
700,847
122,703
623,922
9,35,328
333,679,1000
919,993
161,236
3,425
111,393
13,278
332,388
288,764
83,651
581,802
164,377,460
235,331
882,976
545,941
209,484
428,647
88,534
707,825
260,666
24,321
317,386
16,682
17,328,375
826,971
390,521
619,623,877
420,720
701,906
400,558,840
383,709
710,766
221,651
116,190
305,667,980
590,977
77,697
378,413,724
246,496,536
388,557
107,518,988
306,368,935
956,965,988
247,635
238,737
66,506,918
282,658,956
135,631
114,826
223,349
672,806
389,409
283,351,539
21,744,910
444,483,536
490,849
215,359
549,700,723
384,932
5,424
217,524
323,525
521,750
158,600
169,322,601
269,676
225,774
168,557
204,818
225,714,983
17,244,748
185,606
660,997
953,988
681,924
517,755
442,589
122,388
195,405
356,539,749
425,928
75,490
77,434,818
527,617,967
459,934
544,767
74,749
341,978
115,410
694,815
222,250
499,865
22,676
357,808,883
400,863
99,466
466,659,747
97,122,680
157,178,463
25,798
521,734
708,841
7,311,353
243,792
332,443
174,670,963
117,673
147,431,848
327,856,871
335,533
33,49
285,444,940
495,684
888,983
200,262,593
694,936
571,574
324,694
802,975,998
260,584
382,678,905
124,259,342
38,681
140,175
28,161
609,698
42,511
112,782
239,456
240,969
93,250,904
370,399
32,234,596
92,115,333
25,738,975
585,943
120,370,731
313,632
53,745
371,803
84,108
131,373
343,765,975
869,911
115,475,799
21,712
49,383,993
33,772,998
57,81
248,830
743,865
458,829
123,242
60,551,676
674,980
745,856
635,755,947
723,794,895
676,756
352,523
329,341,649
96,260,400
321,629,854
1,31
673,878
257,553
458,978
174,738
348,524,839
404,614,851
850,906
150,932
501,570
93,681
869,942
313,622
432,877
922,1000
345,601,658
312,963
602,727
8,562
180,853
107,376
631,952,976
454,933
187,916
577,786
562,836,938
100,742
194,429,662
257,465
404,507
132,798
414,438
123,396
303,428
558,879
170,650
286,505,726
443,564
543,784,835
43,259
383,428
645,718
664,981
212,538
365,775
484,970
236,654
475,579,981
800,890,980
113,600
459,489
312,825
272,741,930
24,684,856
65,108
110,637,675
32,591
862,972
350,366
579,973
2,18,513
895,994
83,880,912
12,886
281,485,828
796,831
789,965
198,443
455,511
350,704,744
175,250,668
343,440
234,496
897,971
209,294
314,756
758,921
31,782
193,934
166,729
121,779
162,223,564
140,599
875,894
362,841
130,723
491,713
928,951
347,436
236,486
137,420
508,998
285,906
483,519,561
276,755
191,657
867,933
280,823
263,654,723
319,328,377
285,771
453,525,649
719,870
399,760
146,275,862
240,499,699
481,673
453,514
257,819
366,517
138,840,868
724,926
432,621
39,741
471,883
41,832
121,391
265,525
502,598
428,616
328,727
145,658
320,578,699
406,452
282,384
44,298
59,853
503,953
114,405,628
26,443,734
541,842,998
461,497
654,821
399,804
417,649,847
581,655
562,938,961
669,791
103,857
336,519
193,615,737
428,475
222,618,722
544,569
114,603,615
529,628
240,697
339,918
684,838
960,999
492,755
236,315
409,529
370,689
43,494
288,454
28,450
308,609,968
733,959
214,828
318,776
225,823
659,971
130,772,974
474,792
749,883
280,614
772,821,992
603,848
242,613,886
201,724,932
183,244,764
508,748
309,756,805
464,805
243,402
131,853
95,422,902
139,235,447
146,238
162,620,728
279,756
7,489
407,709
305,352,623
215,352
279,887
23,447
86,316
129,509
401,486,864
629,688
125,341
657,710
240,703
409,669
630,835
293,304
433,837
9,75,451
170,879
472,666
82,564,934
55,68
375,527,536
457,492
526,649
584,958
24,203
101,351
481,936
161,498
53,314,962
339,380
405,745
634,805
664,864
6,188,382
264,585
349,362,744
310,655,717
249,567,892
248,858,991
518,755,827
492,569,695
10,209,335
408,812
49,308,854
882,933
138,589,705
659,902
241,799
407,698
95,219
597,612
110,156
164,574
401,776
413,469,609
292,318
505,623,699
541,547,901
216,838
61,498
296,769
570,908
339,968
138,634,674
175,426,479
45,803
130,178,920
314,823
111,229
858,928
209,240
498,540
128,626
666,677,984
277,847,974
244,989
107,254
32,625
390,745
267,314
187,952
147,760
114,149
274,697
868,995
192,848,909
142,173,755
513,731
178,412
784,801,811
185,664
168,688
488,844
256,998
50,774
31,330,491
143,333,411
224,407,963
223,343,416
58,213,892
530,994
133,550
780,857
742,869
373,765,956
609,718
541,899
86,968
200,471
65,436
402,756
103,426
397,402
238,242,256
325,696
163,442
271,611
372,580,588
115,353,932
330,458
498,630,911
431,806
357,986
489,931
588,717
271,475
347,537
14,643
269,778
106,770
106,631
42,941
77,420
669,690
219,551,994
491,730
782,872
48,799
378,994
257,500,512
375,622
184,259,347
644,782
135,371
412,911
291,907
504,655,728
368,770
54,564
42,910
633,941
603,850
556,567
90,363
186,408
360,765
231,663,677
656,993
802,842
267,588
342,465
81,542
371,642,889
591,826
385,962
490,538
301,376,899
185,483
109,293,486
420,821
68,656
319,483
707,878
249,292,673
395,567,666
105,930
345,841
807,938
472,519
296,552
250,833
505,528
214,471
591,828
61,781
533,653
97,632,953
58,299
337,922
427,648
777,918
565,721
564,791
36,65,964
14,972
295,722
142,787,910
178,914
148,821
919,923
412,533,806
650,677
43,139
798,895
160,840
152,324
629,748
20,260
258,331,648
5,42,765
172,283
300,386
937,965
548,754,972
101,117
220,828
138,262,576
226,376
880,999
38,762
434,518
232,638
20,272,919
597,727,802
598,853
234,898,971
489,883,955
602,862,979
394,682,691
111,292,710
535,829
47,234,328
263,897
51,727
375,496
344,916
141,873
299,459
116,737
11,56
347,741
116,391
258,883
309,663
332,792
723,812
53,636,808
220,484,675
261,272
564,608
368,678
771,867
919,956
149,250
31,48
496,753
144,344,482
239,541
240,600
199,819
254,498,745
55,307,628
315,813
187,436
215,245,512
138,506
291,422
22,47,54
109,161,349
16,276,403
689,808
283,822
603,853
262,380,935
452,708
286,630
643,934
699,908
469,757
649,678
98,539
445,979
190,856,997
80,220,730
352,481
684,815,884
25,824
568,771
211,620,913
470,715
735,927
209,718
511,515
406,964
667,741,748
176,656,666
122,329,392
300,695
2,762
12,370
531,731
464,791
200,747
286,384
189,221,374
265,581
146,657
481,508,895
525,941
247,361,684
255,874
139,905
102,108
103,617
67,611
41,175
34,394
276,434
40,333
426,702
113,372
269,726
478,732,750
59,108
640,657
578,841
22,173,330
145,417
140,377,993
347,441,643
137,577
418,546
304,329
105,966
32,812
89,614
55,280,492
303,732
305,929
47,778
52,105
349,905
153,191,357
304,830
810,945
344,751,996
186,747,774
6,193,839
128,257,672
359,519,827
198,983
360,415,492
167,372,595
459,511
702,931
158,395
455,723
540,862,942
14,650,666
524,700
242,949
189,936
728,882
303,805
438,555
160,752
160,365
100,991
143,714
32,96
161,190,779
653,920
145,864
5,894
43,461
863,900
99,574,775
924,943
252,365
319,889
34,276
302,876,927
359,418,440
162,290
95,765
235,534,841
169,611
658,894,948
426,629,999
80,666
246,666
335,538,988
188,583
232,415
794,898
438,441,545
346,513
539,753,899
21,990
33,495,525
416,650,722
359,800
42,652
442,569,625
295,486
528,775
90,812
615,996
329,746
788,809,826
475,533
781,895
15,760,859
435,936
642,811,933
237,377
287,427,789
330,666
2,215
361,543
218,538
111,702,960
165,793
206,883
104,688
714,898
315,429
196,302,411
671,800
91,433
117,360
424,752
480,626
132,150
900,966
606,643
222,551
431,611
316,644
40,91,427
67,967
315,652
71,122
190,483
56,610
507,858
385,396,676
725,882
434,618,984
50,181
105,885
207,801
292,822
645,771
241,528
21,46
81,769
18,475
154,983
342,463
563,927
54,189
23,181,607
682,771,885
239,919
36,401,485
281,686,879
748,832
311,315
78,360,721
646,853
192,284
850,872
76,103,785
2,182
238,461,499
673,674
16,347
58,498
883,930
248,907
202,960
290,744,856
440,913
172,671,962
396,870
784,808
236,620
104,576
139,919
272,320
290,802
119,140,924
380,561
764,986
502,895
38,428,456
327,674,691
709,764
329,466
236,338,687
613,804,820
145,599
408,532,809
133,281,415
910,952
60,892
478,777
357,1000
225,634
11,276,610
162,824
672,915
111,340,817
41,612,639
443,613,946
134,801,934
177,275,750
117,222,225
280,288
598,909
160,352,991
108,356,681
220,353
37,264,578
294,878,933
68,155
232,446
255,317
9,145
156,287,769
314,369,742
424,768
142,855
262,616
480,567
520,551
198,933
53,649
150,330
23,603
212,917
342,470
9,606
254,415
26,869
290,342
231,600
274,279
102,486,618
355,811
757,985
295,590
256,579,769
370,630
899,907,958
363,752
929,973
508,923
933,977
227,686
174,184
434,574
427,613
285,737,902
399,964
434,545
279,374
62,706
94,516
157,186,332
3,140,893
15,601,904
568,592,671
847,921
131,880,960
543,602,798
416,917
75,891,901
659,937
706,923
112,661,957
261,363
271,336
512,949
177,369,410
612,743,854
923,958
837,875
430,677
491,798
33,53
44,61,188
484,780
70,990
170,449,474
180,581
99,599
59,311,325
189,339,778
591,687,877
793,923
361,469,519
173,629,898
637,694
159,832
229,701
320,713
447,493
84,948
38,458,658
478,851
272,631,788
260,391,680
376,694
163,599
856,1000
74,261
175,333,925
351,559
282,409
252,772,793
505,726
109,462,942
567,768
25,105
17,75,229
127,531,978
436,501
148,436
512,645
14,215,963
76,877
292,729
72,155
155,708
784,998
592,922
661,764,943
216,994
56,141,922
305,959
416,518
55,56
139,422,941
162,279,574
513,977
124,947
441,854
361,605
182,366
226,594
326,708
396,964
141,224,415
450,578
362,591
63,148
459,984
417,432
325,624
48,748,990
34,479,601
106,428
14,877
597,646
68,118
368,713
804,852
290,576,595
824,961
29,188
80,167
46,563,639
212,282,320
148,558
40,134
291,336,571
7,573,901
130,740,962
142,621
681,985
241,412
520,902
331,930
57,640
605,867,894
556,897
424,588
67,505
320,512
150,155,629
726,829
222,406
37,395,957
200,325
118,732
284,355,966
598,818
195,536
441,513
272,286,976
523,913
499,609
8,30
315,587
559,829
185,233,451
73,83,634
282,372
24,275
518,721,985
283,412,674
539,879
157,199
94,989
166,211
674,859,964
152,947
169,300,463
198,668
138,887
69,671
12,412,453
277,711,876
163,771
412,685
81,898
161,825
27,770
373,488
101,599,722
52,206,965
35,397
231,766
174,310
17,586,906
813,936
129,700,764
258,819
282,366
82,898
239,446
221,272
365,366
79,602
205,675
548,812
193,921
493,724
16,790
526,779
2,367
685,731
643,953,1000
4,938
373,972
74,884
282,807
255,688
767,906
148,630
759,948
314,568
456,975
84,442
695,900
41,130
359,927
367,852
102,172,524
571,914
29,552,659
204,712
244,305,522
278,894
426,468,793
271,751,911
67,861
146,158,834
267,718,790
357,568,823
445,970
293,845
144,591
438,744
397,805
39,915
317,815,949
265,808
65,309
299,550
560,797
321,803
51,69
690,989
33,136,604
131,186,700
84,352,769
47,371,953
31,795
550,601
438,813
27,105,393
763,879
644,738
196,333
515,743,851
236,453
598,975
329,543
27,145,272
270,412
625,672,734
142,438
673,719,798
14,218,755
574,616
595,717,827
116,404,883
246,416
738,992
305,863
78,360,521
521,574,696
388,882
202,578
23,698,877
29,340
429,431,467
76,858
688,900
245,950
392,548,823
741,922,947
814,971
122,360,494
574,755
54,881
202,522,858
108,508
169,495,752
356,649
245,816,871
258,339
37,43
18,175,664
641,753
147,891
576,887
471,883
376,430
419,532
17,67
78,364
594,910
357,675
379,443
102,722
28,493
30,233,630
593,796
46,282
274,720
195,942
280,379,664
135,719,965
114,614
186,675
347,959
665,936
413,855
179,945
505,557
15,120
802,879,974
303,304,929
161,950,970
155,250
486,666
736,936
428,539,643
471,812
219,505
242,735
263,300
924,966
193,380
270,929
194,690,826
126,449
707,993
555,841,913
133,296,419
371,713,951
350,481,631
566,585,982
31,234
398,541
798,917
309,747
827,851,934
277,862
393,639,956
469,572
188,755
192,429
212,226
477,702
124,843
326,939
730,771
162,579,992
760,882
355,851,873
661,714
90,343,470
804,940
243,798
771,775
56,134,675
199,391
688,886
60,685
475,853
203,514
287,423,518
372,784
99,218,711
8,83
104,692
245,934
39,975
498,662,888
713,880
652,965
420,761
69,413
346,472
521,812
185,716
671,857
656,717,934
290,593,611
100,365,838
63,357
242,401,569
38,660,866
519,911
517,979
759,793
300,410,815
24,707
433,564
273,513,976
7,525
7,418
216,841,919
208,492
8,675,905
195,258,470
780,804
159,750
773,927
489,539,982
85,922
40,904
114,287
35,836
175,203,442
942,967,992
20,205
142,209,373
58,643
549,600
470,548,745
37,101,398
320,384
351,939
122,542
693,754
517,638,909
470,751,800
241,303
399,607
380,464
131,206
206,270,678
219,721
78,576
312,792
605,814
81,545,733
639,958
374,891
779,790
673,680
714,770,952
578,757
655,738,841
106,924
371,667,937
444,492
454,556,837
274,288,445
901,987
467,742
144,747,837
314,459
29,184,305
430,677
646,797
327,684,712
439,644,989
71,484,792
172,306
36,809
174,755
91,531
401,748
428,525
253,484,526
245,249
648,811
224,715
290,613
426,623,629
4,104
65,816
376,745
454,678
201,626,943
133,350
376,486
201,237,907
478,517,659
305,831,869
215,252,655
262,395
126,994
344,954
782,970
680,946
568,627,703
123,512,663
54,724,786
177,841
349,778
202,556
22,52,832
925,982
339,977
533,705
287,565
287,322,706
64,692
171,700
126,206,916
244,632,862
369,800
226,559
158,405,454
12,624
173,880
387,896
29,395,900
21,475
580,757
3,186
100,907
24,161,597
107,703
59,205,315
221,225,547
370,562
708,795
356,998
250,562
733,743
272,770,785
70,657,993
381,845
181,359,659
347,747
387,926
101,239
543,623
24,190,780
646,917
110,486,947
753,993
557,682,947
105,244,824
21,574
14,434
62,419
89,655
14,557
414,719,942
358,380
88,203
348,492
336,349
228,413
332,537
434,491
224,686
185,576
51,513,568
99,289,948
24,307,313
70,834,890
100,613,710
776,916
316,664
668,794
318,699
275,277
562,953
13,512
553,949
255,927
213,604
140,469
186,237
197,691
154,463
459,697,859
317,411
445,501
108,838
392,569
744,751
227,522,758
75,420
283,897
374,993
362,924
589,969
130,983
193,243,330
148,265
297,698
523,827,934
7,163,328
227,565,873
432,544
321,479
146,464
710,755
16,137,175
475,931
453,628
148,540,679
167,331,496
88,960
113,170
129,423
772,947
127,159,816
23,156,703
378,591
236,283
141,280,443
261,424
25,494
641,915
160,744,997
193,331,588
735,945
14,707
374,422
161,725
552,1000
122,549,604
260,652,934
313,383,713
327,462,668
114,264
384,651
21,90,207
803,827
75,355
509,616
192,684
165,461,658
801,960
663,888,989
109,899
379,852
242,850
431,580
66,403
294,432
398,592
634,904
313,611
482,623
563,824
250,608
125,186
596,830
641,665
107,706
180,696,849
410,417
551,790
305,710,934
4,444
813,865
467,525
115,626,664
81,545,586
53,315
786,936
29,238,373
261,509,955
754,882
800,970
531,972
282,308
321,334
384,823
481,586
54,760,761
479,997
356,832,845
256,308,671
645,676,979
342,498
288,825
69,267,603
83,335,737
517,878
123,890
766,927
779,984
360,865
378,612,888
148,742
110,697
536,701
36,68
836,853
347,516
254,373
102,207,784
344,606,631
157,961
416,811
116,601
44,755
412,675,998
463,817
772,933
203,670,692
44,145,928
624,843
145,528
132,945
206,533,903
854,971
219,436,469
24,168,216
47,403
732,884
285,972
20,52
85,87,449
77,120
161,750
447,767,897
85,105
199,419
800,817,898
377,492
962,1000
160,481
138,183,201
604,975
567,652,872
511,579
53,814
208,949
142,266,663
147,533
33,527
86,161,792
221,304,580
454,758
47,160,754
635,694
421,529
224,790
205,945
357,863
199,211,798
278,795,950
147,248,536
836,844
7,655
542,574
21,236,821
411,484,787
73,175,613
9,417
351,464
46,728
805,990
20,316
217,524,597
183,542
415,638,946
422,836
122,910
515,624
389,710,855
389,470
46,177,656
411,662,948
726,744
783,814
845,995
237,742,896
793,803
414,694,842
125,277
372,709
321,327
87,333
681,911
18,709
527,686
617,760
73,665,710
414,928
84,880
214,370,786
673,962
585,909,963
306,637
32,774
474,571
800,877,939
150,657,669
207,915
61,619
37,350
91,530
396,788
847,946
144,634
231,414,879
679,756
197,817,879
10,680
83,562
129,358
452,683
283,830
565,596,901
261,402,830
535,726
21,688
398,999
70,445,541
136,566
112,322
294,763
593,783,923
56,299,432
68,428,635
357,872
467,821
83,114,440
452,980
11,512
10,396,776
573,587
384,489,620
2,982,992
369,943
415,872,922
384,397,636
105,722
211,896
573,743,789
45,211
54,288,917
64,326
184,511
33,401,637
44,662,666
424,676,824
85,138,835
67,802
227,926
142,858
200,440,579
34,868
419,603
543,800
314,348
60,292
141,676,735
479,927
702,872
486,773
258,328
61,130
26,181,434
36,219,413
49,57,446
710,953
12,247,588
597,930
204,949
525,888
360,547
293,540,937
524,565,902
90,862
73,782
97,352,782
56,318,412
672,758
754,813
127,320,466
102,776
615,743
238,812
663,666
682,842,843
106,114
377,767
691,835
115,295
25,831
432,989
617,858
184,207
123,700
617,814,941
365,1000
70,133,160
70,218,487
55,101,709
427,464
77,611,985
341,667
525,811
307,314,826
393,516
458,543,896
551,903
679,693
74,748,946
837,991
225,955
105,606
444,510
250,517,610
26,211,320
311,762
768,936
509,764,891
517,523
329,732,756
583,652
444,921
213,400,954
642,684
615,671
295,710
98,684
251,624
390,982
549,759
99,411
172,542
565,603
377,402,883
618,816,977
103,647
674,682,955
348,722,998
384,574
129,544
483,584
189,875
338,998
176,494
224,267,817
56,299
6,644
473,596
245,726,948
29,549
616,979
49,220
354,386
339,939
276,755
819,866
97,246,429
557,626
212,627,634
112,987
131,337
61,391,407
10,409,917
141,577
339,353
81,709
139,584
168,462
225,477
34,131,137
24,133,484
356,793,923
347,870
54,936
41,510
233,389
121,175
472,680
156,870
205,671,957
66,783
347,435,893
548,728
70,94
612,901
377,694
132,830
9,570
462,531
5,234,762
72,203,403
770,982
474,773
117,235,467
163,387
190,801
396,927
330,712
360,625,813
831,872
427,849,865
106,504
140,495
344,910,917
405,947
870,900
3,290,743
228,730
155,570,909
270,945
42,887
627,643
685,981
113,763
487,951
189,943
379,641
400,854
153,648,906
155,694
133,343,939
224,643
459,461,663
66,847
490,492
248,635
981,998
376,546
399,668
752,944,949
568,681
835,917
381,932,993
81,495,709
541,569,997
464,637
659,942
213,693,766
99,966
718,844
6,804
99,166
654,893
147,868
560,869
723,752
77,191
26,259,434
2,857
97,986
33,384
750,950
65,262,383
54,956
861,907
150,197
45,223,888
411,964,970
42,429
172,728
297,324,884
98,336,768
66,861
175,519
115,205,209
190,294,763
110,552,840
66,744
37,354
95,312,623
660,907
163,658
131,938
20,946
458,531
838,856
337,716,939
198,223
360,641
408,547,898
370,405
39,687,800
16,560
405,412
590,782
576,735
251,398,995
371,622
39,709
21,29,583
594,627
124,881
132,909
385,599,980
87,233
671,810
90,775
365,756,912
169,548,915
264,663
218,285,531
155,987
229,818
82,901
359,738
324,785,912
443,812
399,488
35,164
107,691,912
404,671
32,898,914
818,893
47,400
510,649,807
190,991
46,98,968
417,917
232,663
72,664
98,913
478,522
72,239
379,492,803
88,757,919
484,526,556
309,385,996
742,939
353,810
307,441,593
160,665
793,946
25,427,675
151,345
26,980
503,807
108,929
351,915
121,298,950
86,454
688,930
262,432,493
634,853
476,479
18,802
186,314,686
124,455,708
187,326
214,545
344,348,974
293,327
758,790
11,227,702
344,458
244,713,974
578,688,959
837,997
348,958
256,528,969
240,411,641
449,618
66,512,994
787,874
490,643
642,651
150,818
119,981
42,480
286,297,470
31,179
84,598,718
75,106
872,883
214,625
463,529
443,879
115,425
60,989
474,531
200,215
12,13,624
105,732
501,999
160,227,974
40,379
342,816,894
733,831
343,976
490,696,718
387,498
530,634
404,781
280,631,703
167,408,783
227,439,530
61,646
531,589,683
500,694
565,826
329,797
28,58,317
113,805
321,995
473,917,943
34,827
31,575,733
4,697
65,773
724,735
539,912
556,978
443,549
811,918
79,421,456
373,842
505,865
244,822,987
228,292
509,528
11,82,607
851,870,902
531,777
102,404
398,532,690
227,481
765,847
497,809
675,713
641,762,770
293,333
90,543,895
68,431,788
54,895
782,943
407,428
375,483
527,595,616
653,815,993
101,770,805
317,744
149,801
11,262
233,566,867
158,528
272,817
932,955
23,601
149,452
131,901
72,726
290,494
242,785,824
181,193
99,948
578,826
61,417
18,311,930
92,499
293,322,635
865,934
384,616,914
518,657
25,654,930
552,821
380,488,631
91,795
872,911
819,834,930
754,854
96,531
589,966
327,455,472
166,182
488,921
533,838
329,358
307,339
390,396
505,907
335,446
556,916
526,742
230,501
598,688
573,863
721,768
54,767,860
146,809
75,85
383,495,812
106,990
475,485
552,976
170,485,979
457,574,607
159,447
492,655
310,913,930
235,459
355,445,666
127,158,954
26,441
178,193,384
233,450
600,782
10,211,687
64,892
77,423,831
459,917
80,252
269,319
248,823
68,495,778
73,149,905
333,968
10,450,534
167,507
136,786
71,455
115,659,905
297,333
604,910
315,526,894
310,488
268,646
314,608
271,508
344,418,693
111,138
459,942
88,672,733
32,985
292,304,415
260,302
346,770
196,468
230,493
217,448,586
292,438,619
463,498
380,434
194,260
43,115,384
542,755,966
463,497
469,829
440,798
94,716
194,255,965
723,813
548,639
586,983
280,790,945
39,101,828
189,532,564
129,926
46,586
31,640
408,585,821
7,891
294,816
472,676
164,723
150,414
554,756
54,355
352,871
344,734,835
284,454
129,505,929
47,159
469,798
59,766
270,388
224,235,825
652,798,802
85,240
1,192,349
56,259,974
47,159,289
83,154
155,634
175,383,671
49,774,898
36,79
164,625
432,690
29,82
246,356
137,458
396,477
819,977
201,999
391,792,829
148,483,846
461,492,926
43,335
81,666,907
58,124,211
97,703
147,239,681
96,734,915
403,789
329,841
91,593
247,815
146,486
426,939
135,531
70,475
455,762
139,338,689
274,275
563,840
147,958
131,576,733
752,986
67,763,856
582,631
612,999
10,590
356,899,992
39,93,656
192,531
60,271,470
509,513
66,458
346,389
23,112
329,668
922,943
339,341
65,517
96,997
30,229,695
955,971
206,362
551,618
165,419
147,403,915
225,298
18,554,732
310,620,889
672,718
112,181,737
1,725,745
220,948
49,239
149,631,721
232,667,955
605,720,776
525,660,672
569,597
190,489
16,659
86,882
25,471
36,413
38,681
143,437
310,485
142,353,663
119,928
261,475,523
28,293,602
201,568,735
490,912
355,367
828,889
159,971
148,445
144,304
134,246
61,143,652
38,645
751,877
209,282,355
222,449,468
87,784
391,508,519
382,406
164,425
322,664,697
170,734
117,146,492
333,690,742
79,247
289,777
54,778
4,181,391
82,322
198,751,881
104,444,719
704,856
151,220,536
278,470,516
504,580,805
632,770
11,564
100,167
259,269,997
37,368
758,885
117,894
597,618
230,852
41,106,879
555,750
157,374,850
564,745
734,906
563,813
380,1000
431,732
447,477
18,823
323,959
41,996
456,483
716,782
195,976
128,341
220,636
218,765
514,889
143,250
38,273
214,543,680
398,570
631,989
416,862
34,73,482
162,265,567
83,215,613
340,627
158,781
63,772,900
247,737
383,397
268,699,767
198,970
356,428,717
60,466,791
399,972
203,476,518
77,531
66,345
550,688
226,903
517,552,900
38,430,939
440,484
239,350,564
212,962
442,459
215,905
436,835,948
280,305
170,503
541,806,971
185,939
409,915
104,621
497,993
22,585,926
675,784
109,295,535
349,382,455
53,544,655
3,144
37,976
157,300
62,645,859
178,668
127,974
564,646,962
617,788
85,449,786
980,995
594,970
37,264
295,997
363,573
97,647
365,397,707
47,367
314,525,655
785,843
389,611,982
241,685
123,796
348,990
386,391
79,288,666
285,435,692
80,796
162,579,982
364,468,824
403,900,995
111,435
349,854
497,942
362,485
199,564,955
234,525
88,623
558,702
357,704
443,489,757
168,262,634
190,528,719
272,403
98,633,957
155,912
449,961,989
393,926
25,406
24,143,317
247,516,637
118,558
67,635,819
204,545,962
10,776
223,619,943
248,593,975
430,516,991
148,260,282
191,869
104,273
518,721
40,347,934
659,729
264,309,506
253,477,704
293,451,699
434,520,769
129,557
554,738
70,477
61,769
789,792
215,870
241,469
45,213,722
79,996
769,865
888,893
178,314,884
783,968
476,614,782
125,875,933
105,874
48,514
176,764
238,907
265,677,767
293,611
51,63
151,282
149,349
181,443
598,603
70,930
811,882,1000
137,785,909
56,694
37,229,511
205,752
51,619
616,814
114,423
118,441,889
183,723
17,273,651
87,166,275
472,566,714
132,863
150,522,922
322,637
118,328,590
236,664
91,227,926
323,592,666
133,417,514
649,666
203,305
597,727
367,820,972
214,746,895
117,504
241,470,997
102,773
451,474
236,309,674
261,841
460,716
94,737,854
82,922,995
55,751,918
276,460
240,753
899,984
444,459
386,471
671,769
78,114,368
810,946
446,624,824
89,442,626
256,481,769
108,744
178,652,975
574,589
266,998
42,119
77,403,706
50,765,854
187,655
292,763,795
451,744
183,740
229,421
258,544,633
214,842
454,859
319,376,597
272,337,904
592,717
483,991
874,924
435,554
302,369
594,676,700
359,396,683
438,448,687
525,758
269,946
903,935
204,210,743
293,670
601,999
202,912
145,409
127,160,994
280,463
245,503
26,229,615
40,63,256
167,783,929
829,876
347,962
263,633
24,474
115,242
74,969
392,535
342,454
617,669
208,860
580,705
352,611
354,813,883
74,291
499,700
150,347,573
262,675
654,705
572,956
231,962
634,782
286,702
589,884
253,378,486
45,275
138,178
117,496
214,331
545,972
28,241
425,642
537,759
21,910
187,892
99,123,429
166,873
517,524,840
175,635
387,561
285,953
288,328,727
789,949
104,337,698
353,608,908
634,661
379,454
505,775
733,785
639,979
3,220,826
401,544,702
86,878,981
127,262
475,994
248,362
50,497
155,202,257
25,177
254,821
282,823
254,634
221,450
274,480
140,587
595,764,914
92,196,916
34,552
797,867
20,485
336,426
151,198,669
555,831
441,767
114,664
357,828
138,731
174,607
251,922
108,794
112,392,611
224,259,522
335,560,563
11,208,584
640,864
151,456
209,360
261,957
749,897
317,528,574
325,580
720,892
7,593
93,527,805
374,895
12,541,617
228,708
181,640
307,596
66,344,809
102,528
462,510
25,179
228,242,642
105,931
493,811
568,887
323,496
508,763
635,694
500,771
96,675,827
489,592
132,849
180,332
542,947
93,743,876
868,949,994
685,707
169,332
396,487
316,410
291,823,976
21,501,875
566,723,943
269,347,394
179,788
105,515
150,595
133,609
505,605
631,782
95,149
103,398
478,522
852,945
460,796
739,797
11,36
214,600
351,395
55,633,653
645,852,889
720,946
166,599
238,240,970
459,755
376,543,628
202,374,647
851,999
204,407
341,864
221,777
61,172
689,930
368,790
400,944
14,532,923
193,577,999
2,595,604
33,678
598,789,820
387,726
14,294
800,801,917
286,747
288,493,571
541,590,699
664,696,908
942,944
222,514,683
169,263,338
949,954
552,748,769
307,872,883
489,836
310,496,606
336,422
42,985
226,306,708
416,756
78,253
54,289,881
148,342
573,907
633,793
103,331
338,631,717
292,594
362,375
308,880
69,620,722
894,938
285,614,746
818,835
322,395
10,628
28,36,279
375,395
455,538
28,632
606,720,811
477,998
232,352
107,958
35,236,749
188,761,845
591,909
172,756
20,316
673,727,816
600,718
367,601,935
304,542
120,673
255,815
217,909
292,512,777
270,864
216,385
281,710
192,633
701,890
325,517,579
232,955
19,82
497,540
191,515
497,988
295,609,763
878,973
32,488,928
26,691
626,804
198,676
876,974
478,859
14,68
21,151
418,448,951
492,864
94,324,692
256,444,461
21,101,540
257,666,678
510,933
527,749,772
583,688,904
166,309,858
385,680
10,147
686,756
966,1000
67,96
802,965
119,431
762,768
438,531,599
497,876
17,114
355,829,903
194,725
237,305,986
228,523
266,432
14,152,626
425,696
40,719,995
174,338
60,746,967
100,246,749
98,328,872
657,808
593,897
238,479,707
37,137,664
33,771
727,924
490,771
330,332,689
460,812
417,507,984
32,638
59,170,903
545,826,946
35,253,630
276,718
654,923
81,619
277,446,508
176,432,632
120,263
343,859
32,284
294,452,604
650,980
142,831,934
173,281
605,916
698,747
735,953
131,393,768
502,710
357,621,675
64,541
10,321
344,385
396,754
69,503
330,961
93,542
745,825
42,668,901
557,755
100,296
258,557
167,397
70,436,591
323,547
188,242,780
196,935,956
354,576,840
383,453,915
22,637
117,384,592
634,962
229,706,748
326,432,504
438,451,669
64,242
195,875
120,428
35,119
284,487
50,459
103,889
280,729
415,730
548,780
193,280
215,393,483
763,773
33,348
62,959
410,529
114,159
281,432,716
641,661,931
37,614,999
24,662,997
31,757
26,576
583,881
748,802
365,732
340,672
161,791
558,754
282,445
290,435,701
286,746,765
74,251
359,719
536,554
256,434
263,710
116,352,661
125,161,597
25,46,80
402,813
5,876
656,967
335,623
201,687,786
445,680
369,479
384,633
190,781
252,620
328,536
29,256,461
248,304,641
618,630
435,749
170,326
380,698
414,616
435,884
320,405
130,311
394,730
43,362,604
106,743,909
42,372,944
392,603
295,612
474,545,909
378,666
400,978
60,609
386,725,740
298,624,888
594,712
123,834
73,114,833
480,514,534
340,678
24,448
134,284
155,621
30,806
353,851
22,848
181,518,905
744,947
186,872
411,991
190,376
260,974
162,376
187,566
652,816
191,737
143,372,823
22,415,464
283,433
158,275
68,113,917
37,287,769
120,161
374,713
456,987
123,248
361,642
182,339,619
76,651,848
406,433
133,319
121,767
430,878
131,900
469,930
283,372
227,435
353,434
571,877
167,414,441
52,260
303,362,587
511,777
117,178
491,882
120,225,723
201,996
503,600
235,840
83,777,982
397,566
568,723
139,764,807
95,107
482,688
56,337,692
157,883
186,412
709,797,855
70,469
387,750
572,771,935
196,762
482,765
147,635
299,659
140,694
250,409
164,764
7,762
296,415,623
70,230
283,723
539,969
545,838
87,471,638
341,429
855,871
231,742
293,535
451,726,892
140,808
148,274,864
563,595
73,251,765
426,748
263,604,628
268,694
58,546
138,597
171,866
428,638
573,599
92,213
349,361
179,243
339,397
793,916
241,963
632,837
544,577
351,379,538
4,739
267,761,987
597,637,733
246,771,913
283,660
525,918
129,502,848
117,221,331
45,169
99,864
657,688
442,510
101,234,315
226,776
660,881
76,678
412,971,998
490,648
471,593
142,653
799,958
311,994
203,601,706
106,458
245,377,568
246,667
175,379,530
138,891
321,427,790
518,729,884
270,643,689
104,756
87,249,452
373,944
122,955
614,714,774
303,929
233,540
18,113,453
67,662
397,480
536,612
43,680,884
614,806
299,416
204,319,385
25,270
523,614
501,638,824
416,997
103,692
209,836
352,358,457
158,269,432
142,183
88,732
217,882
271,392
157,600
528,630,951
159,236,762
414,770
142,443
434,670
61,775
719,908,946
154,788
280,855
607,987
117,826
237,889,998
177,473
397,920
555,797
331,923
877,879
211,965
420,868
438,632
61,109,864
624,736
85,581,864
506,740
98,157,225
337,653
603,716,950
11,168,798
60,389
524,990
135,427
571,717
112,517
62,732
5,691
44,98
164,431,969
31,308,523
390,546
729,860
498,731
231,397,884
160,351,745
272,637
391,531,572
134,223
98,220
796,990
778,907
27,209,336
444,748,880
267,884
402,642
522,692
425,472
23,961
77,270,889
111,763,887
804,906,973
72,222
115,252
418,444,718
171,863
264,623
429,845
297,447,937
273,399
137,303
58,448
336,517,770
643,671,938
473,545
250,375,706
308,321
436,452
378,860,952
508,565
16,659
215,708
388,500
503,554,831
456,842
138,790
114,227
47,766
143,534,551
382,557,915
309,314
946,969
209,353
484,903
367,770
11,774
129,467
346,624
373,859
59,486
200,379
185,790
500,610,812
429,543
614,688,765
199,216
170,721
425,555,821
377,636
71,489
104,399
343,803,942
380,880,943
567,685
17,503
211,370,802
210,328
176,581
534,768
288,333
110,175,280
165,705,738
3,482
849,935
406,437,520
512,932
538,850
650,910
30,238,465
334,644,833
607,637
213,498,499
713,844,960
80,325
327,465,728
190,825,851
679,726
588,667
14,677
227,289
321,857
967,974
804,854
358,988
298,317,611
481,999
207,799
227,395,870
274,551
301,338
183,674
802,863
231,242
373,961
91,495,958
194,645
307,605
927,997
73,562
678,690
200,263,285
574,875
32,783,920
204,889
742,871
366,931
384,876
227,862
336,345,981
274,397,739
274,448,896
423,576,912
253,566,813
564,652
624,875
169,540,892
142,472
278,458
432,501,735
621,682
511,585,878
133,399
90,158,801
193,202,419
657,679
169,292
712,843
347,372,565
25,433,666
547,780
6,761,845
216,218,862
196,740
97,583
106,184
43,676
171,233,744
43,250
354,388
498,720
462,910
333,386
768,894
519,863
122,665
173,491,576
342,774
266,341
35,431
559,890
199,540,666
160,817
2,417
148,378,417
221,944
77,130
672,898
93,383
351,547
183,199,745
10,151,443
80,120,899
300,467,699
301,805
31,440
136,475
463,728
11,598
523,609
611,617
75,150,491
55,599
410,567,791
133,924,940
279,329
89,217
210,727
118,981
792,846
41,308
34,651
319,878,911
345,501,947
136,982
192,374
24,480
53,250,556
248,983
391,798,942
832,868
70,793,929
59,439,759
347,886
168,715
531,774,845
142,460,946
824,889
445,593
86,595
204,223
453,559
485,755
97,848
267,733
203,839
222,429
344,356,509
266,269,574
353,985
249,542
94,615,698
331,682
577,713
517,706
80,339,838
458,944
47,170,642
441,471,604
53,827
256,356
330,621,989
675,850,987
704,725
673,996
276,852
10,627,697
73,737
224,827
513,705,826
130,270
130,677
62,443,921
814,992
167,363,930
97,626,946
107,119,166
83,264
270,728
698,975
284,860
321,360
403,780
304,441
378,494,566
9,273,936
268,569,972
68,774
509,617,891
70,864
280,810
246,356
834,881
141,360
290,399
606,764,958
19,797
124,442
227,478
54,693
270,823
366,618
545,728,764
585,601
69,405
369,694
249,776,997
44,777
762,968
375,776,777
9,633
64,840
195,940
343,349
214,617
231,548,617
484,952
381,580
107,823,854
894,991
199,932
334,431,633
74,842
253,513,963
223,666
189,818
40,62,647
63,608
478,511,513
214,752,923
648,659,946
152,899
85,148
25,139,728
29,506
600,921
80,466
84,834,982
95,299
50,602
656,868
119,507
251,603,743
88,493
327,449
702,858,961
429,780
380,707
384,549,587
324,638
190,618,735
116,493
453,533
201,293,708
35,783
15,615
457,945
160,421
109,126
529,782
185,845
260,636,727
588,591,699
296,419,769
126,432,981
14,129,610
410,532,793
294,793,815
224,872
859,905
236,545
151,170,575
162,871,877
470,677,965
262,478,576
168,717
236,674,975
602,745
224,580
179,377
524,747
180,308
403,405,533
192,983
251,388,942
13,239,870
378,572,984
775,987
173,191,434
42,847
590,651
292,770
629,743
221,656
226,233,566
131,804
38,291,923
747,807
256,1000
36,367
231,625,834
84,213
708,911
373,854,959
15,403,865
650,750
419,427,476
156,566
299,548,757
356,640
42,210,594
518,562
45,721
592,858,972
392,759
217,663,698
66,204,400
115,558
145,189,362
205,322
553,842
295,701
23,84
250,514
552,879
289,987
530,570,664
373,784
86,286,624
196,345,522
494,990
127,279,852
33,291
240,590
562,792
218,493
197,591,971
248,409
234,265
105,897
214,280,377
348,392,497
187,550
299,600,865
27,428,440
392,941
437,974
403,729
404,654,662
68,616,636
393,574
69,130
34,260
774,822,949
425,641
86,94
209,562,792
535,863
62,625
284,832
115,731
193,335
582,648
208,210
116,238
89,106
747,800
247,714
484,685,997
75,532
866,950
353,962
24,330,733
164,179
271,702
253,401
80,453,758
468,862
73,404,488
555,619
61,286
548,634
866,877
619,700
256,607,732
518,697
467,731,772
346,836
101,206
368,382
388,628,930
767,938
468,800
343,407,535
63,170,333
303,449
229,537
593,819,976
56,447
17,347
150,361
74,729
197,219
197,303
557,702
5,913
77,921
159,790
574,676
238,251
539,686
54,469
549,702
109,860
139,164,225
88,111
240,324
299,306,664
426,922
110,307,997
154,390
191,564,806
656,976
854,909
558,911
612,974
226,650,750
428,768
52,337
61,420,646
78,402
232,965
44,90
404,827
696,958
318,386,834
369,706
553,730
263,509,581
356,606
566,652
275,349
135,245,775
726,954
370,905
510,888
94,511
234,807
453,723
262,814
484,953
248,338,756
367,761
154,809
39,115,454
101,348
215,442
132,161,907
710,995
193,852
408,538
543,747
766,887
426,442,688
76,276
799,895
35,918
330,858
76,346
364,973
794,889
60,246
611,981
533,835
87,577
85,566
116,419,668
343,467
98,746
93,544
223,557,942
92,890
236,475
392,496,504
656,703
177,187
24,459
396,509,603
376,569
608,827
260,652
664,721
92,575
679,981
30,180
333,488
45,566
267,995
302,601,681
308,939
509,570,878
322,601
457,721,832
360,603
142,598,858
494,956
810,926,953
399,934
32,653
29,713,988
436,952
106,852
233,299,727
110,648
509,814,983
581,749
33,231,588
34,433,815
53,867
223,720,743
104,403,661
180,410
130,311
450,590
292,742,888
729,730
206,210
1,65
255,477
173,499
228,547
577,957
455,809
780,909
145,400,465
414,842,907
564,988
154,380
595,766
336,854
629,721,855
644,853
167,384
545,872
155,707
96,336
144,181,492
399,585
145,472
14,626,875
358,675
349,352,882
547,907
772,973
56,959
217,319
543,560
494,911
100,130,412
401,810
467,955
34,362
23,341
322,794
53,612,843
401,1000
435,444
94,457,695
348,564
596,983
227,773
380,781
96,465
18,580
213,778
155,916
255,711
57,79,98
26,947
94,209
241,413,877
432,910,972
88,280
252,939
471,495,899
275,333
132,460
109,645
24,551,881
186,202,824
600,688,938
343,711,803
151,262
124,894,944
544,655
444,625
437,500,709
132,661
284,567
710,957
246,684,817
167,300,817
960,973
190,744
62,340,649
483,708
57,172
271,448
218,929
5,728
149,838
584,741
341,681
50,626
44,174,430
3,214,993
807,858
14,121
15,29,973
231,312
440,663
30,252
885,992
371,923
662,689
167,455
674,808
660,712
132,762
61,583
492,556
184,268
461,623
1,588,805
238,870
556,867
189,695
190,290,485
130,845,934
411,801
399,831
385,577
404,550,570
664,902
498,725
42,697
260,913
277,572
464,490,683
39,552
107,831
253,878
323,682,841
107,320,343
765,883
384,475,595
710,791
171,406
499,721
340,495
126,210
792,972
331,588
142,579
82,84
268,275
267,305,987
331,656
327,448
447,927
323,648
265,414
248,550
103,888
962,965
31,91
369,600
289,317,539
622,837,841
233,802
714,960
315,929
599,673,807
388,982
61,171
417,526
102,417
15,608
261,311
295,867
377,533
158,542
164,606
120,525,587
149,316,335
158,283
783,838
333,980
5,247,604
174,987
522,553
289,498
709,926,969
177,620,628
31,228,704
305,538,659
274,581,937
237,498
541,625,641
3,7,756
465,528
46,548,772
7,80,785
250,422,632
223,358
340,567
220,340,968
314,425,639
446,477
640,787
4,850,973
199,843
569,614
603,955
505,560
495,667
85,418,780
199,274,802
637,906
100,730,947
24,168,525
99,319,523
305,957
521,931
525,542,823
16,206
518,594,763
718,865
53,101,674
116,374,584
10,981
153,397
15,403,857
213,270,777
22,84
768,951
439,873
327,438
215,435,707
100,201
221,263,885
717,836
501,950
56,150,561
380,543,891
550,710
415,824,858
17,359
677,948
458,764
587,899,928
458,936
197,264,749
151,296
205,251,537
265,640,843
80,437,678
347,730
112,360
225,527
831,935
73,79
194,251,908
30,280,854
132,912,961
182,821
120,331
19,852
530,785
621,857,867
170,751
61,257
141,163,987
770,919
958,961,969
23,219
269,466,916
649,660
374,841
271,545
399,664
149,630
713,849
34,308,844
41,495
80,386,867
463,641
391,438,609
222,716
539,608
640,965
439,894
349,994
231,402,504
490,660,816
70,115,679
435,563
346,772
432,437
173,967
481,665,906
22,195
167,826
175,209,706
443,707
609,985
459,973
777,849
457,523,578
133,597
25,248,617
27,279
500,584
216,328
87,256
53,162,507
449,499
170,409
369,689
172,547
51,472,917
64,217,349
84,748
213,393
708,981
711,776
359,742,895
468,816
471,975
274,612
451,640,965
145,275
849,880
16,566,586
775,918
545,754
173,489
245,373,480
565,726
56,370,625
49,389,930
309,814
33,157,686
140,362
206,523,898
107,639
431,809,819
42,875,965
238,301,380
659,961
673,729
502,782
336,361,574
210,933
327,711
149,284,523
60,281
414,485
965,970
367,958
638,912
700,976
186,903
374,376
108,734,928
575,841
740,970
555,807
350,991
437,814
356,712
542,725
145,493
112,908
707,889
755,830
850,960
191,597
56,445
31,337,854
55,305
456,477,914
1,186,496
338,607,845
441,913
691,874
135,498,622
834,984
420,727,768
272,369
220,913
687,781
17,710
93,323
13,386,618
8,600
394,723
12,63,204
259,444
480,505,790
221,497
292,980
235,891
84,149
62,665
437,541
384,641
322,634
478,874
38,274,296
462,510,634
312,803
434,455,985
316,803
197,691,984
461,608
585,960
205,254,336
723,924
49,64,339
50,835
546,880
172,745
846,981
469,501,888
408,604
39,682,774
310,772
653,821
29,823
529,717
695,834,889
479,593,899
70,260,837
359,790
577,781
106,217,242
126,340
399,750
308,345
207,571
554,575,717
428,445
315,790
64,817
482,651
316,691
520,790
150,646,973
235,439
67,135
22,563,978
130,405
82,601
15,506,842
442,836
136,351
512,792
236,867
39,451,690
551,752
229,902
71,176,641
284,609
172,667
38,315
19,649
8,850
218,506
365,967
456,584,655
444,647
893,999
132,973
272,445,677
130,730,783
52,308,587
912,926
604,794
334,445,467
35,164,348
374,435
596,898
771,873
625,974
822,943
71,119
366,407,572
91,496,616
214,598,725
296,670
468,1000
155,975
136,555
590,726
719,901
630,997
31,352,972
451,975
35,718
192,406,679
183,465,962
841,891,985
362,593
260,513
467,772
7,366,596
302,800
60,289,837
694,964
24,73,98
52,408,650
117,397,783
218,512,892
735,835,846
248,532
334,491,610
693,858
144,496
128,260,640
771,817,842
414,765,809
77,84
139,437,986
200,309
451,860
125,698,996
26,478
64,394,904
753,930
436,734
191,362
117,121,435
109,249,458
51,162,210
628,917
74,411
481,927
42,703
434,699
352,614,623
29,909
678,989
240,348
482,792
191,875
830,969
651,793
252,332
185,332
855,933
655,681
71,628
582,798
380,481
249,327
196,516
60,87
307,427,585
10,199
174,190,990
304,885
79,467,717
520,932
323,391,434
96,487
658,693,745
207,218,559
103,450
523,954
850,989
181,225,542
137,743
765,841
42,502
753,832
80,453
331,363,649
351,377
594,663,791
102,222,775
174,485
31,780
53,230
31,710,721
106,329
588,969
151,319
608,623,845
220,339
22,582
510,693,994
627,770,899
393,508
377,503
556,711,799
432,742
210,727,744
560,580
110,205
81,523
521,699
317,870
41,256,647
700,795
59,159
73,120,998
396,896
350,358
61,226,965
349,866
387,564
641,982
231,481
86,125,878
409,763,950
526,981
226,228,618
322,760,802
182,967
366,686
584,647
136,252
164,930
88,149,561
39,370
303,413,796
357,659,702
270,842
363,614
249,539
497,928
272,423
322,947
259,324,367
596,730
321,337,399
660,687
262,598
44,505,911
954,960
533,548
214,870
881,948
395,908,950
106,153,973
792,899
269,289
130,512
706,888,955
341,929
76,943
52,782
710,921
176,411,919
171,810
764,910
320,449,991
2,748,883
398,624,886
515,762,854
615,688
282,506,602
420,802
574,642,920
125,681
62,946
286,713
379,470
22,89
465,733
135,859
32,119,884
54,328,565
221,447
43,699,709
177,907
469,735,974
733,906,963
208,698
51,428,573
614,790
736,768,875
600,802
121,255
258,489,660
817,892
471,666,684
590,701,829
85,198
654,764
56,75
107,316
196,834,958
21,266,780
413,455
181,743
229,264
294,815
195,474,611
266,608
59,215
31,792
764,847
113,657
732,822
373,836
643,855,961
82,431
7,621
155,859
365,584
23,953
291,303,653
60,153
333,574
424,793
421,525,683
227,585
400,658,773
666,930
101,221
5,712
622,724,773
470,877
185,915
274,781
187,725
190,581
267,352
141,753
183,284
242,895
112,557
171,990
29,937
191,664,961
137,583
365,809
137,607,719
291,473
594,630
41,367,940
851,853
340,745
640,757
68,77,106
30,790
9,49
687,739
190,759,921
390,714,927
251,269,798
222,430
149,706,957
779,933
198,811
225,307,397
113,410,694
313,783,866
135,720,747
737,921
555,656
390,875
13,735
507,568
186,669
383,659
701,777
652,931
915,993
130,810
414,461
404,909
695,757,886
266,644
320,791
346,793,814
762,985
159,288
35,303
466,628
276,385,627
389,523
596,717,851
709,931
81,944
355,432,980
414,604,617
16,593
7,197
785,880
82,202
145,616
557,603
118,639
226,952
148,212
296,987
344,895
227,472,868
301,561
514,679
130,473,633
66,606,754
185,703
360,410,665
40,173
458,894
166,400
312,357,774
458,796
955,976
171,763
235,392,495
793,823
372,752,914
44,675,715
69,180,353
559,904
558,888
542,568
84,537,961
5,31,148
738,932
153,761
247,476
9,540
102,650
263,913,975
338,891
155,643
204,364,705
459,691
339,728,844
169,888
141,769,848
96,317,551
118,902
461,848
221,279
35,899,985
56,338,611
437,546
532,926
851,870
14,306
529,810
44,880
561,668
683,917
107,116
701,882
157,915
122,174,402
554,920
218,972
26,439,995
360,659,800
227,530
590,978
585,917
7,241,466
410,880
1,48,734
673,739
35,718
90,991
51,676
327,610
257,494,994
161,484
82,261,960
483,820
31,586
622,813
359,706
565,639
406,559
341,677,770
33,414,653
394,840
354,705
25,672
417,426,957
372,651
301,845
116,320,473
94,173,953
302,416
394,833,858
38,369,489
453,476
381,797,999
924,958
770,908
460,956
588,599
550,769
776,807
612,869
445,548,693
572,894,928
21,158,860
310,861
243,310
194,744,950
109,371,620
639,793
819,958
501,798
496,936
418,539,827
812,875
669,818,963
85,605
306,416,535
387,687,742
179,683,958
90,690
122,928
129,325
184,866
424,841
615,798
402,606
778,790
747,778
62,865,918
92,471
550,893
157,513
94,838
363,475,874
282,452,494
617,869,948
311,699
141,660,834
59,555
104,878
59,794,842
62,850
443,789
239,273
149,272,281
657,678
771,781,872
624,802,984
531,777
352,681,772
295,941
203,847
201,693
74,178,421
382,819
548,736
309,383
662,979
455,474,846
342,425,809
150,188
100,379,451
28,770
184,490,721
531,864
324,611
414,759
762,916
48,522
85,221
655,930
181,911
112,321
12,282,528
602,956
287,738
560,574
451,543
550,622
92,154,648
134,501
325,594,847
103,339,581
93,142
13,769
671,763
26,630
668,976
75,390
37,747
431,540,706
278,721
439,905,999
205,271,885
358,566
565,630,879
177,618
529,668,785
660,944
660,994
419,490
651,802
51,677
711,811,951
891,976
70,187,997
107,395
353,916
197,949
307,639
319,528,699
506,704
719,781
264,589
179,236,913
795,852
1,370,498
427,499,670
40,289
106,303
281,312
392,437
338,524,711
160,834
587,627
228,382,446
237,359,581
235,237,351
234,714
131,351,525
179,301
758,976,998
43,119,270
796,989
81,956
151,257
177,383,930
462,873
50,523
397,704
591,703
116,522
318,474
750,870
501,657,994
80,565
67,407
418,655,860
10,350
127,420,742
237,291
298,711
568,932
721,747
137,829
358,785
240,537
916,995
117,544
441,612
286,485,906
186,397
41,313
858,865
791,937,954
133,447,820
403,902
120,907
59,270,422
856,1000
457,761
249,489,876
461,959
44,170
52,796
182,541
73,94
641,923
212,783
720,741
102,432
281,501
316,960
356,979
213,360,428
330,671
30,573
412,764,976
457,737
302,947
434,996
821,878
89,550
248,431
264,753
366,656
455,880
101,851
13,468
28,624
530,835
633,843
388,808
144,726
242,720
37,790,825
490,909
610,694
167,293
65,372
95,832
462,773,871
263,738
218,802
462,711
77,173
149,222,678
667,909
124,411
327,732
96,384
75,967
208,756,799
606,817,820
114,677
598,600,661
178,275
248,682,823
21,701
421,866,929
57,900,906
129,137,227
628,667,808
464,665
503,735,965
403,439,948
356,573
8,236
446,706,718
397,657
699,788,967
56,841
485,577
355,387
430,432
326,915
399,612
488,536
390,690
72,102,475
103,935
430,528
252,329,982
5,307
66,503
578,776
201,701
93,323
545,606
315,977
123,400
545,667
794,965
717,745
395,612
233,412
563,981
33,986
682,747
21,835
627,645
441,492
510,727,779
298,455
157,759,772
498,956
348,376
75,330,774
25,300
210,697
329,839
518,605
606,698,867
79,222
171,966
345,516
170,485,581
208,290,654
311,858
140,265
22,35
450,512,640
87,204
39,794
533,982
246,477
478,598
796,890
233,508
582,780,846
214,258,429
184,357,442
186,453,923
114,478
221,889
437,631
669,868
787,874
749,866
112,754,880
518,689
31,778
192,566
538,668
478,874
26,177
680,777
207,978
511,552
30,152,576
588,758
265,540
340,471,738
444,552
141,967
413,816
302,816
464,561
287,807
575,876,964
57,863
437,913
120,672
226,711
210,791
12,596
314,819
729,739,800
583,921
417,775
229,337
122,136,617
77,479,661
251,654
38,61,805
215,915
307,412,793
339,533,969
82,561
319,833
95,653,982
97,123,302
420,698,823
468,713
779,996
335,394,443
301,348
322,691
657,659
47,920,968
75,453
659,694,799
152,848
579,757
44,387
529,687
670,946
374,829
388,635
14,696
298,470,980
613,827
261,392
771,826,984
381,877
106,502,716
104,558
8,267
173,702
188,208
360,675,995
294,435
208,330
346,412,741
49,54
241,679
93,649,806
53,177,772
319,798
527,770
625,831
59,375
898,928
78,918
707,960
233,340
8,249
473,596
189,255,786
52,719
620,738
773,961
326,531,690
762,838
253,922
467,620,915
123,572,740
344,887
133,198
596,914
513,636
111,822
7,273,424
496,584
637,745
299,716
872,985
272,503,537
821,964
241,418
289,328
354,415,852
108,119,453
530,636,966
136,756
732,915
81,626
114,281
776,819
74,247,496
575,978
388,774
397,424,496
290,690,781
591,974
99,319,551
83,112
386,413,939
222,564,895
160,219
155,578
297,476,999
403,857
175,623
128,438,472
357,867
303,656,967
748,895
49,696,815
745,892
77,626
504,556
186,301,338
439,501,654
434,644,678
176,439
167,375
65,336
430,871
164,421,587
270,495,723
53,533,715
51,431
595,823
141,848
59,61,392
582,985
856,939
274,438
352,583
123,848
309,323
41,999
790,942
752,775
590,971
250,587
147,836
518,772,990
56,936
483,536
387,768
804,850
40,870
270,899
145,589,734
54,486
631,751
117,928
706,915
339,453,584
100,246,897
26,60
370,577
