19,31
21,45
25,33,48
5,19
37,48
5,17
19,45
1,35,48
15,32,39
18,45
40,47
19,25
2,46
8,18
12,30
16,28
4,9
9,30,37
15,23
39,45
9,42
46,49
29,42,46
1,7,10
5,21
14,45
12,23
1,19,20
22,25,28
38,48
4,31
19,24,45
9,14,37
10,49
26,40
27,46
14,40
9,42,49
40,45,50
3,14,24
28,38
1,11
18,47
2,10,30
9,23
35,48
30,39,44
8,46
3,19
12,28,29
15,16,31
18,34
19,42
9,37
2,8
2,28
9,28
11,19
15,25
25,41,50
1,30
17,22
3,19,24
23,45
5,12
6,40,46
47,49,50
7,44,49
9,23
15,23,27
10,46
8,40,41
14,30
12,23,24
29,47
3,34
8,26,41
23,24
1,14,24
17,43
13,41
38,48
12,32
12,32,49
1,35
30,39
2,4,26
25,49
24,50
20,48
3,5
15,23
41,46
6,29
12,18
7,22,43
10,22
10,43
25,38,44
14,45
25,26,29
30,33,44
5,23,49
6,16,37
5,13
12,25
33,35,49
1,43
2,22,28
13,35
7,10,44
13,50
25,39,44
12,25
10,17,32
20,21
37,43
30,33
7,29,34
16,44
6,7
4,11
5,12
8,25,32
4,11
3,14,34
8,9,50
11,17
12,23,34
8,25
12,20
23,30
6,46
36,41
11,29
7,42
7,29
33,43
8,28,47
16,44,48
1,12,17
20,45
9,17,33
3,37
42,43
14,24
12,14,39
6,30
34,43,46
4,30
23,27
12,35
7,17
3,14
4,26,50
37,43,48
9,44,46
6,31,40
14,15,50
45,50
32,38,39
5,50
22,40
14,19
30,47
3,13
17,18,23
8,25
15,34
4,42
20,43
10,44
26,40
24,38
5,13
44,48
26,47
7,16
13,14,45
33,49
41,49
21,46
40,41
25,46
5,18
2,8,40
31,46
38,41
8,40
12,20,21
1,38
6,17
45,47
2,5
2,40,42
41,48
19,24
33,38
5,14,18
30,38
8,28,47
43,48
39,43
17,30
12,34
17,19,47
29,42
17,22,30
10,38,48
6,13
3,19,28
1,43,49
6,29
1,26
2,26
5,18,23
17,24
5,36
15,35,40
3,13,45
2,23
30,37
14,18
26,29,46
8,46
28,29,46
19,27
32,43
5,14
12,36
14,34,45
38,48
17,30,44
1,2,34
24,43
41,44
8,42
1,22,44
19,28,45
6,42
19,40
32,47
14,15
3,23
5,50
41,46
6,30
5,24,49
4,7,48
20,21,24
12,23
20,26
1,7,35
8,26,30
5,32
17,30
4,14
16,22
25,40,48
11,42
5,14,50
42,49
18,36
1,32
6,21
13,15
4,31,46
8,47
34,47
9,14,30
3,14
29,42
26,41
2,4,46
9,28
21,27
29,46,49
2,37,45
6,10,14
24,34,45
7,10,17
21,28
13,14,45
3,19,24
3,14
9,25,43
5,23
14,21
4,31
1,16,17
2,30,43
26,42
2,29,40
26,31
8,46
18,27,34
18,42
6,28,46
29,44
14,36
31,50
33,41,48
9,21
5,12
12,20,37
10,25
25,35
1,22
11,12
37,50
41,42
32,46
29,39
22,34,41
24,34
2,40
17,33,45
6,41
5,16,41
20,46
39,44
10,48
18,44,47
29,47
3,28
23,34,50
20,34
1,4,6
11,40,46
8,29
13,36,41
11,38,45
22,35
26,34
16,31
12,17
10,27
29,46
16,36,40
40,45
8,31
8,28,31
31,42
16,42
12,24,27
10,18,50
22,32,37
16,17
24,34,45
38,47
29,49
5,39
18,46,47
3,16,21
2,40,47
17,44,49
6,11,26
12,24
5,23
9,34
36,37
29,42
20,21,36
10,37,43
13,15,36
14,35,50
13,43
7,35
22,50
6,29
19,45
28,31,41
38,44
9,33
13,19
10,33,48
33,37
17,44
28,40
3,24
34,45
2,32,48
2,28,46
7,49
3,21,36
14,33,43
6,11,47
13,14,18
17,43
2,8
10,11
15,27,32
32,33
25,43
7,16,49
40,42
9,17
23,36
31,41
21,24,34
17,24,50
4,7,31
19,36
4,26
26,28,46
21,47
18,19,45
5,28
27,31
19,21,25
6,7,14
17,44
21,36
1,36
30,44
3,21
30,37
13,14
33,34
7,30,49
3,5,23
5,21
4,26
10,15,30
3,13,18
25,38
6,35,44
4,26
9,14
27,36
3,50
24,36
2,16
34,49
26,28
4,31
12,48
17,32
10,38,39
28,31
33,44
5,8
1,36,44
40,46
10,44
10,49
2,28,46
17,43
7,16,30
6,33,50
15,37
12,13
2,13,27
18,45
4,43
3,7
32,43
18,24
10,25
14,24
40,42
34,49
21,48
22,38
45,47
12,18
23,50
8,27,38
6,14,45
3,13,20
37,42
20,27,50
1,9,32
19,24
6,8
29,39
14,36
21,25,33
2,11
12,13,21
11,31
11,26,46
14,18
6,29
28,38
14,19
3,23
8,42
12,24,27
26,34
11,33,40
5,21
13,38
16,29,40
8,29
4,17
10,20
4,43
10,38
25,35,48
28,31
14,39
23,45
39,43
23,36
22,27,37
17,40
32,50
21,35
19,32
37,43
2,45
15,23
31,42
18,31,45
22,41
24,27
25,30
14,19
19,23
28,29,46
9,43,45
18,26
9,43
5,14,19
16,21
22,37
7,37
30,35
7,10,22
2,40
12,49
26,28
9,38
15,18
24,31
22,30
21,27,34
14,50
8,35,36
16,35
6,11
41,46,47
8,49
23,31
1,7
17,22
3,21,27
3,12
34,37
20,21
2,18
12,28
2,34
32,48
30,46
8,38
5,34
16,35
19,41
8,37,43
3,26,27
4,48
30,45
11,41
7,8
16,38
12,23
8,26,41
15,18,45
17,34,45
23,26,42
14,31,41
18,21,36
5,25,28
9,35,37
9,46
14,20
6,42
2,28,44
26,29,41
15,19,23
21,37,39
35,45
3,33
38,42
32,50
48,49
6,8,44
13,18
5,34
9,39
13,24
11,33,42
1,20
23,36
16,43
9,11,22
43,45
14,34
32,34
21,25
27,50
15,34
15,23
19,24
29,46
4,29
30,31
39,48
19,50
1,4
4,17,46
38,47
3,18,24
9,30
9,23
18,36,50
7,9
6,47
8,47
15,33
1,44
11,35,39
1,33
20,45
5,13
16,39
7,16
8,42
44,45
2,6
31,43
26,29
33,35
11,50
35,43,49
34,41
1,16
1,7
38,50
7,16
17,30
9,14,48
37,39
39,44
29,30
5,15
26,42
44,48
2,8,41
11,29
11,26,40
5,49
11,12,32
4,42
31,41
14,19,34
17,33
18,50
30,38
31,33
13,45
14,36
8,37
5,12
10,30,35
4,31
20,40
15,50
10,48
5,24,31
9,10,17
32,48
22,33,49
2,8,47
11,32
14,45
13,14,21
2,11
6,26,28
26,45
2,41,47
9,48,49
2,42
4,29,46
43,48
31,34
1,35,38
14,23
15,41
35,37
11,21,24
38,42
9,10,30
6,11
21,36
13,15,23
6,21,31
18,42
1,48
1,25,42
22,26
3,31
17,46
30,37
23,33
7,17,39
18,20
1,38,45
7,9
3,43
15,22,40
44,48
5,30
3,13
32,38
18,32
8,40
3,5,45
16,47
17,28,49
1,31
35,42
4,28
11,14,26
15,17,33
26,31
1,19
8,46
10,39,43
3,17
39,43
36,48
13,23
19,45
22,48
25,45
15,30,47
5,27
31,46
1,39,43
6,35
6,42
2,6,47
17,48
29,31
23,29
11,39
26,31,41
23,29,38
10,13,27
11,42
30,41
18,23
12,42
9,33
8,31
42,50
13,22,50
9,17,25
11,46,47
20,30
7,19
22,49
1,23,48
6,8,46
5,45
9,33
5,14
7,14
23,43
4,8,41
43,50
15,24
15,23
20,25,26
7,17
25,43
28,41,42
8,28,41
1,9,43
23,49
34,37
13,27
30,49
36,45
21,28
14,43
9,21,32
30,33,38
10,47
41,44
15,25,38
11,26
2,6,29
19,34
23,34
17,22,26
21,35
