13,19,50
17,34
7,14,24
7,22,37
15,34
7,22
9,19,50
21,39
3,40
30,50
28,30,42
13,49
2,16,31
30,45
10,31
9,43
26,39,40
32,50
9,15
36,50
5,41
3,19
10,44,48
17,30
13,27,45
27,37
16,47
26,32
3,14
4,42
15,41
9,24
9,24
9,36
22,30
11,33,35
13,22
2,15,32
10,50
9,34
14,43
13,29,47
7,13,23
32,47
11,13
1,32
6,18,28
17,24,33
13,45
9,33,34
45,50
29,46
4,12
8,11,14
12,23
25,38
7,47
5,25
32,41
22,32
3,29
10,12,49
8,31
1,29
14,21
23,26,47
14,38
31,49
21,24
11,45
28,44,50
7,17
5,50
19,26,27
4,31
10,31
5,36
8,20,32
13,23,40
18,48
8,20
6,47
27,45
15,35
2,32,35
1,11,38
5,49
1,8,34
42,45
12,38
26,27
11,42
11,37
4,17
5,15
22,46
1,44
13,18,27
20,25
23,46
10,25
3,23,32
9,45
31,36
30,37
18,22
7,13,45
11,31,34
17,35,38
11,15,38
7,36
25,33
14,16,20
34,42
22,34
18,28,29
37,40
14,26
1,33,38
22,39
7,12,33
34,47
8,29
11,24
33,35,41
17,24,35
5,16
19,22,30
6,29,49
17,30
8,33
9,25
39,46
38,47
10,17
8,41
7,23,30
3,26
32,37
17,33
1,24
9,47
14,47
26,45
16,48
35,42
15,39
16,49
14,25
20,31,36
5,43,50
13,46
19,30,32
2,16
35,38
9,42
19,23
26,37
1,23
9,28
13,19
25,48
9,11,20
5,41
21,46
12,22
1,28,43
13,46
1,25
13,42,46
4,21
34,46,47
28,47
5,6
26,32
20,34
11,17,33
31,50
4,41,49
3,38
7,37,39
24,40
11,22
19,22
12,25
21,36
27,50
12,32,50
12,48
38,50
21,23
2,21
16,26
15,44
39,46
3,45,47
2,4
1,34,38
13,45
1,33,35
5,31
14,42
15,37
11,16
10,21
8,25
20,31,38
43,46
20,35
17,26
7,22,41
6,46
7,11
1,8
1,12
7,27
37,46
17,41
11,34
1,11,25
7,38
17,31,33
37,40
2,18,31
25,34
28,36,50
23,38
7,19
31,42
7,42,49
25,35,43
16,47
1,3
8,30
17,38,42
24,38
8,15
12,18,44
3,30
13,37
11,22
29,42
15,23,40
11,22
14,17
10,14
20,24,34
2,21
1,20,34
22,26,32
8,43
37,46
11,15,35
6,43
2,48
15,20,38
12,50
11,42
6,27,33
18,36
9,25,34
23,46
28,30
13,34
5,12
20,48
36,39
37,40
26,37
16,31
14,35
23,39
7,13,23
37,39
21,41,44
6,31,41
15,18
30,46
10,12,21
3,22
10,29
8,11
14,27
7,37
8,34,38
5,29
15,33
33,34
11,15
29,41
19,30,46
5,29,41
13,46
21,31
32,49
28,49
19,45,47
4,32
35,50
28,30
15,33
4,17
2,4,48
6,31,34
23,39
23,30,47
15,40,41
37,47
2,10,16
13,35
12,30
11,36,42
3,15,19
11,25,48
23,37
24,35
8,13,46
6,48
3,17,41
22,26
9,15,20
1,8,25
8,11,20
16,41
18,40
19,45
24,36,43
24,47
3,25,48
8,14,34
12,44
2,14
29,49
6,43
16,28
4,6
28,41,50
4,36
10,12,16
12,36
16,28,29
9,22,43
5,25
27,28
5,41
6,20,39
38,43
2,10
27,37
7,18,38
24,38,43
1,14
5,35,42
31,45
16,25
8,34,42
31,47
1,15,43
12,48,50
1,15
12,25
38,39
1,25,38
11,23
19,47
33,34,35
34,36
3,19,47
23,44
26,35
40,46
9,11,15
14,24
15,43
26,43
2,13
19,47
2,5,10
26,48
6,50
15,39
32,33
1,42
28,29,48
12,41
9,24
38,43
14,24
3,13,47
27,39
39,40
28,31,50
2,7
36,37
15,25
26,28
2,24
39,49
5,27
30,39,40
33,34
1,20
7,30,40
11,17,25
18,41,44
48,49
32,34
1,15
8,30
5,29
32,48
43,45
35,42
15,31
7,37,40
16,34
24,35
17,33
37,47
7,27
12,19,37
12,29,48
36,49
2,5,13
7,27
5,19
11,14
15,17
18,20
17,19,30
17,35,42
3,7
24,38
44,49
2,6,44
20,31
8,44
6,23,39
12,42
10,44,50
15,43
25,38
26,37
15,33
28,40
10,50
3,9,19
14,24,35
25,40
15,25,39
6,50
3,46
3,40
11,14
15,35
11,20
25,39,47
7,47
11,46
22,27,45
20,50
4,21
9,42
10,21
1,9,33
13,14,30
7,32
20,37
6,49
2,36
4,16
26,32
28,42
17,40
7,47
6,15,47
21,28,36
33,38
22,25
18,44
24,50
13,48
27,44
37,44
25,38,43
7,45
12,35
17,35
19,23
2,10
31,44
13,26,27
13,22
25,33
19,40
3,37,39
24,25
8,20,44
21,36,49
7,28,37
36,41
27,40,46
6,24
20,31
7,22,45
20,25
9,15,19
17,31,34
22,24,29
7,13
11,25
1,24
30,45
21,29,50
18,40
32,37,40
7,9,10
2,10
17,25,43
30,37
32,44
1,24
29,49
19,40
10,28,31
1,46
15,42,43
12,18,28
13,26,37
14,15
11,24,29
9,10,29
14,17
1,17
9,33,42
20,48
20,44
38,44
15,50
18,31
23,42
46,47
6,7
40,50
3,13,27
12,33
4,28,44
7,27,45
1,9,17
23,44
21,36
17,22
28,48
27,40
1,14,36
22,23
16,21
19,22,40
23,43
2,48
7,47
39,45
2,15
2,11,13
14,48
11,25,33
15,20,25
19,47
2,4,21
13,39
5,16,44
18,28
8,12
35,38
14,43
34,44
3,15
6,49
2,5
33,34,46
19,39,46
5,28
11,17,24
5,6,21
3,46
3,26
3,38,44
22,26,39
11,34,38
30,35
11,17,24
11,15
9,11
1,42
38,43
4,49
4,6,50
38,43
5,6,12
5,48
4,12
14,17
5,11,34
6,10
12,32
35,42
12,41
23,26
14,35,43
16,31
3,22,37
1,23
18,34
7,14
5,16,28
11,49
2,5,44
14,18
11,12
30,32,40
38,42
6,30
21,50
26,27
6,29,32
9,16
4,19,36
35,43
11,20,43
45,46
14,46
17,28,30
11,35,43
24,43
10,16
1,43
9,44
3,7,45
1,38
9,24
4,31
14,20,25
8,25
20,35
6,26,46
34,38
23,43
6,26
15,35
4,7,19
35,43,49
12,44
28,29,41
4,29
2,18,48
10,12,29
5,49
9,20
13,32,39
17,38,42
32,37
30,39
34,50
22,24,45
24,31
30,37
3,7,13
6,50
9,37
10,30
29,41,48
4,12,44
16,31,40
16,36
15,49
3,41
11,18
41,46
13,30,46
4,10
21,36
28,43
22,27,47
21,27
6,35
11,43
10,16
28,44
10,16,50
25,27
16,36
14,40
3,13,23
6,36,50
1,31
41,48
4,13,26
26,29
8,11
37,40,47
7,21,32
24,36
4,12,31
10,17
24,27,41
10,26
20,46
4,41,50
7,45
6,12,50
8,14,31
13,27,32
9,25,43
35,49
2,5
22,26,27
26,37
9,34,35
8,15,35
38,46
11,24,25
14,27
16,31
30,39
4,36
14,36
20,26
18,46
4,20
38,46
27,32
1,3,8
34,42
18,41
22,37,39
19,22,23
21,32
2,8,43
17,24
11,17
3,34
18,19,25
4,48
8,15
15,32
41,49
27,37
6,44
9,34,42
22,37,39
14,34
30,34,38
35,38
20,24
19,23
18,19,32
17,40
6,12
9,17,43
23,27
5,14,38
14,38
13,23,50
6,31
10,44,48
19,40,41
12,41
7,49
19,30
34,43
14,32,45
16,23,41
20,34,42
5,16,32
15,18,38
6,30,48
16,21
3,22
12,28
22,30
28,38,50
9,24,34
14,20
32,47
19,50
13,40
11,47
2,18,50
2,10,41
7,45
30,39,46
31,46
18,29
29,49
1,43
14,33,42
6,31
3,6,42
29,43
30,37
