1,15,27
5,19
7,24,49
19,27
24,43,47
18,44
16,32,41
4,13
18,45
8,13
27,44
10,35
18,40,49
9,17,18
14,44
7,34,47
5,15
31,47
3,27,32
2,48,50
15,21
6,26
23,46
30,45
7,26,37
9,39
7,40
32,35
8,15,50
29,39
20,35
14,45
26,28,46
1,43
18,35,44
17,50
22,34
2,33
15,29,41
18,22,30
1,8
14,32,35
1,36
23,49
19,42
5,10
27,41
4,26
5,17,33
33,38
26,36
10,36
7,28
7,46
8,32
14,42
41,44
35,50
12,40
13,27
4,7,49
28,49
17,33
7,49
14,19,44
16,27,43
19,23
42,50
6,46
10,13,44
10,16
30,41
11,14,44
7,31,47
8,15
9,33
33,42
4,31,46
17,39
10,14,39
7,41,43
18,25
14,18,44
29,32
23,46
2,10,29
13,28
5,46
10,36,48
42,48
4,27,44
4,24
6,23,37
8,42
17,49
17,38
28,46
21,45,50
4,35,46
27,48
11,26
3,43,45
16,30
23,46
12,13
17,19
13,29,44
18,22,34
4,40
8,48
6,37
22,27
29,43
29,31
5,48
16,18
27,48,50
34,42,47
9,17
4,6,26
1,16
14,22
6,31
2,6
2,32,36
3,43
8,16,27
4,24,49
14,50
2,49
6,9
7,17,29
4,37
5,43
23,31
34,39
18,19
9,31
6,41
20,39
8,15,40
20,30,49
35,45
7,31
8,43
7,16,32
20,25,39
4,20,41
31,33
5,43
11,20
26,27,45
1,2,36
8,12,38
13,28
4,7
3,25,47
33,38,48
16,32,50
5,10,40
25,30
3,41
10,40
4,28
14,25,49
2,15
2,37
11,14,17
7,24,47
4,13
7,28
16,27
13,49
23,28,46
18,43,44
18,35
6,33
18,19,20
40,43
7,31,37
17,34
1,12
18,22,35
38,41,43
28,37
34,38
24,32
10,21,29
4,9
2,12
1,27,33
32,40,48
16,29
17,37
11,20
29,34
16,43
22,44,45
8,17,19
27,33
18,25,35
6,14
26,43
11,19
38,43
8,34
10,43
21,47
37,48
22,34
25,38
20,22
1,2,16
21,43
11,18,22
15,41
12,42
19,21,35
5,42
1,10
2,24
8,28,45
24,46
7,32
24,28,47
23,29,37
14,18
10,32,50
1,16
17,47
4,26
26,37,49
18,28
3,23,39
2,38
5,12,42
7,34
16,38
6,24,31
4,28,49
1,44
1,36
14,22,45
11,45
2,23
7,28,47
5,15,33
5,12
18,22
35,43
1,13,48
8,38,50
8,29
6,26,46
14,17,25
8,32
1,29,36
2,16
33,42
20,35
6,15
35,43
16,21,32
11,34
16,38,41
5,48
19,34
27,44
5,41,42
7,13,49
6,31
2,11
15,21,44
4,23
20,31
26,40
6,13,31
13,47
14,22
3,11,25
13,18,25
22,30,44
3,42
15,36,38
6,28
1,4
24,26
6,31
17,25,45
31,38
34,42
26,41
2,41,44
9,39
10,15,36
42,48
29,37,43
29,40
30,33
22,38
4,8
3,44,50
32,46
39,40
26,28,31
19,40
2,7,15
20,45
11,35
22,25
18,50
15,48
6,46
9,21,28
1,5,29
21,43
2,44
21,35,43
26,38
6,22
25,30
18,20,25
20,30
6,31,46
4,23,24
13,24
26,46,49
13,31
7,27,50
24,34,43
33,43
2,23
2,37,44
14,23
16,33,50
2,33
28,46
23,39
15,30
32,38
19,39
38,50
6,37,49
6,7
17,22,34
15,36
5,45
5,14,48
25,39
3,27
24,26
12,23,33
7,10,34
31,47
25,43
35,42
17,50
26,49
1,3,40
27,43
23,29,43
40,48
19,30
37,49
27,29
18,30
34,43
11,19,30
18,37
11,30,34
23,37
4,34
8,50
6,47
1,12,42
7,46
9,14
23,49
2,29
13,26
15,21,36
17,18,30
8,32
2,32,41
14,30,45
20,39
33,44
3,46,48
4,45
20,44
24,46
28,37
16,32
25,45
5,16,29
12,41
10,25
27,36
14,24
1,5
9,30
2,29
16,50
10,32,33
13,45
16,45,50
11,44
18,35,45
31,46
33,39
25,30
6,7
9,25
13,28,31
8,28,43
9,34,35
15,32,48
16,28
3,36
14,25
38,39,42
25,39
15,19
12,38
11,20,34
39,44
1,10
35,46
22,44
12,41
14,20
10,23,47
20,47
24,32
4,31
21,45
6,26
1,12
15,38
22,25
18,46
20,25
5,21
1,7
1,5
4,7,13
19,35
4,6
5,15,40
7,24,46
37,41
4,50
30,34
35,38
1,43
9,18,25
5,16
9,43
19,32
4,7,49
44,45
9,17,45
6,41
2,8
37,46
24,28,49
17,25
42,46
16,50
22,33
38,48
20,39
4,26,49
23,43
1,15,29
6,47
15,23,38
10,14
11,19
9,34
31,38
8,40
19,30,44
16,23
6,14,30
1,36
24,28
28,48
9,18,30
37,47
6,8
17,29,34
12,16
3,40
8,20
9,33
39,44,45
23,25
4,47
24,49
25,35
23,24,49
8,41
1,5
8,42
2,38,50
33,37
6,22,25
3,12
14,18,45
9,24
6,28
7,16
28,47
23,49
11,48
16,28
20,44
20,33
33,36
6,7,13
7,24,31
37,49
17,22
36,41
7,37,46
1,3
5,14
1,10
17,18,42
19,36
15,35
1,32
19,20,35
31,49
20,39
13,23
38,41,50
17,19
19,25
5,28,41
6,49
9,45
7,47
1,6,33
32,33
17,32
24,26
30,44
3,16
9,18
18,25,30
1,29
29,43
18,28,45
17,22,25
4,30,38
35,42,47
2,8,10
13,26,47
5,40
14,34
23,37
36,45
15,33,48
13,30
21,44
25,39
17,29
6,26
8,39
1,12,40
18,38
7,12
31,44
18,45
6,37,39
8,10
11,41
13,46
4,6
25,33
11,34
3,48
1,29
36,50
4,28
26,42
20,33,42
15,18
17,35
2,33
3,42
21,36
11,19,41
28,31
12,21,38
20,22
12,15
18,30
18,44
27,32
12,31
36,41
2,10
47,49
15,16,43
12,15,22
12,50
45,47
42,43
6,24
3,21,42
20,38
25,33
18,25,45
9,11
15,30
9,17,45
29,35,42
2,12
28,32,38
1,40,43
3,5,38
28,43
3,11
6,23,37
11,34
30,35,45
25,34,35
10,32
6,37
2,17
26,47
16,43
14,44
17,30
4,47
9,11,34
10,11,37
2,32,43
7,9
2,3,21
24,33,43
3,16,29
5,41
31,39
27,32
1,36
22,30,34
18,20
27,33
8,40
19,26
11,37
3,39
3,5
6,31
6,23,46
25,27,39
5,8
13,20
22,45
20,48
19,44
3,27,35
33,41
28,46
35,39
17,20
8,36
19,39
8,26
2,50
36,47
30,39,44
6,13,46
1,29
12,43
8,44
17,19,30
2,15,29
9,19,31
3,11,25
23,31,49
6,31,47
9,30
1,8,48
18,30
18,39
7,22
8,48
13,18,26
27,40,48
31,49
3,33
13,49
14,25
8,44,45
22,50
24,26
24,33
13,28
27,43
1,38
14,40
14,34
4,9,43
31,49
5,34
6,16
40,50
17,42
22,34
24,49
5,15,33
9,30
5,25
8,45
9,34,45
13,31,37
22,34
11,14,41
11,48
17,18
3,29
13,36
1,36,42
19,39
14,18
12,27
6,28,37
15,27,31
25,26
32,35
31,37
12,17,35
11,14,30
9,20,34
12,33,47
1,13
20,31
27,44
17,30
16,27,48
41,50
4,37
4,27,50
26,31
20,22
29,36,41
8,43
4,24,46
27,38
18,34
26,37
14,34,42
20,25
7,13,24
14,22,35
8,40,42
6,7
36,38
22,38
27,42,50
5,50
14,25,29
43,48
8,27,41
11,34
24,49
2,41
22,39,44
9,39
8,22
4,24
38,40
2,38
24,26,47
23,34
19,20
42,50
34,44
5,24,35
9,26
13,26
27,33
6,7,26
1,16
30,44
17,18,39
13,31,49
24,28,47
8,21
6,30
43,49
14,23,32
11,28
29,32
13,23,26
