572,733
103,411,892
389,493
401,707,731
17,353
150,971
369,785
70,947
452,737
124,653
22,411
356,631,846
332,768
177,285,749
676,922
122,418
578,832
541,565
555,641
332,687
468,709
798,811
26,635,917
404,989
717,871
214,725
405,570
72,950
688,758
59,163,623
741,825
217,339
400,682
90,799
72,752
188,327
753,987
10,394,953
411,456
100,465
186,944
1,210
676,915
354,747
152,218
160,665,777
309,479,964
390,515,953
516,746
227,668,730
34,975
288,415,1000
462,766
595,959
478,971
92,221,917
330,588
596,875
5,550,756
609,741
112,509
504,642
245,747
246,641,737
22,710
219,865
343,742
311,767
518,837
24,44,104
281,409
106,301,631
446,551
542,658,701
207,459
350,646
228,774
58,474,792
13,944
115,825
423,841
91,396,772
816,870
314,842
429,651,923
33,374
71,177,906
320,760
734,762
162,684
15,457,799
102,114,882
531,811
255,651
315,584
468,772
337,876
306,602
130,163
52,991
225,664
83,207,701
747,758,774
380,557
578,786,950
119,838
817,818
165,469
36,354,476
634,877
212,727
651,932
129,657
595,969
339,456,618
471,885,954
30,813
318,781
536,619
218,355
575,767
613,785,800
59,334
577,915
215,676
284,590,999
108,161,178
518,942
346,911
808,840,879
70,150
103,776,973
335,598
36,211,347
344,700
542,630
807,909
320,469,736
133,435
16,458
71,729,992
26,163
112,554,994
239,367,511
44,814
107,942
74,392
126,826
466,592
498,923
314,503
528,944
475,525,539
156,365,477
390,688
99,649
345,418,744
772,901
90,125,934
430,574,781
573,740
530,704
433,776,953
29,767
21,408,791
418,618,916
541,857
200,389,397
189,673,799
36,834
442,493
465,611,816
206,808
338,585
60,418
221,364
563,914
200,284,304
356,406
136,418,996
177,241
150,528,980
133,254,274
338,898
602,829
180,652
13,475,683
110,232
159,936
243,520
36,668
247,781
404,895,966
674,845
103,288,603
69,587,764
979,995
352,932,972
217,258,612
133,715,837
241,525,972
758,965
20,148,699
814,845,976
130,339
724,755,924
312,484
382,860,940
53,126
12,296,449
429,475
443,630
82,358
34,511,663
212,468
194,436
2,44
21,221,270
41,894
234,315
57,358
130,396
215,357,437
534,957
427,695,905
111,895
252,255,703
425,427
210,297,552
69,303,594
353,397
536,635
225,233,387
839,868
463,626,744
165,396,584
108,829
193,358
1,249,772
480,496
5,546
321,404
208,406
592,716,868
161,424
245,474,618
722,749,979
385,744
44,297
142,254
28,520
694,776
899,901,915
493,687,806
243,483
430,557
96,418
53,483,692
165,363
89,934
249,347
361,969
736,767
172,363
147,447,690
162,329,988
520,770
167,249
262,955
441,518
39,203,906
265,425,522
87,407
42,192,994
65,987
505,615,865
833,909,930
202,517
43,392,971
243,604
245,971
91,701
114,304
144,312,437
548,594
448,838
61,580
212,891
107,990
125,230,496
280,657
445,446
139,400
611,654
1,126,605
590,721
338,825
594,672
757,820
13,580
377,543,988
559,794
224,240,856
363,903
449,713,950
266,772,982
232,529
211,333
6,124
531,586
387,690,976
124,714
187,921
400,621
177,716,831
128,268,718
736,906
276,341
4,115
725,770
159,261
326,898
365,533,652
259,500
15,717,872
269,508
490,849
595,897
241,942
666,790
352,441
322,514,742
701,847
109,272,977
266,335
350,791
192,521
72,525,780
10,188,546
203,670
69,397
385,969
632,916
37,457,632
179,875
586,799
335,813
696,913,985
369,967
283,439,550
160,231,336
24,750
166,593
177,877
606,760
187,368,406
410,565,819
250,888
162,278,967
670,851,898
305,349,835
271,381
803,931
674,902
6,419,513
483,555,607
67,140,401
228,854
104,121,616
330,487
297,341
71,958
414,636
257,422,950
298,847
373,553
121,481,679
337,388
182,418,670
82,512
98,742
302,661,667
494,863,955
227,891
561,566,578
277,525
20,776
190,346
642,791
69,543
76,380,758
210,359
661,790,897
259,446
125,870
404,517
176,839
886,903
331,412,842
289,317
499,548
121,562,949
585,990
85,669
290,498
309,495
799,899
869,936
772,791
220,744
299,371
32,332,749
141,965
614,900
254,306,584
310,403,984
26,851
205,741,762
575,919
173,442,950
93,729
134,715,931
514,884
617,852,863
676,714
62,333
516,532,797
703,911
530,573,766
171,269,394
922,962
160,971
331,758
187,231,623
266,883
124,914
189,305
501,705
472,569,659
674,760
214,259
113,863
27,469,852
170,216
565,608
206,218,635
371,886
429,453
99,660
420,936
222,301
55,803
412,413,419
633,786
173,357
326,548
36,915
65,540
674,683,906
14,232
867,915
177,370,960
93,429,857
226,315
218,301
5,324
169,806
806,907
403,839
165,478
160,304
179,792
56,512,662
829,894
457,652
47,577
304,642
17,464,555
225,354,600
521,698
66,938
536,892
105,952
127,299
150,572,990
504,762
429,793,912
278,584
67,522,663
25,496
237,971
506,774
420,828
146,503
673,830
206,594
33,817
79,505
359,789,862
433,490
640,955
224,650
228,713
410,413,844
860,912
16,877
69,418
354,405
182,463,872
204,687
790,834
350,550
244,692
125,171
431,754,824
205,522,537
166,583,620
363,708
196,459
899,902
200,727
12,157
714,889
102,264
30,208,736
7,942
675,870,871
510,745
629,692,827
132,296
509,546,867
410,644
329,442
64,768
583,677
189,365
120,453
775,943
30,547,885
117,832,937
242,902
393,466,485
485,728
319,599,719
64,473
519,730
603,731
176,255,278
243,625,982
219,387
40,394,481
477,530
310,845,892
79,377
133,804,970
209,996
221,281
595,649,882
448,639
125,904
220,712
215,717,757
465,636,941
78,699
175,538
352,362
287,472,830
715,986
140,407
371,379
653,715
55,398
314,765,912
499,556
279,722,884
400,893
237,478
290,563
587,911
97,528
409,833
174,961
114,175,296
680,811
260,483,962
229,701
605,755
404,681
288,503
18,527,964
5,295
525,547
156,616
50,544
240,681
190,740
713,812
26,438
403,427,743
512,528,699
489,674
384,469
5,696,880
502,851
137,504
66,530,709
62,461,893
106,349
289,402
405,682,910
143,906
388,574
167,747,914
291,648
224,303,824
425,791
67,525
87,184
284,988
15,597
443,908
230,255,871
139,546
10,484
206,898
50,629
401,448
37,436,528
501,598
50,764
135,294
25,856
107,775
72,421
329,739
53,127
89,588
34,587
458,581
244,708
236,265
456,839
17,63,239
432,928
505,746
54,362,389
96,715,874
120,775
373,839
128,420
46,58
508,812
344,913
682,964
476,704
163,278,316
310,385
35,543,625
222,539
91,774
180,801
271,444
520,793,965
24,697
767,881
264,784
186,897
163,441,825
674,822,845
138,918,920
393,792
188,634
776,891
197,598,807
643,865
851,969
613,998
74,481,647
235,441
243,657
539,975
368,694,892
296,639,925
110,363,474
21,682,935
638,692
256,334
429,553,847
223,227
849,972
327,948
307,848
230,523,851
457,980
150,249
91,659,848
214,782
20,391
366,919
443,671,748
337,811
453,609
45,692
304,520
495,701
4,567
292,306,535
300,497
649,663
556,899,977
452,875
436,795,820
381,533
23,846
63,138
301,434
247,483,904
305,579
117,319,905
381,724
717,995
780,946
733,860
637,747
44,621,819
17,872
29,424,790
165,228,926
25,829
234,593
226,578
591,631
78,527,922
39,141
90,940
23,121,335
69,443
798,838
445,671
287,738,772
166,212
17,862
40,190
314,910
133,366
631,918
243,489
567,637
759,985
117,297,440
637,821
26,871
769,941
42,348,945
336,588
525,576
172,403
805,900
728,740
79,904
464,507
424,432,929
47,969
47,289
627,932
469,579
512,837
681,996,997
248,610,831
153,181
120,829
15,316,1000
569,737,884
367,556
615,664
90,460,683
346,642
895,985
224,437,906
329,766,890
497,579,699
1,724
104,330,719
353,546
312,595,752
366,520
478,501
349,365,727
657,858
363,604,976
43,242,645
326,436,998
87,403,711
187,546,768
233,492
35,430
703,956
217,815
211,545,824
483,701
89,861
352,985
524,652,952
347,531
234,764
73,546
134,352,556
94,468
228,986
100,204,830
447,501
236,245
203,791
224,509
826,975
440,508,653
338,488
301,703
76,569
230,931
297,382,553
435,986
243,416
80,179
476,853
231,348
465,678
765,861
343,656
44,764
453,519
384,499
409,796
87,751
568,793
913,960
224,383
609,738
561,742,867
225,514
322,929
164,627,674
385,866,892
63,235,286
470,964
284,633
444,515,833
48,840
83,640
503,887
36,443,778
94,146,758
282,993
724,866
86,105
146,783
440,751,868
365,393,875
619,633,672
627,856
170,171,823
147,963
334,696,750
151,599
492,571
170,790
17,580,864
258,600,741
144,441,767
233,576
454,472,850
66,405
242,251
652,725
186,530,863
179,583,923
293,547
49,557,689
99,523,914
237,932
428,590
407,852
334,966
315,704
244,413
549,722
687,976
405,877
36,754
210,328,419
528,742,855
347,361
466,529
312,661
399,483
78,701
166,555,573
626,855
103,164,273
73,988,994
600,746
465,488,817
682,851
357,779,787
295,937
453,910
304,420,582
67,359,419
97,513
749,950
732,762,974
45,921,945
749,810
208,376
255,765
705,870
38,354
55,262,286
792,935
317,715,724
124,361
333,927
46,659,856
76,267
565,570
276,643,683
141,581
221,506,729
47,490
348,492,879
164,704,773
143,865
593,966
228,591
685,871,899
243,520
837,931
376,482,586
471,658
285,873
91,797
461,486,958
590,745
293,773
729,795
11,537
100,643
313,330,428
264,309,952
303,603,736
385,545,777
234,841
375,934
260,373,965
74,77,382
495,926
155,979
216,711
416,774
440,712
249,775
186,464,948
209,615
178,897
199,528,834
59,221,466
250,721
45,668,777
25,667,765
81,729
191,401
81,656,986
444,875
72,109
436,989
559,752
540,832
274,921
388,711
46,168
171,954
222,822
676,702
840,942
904,967
157,197,733
148,894
410,761
275,720
237,672
8,579
249,744
217,976
481,654,733
78,248
169,873
332,961
49,128,873
276,525,771
557,614,707
176,445,574
401,582
501,996
342,755,842
22,550,681
290,415,963
639,725
98,895
152,371
168,925
340,905
496,921
207,636
268,417
768,977
3,744
290,410
460,513
510,631,772
188,939
23,731
532,682
91,275
272,345,785
673,902
343,409
126,701,793
62,556
324,792,843
139,623,851
45,364,901
73,178
338,499
228,942
562,998
586,655,662
358,422
93,201,759
214,315,889
113,252
64,805
259,422
443,445
229,788
267,602
93,132,400
428,895
56,755,933
341,538
78,313
196,523,808
113,150
427,706
272,750
261,698,699
226,298
497,525
452,577
19,331
61,402
400,422,590
678,880
622,677,828
544,899
489,616
393,628,884
185,349,881
667,688,956
241,750
207,993
299,399,902
29,479
20,796
88,726,810
567,716
183,589
32,382,449
250,260
214,718,985
424,862
101,701
52,55,739
552,998
362,505,769
656,820
199,852
579,621
324,488
11,314
740,823
83,455
468,741
686,925
267,352
47,508
489,639,666
274,660,703
181,604
247,802
325,572
252,292,630
26,378,956
312,845,899
318,801
243,551
294,913
226,982,985
348,739
521,778,851
2,270
4,418
306,472
360,570,794
404,550,707
304,402
136,991
10,507
358,740
244,637
231,450
242,392,519
218,387
784,856
204,290
143,537,579
440,833
293,924
796,909
323,550
522,710
658,770
87,447
238,313
337,632,922
733,837
466,963
210,890
300,582
371,768
104,531
331,728
579,698
9,257,869
41,285
801,898
133,605
891,897
728,801
298,609
322,506
7,404,525
80,460,858
97,415
152,157
66,664
240,565
248,818
541,966
315,317,782
50,489,581
225,244
131,473
401,875
501,557,861
379,514
213,680
432,919
217,369,545
74,414,919
902,905
62,341
607,658
536,768
44,924
305,780,913
366,462
270,292
46,330
49,900
452,700
218,975
362,470
347,618
119,269,454
163,843
238,873
145,548
644,709
285,373
124,361,500
308,930
77,309,469
105,535,930
239,875
635,686
260,380,743
300,610
396,832,904
289,312,369
269,647,962
174,952
177,414,935
140,561,792
238,547
618,636,692
469,783
284,718,819
185,444,887
682,971
423,503
279,451
195,836
289,698
494,555
393,982
432,865,890
354,369,431
455,816
220,742,845
122,269
129,242
68,136,313
148,629
285,647
652,719
570,744,971
74,435,599
186,747
616,875
699,975
259,778
516,701
367,508,807
405,809
566,821
10,349
7,98
137,555,897
269,490
215,230,859
233,657,732
343,934
78,934
521,523
258,675
220,885
70,193,247
718,932,965
88,778,860
418,627,706
209,597
6,990
434,435
310,321
312,680
350,391,587
583,875
300,841
241,273
44,68,72
328,408
201,710
550,598
215,944
198,341
96,893
164,262,509
32,447
215,548,871
129,595,894
17,679
359,883
797,929
480,868
98,805
538,848
172,282
477,528
121,460
464,645
794,867
285,672
22,654
369,945
40,758
300,414,707
458,924
662,790
620,779
601,964
268,393,789
709,802
353,862
94,160
150,209,578
363,658
89,265
376,430,564
719,745
936,974
566,789
248,689,696
373,658
301,619
308,408
276,384
521,630
302,637
116,398,991
929,986
38,521,641
231,618
256,568
514,985
389,736,869
122,561,876
513,554
48,79
19,433,583
57,239
632,982
188,197,479
564,824
155,523
539,596
263,906
877,983
57,462
93,666
271,932
156,199
120,601
80,298,625
223,868
591,610
278,364
347,457,786
282,346
374,428,833
547,960
80,239,288
444,707,831
79,388
418,630
140,148
406,898,908
739,761
321,946
172,473
144,725
274,899
467,572
392,434
414,458
133,684
232,761
512,944
58,228,716
154,242,394
744,819
229,947
452,937
561,864
169,186
85,571
57,978
440,566
332,846
47,583
67,754
750,868
55,323
199,243
507,944
184,431,716
829,959
508,713
41,425,774
293,355
502,691,732
295,421
333,927
502,933
271,571
7,644
25,749
324,525
547,908
343,988
370,494
182,720
473,922
431,719
131,337
221,303
335,368
229,631
439,716,908
146,285
102,112,226
622,829
145,171,337
151,632
486,629
36,395,683
679,762
92,285
27,436
289,539
53,289,895
767,852
69,205,624
252,288,680
18,233,786
204,325,443
72,285,484
399,868
787,979
284,373
495,722
440,557
326,687
287,972
145,807,810
664,865
692,859
85,350,703
215,892
579,867,930
405,687
118,800
408,633
147,401
403,558,680
278,849
396,406
44,718
780,793
256,991
38,591,707
416,504
44,829
213,726,921
308,962
34,940
186,204
342,537
517,888
241,707
203,500
138,517
462,468
111,380
349,801,940
153,707,952
431,687
87,442,751
29,790,893
303,663,745
74,598,996
177,281
20,490
296,915
391,692
523,809,915
390,711,802
155,659,714
8,590
408,439,497
254,979
841,874
270,705
251,884
339,788
267,508
113,640
146,525
109,341,362
312,390
266,315
250,659,829
364,696
528,703
267,307
606,630
288,517
180,269
443,725
27,133
452,890
127,344
97,897
398,432,578
12,66
219,594,644
57,309
23,626
13,201,954
480,723,781
677,726
118,339
468,777
7,963
17,37,679
393,747
471,593,935
62,169,179
78,274,717
109,142,497
45,163,488
388,968
87,962
149,164
428,473,636
214,336
133,591
192,642
235,581
262,338,888
126,531
137,323
164,619,897
122,391,974
497,715,751
71,349,834
20,566,728
96,101
125,631
514,550
23,620
333,544
11,707,878
89,917,998
640,906
267,383
10,800
528,607
518,783
308,943
315,525
599,812
51,395,675
484,985
838,882
193,519,699
114,976
574,850,983
187,809,898
97,430,790
57,512
441,628,936
284,780
470,657,759
247,531,728
506,737,834
12,196
447,677,847
227,882,918
467,807,915
548,715,868
127,128,801
154,528,791
576,850,966
340,352
240,290,456
51,476,818
53,494
332,548
695,765,778
176,959
394,418
448,747
283,589
300,675
18,736
925,973
348,666
575,889
653,867
429,475
65,175
174,511,547
49,228,925
24,87,510
38,633
353,605,864
690,815
25,885
71,889
177,349
357,579
11,670
249,416
332,969
423,742
410,731
158,415
209,723,867
591,621,878
333,643
258,866
283,614,622
296,522
305,807
339,629
664,774,933
48,320
473,678
4,790
352,376
38,790
90,123,666
284,819
240,623,898
492,954
858,885
36,953
203,804
488,640,966
44,148,488
12,764,866
329,868,886
153,936
362,613
316,998
29,834,873
82,115,506
214,915
681,975
288,431
117,253
770,898
56,807
470,1000
25,179
174,284,424
170,635,778
172,665
100,892
122,477
1,67,923
331,796,884
410,958
64,819
839,906
430,914
75,409
405,830
98,598,925
234,449
406,630
481,834,962
88,352,586
520,766,858
778,826
319,335
797,847
100,748
138,385,544
159,600
486,631,942
15,867
650,991
84,400
267,960
186,519
444,927,940
809,867
586,621
203,563
502,956
553,857
635,704,967
223,248,591
380,448,912
339,661,777
252,772
634,973
349,384,931
550,584
61,328
190,333,994
345,482
723,987
658,736
442,950
188,546,725
116,225
257,605
125,218
666,750
389,847
329,395
331,480
578,657
432,697
8,986
470,830
335,736
340,634
429,518,551
784,937
612,876
676,807
85,196
9,338,968
357,482
105,173
134,731
882,886
466,540
45,198
99,383,733
47,392
80,164,601
517,799
140,900
307,877
338,536
53,382,661
701,955
371,830,905
689,877
73,541,905
680,840,970
200,826
493,565
495,953
415,900
182,930
298,881
16,625
364,800
566,745
244,491
303,374,653
346,936
247,528
735,870
383,426
12,813
677,994
219,228,660
118,474
673,692,814
41,342,436
39,668,891
111,186
42,474,773
388,852
241,303
339,601,629
189,783,967
214,749
94,378,944
455,727,880
100,320
177,860
743,750
129,166
610,925
12,479,720
377,607,983
393,723,914
254,426
39,824
393,842
40,68
15,416
452,472
566,914
23,220
192,497
642,734
647,758
448,493,607
181,581,821
80,193,323
906,923
320,471
144,526
568,650
40,595
468,589,917
456,934
483,680
336,570
240,512
40,905
255,275
298,617,891
779,1000
265,338,900
588,826
599,807
509,615
469,848
401,716
77,445
646,885
83,624,776
311,701
20,376
6,149,601
603,608
84,484
34,336
506,561,742
37,513
306,685
771,881
206,467
328,412
296,812
87,614
188,384
146,513,518
531,614
749,812
163,932
703,745
505,936
433,813,908
151,741,965
166,269
398,637,826
697,865,867
349,535
58,228,741
51,219,880
107,930
30,143
196,823
807,969
263,289,892
24,132
136,499,810
38,590
177,382
350,761
624,784,785
320,736
44,163
350,861,917
97,865
60,123,740
306,684,913
142,572,952
327,329,636
469,847,911
557,734
20,249
634,715,905
783,939
331,658,890
75,91,773
404,468
128,309,750
520,855
456,569
93,713
474,650
518,705
628,749
515,579,769
181,664,980
42,912
63,991
952,990
432,774
226,263,576
37,772,965
200,514
420,750
303,899
358,584
887,903
331,575
729,988
573,650,924
3,745
238,589
294,783
262,338,813
373,398
253,854
65,859
55,988
611,916
264,507
218,688
281,564
54,72,267
738,824,844
197,308
88,344,909
27,79,681
155,476,786
123,588
441,616,825
193,809
406,651,683
476,963
80,169
385,505
118,510
467,657
235,828
741,850
229,480
14,117
112,918
890,954
176,594
872,992
295,805
729,966
634,728
416,892
580,715
210,794
183,211,351
842,885
41,316
11,370
479,933,964
355,827,968
667,811
122,390,739
243,855
144,236
593,780
50,251,571
364,757,851
544,711
414,442
509,638
50,963
446,950
54,688,806
258,727
773,974
381,566,897
556,802
215,894
414,912
87,591
577,603
913,979,997
228,272,370
273,722
796,890
210,436
710,921
244,512,569
483,655
305,516
220,620,923
440,598
152,250,520
86,575
59,319
522,950
101,613
442,699
36,138,279
229,281,436
126,962
492,918
159,253
5,253
949,983
338,877
248,424
124,592
207,243
284,964
178,189,461
520,971
231,969
19,477
532,902,974
377,775,791
322,700
188,364,568
265,788
468,985
307,874
67,268,513
250,317,811
428,722
391,874
96,655
422,587
298,820
276,837,847
364,911
11,308
805,963
768,964
481,621,817
649,714,762
228,626
601,826
407,559
304,572
77,905
478,711
538,885
511,923
53,94,417
183,710
285,962
641,768
114,135
177,538,709
12,106,900
79,398,888
578,864
128,268,566
233,794
40,311,612
210,282
390,588,955
509,852
252,473,675
474,532,846
605,808,988
731,792
246,645
115,161
184,357
14,573
472,605
141,421
247,352,818
1,54
439,461,501
658,859
162,770,782
329,484
66,165,266
45,402,529
151,243
98,367
442,634,720
701,969
643,936
530,540
346,845
943,948
297,408
717,973
413,476
197,660
526,723
463,684
309,429
71,449,459
706,725
199,328,489
952,992
200,595
269,373,441
268,515,910
225,591
149,706
144,220
140,471,509
80,97,167
277,986
29,999
73,96,453
102,662
5,872
251,592
741,780,990
396,858
169,816
133,648
395,856,979
42,275
203,870
298,524
27,266,541
692,829
151,640
89,664
204,352
903,928
137,628
350,793
583,920
117,508
628,662
211,380
34,516,824
737,831
180,413,621
386,478
471,582
506,528
84,299
39,792
595,998
296,594
281,659,856
375,804
166,249
542,759
228,593
161,647
6,470,649
118,686,882
699,977,992
472,605
281,306,344
660,938
349,908
8,442
142,696
100,188,191
193,387,733
44,349,997
430,780
245,767
505,645
358,561
156,412
107,668,940
812,894
108,448
676,764
5,890
137,191,609
885,894
126,791
301,943
130,801
96,404,693
546,713
346,611,673
262,316,382
91,374
931,937
183,271
641,840
589,951
106,635,652
79,622,805
545,773
538,932
20,566
504,802,826
307,785
269,719
253,948
88,999
272,370,985
203,244,337
316,950
326,603
61,191,247
518,800
32,313,421
330,672
234,634,716
526,766
366,471,770
214,762,938
393,400
169,295,642
753,902,906
847,917,919
438,866
589,744,815
175,717
29,679,868
759,781
146,433,586
153,433,926
389,427,490
766,817,949
506,893
73,646
157,676
492,735
324,895
125,727,981
427,893
304,685
143,975
214,390
273,274
86,216,380
726,807
308,519
654,860,960
300,351,606
403,651
143,569
460,533,569
179,718
606,750
202,272,477
168,769
9,437,959
119,795
377,914,988
67,574
427,658
369,595
126,212,665
864,983
349,406
354,680,799
220,520
84,798
313,602
419,738
31,732
35,186
538,878
53,767,978
80,249
241,287,819
263,777,844
357,399
160,226,661
721,795
135,897
534,712
38,264
258,861
269,395
210,235
152,201
702,829,879
113,532
91,827
186,913
244,286
24,228,931
357,607,955
122,133
276,371
331,443
617,742
355,827
148,277
684,698
440,525
128,174,380
522,534,698
21,176
233,263,498
248,556
208,227
71,383,535
752,912
385,585
175,205
68,173,290
130,447
83,428,921
326,377
555,607
208,372
431,700
28,199,318
21,771
263,785,904
225,269
715,776,779
104,746,935
516,576,806
441,460
25,761
317,437
152,719
616,700
461,591
77,833
47,638
476,945,978
92,319
416,600,800
488,637
124,325
555,962
205,278,408
8,284,360
328,476
643,952
398,952
161,743
299,472
51,93
250,427
111,700,865
78,115
358,531,724
2,620,981
208,387,840
465,588
573,585,953
623,671
38,408
276,707
414,482
283,986
50,343
138,295,594
627,702
216,702
247,592,951
209,742,838
144,569
560,893
274,856
558,600,870
552,906
136,604,638
446,912
455,786
300,523
454,945
143,541,805
492,648,704
451,808
656,868
329,923
245,403,869
431,497,998
82,938
768,958
399,721,835
70,852
281,384
402,514
156,200,408
50,135
219,714
563,911
308,449
316,901,963
883,914
205,365
136,738
180,528
137,617
566,757,939
725,912
19,983
475,733
277,484
57,379,737
548,950
113,176,964
325,346
445,707,726
719,744
150,543,767
381,557
380,699,785
267,280,540
24,70,953
411,644,872
436,593,691
429,497,909
463,873
449,643
250,673,875
140,166
62,200
96,597
824,919
89,428,594
368,633
4,777,885
658,863
43,584
219,861
144,336
180,383
402,676,704
400,428,534
134,331,795
234,277
15,126
134,305,383
282,957
277,939
7,771
58,733,942
537,707,848
687,730
94,350,450
325,461,937
42,911
322,682
544,701
45,50
399,897
514,718
149,676
552,926
99,809
844,931
192,375,654
637,646
719,741
24,427
217,410
351,579
114,279
44,399,428
273,594
129,290,414
81,539,785
62,132
619,801
362,456,839
700,961
349,841
118,880
241,350,848
85,278
664,741
4,659
369,397
10,277,895
352,722
210,935
804,951
410,690,974
309,461,648
202,379
324,417
248,343,794
747,858,897
242,432,682
68,435
874,975
153,557
71,853,927
486,553,942
189,234,406
507,716,848
562,749
562,933
658,985
638,674
23,355
219,649,901
36,124
62,671,860
35,187,291
257,846
514,746,811
205,645,732
351,870
23,26,169
155,314
12,335
317,624,675
654,763
507,937
182,576
371,698
165,384,535
238,426
462,592
202,874
270,533
191,642
160,901
321,711,795
144,751,846
196,527
156,978
308,715
867,929
140,789
325,666
110,387
302,888
246,755,873
78,368,427
793,956
503,666
345,560
672,817
444,638
325,412
550,591
297,912,937
490,927
412,796
63,284,578
358,718,797
35,358,574
724,842
279,764
263,727,932
467,709
59,228
39,232,845
511,571,900
14,827
34,627,919
165,857,913
1,867
648,880
525,633
136,168
256,314
346,426,880
330,893
48,940
671,674,836
330,390,835
505,790
8,641
720,821
178,707
814,971
70,510,648
365,407,616
699,924
389,626,838
5,207,511
128,382
718,774
298,424
97,528
180,284,852
445,661
339,870
139,998
392,520,742
151,256,327
54,208,647
174,785,873
115,658,794
126,403
318,742
206,296
149,290,806
328,741
384,486
64,622,819
260,662,728
306,606
1,269
380,862
82,427,805
11,501
8,677,977
2,775
622,653
380,972
88,800
624,776,927
462,639
337,352
217,395,686
47,472,533
333,855
165,844
93,153,320
20,94,540
27,519
946,959
63,374
141,424,949
101,598
218,921
33,307
165,793
709,747,760
384,516,850
237,418
41,108
57,128
97,467,514
78,919
262,827
340,621
346,390,636
705,759
588,693,992
141,980
714,738
490,772
155,571
730,844
456,562
212,781,836
253,917
340,724
517,673,967
232,376
169,821
41,323,854
572,579
16,675
80,967
119,866
411,488
538,594
396,404
74,547,877
92,771
70,261
357,459
306,798,909
675,690
206,532
14,754
210,873
307,913,939
630,974
464,821,860
307,710,815
490,829
170,655,706
784,976
419,564
81,603,681
123,196,888
24,157,768
102,293,455
19,702
110,253
61,186,351
738,766,904
424,706
116,578
106,915
865,915,970
407,924
848,864
735,975
431,664
82,129,280
471,854
329,561,647
319,798
169,641,762
88,311
3,248
386,501,930
41,615
270,357
450,608,701
618,632
199,879,942
720,748
602,944
148,695
138,171,857
536,596
387,464
729,847
591,713
72,551
383,740
15,187,301
52,294,630
279,744
624,849
188,621
242,400
779,800,810
618,724
327,666
239,276,880
105,408
184,946
95,802
656,677
290,310
382,880
356,894
220,655,982
461,952
59,368
409,652
333,518,551
39,492,727
112,492
335,426
225,342,697
96,469,721
284,774
738,943
918,951
661,823
33,925
264,602,847
356,685,703
467,531
665,853
479,553
104,679
904,948
808,838,919
287,752,977
462,531,617
484,554
79,117,396
603,746,765
57,658
425,494
305,715
380,530,802
936,977
477,758
156,433
239,765
431,474,611
209,313,951
182,896,959
399,841
148,315
657,790
537,621
433,855
604,994
873,884
455,740,910
197,673
203,330,768
597,834
55,466
434,791
187,631,688
269,977
77,307,771
615,803
784,795
709,785,850
153,349,908
639,863
246,291
64,399
738,850
30,872
250,389
330,514
192,227,649
766,834
657,949
111,269
761,970
664,796,911
158,252,840
297,393
541,585
635,773
304,381
485,644
405,459
627,884
129,988
164,520,551
74,720
494,525
291,620
313,870
126,612,873
38,360,698
17,899
397,883
144,489
617,878
259,644
65,69,218
500,672,823
75,244
48,233,901
164,754,779
530,781,850
5,682
440,568
342,647
110,275
874,879
193,541
110,670
387,507
599,787
652,913
370,928,953
68,213
771,787
616,820
204,637
640,646
298,607
414,819,841
184,309,428
816,960
529,863
516,680
347,686,717
609,784
84,486,877
313,955
421,624
380,967
783,844,888
341,733,937
842,916
153,787,939
482,585
282,934
638,823
872,900
437,609
432,792
552,588,688
303,945
510,525
174,291,718
734,886
45,364
85,808
671,812,819
181,553
402,945
633,799
67,637,873
574,897
115,247,615
626,738,862
227,669
604,728
249,645,983
150,639,921
195,495
396,444
86,875
98,874
408,602
892,973
141,309
120,700
208,833
643,878
517,839,919
37,73,502
112,918
918,1000
122,217,623
190,206
310,969
308,707
33,780,913
228,290,647
197,548,912
336,585,911
157,495,719
250,554
9,282
252,396
455,457
298,851
402,436
267,909
350,875
573,700
390,523,636
552,629
327,864
351,657
410,441
343,633,816
255,843
661,876
378,901,993
284,575,803
349,582,887
15,274,437
110,888
330,504,640
89,356
21,123
148,347
473,679,733
175,415,889
646,936
653,663
405,587
906,910
169,606
479,791
71,88,708
135,281
41,137,531
373,679,781
190,882
100,347
417,503
466,505,948
364,777,859
269,520,655
407,801
46,478
222,807,877
592,823
977,997
116,817
119,247
375,902
279,843
683,948
226,445
471,494,731
954,988
310,390
402,521
810,966
508,845
745,958
8,179,443
45,476,734
66,307,768
200,256
371,435
396,656,958
352,715,749
703,861
456,741
280,592
154,801
218,801
42,508,983
91,996
11,157,749
77,903
897,923
521,966
550,589
223,286,788
905,942
103,933
614,759
148,601
175,215
732,836
715,848
608,821
348,437
343,967
788,822
456,701
4,196
1,5,829
369,604
254,716,973
715,782
233,403
139,365
745,751
609,792
190,841
665,880
302,998
376,754
811,899
182,389,479
70,287
202,381
483,566
28,977
211,768
303,955
623,635
468,552,644
533,621
430,709,890
50,409
232,332,985
61,331,506
207,649,732
83,231,659
504,690
653,939
297,819
270,698,990
489,650
38,602
573,718
705,962
246,287
148,529
129,444
230,463
219,266
422,580,973
273,913
463,478
128,309
376,396,628
620,825
101,738,768
62,698,992
150,434
517,675,934
140,916
151,235,967
591,712
295,706
179,472
489,804
269,350,698
463,1000
292,557,764
102,926
493,616
47,729
101,443
208,878
362,784
567,773
312,473
776,830
619,842
471,524,802
184,857
669,682
241,345
412,586
140,617,962
41,776
202,995
14,716
139,315,348
81,91,574
222,856
734,934
347,484,677
205,302,695
414,553
199,568
472,892
403,492
334,875
199,291,417
396,920
86,827
599,780
79,596
733,798
678,786
626,763
921,964
898,934,976
300,457
342,575
968,973
148,559
26,193
591,957
574,718
215,900
151,755
192,558
659,764,811
274,535
796,827,981
640,782,889
98,763
419,564,605
358,649
316,505
492,673
93,278,645
64,931
506,592,743
203,237
341,720,907
124,205,273
48,189,372
751,975
270,599,857
190,811
67,94
157,319,997
17,586,954
244,403,509
409,498,642
799,801
176,271,898
689,692
689,942
137,401
232,743
105,763
74,541
663,887
93,132,689
45,488
4,734,971
266,798
530,542
346,457,546
308,780,876
3,569
531,882
308,317
569,623,641
729,912
242,538
293,523
710,989
378,498,672
633,956
789,981
466,481,650
74,642
184,291
255,309,590
621,756,890
456,687,871
94,137
815,879
423,834,916
683,975
190,740
93,145,720
249,286,821
476,778
700,820
416,706
5,331,796
30,352,847
66,263,527
673,901
661,687,782
21,426,782
143,384
490,517,968
513,572
48,391
499,624,887
482,727,771
9,226
558,648
185,284
356,683
81,165,893
146,706
463,739
829,872
509,606
129,424
243,882
182,471,548
213,442,548
796,888,936
767,774
458,586
265,740
227,941
76,327
306,534,841
198,1000
638,813
66,996
82,875
549,550
226,558
200,700
130,193
74,107
626,826
8,509
595,799
540,738,875
41,137,194
808,998
55,822
22,996,997
506,519,723
146,860,885
42,52
156,831
166,647
110,375,659
230,732
570,852
505,890
135,323
350,586
210,268
241,296,764
611,631,652
31,875
402,812
352,985
254,639
440,711
5,732
489,528
385,671
8,953
71,278
155,674,811
175,620,651
82,467
171,690
5,373
222,444,664
42,118,565
633,726
504,564
374,385,588
256,458,728
334,915
2,131
367,602
227,974
1,63
133,238
738,841
893,990
552,859,934
41,791
886,929
129,767
121,725,883
329,386,892
36,673
334,716
190,388
677,854
741,867
447,687
476,651
269,981
60,378,473
484,779,868
34,678
739,756
499,557
462,639,718
778,956
768,894
365,407
152,765
106,289
205,800
116,434
107,784
452,575
163,788
212,550
48,431
72,619
403,648,864
66,84
150,647
48,502,509
72,81,833
458,744
316,452,779
452,883
83,243,343
148,255,636
365,464,667
23,737
827,843
290,890
489,513,620
282,492
130,815
150,323,923
495,699
226,350,498
108,430,511
354,974
201,946
432,910
290,516
270,933
157,886
383,398
640,909
41,268,993
194,797
390,816
87,215
707,925
366,624
122,375,998
599,912
436,768
99,115,620
402,882
135,468
339,676
142,238,428
508,749
339,882
461,907,989
60,224,832
655,756
41,866
567,810,826
628,994
494,697,742
312,500,671
13,659
578,810
599,926
55,485
272,397
572,844
44,168
676,761,976
228,931
504,828
727,861
814,944
44,599
354,437,727
259,390
344,349,989
492,502
15,772
237,634
95,582
84,459,790
387,840,932
67,350,905
206,289,955
637,661
24,763,793
149,463,668
569,948
105,307,699
85,594,675
22,59
236,558,627
638,777,814
17,490
238,382,547
118,611
180,657
254,929
189,582
331,505
289,347
172,856
143,699
358,791
181,195
248,966
174,599
235,639
345,671,793
42,183,695
86,146,318
204,750,754
367,958
356,455,505
705,969
11,475
149,239
266,779
196,669,765
33,299
260,488
115,330,890
92,734,943
299,510,780
298,318
93,497,860
160,667
239,278,883
261,568,831
157,726
306,697
116,575,725
108,722
216,723
304,679
183,192,459
43,67
833,913
407,694
385,594
250,523,538
537,942
480,634
354,680
181,535
168,833
82,733,972
605,891
305,425,501
5,240,281
597,808,968
182,196
726,756
22,549,977
441,569
254,485
13,913
136,750,845
9,932
106,760,900
413,808
481,641
143,810,990
831,925
664,758,863
216,769
870,921
115,392,397
830,849
367,449
674,974
89,523
352,664
861,949
351,715
351,899
94,212,662
65,664
68,975
729,853
547,772
418,419,962
594,860
311,498,601
212,883
115,274,815
900,979
337,864
560,745
134,720
172,465
11,109,780
176,678
170,615
70,929
288,868
721,992
203,380,933
170,790
8,252
46,808,852
885,915
19,445
596,971
863,886
198,722
139,935
11,510
563,894
2,570,777
77,903
336,955
327,623
625,662,983
112,163,176
404,705
249,278
449,751
202,518,791
427,432,658
252,763
596,861
486,942
431,786
402,929
74,137,148
365,432
618,884
307,428,705
489,971
283,834,893
371,752
108,757
144,178,494
708,924
29,630
494,561,691
99,106
128,738
760,974
72,596
390,963
98,499,926
27,59,681
353,609,867
132,803
561,930
192,956
49,184
346,510,570
429,934
280,373
258,417,448
642,874
116,235
251,789
524,978
16,325
622,960
53,561
464,609
245,275,845
476,975
6,354
132,697
419,436,867
17,481,609
545,981
402,631,981
500,659,869
62,968
286,972
174,838,914
91,631
152,970
316,436
536,668
275,666
647,891
296,487,847
88,272
116,156
362,942
201,537
111,838
116,200
827,976
73,681
335,341,440
116,487
166,499
449,872
850,911
337,612
400,482
277,936
305,522
932,976
522,800
229,661,732
283,928
96,787
472,761,924
30,720,927
374,712,940
221,532
281,552
352,473,932
766,871
64,81
849,940
293,538
623,869
648,991
133,586
117,325
330,628,925
671,726
28,404
56,718,723
35,425
390,722
443,653
83,473
386,579
548,610,866
479,857
527,666
212,528
573,685
760,885
72,602
160,305,864
458,580
819,895
984,995
238,333,1000
317,937
388,513
130,154,494
601,686,734
57,170,988
49,218,457
716,983
402,559
215,916
667,928
400,869
367,602
318,655,679
26,544
150,657
136,556,584
284,548,867
72,285,968
27,549,750
33,677,750
445,966
20,511
74,297
309,666
88,140,545
50,529
19,794
668,931
215,237,661
509,974
227,566
563,826
22,222
357,492,639
695,941
133,653
218,363
13,565
487,566,891
888,941
61,834,850
305,367
507,828
250,289,661
513,625,662
267,958
466,530
53,530
750,764
15,968
119,436
110,223
142,903
696,883
86,263,556
436,904
335,713
140,844
338,668
195,813
112,702
102,149,824
409,465,827
375,832
413,732
369,498
48,698
75,430,914
8,393,394
199,866
293,473,603
411,941
466,758,766
438,810
192,559
293,836
505,621
388,635,765
10,367
667,699
135,316,981
296,779
473,521,558
163,730
7,671
15,661
335,557,779
94,433,592
427,508
339,827,963
94,791
142,244
158,705,985
546,818
564,605
127,439,952
924,962
373,918
421,540
34,777
70,686,950
336,544
160,657
853,912
152,555,935
115,251
128,519,747
8,796
155,918
244,531
526,607,630
522,719
43,313
245,920
257,668,917
466,793
579,750,833
534,611,645
508,550,572
579,720
671,814
648,958
344,535
447,864
7,376,820
202,604,917
399,853,893
402,548
27,914,971
376,410,701
145,365
299,779
369,373
56,352
305,556,677
138,918
463,934
100,857
151,211
342,530
780,894
90,923
148,682,901
169,486
150,193
388,484,572
770,991
117,913,968
20,249,646
388,578
290,997
71,812
165,579,893
549,570
79,169,885
2,585,595
21,849,913
125,259,290
42,442,533
21,779,874
377,506,512
302,688,811
717,901
187,387,736
32,925
567,882
413,437,820
688,921
230,325
4,45
154,161,412
642,749,858
263,569
589,729,849
369,840
86,774,934
775,873
527,536
180,864
81,967
331,844
240,432
150,430
247,506,825
238,859
749,894
286,449
391,921
37,524,929
161,671,857
424,904
11,575
349,894
457,761
161,269
333,946
259,355
13,772
473,476,736
325,410
97,680
57,965
80,394,420
510,691
178,480,804
221,376
363,649,971
800,952,960
126,536
421,440,497
69,186
507,643
16,985
471,830
238,624,907
94,809
607,800
285,656
57,575
761,888
212,939
330,814
97,294
488,701
103,121
60,882,917
222,777,845
176,627,994
886,961
42,438,930
46,116,526
13,139
258,861
481,555
371,414,887
6,781,799
337,603
381,432
197,360,785
101,634,729
190,848
602,748
100,129,672
461,783
320,828,931
261,698
28,424
67,392,483
32,535
65,431
177,408,783
69,94,417
631,689
155,631,682
55,146,286
18,339
9,545
927,937,977
22,600
553,556,749
12,678
585,658
438,805
28,883
527,876
609,751
156,420
233,605
560,937
241,852
47,154,269
819,953
609,620
485,565
490,647
134,320
567,726
205,625,873
237,828
346,640,666
265,401,654
369,900
110,124,901
345,596
32,507
177,589,681
31,416,442
568,948
377,647,775
125,434,683
76,265
305,860
370,992
24,721
3,860
332,811
94,298,709
369,572
539,634
91,814
798,909
163,378
892,996
73,563
822,929
25,351,969
156,867
103,278,717
77,728
276,501
165,515
730,808
18,355
239,607,854
780,939,997
34,561,622
486,963
296,958
369,516
166,436,575
72,362
489,742
5,295,983
75,258
744,938
677,711
701,941
436,854,858
699,996
486,768,985
352,440,602
241,362
277,345
131,176,761
138,428,782
434,631
417,734,901
640,739,911
464,680,944
129,977
76,359
307,373
14,577
157,987
124,571,957
207,914
605,961
443,529
418,759
484,573
192,859,906
32,133
396,997
17,95
111,295,890
197,975
383,475
495,517,788
304,616
156,505,700
167,953,966
409,576,666
732,778
402,892
29,642
402,414,437
164,333
24,213,815
282,817
123,637
45,190,305
503,663
275,659
756,867
159,776
100,515
26,306,450
448,788
138,644,888
409,630,889
135,245,368
238,368,994
142,436
708,776
83,938
61,161,574
75,329,881
124,349,837
44,73
433,575
452,456
310,403
264,412,470
58,400
86,658
47,628,864
365,661,805
456,563
238,467,919
192,861
311,984
263,644
559,649
330,985
458,775,821
147,430
248,330,579
534,739
22,256
151,193
176,195,917
411,530
362,860
284,524
319,640,801
55,988
164,531
341,525
82,216
26,889
451,660,941
339,659
307,434
339,956
673,688
180,531,796
229,405
224,559,588
166,821
15,164
14,120,592
181,341
352,356
240,652
175,901
29,578,850
386,877,937
174,706,766
515,634,958
540,894
63,541
147,400,585
381,837
63,530
86,781
676,822
299,759
101,966
286,639,886
367,522
113,203,682
125,374
146,919
504,853
95,663
488,744
153,745,800
394,514,682
355,748
590,925,950
228,648
28,189
616,852
296,835,876
38,56,868
46,950
257,470,686
785,877,992
259,370
224,316,753
318,956
440,488
723,880
394,581,954
144,607,866
87,362,560
47,353,655
126,778
19,942
58,259
18,824
115,377,999
98,558
258,503
112,857
478,521,567
175,198
16,180
127,894
284,628
119,1000
233,735,906
238,314,853
241,370,942
459,703
409,437,901
359,755,954
6,172
293,382
492,853
56,633
288,402
15,817
72,945
245,364
497,779
2,437,984
42,317,496
781,910
277,748,782
585,612
154,249
360,771,833
594,963
441,870
204,568,715
245,656
362,742
71,397,673
326,839,911
220,445
149,558,703
36,224
21,109,718
585,687
75,705
268,600
168,514,577
567,598
541,698
167,524
195,476,608
132,188,807
600,952
301,869
468,609
458,630
193,528
622,969
401,468
225,520,583
634,752,925
46,243
129,562
286,605,758
38,721,952
469,765
661,913
95,375,547
229,861
411,735,938
75,392
565,574,789
408,795,870
228,593
185,880
142,466,789
70,361
243,484
88,662
9,246
582,988
190,998
161,450
397,971
53,157
183,877
172,651
251,773
53,520
383,853
196,301,408
459,845
230,984,994
67,289,310
232,527
338,553,637
752,798
179,417,782
225,774
671,756
796,866
374,985
102,595
209,462,467
217,381
16,822
692,920
72,146
625,816
344,970
136,581
691,759,807
112,532
114,546,583
31,71
342,430,991
457,897
536,669
163,228,505
542,729
88,299,534
305,636
319,382
614,678,691
121,242
716,750,784
212,641,875
262,532
232,422,623
418,478,778
258,436,535
185,505
867,999
27,895
235,480
566,571,796
407,558,871
49,308,590
429,885
574,598
262,765
248,266,997
489,785
55,126,269
15,221
693,763
787,900
403,470
21,189
197,683
73,486,705
153,670
477,581
497,632
68,622
362,585,596
78,195,1000
131,171
212,555
206,568,618
200,242
767,943
355,901,955
193,353,444
106,759
171,867
466,509
323,709
48,125
26,175,683
211,485,758
118,760
265,478,687
95,389,566
350,919
244,901
487,807,959
334,817
254,590
715,859
246,791
264,837
52,891
248,372,683
513,609
503,669
165,445
74,769
283,445,830
142,817,908
551,835
323,835
34,917
202,222,984
168,241
43,619,934
123,517,872
33,362,568
72,165
45,920
112,612,813
524,723
110,659
200,738
282,611
157,785
568,987
398,460
484,738
339,716
594,753,757
249,867
19,235,458
176,538
118,290,993
452,520,825
370,435,596
490,923
895,931
386,568,750
834,988
149,666
56,683,692
422,571,921
16,147,948
165,252
600,630
89,470,500
39,275
313,881
62,396,851
239,834
76,562,791
303,968
742,883
55,783
552,577
90,679
135,770,955
37,694,789
122,683
135,714
247,392,424
40,695,977
213,383,878
554,715
473,559
118,292
163,786
549,771
272,386
136,283,284
379,867
156,398,617
50,269,883
186,945
925,939
613,701
159,540
676,700
126,520,789
625,646
64,769
316,820
463,500,906
296,779,798
164,459
48,474,967
487,867
62,427
78,672
251,874
728,993
423,981
109,213
132,953
259,306,390
8,656
671,759,996
400,864
474,567,666
84,844
200,573
385,672
160,226,496
457,855
440,731
75,463
270,818,930
293,431
484,733
488,744
921,968
695,923
255,476
974,979
423,527
365,566
551,733
230,607
366,796
472,497
276,421
196,375,509
905,939
360,640,672
199,569,646
6,372
76,86,775
384,773
835,977
61,212,891
657,847
394,933
309,549
134,841
52,540
10,324,673
239,557
568,877
123,240,682
700,903
318,646
724,766,791
467,650,863
242,875
468,632,679
231,351
529,536
70,120,792
90,978
245,456,463
648,652
424,585
339,694
222,558
406,882
82,803
186,460
65,758,792
640,778
291,664,891
952,964
548,611,950
129,242,709
365,430
309,830
239,586
96,763,810
94,718
690,855
682,886
611,879,916
236,762,798
68,74
94,120
420,462
318,885
64,259
122,172,455
543,866
90,337
172,323
201,228
403,971
327,332
289,782
414,680
150,651
218,679
276,283,633
226,694
231,602
400,522
199,849
490,803
842,977
162,814
250,885
261,671
338,372
685,877
269,492
175,470
142,344,481
299,771,908
204,469
497,944
269,865
15,509
200,586
750,775
7,101
283,593
622,893
151,910
389,579
104,530,700
732,847
643,960
285,484
34,769
160,854
311,660
148,183
126,366
970,976
302,958
71,517
64,333
568,593
185,510,987
465,513
332,429,598
355,386
298,373,791
222,321
98,264,671
114,567
88,101,709
217,315
207,716
66,292
401,410,500
245,390,814
328,883
41,485,608
32,305
909,928
170,284
29,929
45,229,418
676,823
279,606
420,906
302,994
377,499
3,31
6,119,601
52,160
418,760
33,894
473,692
287,333
19,65,936
334,759,868
351,950
768,848
536,564
904,991
94,816
265,690
564,583
587,718
20,374
93,519
332,719
255,858
434,760
183,673
596,769
38,765
3,189,719
76,277
165,489
436,540,791
391,814
513,630,958
125,588
622,819
279,781
774,790
705,913
538,709
231,604
182,480,638
247,477
275,966
146,425
465,821
444,627,905
631,656,827
462,615
944,977
436,493,642
447,793
510,621,713
738,862
115,532
171,568
308,926
449,469
372,704
762,984
441,592
70,713
311,676
224,315
848,923
113,678
179,298,865
3,132,349
46,390
553,911
10,261,984
332,795
528,538,734
541,993
371,986
200,824
1,99,280
527,995
735,809
814,995
158,766
238,327
248,501,887
251,284
512,676
340,771
396,784
212,397,650
70,676
455,877
108,679,948
208,759
7,693
50,519
86,166,185
188,640
588,666
81,553,925
322,467,949
56,203
23,71,625
175,840
2,385
53,354
140,141
575,867,884
211,358
83,274
395,559
124,583
429,787
446,630
779,805
538,778
108,613,707
62,585,611
105,557,841
310,851,956
83,872
189,664,696
260,524
122,420
99,523,854
57,369
188,776
204,738
139,738,994
93,270,602
46,593,953
4,136
133,241,296
94,430
212,412
342,990
749,837
413,893
128,821
54,490,692
95,779
227,502,920
464,664
376,391,633
199,620
557,861
289,765,853
385,577
568,975
70,796
438,721
177,709
632,902
3,475,722
107,856
366,918
62,108,710
183,253,620
593,863
49,529,846
830,992
134,254,400
188,732
108,767
65,141,962
106,198
683,716,851
244,688
479,733
25,703
475,577
31,142,653
689,950
124,700
194,253,783
663,835
87,532
118,925
47,295,797
686,790
242,755,863
550,940
148,208
865,929
305,752
432,491
406,917
429,445
100,607
282,381,716
27,755
209,280
335,898
249,377,796
490,683
147,441
421,992
8,248
444,846
48,228
895,952
75,232
547,560
406,753,820
63,129
487,865
117,542,942
486,867
78,536,636
488,582
211,765
401,458,629
262,540
595,963
582,812
905,986
6,255
353,384
419,564
433,724,739
537,905
6,360,429
263,814
117,296,557
359,561
51,637
144,546,933
271,316
42,791
335,972
624,689
421,887
594,754
776,983
267,439,847
284,398
367,541,979
577,670,918
357,737
64,98,780
556,572
11,137
91,282
185,674,787
2,131,406
603,668
222,372
408,470,513
481,565
277,364
336,376,544
447,994
126,578
112,976,989
110,310,496
189,206
292,438,522
68,934
17,522
186,202
207,211
584,953
380,998
150,417,794
671,800
403,938
103,790
212,780
748,952
628,756
57,746
280,868,893
240,570
50,474,964
296,779
360,600
437,851
426,712
206,570
12,313,593
273,356
476,478
516,697
567,804
247,693
2,637
667,941
515,583,652
49,577
729,806
610,793
723,893
438,482
579,784
141,772
571,708,827
308,479,621
349,382
590,895
47,370,878
535,828,893
309,550,656
8,837
312,690
351,708
35,453
589,715
257,775
80,199
628,752
498,995
415,704,888
711,857
756,778,940
104,650
183,381,703
412,775
399,819
203,757
238,525,887
542,556
697,846
68,523
229,671
326,700
309,539
256,633
209,630
597,622
537,759
230,578
44,319,812
795,833
43,751
222,662
259,435,995
19,790
13,171,291
525,877
41,159,883
339,591
384,739,905
691,937
398,632,842
534,840
107,891
777,859
441,574
415,869
193,380,767
328,597
285,554,916
99,790,962
626,664,842
141,464
415,503,736
21,449
10,127,445
442,841
444,678
193,867
696,887
414,455,989
218,802
384,545
127,818
31,933
352,539
47,993
231,674,788
609,620
237,690
280,364,983
375,861
8,250,593
68,568
203,348
383,715
6,630
702,949
128,639
258,932
129,834
127,733
55,694
222,942
172,984
256,376
19,100,180
526,780
376,900
290,453
537,785
249,531,766
99,169,875
118,829,896
183,945
648,760
289,381
163,410,680
499,771
170,747
623,901
555,792,883
151,466,582
327,858
154,422
704,772
377,703
287,976
505,563,626
375,869
136,970
212,253,858
137,379
51,771
203,665,826
171,676,955
484,664
57,963
206,960
503,688,892
598,875
130,302
452,625,948
630,776
296,297,937
54,393
504,562
567,822,956
3,241
256,749
72,86
532,585
21,534
506,761
228,402
385,958
374,469,622
51,275
404,721
476,1000
530,723
28,742,943
303,674
144,166
717,869
45,676
409,463,916
372,402
520,609
219,463
191,487,848
88,307
403,840
275,402,405
653,695
378,456
351,689
536,720,947
621,660
156,243
261,969
110,121
552,612
473,945
35,269,796
345,977
847,976
5,206,683
452,573,711
75,257,465
257,470
589,674,940
365,822
447,848,857
457,902,906
54,800
68,175,934
37,141,742
278,784,873
401,794
15,187,882
439,662
180,528
108,702,775
52,936
216,441,645
179,853
400,613,895
490,495,816
62,631
281,560
124,192
526,1000
850,924
870,919
593,731,877
404,457,620
234,800
464,564
392,532
409,955
236,474,636
147,194,271
79,283
22,30,197
94,212,471
58,403,440
839,882
87,613
899,995
160,488,629
186,583,607
165,499,518
189,855
429,817
244,761
277,347,903
165,399
130,599
420,658
442,831
429,713
529,570,919
452,561
266,341
76,520
401,710,880
2,85,281
343,629,741
224,431
33,92
142,426,996
271,368
341,539
185,921
414,621
101,870
171,389
54,79,549
540,600,855
2,6,836
304,893
548,637
452,849
188,567
275,594
117,333
619,678
587,790
305,982
54,132,157
467,883
6,203
255,509
165,991
67,555,741
481,758,933
360,953
63,242,628
725,840
411,685
529,992
654,933
199,978
160,247
118,577,682
21,583
279,680
454,616
305,646
306,548
59,443
132,332,349
335,721,952
435,818
722,973
64,396
68,197,835
152,990
634,848
74,216
707,930
277,880
293,410
33,404
183,582,806
843,886
685,764,909
29,545
420,614,874
290,418,527
493,901
308,580,978
250,768,995
222,535,677
57,489,582
202,761
115,341,752
12,19
284,838
447,841
620,951
344,846
649,685
608,795
937,974
38,733
477,561,657
54,285,650
226,864
266,312
53,284,329
54,952
429,596,878
316,880
469,577
16,492,669
546,909
630,641
714,969
474,994
83,169
143,774
367,733,940
334,410,793
9,380
157,299,913
341,694
608,710
407,630,662
191,924
68,518,557
46,304,582
783,894
112,567
374,959
114,403
503,706,846
185,344,887
129,813,878
121,836
212,359,999
243,509
581,983
358,542,816
53,82
366,504,743
22,462
166,857
107,401
440,969
416,454,718
605,626,686
475,831
79,307
124,207,361
182,203,699
650,874
209,493
429,881
269,506
239,939
572,719
578,639
256,392
134,716
1,988
425,789,865
755,961
76,196
88,359,707
102,258
51,777
504,738
272,335,357
38,590,822
589,752,768
94,222,420
161,393
823,924
248,538
333,352
342,366,885
251,996
259,770
583,842
524,570,621
39,816
89,272
331,578
400,939
101,313
545,914
468,559,879
307,733
770,823,959
146,861
179,255
231,502,776
103,182
415,417,878
462,561
310,968
52,429
38,446,992
178,569
83,532
142,362
485,776
122,375
234,830
293,845
120,279
17,379
386,790,991
778,794
272,601
631,943
69,923
10,175,465
142,309
84,299,751
609,775,954
25,459
288,627
257,508,564
592,731
674,984
564,703,870
258,717
180,186,739
560,575
144,154
16,104,128
678,741
822,906
182,257
728,945,975
473,670
68,277,438
171,863
433,455,489
21,530,612
390,703
603,649
380,564
354,364,621
232,245
522,991
98,361
119,771
229,388,761
7,857,920
297,613
120,238
444,737
135,324
27,812,833
115,827
331,589
289,822
531,815
653,886
488,683
216,994
148,387,678
784,970
204,835
52,200,929
31,829
95,99,565
778,917
221,762,919
163,535,988
343,833
236,305,964
269,427,850
92,318
586,854
621,628,710
378,969
200,755
41,181,891
21,167,232
302,836,922
397,986
358,430
28,826,961
76,409
402,608,814
65,140
156,879
172,908
537,542
560,562
9,975
588,920
596,618
131,496
497,593
493,867
51,338
466,951
24,173
32,435,513
8,748
47,531,933
607,635
226,265
344,925
531,630,672
496,598,969
380,472,942
122,392,963
5,30
53,148,920
77,818
696,973
305,924
444,578
58,495,942
383,908
678,788,906
186,812
87,707,847
523,652
143,606,990
106,469
250,666,899
537,912
517,735
55,708
53,813
290,675,999
88,926,931
52,116,280
520,594
898,942
173,228,276
619,896
53,61,102
31,382
424,951
676,906
344,366
448,504
549,653
189,690
217,288,889
89,773
6,529
101,439
95,855
162,470,823
59,74
23,156
195,214
425,511,980
236,903
549,760
36,326,869
270,366
141,424
471,530
481,489,514
556,600
25,646
535,572,719
204,699,979
422,650,895
92,148
500,666,674
29,825,943
261,785
504,565,658
348,594,939
364,703,998
213,261,428
618,626
363,759
1,999
389,581,825
451,822
90,372,558
268,626
301,559
277,445,779
425,533,680
597,646
310,644
586,632,662
463,872
165,749
229,714
719,786
261,407,605
118,869
6,727,902
713,882
101,264,817
403,879,896
448,658
41,432
209,393,914
507,830
239,337,422
346,585
160,224
291,864
317,361
27,613,769
186,314,854
48,884
267,307,992
318,441
297,408,696
76,394
367,475
28,565
244,554,840
714,743
114,553,748
13,211,663
23,524,742
374,510,715
16,756
657,800
16,86,987
429,783
691,962
593,972
199,639
214,761
734,922
616,825
251,594
129,161,897
321,998
121,889
54,923
156,595
214,668,847
718,974
104,943
460,799
572,696
342,999
69,183
192,203,236
379,619
184,781
121,280
543,926
255,465
990,998
538,941
410,413
502,851
170,651,693
511,607
75,244
495,759,1000
738,756
247,377
527,877
292,309
119,419,949
340,870
432,826
85,112
473,756
223,542
250,565
240,627
582,855
49,93
82,410,900
606,664
705,966
154,493,776
229,956
46,470
151,507
160,732,898
51,856
395,802
342,506
51,575
298,813
162,845
384,819
116,358
109,277
97,130,982
399,795,909
197,522
106,771,828
311,927
13,555
326,364,660
227,570,683
304,646,865
390,637
525,868
52,785
134,848
135,221,250
84,590,833
533,563,929
166,803,935
199,660,774
232,708
64,417
389,653
67,548,940
257,786
68,624
330,553
614,835,992
83,799
407,964
554,933
541,763
582,897
5,212
317,379
539,847,966
352,854
387,902,916
420,561
9,192,363
127,989
240,672
532,601,929
280,850
17,246
281,406,859
38,217,602
343,810
360,483
82,477,920
795,819
44,501
324,857
303,390
154,418,603
308,605,661
383,514
168,927
247,511
217,390
188,975
146,982
190,882
159,605
664,678,724
287,679
262,853
227,908
8,44,381
379,434,531
443,950
869,889
632,756,982
367,594
65,66,540
257,303
275,315,714
484,971
205,502
135,196
374,486
54,771
226,882
18,120,836
335,375,735
197,793
668,941
232,938
326,486
49,812
534,990
87,335,716
69,904
96,959
158,494
987,997
207,644
726,930
269,651
107,930
63,880,890
152,440,684
360,787
599,710
643,954
661,963
766,856
8,341,371
884,891
69,392,616
510,568
20,243
221,547
375,578,853
417,619,710
405,844,917
202,734,902
510,707,818
221,636,675
836,999
190,500,680
61,434,494
545,895
213,383
443,724
68,250
129,174,322
19,753
553,985
295,550
58,501,942
94,169,365
249,961
457,532,695
268,434
484,769
456,604,984
66,658,691
408,643,705
588,869
39,237,462
468,907
108,514
145,489
116,417
93,693
151,200
538,789
290,375,713
677,699
45,303,517
377,597,658
185,681
45,102,736
122,248,969
16,605,679
388,721
453,863,944
110,714,853
185,902
97,448
354,491
423,779
343,587
542,624
397,436,758
622,881
718,728,764
324,633
269,472,657
373,891
180,466
264,670
222,967
164,663,711
11,283
502,797
150,925,976
251,842,904
380,524,929
312,534
163,592
129,448,620
717,919
400,551
144,331,434
353,429,520
19,85,549
171,203,572
124,685,901
216,309,413
443,584
573,864
45,754
59,396,698
162,911,969
451,801
10,454
93,816
794,804
461,693
551,591
492,956
191,401,910
172,596,775
476,889
109,223,719
37,573,630
276,806
93,985
623,727
243,331
793,962
390,761
225,750
293,494
279,549,750
491,728
768,909
146,805
94,801
360,499,634
39,487
31,305
353,485
45,339,888
11,732
564,721
412,738
351,773,967
443,556
22,104
644,820
241,900
468,562,969
472,932
576,773,922
86,655
59,287,469
707,849
328,991
494,877,919
409,571
62,673
161,632
329,739
259,944,948
82,707
10,490
15,960
9,250,757
160,265
