12,275
39,320,933
400,431
400,791
193,289,326
212,682
260,346,581
489,856,979
587,819
304,493
379,620,956
782,966
233,420,657
7,215,923
86,984
447,613
235,516
197,544,679
565,943
422,626
7,564
324,425
343,368,475
202,211
630,708
418,434,760
103,742
436,807
466,493
61,97,796
421,971
413,631,647
324,483
44,975
93,851
38,295
710,799
722,958
353,544,606
635,719
289,994
505,595
131,282,830
59,487
448,509
13,62
687,703
46,55,948
306,756
175,493
553,592,637
214,945
69,912
152,575,820
206,592
138,216,359
174,600
22,44,730
49,59,227
376,796,964
14,321
34,884
795,820
422,574
144,246
190,860,892
556,762
664,761
783,973
297,420
83,359,777
94,293
164,874
96,626,867
6,101,177
277,341,976
362,969
219,477
554,676,764
423,436
639,832
761,973
616,637,800
434,863
236,464
329,772
156,372
125,126,497
402,942
331,793
135,163,468
155,266
653,772
126,285,493
430,676
98,155,553
320,714
882,992
493,826,953
330,623
267,852
188,903,991
138,586
576,591
218,621
62,310,459
576,844
55,373
443,714
50,97,282
318,627
283,991
12,911
3,404,902
292,335
560,575
550,648,728
267,926
370,955
301,642
217,524
54,673,810
622,689
57,606,772
51,886
19,373,910
614,867,935
161,866
24,135
476,678
258,688
109,881,966
357,898
387,447,890
476,573,669
696,714
264,439
184,497
204,238,699
267,375,909
420,847
307,928,996
263,383,690
740,931
106,684
70,682
103,270
218,925
106,540
512,760
24,115,388
42,362
214,374
789,813
132,351
855,876
323,470,483
380,510,809
91,880
318,333
518,656
366,382,398
946,963
558,654
639,991
27,592
200,995
93,744
268,654,866
51,786
242,272,578
480,572
551,975
398,631,666
361,464
503,599
399,769,946
755,968
357,647,993
77,944
130,255,932
47,245,424
374,853,935
892,923
208,908
711,806,837
132,929
352,584,873
105,708
668,974
776,898
30,85,241
171,736
584,943
28,501
263,969
311,486
799,929
6,23,865
375,902
116,612
323,338
275,451
242,909
165,530,881
135,240,436
223,486
480,565,762
348,654
415,452
353,831
421,872
161,575
97,234,357
241,382
264,438
641,729,996
40,881
773,938
654,934
696,917
104,137,672
122,596
303,416
185,382,818
150,992
677,741
206,904
22,668
391,591
116,187
152,942
232,948
40,786
126,405,726
32,552
679,895
123,521
332,410
119,303
14,70,604
212,875
694,941
140,149
497,500
51,910
247,266
94,134,333
619,823
8,709
207,530
248,464,744
19,863,870
698,708
500,533
34,220
189,762
555,656,759
424,979
7,603
810,976
550,729,911
85,475,819
38,476
400,924
59,648,756
318,638
319,725
222,622
242,607
414,810
137,515
333,468,933
181,295,711
357,588
315,404
352,922
44,529
310,473,762
510,643
117,320
148,735,779
214,331
56,673
750,904
396,589
343,606
440,635
785,807
84,437
876,924
187,197
11,751
620,759
485,878
441,816
55,427
30,95
186,274,395
231,233,429
686,951
175,323
87,359
647,871
74,490
314,525
2,576
26,215,778
31,50,639
27,413,447
419,516
316,626,697
471,724
890,919
519,693,994
706,759
509,982
539,805
179,385
2,544,964
389,510
605,906
181,672
234,259
28,189,936
226,854
116,691
386,544
947,985
562,903
163,226
101,993
63,249
106,207,981
108,541
724,889,960
79,553,970
63,448
366,525,610
642,920
154,507,762
366,663
510,848,962
389,709
422,921
190,191
319,580
428,538
12,746
319,774
39,215,432
136,420
379,617,940
342,450,596
29,386
43,149,718
71,897
198,296
751,813,871
250,431,621
257,357
3,469,695
382,547
764,893
424,668
196,790
172,576,914
655,895
476,708
33,747,891
877,932
8,270,643
340,394
892,949
162,908
54,78,791
65,116,383
29,205
274,275,570
414,889,898
73,274
147,783,889
242,750,920
70,664,762
428,496
640,837
624,870
149,519,724
135,205
669,718
48,724,731
59,625
210,231
372,483
2,558
243,246
121,235
163,229
776,994
330,676,837
70,515,685
98,155,826
589,933
275,347,390
32,503,911
795,871
82,99
560,632
264,702
39,585
35,113,235
656,826
321,979
701,829,848
757,998
344,491
419,985
175,524
112,346,627
255,556,654
64,686
287,504,592
532,705
278,473
145,303
107,186
215,304,979
418,453
273,627,940
460,501
133,745,817
220,656
3,405,406
109,684
339,377,950
45,366
84,810
116,262
291,349,514
59,362,893
610,751
60,356
97,437
10,890
352,443,473
214,464
584,810
365,517
370,490,942
537,833,986
147,295
50,735
171,707
381,992
9,21
748,796
514,808
367,393,516
81,233
84,190
547,793
141,989
142,736
314,497
346,678
419,696
188,476
596,690
85,125
51,596
84,859,948
66,912
91,828
18,194,546
427,510
132,175,617
568,589
104,112,532
202,497
676,691
653,899
636,704
529,944
112,141
405,452
94,621
525,846
241,640,755
293,695
51,705
127,526
318,533
851,910
10,759
519,958
39,176,723
492,772
361,966
624,892
79,383
115,854
135,478
596,631
103,137
412,886
130,670
1,934
139,177,390
746,904
64,433
352,652
278,563
87,141
271,537
48,971
419,503
177,738
154,548
127,521
391,729,739
667,713
719,814
58,212,256
239,266,412
449,946
46,740
39,224,832
103,515
243,599
187,606
280,361,795
405,964
36,472
249,550
326,656,695
14,994
208,811
772,862,863
217,283,467
120,358
439,777
153,549,571
370,494
102,184
121,239
597,856
158,208,363
68,275,319
413,512,949
179,525,619
6,410
38,163
304,328
129,820
164,708
562,921
357,977
84,192,769
466,658,676
72,326,455
194,713
553,653
764,932
85,663,947
175,340,485
474,502
82,193,610
61,486,525
27,187,387
355,497
688,863
170,854
26,193
43,847
228,919
468,946
289,405
353,622,934
390,404
346,685
314,419
516,792
220,846
794,881
408,789
92,867
354,541
79,450
489,618
490,523,936
100,276
266,900
876,955,976
119,419
410,517
625,779
292,953
769,843
111,531,729
187,479,877
697,982
252,948
508,723
77,825
51,72
633,662,877
167,485,501
247,691,948
503,676
155,1000
128,797
548,784,802
337,427
648,836
32,735
225,286,507
501,582,958
482,691
303,849
315,504
553,984
987,997
585,644
828,882
14,721,896
35,848
614,668,771
402,544,745
194,566
423,753
91,112,942
218,252,354
426,522
170,484,975
498,794,999
248,862
31,117,630
138,702
447,833,958
230,481,930
687,730
516,991
25,493,695
759,914
506,673
294,812
223,230,349
533,544
54,769
8,780
562,871
260,377
38,160
205,533,939
534,807
9,758,904
385,858,873
148,311
18,704
146,212
639,779
457,585,829
81,693,841
404,847,863
65,273
71,444,968
121,166,632
6,116
62,411
135,153,272
336,663
248,793
546,989
373,593
653,985,993
137,872
7,11
606,833
268,650,785
152,508
408,794
22,64,707
111,552
391,691
75,968
430,888
542,818,839
195,858,969
380,490,696
182,288,805
232,245
786,790
356,637
413,459
632,645
288,710,748
176,560
51,621,983
536,576
75,593
41,907
232,296
221,559
138,818,992
211,234
176,444,639
31,331,606
264,752
499,588,601
446,563
127,452
424,439
71,137
292,686,813
83,818,833
91,673
382,389
3,302,775
116,151
565,788,836
144,751
166,428
139,434,952
48,271
177,447,637
375,709
525,751,956
146,990
561,565
460,575
76,205,707
317,475
39,63
21,234
166,255
205,357,923
704,950
754,759
207,361
332,819
224,244
453,589
21,41,769
253,372
186,871
605,780
301,411
157,340
499,595,760
193,535
328,665,871
838,937
248,575
110,648
538,621
472,883
250,675,869
32,846
431,626
217,579,980
701,896
513,710
120,403
707,759
562,928
267,648
451,855
661,943
120,776
319,400
173,828
519,532,856
787,891,992
371,598
681,869
816,866
64,212,913
20,564
657,784,829
656,699
780,858
39,198
662,920
172,246,297
15,242
9,51,182
179,513,528
810,923
9,524
20,733,903
63,87,890
101,132
343,355
555,561,658
257,657
376,825
102,275
693,795,945
445,811
99,131
25,788
42,92
717,759
700,735
698,884
386,869
87,554
126,147
635,652,916
400,769
140,528
75,943
285,366,531
211,976
150,811
285,524,552
432,693,948
466,995
78,800
797,985
113,350,927
502,959
17,431
464,857
582,656,770
442,708,980
325,474
176,904,981
267,760,933
5,913
192,646
30,273,635
242,265,528
105,381
589,831
251,286,733
48,633,882
490,590,610
113,263,694
323,371
409,498
216,294
429,841
25,811
674,799
398,520,958
381,747,856
297,338
302,358,543
91,338
197,379,950
238,472
520,767
173,691,744
379,401,974
30,52,965
454,948
71,198
723,742
30,44,938
20,623,925
378,994
346,627
516,622,732
419,651,689
598,744
158,397,891
673,902
237,573,811
436,492
127,918
362,865
515,795
278,844
253,260
338,721
410,472
133,635
132,402,561
498,578,815
485,761
389,654
295,412,430
387,874,884
97,713
100,158,600
232,538
190,551
711,882
17,764
764,974
70,423
337,917
438,915
87,688
203,737,833
179,804
352,880,988
924,998
797,980
146,808
200,296,686
687,764
76,900
501,862
607,815
91,401
803,921
272,761,970
266,829
238,466,548
741,920
514,795,863
373,487
50,512
270,414,633
566,655
157,498
183,509
425,455
47,993
122,920
96,663
264,485
79,210,697
422,809,908
102,235,871
460,748,909
74,354
139,252,362
673,764
493,726,789
239,770
389,683
343,683,989
213,334
48,560
148,517,953
584,658
253,432
532,594,720
327,715,718
487,672
483,958
729,867
201,496
784,948
246,937
123,632
171,216
293,697
217,757,765
63,935
20,73
545,780
138,159,986
292,304
790,977
87,255,795
709,890
401,898
18,207
191,440
436,930
24,559
273,536,949
675,947
434,654
467,608,756
431,517
704,899
443,446,934
92,266
512,794
471,682,977
914,947
266,686,761
39,283,983
44,457
323,504,979
356,745
326,496
110,815
181,310
53,194
110,137
157,419
402,635
149,643
166,785
183,560
25,472,555
287,992
31,853
114,956
174,602
192,552
416,866
152,393
296,397,781
528,669
245,338,531
101,874
116,819
185,382,869
107,596,983
658,678
311,560
287,438
384,423
130,243,693
397,442
71,941
685,926,937
530,611,791
553,724,829
31,619
461,659
133,200
409,845
288,559,942
524,901
16,133,954
145,961
444,659,678
493,549,758
20,495
82,547,730
339,585
481,563
113,295
713,773
891,913
606,659
53,597
34,316,498
552,843
351,611
720,921
55,264,571
298,640
73,468
72,135
357,633
252,759
190,519,537
129,306
4,76
332,639
205,346,713
313,691,763
347,413,506
437,441
185,624
57,258,393
279,812
150,969
470,934
928,953
574,823,935
630,955
427,810
799,905
693,995
673,835
291,646,706
450,529
267,791,884
618,687
70,116
72,731,980
647,851
70,210,292
687,970
19,148
539,608
933,997
828,951
431,490
17,993
579,736,757
265,496
223,264,777
728,934
320,624
191,316
375,558
328,525,603
176,674
44,549,933
134,738,877
280,951
120,593,976
287,345,698
550,575
108,757
131,391,539
486,503,919
132,267,570
581,902
688,690
59,996
5,226
930,992
283,406
240,455,512
170,273
626,962
729,822
442,528
233,511
558,858
653,688,928
585,924
334,618,861
904,934
538,779
324,841
114,281
464,575,639
179,805
61,873
116,336
807,997
176,204,784
392,985,987
43,294,671
301,330
498,636
173,443,895
361,454
154,439
418,991
748,818
267,501,574
561,626
640,857
513,588,955
729,756
101,540
79,677
489,625,882
406,599
41,319
703,705
303,378,746
157,901
332,984
187,889
478,534,887
639,990
571,581
364,653
86,951
359,922
82,249
780,814
80,720
304,574
392,691
97,199
620,727
594,738
177,474
158,690,855
338,703,954
41,720
301,783,855
636,970
552,645
581,730,795
292,509
4,449,723
259,376,456
355,848
561,795
450,463
416,667,735
57,614,622
96,574,575
199,274
226,504
121,416
238,815
666,825
183,797,943
481,876
308,959
235,609
546,564
22,29,644
230,427,703
281,474
869,891
578,789,835
238,442
393,555
66,220
432,601
65,746
297,426
319,825
69,597
341,432,535
140,491
67,662
456,517
532,838
32,625
9,328,396
124,182
460,483,965
64,713
402,744
232,559
202,444
46,835
105,850
59,178
609,738
19,437
443,738
391,492
668,792,853
207,773
142,207,680
226,643
309,531,757
94,865
742,838
62,310,837
500,685,864
331,406
353,579
558,950
78,443
9,714
592,793
395,796,825
681,973
62,723
12,112,909
91,270,365
119,608
139,272
172,489
711,839
517,591,841
498,966
437,630,853
137,962
235,596
263,304,342
475,595
583,622,756
600,943
817,894
142,199
565,778
473,742
54,791
574,600
3,331,863
208,902,989
406,446
86,895
101,312
629,889
559,808
33,364
36,749
173,605
174,881,956
728,976
147,622
209,389,417
83,649
90,331,557
149,235,968
447,863
465,900,982
263,878
539,648
423,528,710
282,439
276,537,829
425,776
308,926
219,506,909
27,794,884
227,659
140,267,546
647,734
754,941
458,576,886
974,984
97,124
616,646
28,826
571,693
28,727
884,895,978
12,86,162
335,722,923
584,803
213,698
461,562
385,860
117,239
433,986
846,855
814,989
148,166,807
399,637
463,871
507,623
715,840
417,496
623,921
666,941
15,749
95,318,599
150,277,856
447,707
38,874
352,727
226,234
33,730
105,934
788,867
500,578
376,941
200,395
193,714,729
698,759
3,556,683
78,457,662
262,350,581
625,830
49,101
8,385,894
853,991
862,892
594,957
94,713
186,927
72,552
573,624
22,343
404,643
145,292
328,922
188,739
366,692
171,992
11,832
299,341,486
702,882
358,627
531,561,788
58,567,765
647,952
148,435
14,977
36,173,831
16,182
426,658,822
116,684
278,527
410,809
366,919
425,907
495,601
167,515
429,897
123,704
223,224,736
359,656,740
55,231,859
624,958
521,657
175,607
482,990
707,733
233,655
398,949
482,777
21,317
54,741
29,570
191,801
805,855
776,779
91,496
192,690
297,313
265,990
612,729,768
288,409
338,498
201,696
413,625
598,636
57,309,360
272,622
258,567
109,894
95,864
76,822
22,237
33,728
795,831
128,566
372,504
245,271,848
762,948
511,529,665
721,992
394,810
91,930
186,248,803
215,268,710
77,180,515
420,931
570,727,863
628,777
126,326
300,447
53,493
392,912
671,842
429,921
407,723
103,701,826
50,317
378,392,990
129,609,925
493,574,708
634,656,895
360,578,597
47,310,677
343,361
215,874
178,945
270,399
227,677,984
171,631
96,929
497,735
400,493,613
237,766
142,466
277,414
318,951
238,270,433
400,529,557
319,909
133,729
234,456
793,828
334,522
229,644,902
230,677
171,951
153,374
83,523,891
114,368
97,104
113,797
460,876
423,579,850
981,997
596,806,855
76,592,718
24,781
562,922
29,547,720
600,632,855
286,303
104,501,999
136,195,826
95,133
372,776
374,830,883
256,783,870
198,773
627,950
794,996
237,387
145,288,798
310,690
701,731
260,289
402,554
403,871,875
336,760
105,592
107,947
557,712
239,995
154,417,469
313,995
653,870
836,883,983
92,726,750
141,194,464
493,607
276,414
202,444
402,465
145,312
475,809
699,937
117,820
71,425
435,821,941
233,856
143,842
546,902
331,540
373,927
111,781
244,329,911
679,885
20,852
730,769
159,539
659,928
94,183,955
133,344
149,178,566
135,248,487
57,771
757,835
52,68,652
563,854
581,990
587,588,814
276,927
621,883
138,860
535,537
631,896
556,602,718
23,210
211,225
673,687,874
213,488,786
528,577
320,636,647
111,193,391
512,846
137,155,172
210,880
13,315
416,774
184,417
409,415,554
473,478
116,380,577
91,645,938
211,867
160,626,638
263,311,957
61,539
319,873
471,546
291,693
463,750,802
140,248
497,663
12,658,888
226,477
669,842
37,148
469,736
621,779
217,626,808
4,81
153,461
667,992
84,198,997
27,238,744
545,686
285,589
645,992
69,127,709
31,53
251,738
318,773
680,859
746,794
223,901
329,542
553,656
255,884
507,622
506,991
277,542
420,807
207,469,638
318,556
620,663
186,544
303,845
399,513
264,495
23,586
162,342,361
385,795
110,837
222,568
66,506
77,110,262
422,939
610,681
251,952
95,379,389
320,609,751
556,766
233,511
611,798
534,676
172,829
12,162,974
174,416,754
276,513,608
49,175,455
108,146,855
359,711,992
256,316
134,138
931,954
576,755
263,400,441
208,461,987
259,543
139,211,589
819,908
525,643
310,596,720
563,748
61,108
493,981
390,402
276,721
152,204
180,671,911
370,549
55,666,734
230,247,852
574,663
275,414
461,755
525,917
82,957
287,417,715
450,747
30,531,994
139,588,959
859,947,977
501,723
612,864
797,994
892,939
333,815
468,782
426,839,851
232,893
135,326,531
862,923
341,758
480,703
678,903
609,710,852
376,810
762,777,976
272,576
736,970
65,151
124,790
90,158
220,572,574
52,281,543
36,944
3,546,660
44,791
433,582
320,384
186,764
304,866
590,644
409,661
449,968
501,805
152,473
19,44,79
28,905
131,218
81,600
159,497,616
46,527,669
246,381
862,962
439,715
207,565
126,800
528,979
350,902
416,874,890
513,695,871
542,586,777
620,799
469,700
59,805
777,836
340,470
516,746,906
331,413,660
102,834
615,883
391,470
681,729
229,935
592,868
255,854
238,758
239,488
601,886
150,456,745
318,514
415,509,650
406,595,623
813,985
920,936
295,483
13,950
10,791,839
676,749
323,784
231,768
612,670,986
147,297,583
25,151
509,704
41,888
24,495
256,384,906
434,675,856
383,653
18,178,704
892,895
428,791
325,369,602
115,722,948
179,240,840
339,547
664,747
46,139,865
289,467,868
279,537,835
150,542
364,858
228,584,854
54,194,422
663,696
30,112
245,601
489,923
172,725
211,218
362,490,910
223,981
90,319
84,941
189,618
364,570
44,698
3,472
939,961
389,461
253,360,956
411,704
655,920
238,392,901
491,977
474,592
488,724,751
768,986
450,499
143,314,345
415,489
55,409,496
250,456
257,300
83,477
71,432,728
759,811
56,809,868
228,757
160,167,409
51,290,428
245,844
443,592
9,785
427,433,701
220,437,630
179,688
568,739,868
516,795
463,681
246,647
32,97,360
147,203
261,484
218,996
598,856
565,882
400,459,755
193,815
280,351
527,852
304,880
40,786
33,551
509,592
197,881,932
16,171,224
81,854
485,749
194,760
826,834
392,739
128,244,299
47,104
258,270,337
9,778
854,943
570,687
145,207,782
422,864,975
196,528
417,641
492,994
463,897
285,546
34,897
24,284,691
820,997
864,881
528,869
33,245
157,798
44,277
35,275
523,745
348,674,801
361,434,764
317,586
137,742
19,847
694,946
99,102
634,759
159,816
11,129
279,566
212,867
93,577,611
57,293,805
254,408,539
358,977
245,852
497,737,1000
168,530
338,349,802
19,396
341,896
324,400,854
326,995
428,463,770
377,509,831
9,630
198,257,489
58,910
40,881
181,593
141,194,721
193,404
372,548
417,596,726
296,722
45,798
558,945,987
84,130,856
342,724
612,800
264,423
62,564
22,542
202,432,913
547,603
96,609
113,868,936
16,724
208,445,618
137,501
40,171
271,610
121,774
486,991
44,612
59,393
109,282
69,566
149,611
52,237
404,652,792
173,974
144,272
228,850
546,620,842
81,523
140,283
283,366
50,789
6,758
127,636
16,211,468
71,463,818
184,928
49,727
293,789
506,720
408,610,896
350,853
158,253
589,805
109,131,179
366,596,954
400,511
76,877,949
191,396,626
616,825
377,380,570
303,500
421,905
835,840
213,382,726
188,333
271,440,604
209,570
208,304,751
782,987
147,525,553
484,792
23,243
222,431,697
417,498,539
25,541
51,845
527,569
352,726
662,899
604,667
70,124
402,987
27,231,701
624,997
386,690
740,848
55,749,995
357,424
51,552
582,937
296,342,670
162,578
269,672
118,714
566,876
16,273
90,568
513,962
445,913
130,468
501,952
360,901
41,975
427,789
625,688,936
233,483
221,641,873
12,595
122,825,944
440,584
599,908
67,556
272,672
274,490
12,325,406
128,406,617
39,391
224,618
114,543
40,710
280,795,987
331,460,687
352,604
354,843
650,999
30,500
143,894
358,838
138,541
979,987
205,863,968
518,937
94,283
477,673,985
626,726,933
178,214
221,489
85,340,754
543,902
368,544
347,599
253,793
407,698
220,568
213,359,424
236,706
775,964,985
741,967,973
337,560,982
12,919
125,511
276,923
137,342
297,310,471
53,126,865
254,318
118,240
576,673
324,421,548
236,793
183,552,638
471,569,571
13,85,876
394,763,813
40,531
240,758,935
682,915,1000
38,173
458,816
208,296
135,261,510
289,837,970
30,62,416
187,411,459
510,956
398,588
142,761,941
215,233,451
56,151,804
605,619,670
86,346,673
17,642
846,987
897,929,953
81,825,960
5,819
152,314,939
117,156
7,195
17,160,925
312,502
57,658
243,278
18,660
347,812
79,738
403,825
235,483
7,703
220,834,846
385,401
701,799,898
107,517
358,843
241,367,530
160,942
121,711
665,975
253,569
876,951
499,795,821
293,590
72,771
16,883,984
354,493,622
787,892
418,877,892
679,920
201,990
500,765
667,915,958
482,606,738
156,373
823,918,966
241,932
566,946
109,574,841
267,961
66,493,538
173,280,465
280,387
434,566
102,137
103,494
16,622,884
300,976
31,176,444
130,374,809
638,660
14,276
101,987
15,299,487
555,779
297,468
63,473,522
62,571
64,261,666
93,570,773
5,451
173,413,780
429,666
458,648
271,535,762
250,639,746
143,195
133,206
442,468,808
355,555
179,392,572
563,949
195,996
680,941
375,546,713
128,241,796
343,805
660,709
241,281,506
360,718
341,365,371
741,873
598,941
423,735
92,157,465
302,861
337,398
500,567
185,494
176,674
300,569
393,515
118,623
49,479
34,191
212,377
233,673
34,581
238,836
373,551,640
25,268,910
147,243,310
354,677,833
236,800
379,640
624,857
214,616,674
275,677
309,428,851
26,56
353,837
243,260
154,276,288
911,965
35,150,277
744,792
526,616
762,781
407,773,841
272,397,706
192,212
361,441
325,695
99,552
121,297
766,946
184,730,861
128,634
133,567
217,686
967,987
39,146
510,868,932
331,416
73,391,844
184,465
331,885,927
7,814
300,365
65,929
206,578
206,544
614,726
200,545
485,612
451,835,958
22,314
196,276,802
393,616,795
476,635
652,830
745,814
142,675
555,972
15,118,127
492,550
298,707
647,805
144,345,561
298,898,899
482,949
514,933
186,494
809,954
111,355
763,936
446,939
115,396,699
161,372,705
269,641
152,346,393
287,658
396,639
733,985
649,848
443,970
43,49
349,400
250,738
256,953
248,595
209,761,783
226,429,891
87,730,892
359,999
397,493,561
653,996
174,539
51,938
18,811
206,335
111,596
73,819
153,265,597
274,499,916
680,703,955
37,198
71,571
203,914
255,786,842
532,551
208,401,570
341,521
44,861,928
102,442
272,926
880,955
353,551,809
299,902
158,321,329
496,552,991
19,362
60,68,165
670,705,761
431,836
57,309
513,746
382,787
18,85,617
272,355,743
72,807
525,843
17,559,843
516,525
491,843
50,684
234,850,950
234,556
231,771
229,244
73,244,990
69,331,947
874,945,946
125,355
638,990
298,384
551,901
579,845
510,699
281,302,832
234,377
752,884
164,501
290,912
188,244,380
130,960
553,772
444,531
237,312,951
305,571,900
163,635
422,457
300,737
363,500,619
307,788
28,158
30,418
431,497,888
653,785
171,228,366
313,582
330,715,967
430,898
30,418
65,303,919
20,359,441
107,846
94,950
343,492
429,544
188,624,652
71,905
318,583,933
440,545
653,711
53,495,535
450,494,833
91,466,468
3,300,348
614,632,730
23,125
423,446
115,482
127,642
114,912
170,679
172,591,754
443,989
62,161
280,484,940
138,814
92,146
287,722
126,175,615
115,802,948
508,634
166,284,397
519,941
436,980
181,656
46,97,765
74,150,243
92,726
195,550
33,829
457,623
806,994
362,726
487,712
412,999
368,606,943
117,765
37,136
278,749
121,860
120,324
281,543,970
160,490,839
283,912
442,765
128,281
740,903
67,737
808,911
14,55,667
98,209,976
116,362,955
196,401
553,685
56,94
641,925
84,182,858
426,810
90,422,791
37,984
172,711
549,860,875
290,486
196,559
628,782,934
211,374,614
295,329
456,460
251,362
27,856
248,758
263,765
358,504,837
243,515,690
8,920
314,660
596,878
491,735
90,510
829,852
201,872
241,565
439,772
537,548
162,435
118,754,839
30,850
142,928,955
198,929
399,791
215,631
40,368
714,781
537,701
777,937
381,867,885
429,608,759
41,149,718
675,686,869
97,618
476,651
23,560,624
760,921
461,931
88,908
172,421
90,923
261,826
173,577
626,770
510,643
79,388
94,949
411,812
494,581
103,113,767
556,684,968
244,807,857
756,853
543,861
423,448
34,431
609,669
306,410
49,50,452
787,893
115,631
90,581
180,209,802
13,372
636,664
511,939
112,335
361,924
258,614
319,945,972
873,954
20,403,833
43,718
475,842
501,505
563,909
657,964
702,848
220,507,853
741,765,920
63,898
434,709
73,421
2,233
3,69,511
621,726,807
683,870
149,262,581
76,795
356,973
822,872
494,970,998
606,707,922
120,993
290,863
392,914
155,694,770
29,154,582
119,287
158,219
110,721,799
252,708
734,804
43,492
893,986
653,697,868
73,899
479,522,934
302,445
289,333,598
431,516
51,555,942
18,593
342,966
490,574
188,496,888
326,760
227,563
113,170,505
344,462,601
264,531,736
479,945
81,721
411,804
189,908
205,479
640,914
447,662,946
588,602,955
415,818
6,78,656
8,72,194
356,415
156,626,887
391,444
4,673
869,901
501,508
24,609
398,835
29,226
172,762,816
77,905
152,625,961
428,777
264,723
313,614
525,553,587
212,526
44,197
683,780
407,961
31,402,976
181,456,555
72,778
6,590
105,183,442
9,403
150,955
590,901
58,240
181,749
11,835
401,776
318,327
99,225,883
11,613,714
610,714
258,552,997
133,144,157
6,652
20,200,576
261,328,756
43,174
601,680
97,839,914
342,682
56,467
89,346,459
270,481
57,256,851
86,165
108,687
46,793
150,677,781
538,845
854,876
203,338,523
126,559
301,688
613,889
248,322
245,564,948
746,782
18,943
8,673
12,241,614
89,542,674
1,284
541,881,989
18,45,176
283,810
309,700,797
18,348
47,281
135,253,833
390,966
144,233,839
340,606
485,816
150,540,682
381,992
74,242,403
18,193,693
108,167,486
33,664
61,875,883
363,857
504,694,856
416,558,717
175,368,438
439,699
267,688
516,910
300,335,601
532,895
445,900
148,150
44,102,241
155,452
20,915
275,938
56,355,357
115,121
265,499
303,378
162,608
825,906
60,732
173,286,713
536,734
104,681
374,694,835
112,452
254,974
97,419
811,965
304,642,703
204,531
133,663,840
120,889
528,997
854,959
806,852
108,834
76,448
326,539
276,504
576,996
179,309
199,753
738,809
285,530,671
509,674
344,575
745,921
408,426
135,538
648,984
62,271
629,707
204,734,792
369,989
326,435,487
688,980
299,315,705
18,218
24,295
33,866
40,357
424,999
108,403,600
283,596
392,807
36,766
455,854
836,915
5,752,955
784,995
46,304,701
156,757
2,847
67,265,865
436,650
458,667
467,688
62,359,703
578,603
332,410,708
138,441
677,881
110,591,701
3,397
325,351
233,483
295,425
381,880
409,783
235,337,848
247,905,915
355,601
257,492
338,390,788
734,938
868,983
178,923
670,783
842,950,975
96,540
574,835
178,556
410,689,738
14,818
98,964
751,994
389,496
693,1000
109,981
638,712,736
790,921
23,316
323,474
25,724
657,716
412,758
126,873,915
778,797
314,513
400,463,803
35,502
372,373,716
30,76
432,456
385,469
314,759
607,926
560,621,736
200,766
316,517
372,614
87,376
621,923
135,641
15,199
35,257
766,812
324,899
174,812
95,237,920
583,837,852
160,230
67,962
840,865
409,935
602,693
122,885
219,473
26,715
548,734
155,633
411,614
180,365,762
14,113,670
136,256
356,449
266,399
516,955
215,373
14,461,514
650,758
247,539
56,440,748
417,993
876,909
631,656,882
261,1000
138,268
15,93,183
94,568
78,302,629
194,275,682
75,838
524,916
362,539,832
458,664
75,681
299,614
222,403,830
71,475
199,307,831
713,885
362,695
212,926
595,797,934
229,885
14,826,936
335,649,989
59,579,756
151,376
47,463
344,553
283,534
312,976
265,707
273,908
335,418,649
407,868
378,528
121,342
324,777,917
453,567,680
239,298,382
362,743
396,524
56,221,603
177,644
243,579
367,410
305,530
43,966
381,409,737
351,509,884
839,869
330,527
173,866
144,807
901,996
61,144,468
321,692,958
330,613,636
170,775
569,692
123,312
211,483
589,777,971
208,404,774
506,825,959
439,703,884
717,986
225,461,960
226,449
263,948,989
137,723
189,770
491,517,666
25,937
343,400
179,788
103,110
66,288,541
519,905
104,838
382,682
213,731
67,228,426
847,995
149,544
190,210,914
659,885
10,330,754
188,600
514,823
581,775
367,938
692,824,958
682,937,960
370,836
152,232
79,627
110,279,897
657,907
459,901
14,73,781
633,646,664
180,437
354,667
148,193,984
227,428
271,481
60,266
13,112,775
178,519
224,911
217,456
117,132,234
130,432
325,956
12,369
933,979
226,452
23,935
466,734
70,417,737
343,677
628,979
111,541
196,788
145,533,963
279,942
148,921
228,724
977,982
154,540,740
80,759
64,432,776
705,779
639,899
152,393
347,396,692
37,789
549,865
580,709,975
312,924
11,886,923
196,657,833
144,221,735
215,976
541,658
651,934
60,489,818
477,709,792
110,383,880
109,880
144,573
203,432,731
311,367
524,546,637
73,385,901
4,305
120,777
52,684
401,562
11,175
365,485
429,891
44,648
419,695,929
106,122,725
652,939
49,251
194,772
144,402,670
21,69,85
186,791
618,633
266,463
292,953
142,271
125,147,932
216,463,721
12,974
79,847
54,557
138,235,740
183,509
183,280,660
265,789
30,877
113,297,768
260,381,530
639,925,981
96,534
695,923
21,335
248,695,710
19,366,490
643,935
382,914
118,119
27,318
610,695,762
80,459,713
557,907
94,143
226,965
520,834
411,977
38,317
61,306,632
230,636
558,612
36,63,669
53,581,653
189,536
442,796
207,812
793,866
253,730
181,236
268,326
243,675
157,303
140,771,923
32,50,587
110,421
270,356
296,394,969
266,427
335,421,582
127,375
208,443
777,839
354,926
157,182,926
152,712
796,982
537,829
344,473
624,729
465,889
366,911
199,700,957
344,682
6,135,373
132,917
121,137
417,528,778
437,476,480
435,600
246,338,604
260,625,912
408,691
388,643
9,32,621
49,345
335,454
62,388
565,809,978
149,551,836
513,609,765
754,895
212,624
287,510
209,790
377,854
517,555
686,915
311,526,762
246,629
228,435
34,467,568
39,297,420
715,746
715,754
154,905
26,163,181
169,533
208,536
698,707
278,537,633
513,604,740
136,158
169,410
375,629
583,891
303,367,721
140,642,812
101,140,623
242,603
59,580
37,298,714
460,675,723
138,155
251,546,796
509,543,968
169,594,841
195,430,481
316,607,853
171,788
270,358
437,578
36,306
669,717
73,753
251,643,674
681,969
540,845
633,866
391,845
168,362
342,463
828,962
57,631
335,421
65,355
169,990
303,334,935
437,626,708
226,462
385,914
265,486
65,953
383,642
781,931
136,216
935,997
580,940
206,843
378,478
100,905
166,846
74,948
132,403,973
287,492
261,955
537,545,740
61,393
11,50,865
255,884
280,766
462,555,816
453,485
67,879,997
111,282,435
292,438
122,158,741
173,902,918
187,330
58,705,721
511,668,831
106,262,982
88,354
144,884
408,604
608,639
459,879
226,832
206,228,512
421,473
93,916
25,246,906
526,726
44,753
402,934
131,417
244,517
437,868,969
91,154,593
103,261
63,353,989
339,460
398,995
101,214,617
3,89,399
66,67
514,887
421,606
161,246
43,271
1,269,548
687,699,941
415,612
835,837
240,384,603
743,997
104,335
516,817
9,250
559,850
304,348,921
168,478
519,976
164,362
365,438,485
395,803
109,437
55,143,408
68,105
246,964
704,927
92,148
78,401
868,870
499,520,898
463,772,878
580,655
163,731,955
715,954
373,804
256,846
558,710
378,911
242,718
70,458,603
15,468,698
108,710,810
558,860,982
40,525
798,954
201,692
92,287,778
513,796
705,769
84,124,690
83,914
94,436,750
54,212,557
120,740
137,889
33,306
399,950
585,596
729,906
158,508
837,857
275,949
717,894
83,591
17,62,183
195,398
165,989
383,688,758
335,714,843
252,708
2,189,718
142,307,360
925,958
396,660,682
65,655,959
327,396
366,437
387,924
238,550,621
314,756,879
471,515
642,964
502,848
508,518
312,640,887
807,895
145,975
220,632,676
35,593
40,736
271,543
153,211
537,907
550,739
133,238
55,432,617
167,815
628,899
58,306,426
354,615,873
780,962
947,992
374,756
202,539
411,581,716
426,615
27,286,660
718,967
246,669
155,357
306,535
669,706
674,817
537,734
349,394,838
70,567
22,145
608,621
538,577,863
497,887
160,238
66,671
438,958
229,660,719
80,277,348
405,886,957
361,463
756,933
46,359,508
591,976
628,683,725
439,657,723
598,667
124,888,910
442,584
404,531,732
1,421
418,597
628,684,991
164,352,424
792,916
61,729
113,118,994
39,142,383
72,460,984
781,992
198,355
891,910
247,681
111,554,560
779,869
700,739,901
84,801
102,285
541,972
229,690,949
158,690
233,432
167,952
533,831
830,863
16,248,285
227,801
486,659
538,883
115,156
501,610,981
275,312
213,293
293,779
259,474,586
219,873,988
326,695
350,828
107,574,671
24,77
197,769
68,87
116,933
16,339
258,562
95,326
16,714
773,936
54,140,377
586,675
63,431
28,848
77,335
708,800
174,441,813
95,400
586,757,925
389,673,760
102,837
509,970
625,937
78,302,913
47,584,748
136,172,489
111,119,125
125,449
490,921
272,442,919
36,173
333,479
182,832,888
589,852
284,915
738,764
307,659
50,442,569
331,448
780,924
288,474,751
23,127
49,356
3,351,679
275,679
137,515,936
559,621
98,742
114,453
582,718
219,522,809
661,913
542,994
274,732
633,734
402,854,951
67,924
285,354
305,964
655,921
206,632
883,919
47,849
439,535
10,265
159,507
240,646
69,329
379,640,774
475,592
346,585
63,297
128,141
411,570,707
72,340
720,947
282,810
185,547
546,744
329,338,463
362,602
274,558
347,613
451,833,868
143,474
207,902
152,490,751
417,531
328,843
256,435,835
111,225
95,518,987
446,775,902
402,442,458
50,486
102,105
242,338
98,860
246,831
75,365,852
47,98,682
158,716
381,927
103,728
670,724
131,162,976
78,208
36,303
160,882
581,938
404,652
301,791,909
168,750,792
137,300,948
229,644,972
61,785
513,648
242,739
621,622
299,622
71,318
144,345,552
153,681
295,441
770,960
144,869
269,328
605,713
164,512
422,436
589,639,851
281,606
431,992
178,330
856,927
230,454,473
284,937
502,705
90,155,957
721,816
202,334
474,549
660,955
133,500
699,702,839
91,304
237,346
427,784
7,523
87,787
631,871
310,608
89,519
142,350
604,683
268,883,927
431,855
130,304,999
161,250,533
553,824
446,966
163,609
253,280,876
137,914
31,444
401,959
17,176,851
132,623
410,930
142,640
879,948
273,468
37,126,901
125,382,388
65,411
361,865
196,680
250,640
63,661
492,578,630
205,361
580,621,970
55,941
649,964
382,383,824
5,84,103
552,857
537,571,775
586,955
406,447,997
535,741,897
528,650,855
885,903
159,612
774,798,946
186,383,904
297,960
239,358,451
347,997
662,957
292,854
471,891
153,676
189,762
354,538
559,902
309,410
43,543
349,632
358,488
113,821
15,751
68,255,877
75,966
28,342,494
139,144
63,76,811
356,748
39,827
728,859
240,715
515,667
329,435,943
160,665
91,728
70,341
695,763
31,76,634
463,766,883
119,982
359,463,993
494,711
169,654
646,657,926
285,685
394,777
609,716
254,621,654
132,822
3,205
370,496
218,507,824
715,919
530,934
463,895
473,653
329,657
261,711
155,252,385
415,475
249,581,719
258,437
241,482
578,856
316,659,935
387,605
22,461,956
170,533
131,362
334,449,819
507,857
257,276,324
510,585,945
154,291
168,218
304,562
133,278
765,768
484,989
181,189,335
16,168,383
35,722
239,564
243,373,414
187,550
240,428
954,961
137,150
693,741
139,456,557
840,954
29,172
450,762
356,441
168,442,735
234,265
892,895
124,396,807
127,399
578,584
20,52
214,274,885
229,776
299,309
375,609
38,425,734
226,245,914
662,916
313,426,830
90,273,827
134,194
273,599
2,242
274,682
369,999
269,429,945
105,132
22,716
447,506,606
20,852
494,922
209,772,931
65,820
592,659,720
387,481
253,515
114,224
721,833
8,819
1,458
46,310
250,632,990
229,814,983
114,540,922
206,541,579
690,860
766,897
663,901
2,12
510,951
626,758,851
22,334
138,871,977
425,913
243,450
112,520
310,951
7,131,319
109,311,327
52,209,353
367,376
441,461,488
701,766
12,803
158,1000
365,515,818
126,286
343,592
413,769
607,861
222,609,650
474,774
771,778
581,996
232,430,601
424,586,770
332,478,619
228,345,990
677,851
414,998
382,841
706,940
479,574
337,438,819
287,554
95,914
201,328
602,633
461,482
36,156,800
258,865
273,966
83,94
2,219,949
191,320
219,679
462,576
291,784,939
659,838
560,1000
46,853
134,411,725
98,897
396,517,808
120,802
47,851
92,661,736
211,698
137,360
220,756,850
176,309,919
139,459,704
583,874,952
382,561
363,993
5,270,339
625,798
165,533
666,692,767
125,374,835
346,455
452,675
130,373
306,563
353,892
543,720
73,273
249,445
13,884
508,772
80,853
107,536
79,898
363,568
387,655
723,944
112,192,964
368,404
528,762
194,801
152,579,883
223,803
261,767
321,344
219,330,389
144,394,980
203,781
572,575
487,540
885,934
35,537
174,924
331,707
296,732
27,38
87,788
145,540,755
272,532,915
451,730
239,539
641,964
113,462,752
773,832
305,884
131,169
299,392
255,273
649,944
418,557
289,800
61,481
370,523
257,264
178,567,611
215,382
307,879
219,429
186,728
393,883
719,933
733,748
636,672,794
237,829
106,829
51,424,446
145,629,956
245,357,667
35,62,740
861,863
361,949
426,626,888
458,592,600
198,517
630,901
427,705,885
686,838
138,914,995
232,444,531
172,786
430,441
963,987
267,657
460,805
12,443,544
257,485
626,688
59,836
225,697
80,623,968
420,564
181,404,650
190,598,870
68,966
78,282,854
705,866,893
226,657,948
21,276,661
355,857
853,860
525,676
118,914
396,640
714,845
567,833,927
527,572
65,217,560
166,578
718,745
394,675,1000
191,193
282,320
18,736
101,506
237,353
304,583
112,605,918
586,927
179,836,981
172,799
80,174
107,291
62,805,959
12,36,530
348,526,577
222,913
701,988
358,492
63,456
126,368
169,695
450,747,999
97,366
207,821,921
61,84,558
26,899
287,419,840
694,780
503,763
188,510,936
21,580,592
193,509,932
203,718
368,480
92,393
132,733
39,271
649,712
7,504
65,142,333
760,827
552,873
818,968
53,308,906
171,413
576,880,996
448,811
77,376
189,826
165,736
25,40,578
755,767
467,536
231,483,690
880,882
439,472
516,677
373,679
241,321
79,166
99,656
722,915
57,285,360
698,713
196,827,842
716,932
160,513
763,829
346,892
104,930
191,345
223,889
233,506
312,915
714,879
141,738
520,731
35,763,849
581,583,749
73,692
439,445,734
391,469
163,492
30,85,732
649,650
243,269
188,712,901
574,935
404,902
158,430
90,947
144,156,614
473,781
84,388
307,848
200,824,835
227,619,874
270,532
833,905
73,129,135
383,843
232,756
942,991
16,410
6,980
392,938
167,173,486
92,273
689,816
158,450
5,569
655,732
120,237
77,937
138,969
106,441
111,362,961
41,227,380
284,878
241,956
250,288
112,334
153,481,549
111,697
98,304,425
374,718
46,588
40,107,531
160,630,917
717,877
564,568
436,789
223,520,551
45,444,836
212,700
143,382
445,617
468,582,857
92,572
81,344,462
341,386
161,703
410,510
117,229
226,523
121,154,869
610,790
95,102
376,748
87,290,590
374,436,638
594,863
1,92,192
163,386
72,513
925,929
113,190,826
660,709,814
581,829
118,426
403,416,789
114,303
752,781
669,823
924,990
287,463
7,344
605,876
1,210
431,794
44,767
73,733
490,796
174,791
205,551
584,702
687,951
466,507,924
422,968
144,313,923
6,810
450,706
185,642,778
332,787,954
864,987
547,721,737
870,889
179,374,771
112,174
21,178,443
221,978
68,952
547,889,993
448,791
647,905
380,928,965
437,539
300,586,914
540,794,827
513,989
100,137
284,958
475,988
41,380
610,634
513,665
606,639
226,734
190,587,860
520,935
928,966
255,474
288,385
399,647,905
73,288
497,753,805
555,674
180,588,670
497,748
842,982
402,529,683
567,775
183,422
103,397,947
98,409
423,807
528,701
60,450
449,510
412,685
534,546
665,785
934,953
337,848
349,678
225,470
359,647
524,922
58,497,851
341,479
229,947
129,473,872
271,807,825
162,297,934
456,812
264,523
268,807
504,958
133,789
258,729
49,892
284,828
32,126
558,775
113,138
237,642,796
174,510,886
114,294,762
589,677
389,669
213,841
282,785
490,525,906
427,936
587,992
486,808
408,967
283,455
187,793
28,357,692
38,929
475,662
51,265
105,738
331,446
190,270
67,490
268,615
675,852
682,734,979
660,896
198,303
145,475,921
247,485
60,458,996
662,831
199,539,689
692,859,971
478,639
91,120,711
648,873
151,876
182,282
405,959
529,718
153,571,953
408,759
66,126
470,477,847
540,848
438,582,897
709,895
152,871
71,755
801,884
234,479
319,751
31,326,904
224,767
852,998
806,889
225,374,983
381,898
106,479
515,706
294,627,972
284,672,723
452,672,807
529,764
263,943
387,994
292,483
435,548
327,666
615,678
579,615,859
297,926
37,220,555
765,933
643,673,869
213,593,988
43,235
393,953
203,762
52,599
846,989
141,458,963
478,883,978
464,744,809
148,568
452,751
790,956
271,453,522
188,650
857,998
260,490
405,934
285,347,754
111,622,624
349,967
436,756
341,947,973
55,270,296
603,753
173,582,991
225,418
340,473
275,379
21,846
296,723
290,951
276,496,666
327,413
229,477
41,461,801
675,837
764,952
530,974
370,497
241,794
36,731
54,406
970,986
261,487
397,941
257,767
49,223
563,961
191,980
615,835,883
90,727
353,684
531,769,906
162,944
529,939
326,663
651,863
854,952
463,899
10,459
315,552,742
217,485,843
72,756
227,759
425,969
129,608
245,410
36,221,766
166,624
622,635,845
538,649
400,905
683,890,964
766,885
608,615,823
46,710
559,624,753
81,284
96,591
958,996
212,311,840
240,993
155,586,587
33,860
75,257
135,663
20,172
281,683,985
5,191,685
451,931
549,770
96,834
391,984
364,743
106,921
41,956,985
219,540,895
356,368
292,682,825
169,260,277
393,913
869,969
551,900
848,859
414,519
799,937
300,471
217,218
149,237,390
345,933
602,870
458,598,731
124,139,180
318,535
288,635,707
289,625
115,408,677
316,584,614
176,248,810
757,832
311,457,926
478,513,565
24,810
166,775
329,680
40,279
864,944
434,475,792
690,735
530,641
776,922
282,362,912
225,596
222,265
380,543
130,550,566
221,696,798
452,889
370,523
154,438
710,820,865
407,631,870
41,456,571
239,303,332
613,778
923,926
376,405
483,929
780,879
789,820
30,63,336
313,353,905
428,697
316,444
142,393
173,598
155,495
210,647
337,681
129,175
38,430,848
69,384
315,847
783,814
162,932
249,882
419,498
80,169
396,702,852
456,506,957
506,581
11,247,794
79,80,765
370,752,994
504,537
239,906
380,995
485,899
215,275
178,347,385
329,970
26,321,653
657,892
181,234
664,839
224,512
132,249
774,873,978
32,807
130,948
306,912,986
173,980
224,903
304,505
499,930
137,181,571
401,719
448,671,944
341,439
724,856
106,760,800
156,607
65,211
266,290,636
763,872
287,468
535,878
188,370
299,941
86,609
469,712
484,777
175,379
510,755
211,324,852
531,699
194,366
229,234
751,775,793
73,322
162,214,801
83,292
496,830
251,281
65,851,926
287,886
79,300
85,229
466,507
81,919,927
34,698
110,994
176,983
361,972
167,765
168,572
9,165,609
121,899
253,427
62,100
366,568,785
319,964
63,374,942
756,843
528,689,788
263,742
276,891
437,469,725
2,13
91,656
451,685
99,387,971
204,978
667,804
629,867
718,997
43,214
255,966
324,994
33,155,971
28,519
276,568
52,267
424,762
159,652
26,509,858
253,777,896
189,237
467,785
62,136,703
353,413,775
671,675
485,816
285,326
246,905
607,981
357,452
101,521
131,255
468,645,887
545,937
37,42,379
486,513
240,708
363,853
79,123
168,384
29,946
262,982
6,941
565,740
105,545
856,889
153,801
330,476
533,683
304,383,959
533,962
68,86
275,780
46,294,651
453,623,989
501,783
330,387,945
778,976
463,603
834,971
650,789
309,745
376,572
22,902
159,382,790
631,996
345,877
205,387
213,337
176,383,956
46,428
413,455
758,917
492,730
173,727
361,960
323,693
140,254
366,601
211,761
288,332,469
178,214,533
198,832
380,414
289,690
488,767,937
44,69
809,901
658,871
21,320,847
193,225,903
407,858
37,186
27,759,825
7,536,787
62,802,969
422,480
310,397
218,880
96,966
102,609
154,960
56,740
80,139,739
579,728
89,312,809
780,885
116,297
54,449,795
260,697,715
61,737,903
548,675
665,768
135,565,936
165,278
352,677
32,554
3,674
669,945
123,391
507,925,933
110,878,974
146,757
13,187,241
102,236
218,288,624
188,579
196,265,418
150,699,734
294,902
114,486,921
109,716,989
408,642,812
807,881
124,182
355,916
107,220,256
409,798
88,326,980
267,819,916
318,452
189,435,843
484,811,972
327,682,878
150,247,672
42,991
96,699
75,242,956
330,957
446,718
119,579
479,834
547,734
751,958
488,604
37,645
240,705
218,781
11,282,561
147,485,654
57,737
638,840
141,955
160,168
207,806
608,675
137,734
526,599
455,783
464,533
454,723
8,974
36,842
26,173
722,801,853
337,984
598,722
450,898
603,852
767,971
315,584
380,972
66,871
474,877
216,412
39,501
359,896,914
507,993
291,430,721
518,839,849
142,181,849
488,663,872
693,768,787
338,790
15,607
140,393
739,873
47,276
536,675
546,920
219,710
272,835,978
163,864
683,892
538,609,726
21,79
915,997
745,855
191,655
539,820
60,113
15,207,531
146,362,843
251,497
105,968
30,275
209,491
634,716,952
247,910
529,584
116,918
512,609
880,896
104,155,310
266,784
207,279,830
803,875
163,711,930
135,444,507
773,932
246,365,476
770,810
402,821
310,458
241,925
346,375
54,639
602,643
47,110
79,891
749,915
136,734
36,909,975
447,730
466,578
249,944
602,742,866
131,649
2,194,542
79,593,694
215,388
88,478,665
295,685
411,960
54,817
102,286
77,709
561,964
185,682
67,73,650
467,688
215,847
663,741
420,481
194,651
232,267
888,968
826,981
817,842
683,792
693,740
198,610
364,599
7,237
79,527,731
792,947
26,859,950
613,894
55,103
63,573
830,866
72,151,584
437,772,886
56,94
82,212,272
216,496
185,313,438
336,556
521,835
31,256,391
1,397
94,839
976,997
187,823,1000
854,930
400,402
344,796
429,443,735
13,154
240,661
2,724,992
374,468,555
640,653,959
23,292
644,703
666,798
896,995
415,943
210,930
151,927
406,703,876
582,705
56,626,901
428,873
501,569
252,361,486
17,92
271,803
142,560
399,465,944
312,964
606,916
295,329,692
240,447
230,600
103,428,623
826,950
295,818
578,813
137,504,803
61,220
414,722
363,672
67,636,639
190,503
54,446,581
291,742
477,720,946
341,518,948
70,521
47,694
86,606
95,517
222,626
669,716,797
366,595
81,439,504
20,257,827
202,374
747,912
536,857
377,482
753,875
6,694
222,877,887
33,154,723
212,632,883
262,325
507,783
1,889
605,907,987
428,613
478,959
52,253
285,396
32,270,530
672,979
116,341
161,905
34,469
892,949
308,719
146,221
414,538,962
107,883,997
511,759,948
407,717,979
338,824
5,713
624,726
39,357
412,642,663
572,721
178,635
756,865
115,675
231,456
550,610
161,505,647
529,896
390,405
291,504
246,519
116,406
77,877
61,92
180,703,728
515,813,837
538,818,827
355,971
453,874
572,700,867
126,499
659,895,963
829,971
99,396,444
428,490
25,844
565,626,927
218,417,871
72,135
130,469
282,925
223,329,806
218,608
485,893
310,862
140,346,920
206,887
512,715
177,251,479
361,668
361,965
906,979
75,352,955
51,413
771,853,983
32,303
7,813
97,242,823
153,540
635,699
727,985
351,819,922
256,807
377,530
64,210
356,477,720
212,523
791,812
523,764
51,979
50,538,758
375,914
317,486
447,811
126,513,575
130,971,977
234,239,608
207,791,801
311,688
479,966
27,331
381,591
56,660
234,400,749
486,715
96,320
373,842
226,415
401,978
335,874
334,876
30,62,743
555,885
148,543
132,546,847
5,489,969
501,777
132,876
417,599,858
551,978
75,324,633
194,398
283,384
514,563,933
114,313,940
198,229
207,754
81,647
562,760
404,687
333,621
327,571,811
75,190
498,954
110,567
187,222
220,527
57,524
171,696
48,371
70,853
369,945
284,777
376,452
479,754
199,561
73,362,496
352,467
131,625
379,671
429,496,881
270,941
973,979
813,980
5,915
86,198
423,503,607
20,269,955
72,114,940
316,383
15,238
490,512,534
217,320
99,696,836
116,717
162,823
70,728
704,790
687,883
8,360,848
276,531
314,978
588,851
192,908
80,617,800
207,382
207,725
515,607
203,536
391,757
104,196
158,829
189,647,729
831,904
428,665
378,819
676,755
934,974
409,431
564,777
12,277,472
115,320
899,986
172,756,931
542,923
456,683,812
300,969
111,303
285,621
62,878
744,998
25,486,581
741,914
240,500
445,913
322,574,865
80,177,280
633,767
377,938
345,405,551
663,978
312,438
289,967
87,356,566
71,100
77,193,226
713,766,940
600,622
192,443
853,989
733,817
192,773
131,856
551,965
14,471,701
145,653
517,562
246,302
201,322,328
113,836
199,615
176,311
94,129
735,815
391,428,624
269,640
781,919
335,982
304,699
111,531,867
401,867
717,824
373,932
262,556,972
156,274
395,558
385,389,892
34,74,746
30,943
445,544,907
281,666
321,601,731
39,327,935
443,558
52,317
371,994
418,657
232,593,705
89,259
204,444
664,992
163,173
150,269
452,998
212,879
647,923
124,409,650
201,283
47,738
75,190
773,782
155,752
309,927
180,852
48,253,846
822,930
178,595
394,586
167,184
161,284
96,410,750
256,536
271,335
600,924
190,264
78,521
62,1000
509,715
152,176
1,235
573,575
66,996
279,934
382,386
327,412,598
126,817
281,514
299,801
304,361
679,950
76,918
37,153
341,456,997
537,820
55,899
124,160
161,304,737
121,440
340,419,870
535,977
336,643
131,555
58,710
131,283
142,307
225,758
101,143
605,749
417,663
385,791
508,959
244,607,912
378,953
55,996
857,961
67,892
27,415
9,148
32,66,624
66,981
167,453
450,770
5,494
747,959
140,974
124,834,889
559,864
398,565
626,696
436,904
809,845
279,606
519,569
589,746
21,797
631,856
453,780
219,305,946
1,462
794,891
345,822
414,802
666,667
393,919
42,355
238,982
150,357
286,514
341,618
759,982
44,646
17,204,453
222,541
303,542
81,225,365
203,582,787
490,594
329,550
187,939
2,419,778
87,170,270
54,502,889
752,849
212,315
145,401
173,595
365,813
133,820,899
174,522,673
71,330,642
630,798,857
270,460,905
547,877
139,861,938
432,517
362,549
100,139
767,921
41,90
4,565,644
399,684,774
43,205,592
421,502,777
86,108
278,948
137,419,637
24,642
34,179,285
338,800
357,940
472,782
174,279,601
469,950
202,212,579
431,438
331,418,449
594,626,962
735,970
187,280,940
289,998
241,704
589,805
72,186,605
209,495,527
359,591,781
595,957
280,350
142,685
202,721
262,709,817
262,618,662
847,921
84,527
369,948
155,763,803
335,572
385,844
90,594,909
63,317
781,879
300,813
81,293,606
902,921
709,864,966
264,619,641
148,667
727,745
38,392
481,999
124,148,624
183,658
501,933
379,646
266,500,934
123,491,693
462,905
328,370
171,314,514
491,537,934
84,473
397,465
575,963
159,352,656
285,658
482,644,691
100,233,398
446,969
47,215
399,817
165,928
82,492,954
2,370,569
381,657
78,543,763
504,986
120,721,802
423,768
481,702,828
85,227
194,864
425,797
675,936,948
356,375,459
38,184
415,535,645
212,919
250,700
247,289,731
91,657
474,660
287,368
358,822
194,975
352,656
266,520
458,721
210,355,698
213,329,899
120,482
279,672
99,429
528,671
335,753
556,956
213,463,838
435,889,960
517,776,889
40,973
709,877
121,454
19,678
23,99
30,511,968
430,535
28,682
62,289,505
507,865
297,839,947
403,778
133,423,735
351,741
538,609
121,785,835
181,569
545,582,770
666,998
19,641
437,639,808
16,624
292,739
127,418
179,807
141,157
57,180
281,847
310,313,848
477,875
465,809
63,262,509
197,553
607,775
685,898,915
547,841
96,419,993
33,969
123,186,652
65,133
736,739
293,673,692
137,867
76,102
476,928,965
146,153,875
287,307
69,87,640
77,266,344
489,976
143,547
206,265,578
274,319,556
284,992,999
94,462
231,497
16,528
483,530
151,810
429,576
189,339
296,537
513,778
513,885
795,950,982
512,795
690,880,897
170,264
304,779
137,202,267
225,675
70,322
105,330,390
562,854
266,708
134,346,812
693,837
445,564,837
4,468
342,870
311,578
573,973
325,367
71,705
46,331,558
97,805,904
417,961
406,701,895
47,432
116,568,569
287,507
651,940,989
441,657
227,536
113,504
4,419,487
348,700,996
203,869
267,921
482,965
668,820
402,557
738,852
204,647
263,633
863,892
427,523,705
462,818,930
303,999
136,141,398
106,395,529
119,879
460,529
407,426
422,759
446,843
181,478
349,421,731
363,872
363,596
616,1000
270,663
378,507,899
581,863
490,684
527,866,967
260,910
2,351
404,514
181,941
134,613,918
474,488,813
671,959
36,499
56,150,156
316,333
263,454,701
61,282
424,626,871
129,843
780,922
476,544
652,974
149,646
89,176
205,599
199,675,749
230,231
395,651
81,647
404,893
289,898
17,871
463,656
166,708
187,892,939
51,835
793,888
260,528
110,937
450,692,967
355,610
66,607
915,925
269,919
204,823,911
825,894
41,377,963
384,539,830
153,854,971
78,389
352,609,802
369,997
646,780
306,574,912
73,486
386,497
79,136,856
378,753
9,661
458,852
76,255,475
600,711
501,672
26,384
19,967
8,117,483
748,792
716,800
33,481,747
507,624
590,681
389,932
625,742,769
394,882
15,808
436,847
339,591,631
794,924
183,463
559,592
541,888
821,860
470,607
78,996
795,797
108,642
662,748
493,605
139,184,195
691,868,941
239,659
470,645
694,866
138,375
583,762,803
554,785,786
49,617
200,653
36,320,412
91,180
452,889
243,502
652,963
228,861
268,573,577
484,913
388,519,744
559,844
186,414
548,814
149,413
123,495,810
266,299,958
220,283
129,166
315,671
151,765
111,971
50,199
61,896
80,319
93,748
353,529,732
2,170,825
345,917
122,318
116,548
118,689,820
643,875
123,446,908
72,615
94,448
158,582
193,333
383,667
303,390
335,337
146,275
654,939
406,630,927
134,463,699
34,833
403,745
358,452,782
289,495
217,314,435
191,552
796,952
97,571
205,760
566,842
304,553,813
619,686
86,227,286
589,710
678,726,927
203,872
22,67
333,552
359,988
17,625
285,832
97,621,661
280,867,927
72,322,620
249,267,361
158,226,243
80,237,797
146,810
259,684
221,926
221,669
491,688
11,314
476,820
33,154,278
10,63
587,829
321,948
744,943
600,788
653,898
79,761,824
583,960
293,938
192,827
32,766
14,747
328,466,694
60,783,813
169,290
154,400
574,781
56,472
496,561
219,651,918
660,661
709,881
825,998
85,281
338,544
745,827
49,918,963
346,640
328,836
493,571
533,945
359,670
378,578,596
569,602,816
673,791
62,146
4,400,635
152,602
288,939
373,809
175,531
13,151
157,749
791,874
38,853
211,696
133,815
315,475,944
664,790,971
218,722
172,458
28,582,992
619,710,926
76,596
901,961
189,969
611,909
120,453
290,778
774,972
262,580,884
708,736,903
832,904
202,635,806
163,540,731
420,445,841
496,949
585,719
450,488,768
188,865
161,878
42,146,156
58,790
116,465,613
66,180
315,525
610,904
281,605,938
869,982
83,463
62,159,762
20,162,309
83,657
157,322
77,633,790
97,408
685,799
57,73
237,797
485,897
457,786
351,562,566
23,919
250,265
1,84,100
12,938
168,499
439,703
684,884
191,781
146,160
152,542,791
453,920
490,513,805
575,621
181,822
616,643,760
555,575
54,380
322,789
168,500,661
143,792
23,585
415,654
88,362,623
16,74,176
169,586
206,862
575,904
18,86,943
763,784
3,388,851
171,929
21,885
86,512
750,802
373,624
558,714,801
213,479
501,957
299,942
318,979
555,806
257,372,891
598,635
122,192,249
204,805
312,924
436,690
181,428
47,243
735,815
241,595
141,862
308,850
178,811
464,972
397,837
308,526
384,828
166,555
182,478,850
532,889
492,722,829
151,858
12,393
551,706
292,833
259,353,774
480,601,967
73,89,317
400,989
96,849
184,556
433,490
247,270
515,799,986
657,956
347,812
597,786
298,665,883
30,872
609,735
782,884
40,218
156,468
