220,940
49,305,667
112,190,978
253,338,699
142,331,887
495,810
491,864
331,933,986
317,377,964
206,956,988
234,309
250,737
66,506,918
261,670,964
135,631
114,826
194,347
694,815
389,409
307,384,560
21,744,910
444,483,536
490,849
215,359
549,700,723
384,932
6,451
224,487
354,547
521,750
607,838
154,192,197
194,536
139,247
192,669,757
225,714,835
23,305,990
214,508,611
660,997
968,984
703,908
473,728
159,460
105,284
1,854
291,513
698,941
202,828
90,425,724
488,584
402,951
642,769
74,288,460
463,914
79,84
222,592,840
507,887
22,676
357,808,883
360,377
658,724,892
109,132,558
34,42
190,601
25,603
420,522
842,932,981
225,611
364,454,773
683,695,953
117,724
147,431,965
299,845
335,533
33,49
273,397,955
495,684
888,983
200,262,593
694,936
234,589
794,984,993
260,551,570
869,904
317,990
410,689
174,705
134,420
635,710
82,466
148,760
272,482
240,969
93,250,904
370,399
20,252,607
92,115,333
19,743,958
546,962
120,370,731
313,632
68,363
102,465,914
141,333
343,765,975
869,911
115,475,799
14,714
47,418,998
25,788,999
57,81
248,830
711,857
477,828
123,242
34,576,677
359,981
561,715,857
741,808,947
281,392,895
8,22
133,158,975
325,944
76,243
442,748
28,581,905
657,672
12,247,572
391,459
715,747
350,861,903
144,552,874
252,851,998
526,585,687
93,681
869,942
313,622
432,877
922,1000
345,601,658
299,979
636,734
8,513
186,841
107,376
76,600,980
453,923
142,928
577,786
562,836,938
100,742
147,433,670
228,478
366,465
132,798
414,438
123,396
316,457
558,879
170,650
80,529,733
3,563,805
157,471,552
227,349
665,975
148,648,981
32,404
79,541,960
262,354
549,980
929,932
533,890,892
461,716
733,814
90,115
704,937
677,843
65,582
79,668
108,200
7,26
63,606,863
313,961
2,180,305
16,527
7,909,964
34,99,427
259,825,952
126,701
118,756,965
181,193,464
181,545,746
750,847
193,668
317,388
234,496
322,976
131,248,358
57,806
653,782,895
237,809
65,566
116,486,779
129,194,589
140,599
875,894
362,841
131,732
491,713
928,951
347,436
236,486
137,420
508,998
273,902
116,495,578
289,750
191,657
867,933
836,923
675,729
319,328,377
263,969
485,535
701,859
360,750
116,250,874
240,499,699
481,673
453,514
257,819
392,793
413,848
596,927
72,107,433
38,599
90,898
165,208
685,734
509,889
441,637
328,727
115,670
320,578,699
411,467
282,384
44,298
59,853
503,953
114,405,628
23,740,942
514,840
461,497
675,842
360,784
417,649,847
581,655
513,952,976
669,791
130,847
337,537
201,579,706
428,475
193,641,725
544,569
150,562,579
551,624
240,697
339,918
684,838
973,976
492,755
267,351
409,529
370,689
43,494
288,454
17,460
206,308,967
733,966
243,852
309,777
249,844
659,971
134,788,956
474,792
749,883
268,579
789,842,997
571,700
258,894
205,573
180,775,968
129,696
43,68,744
440,485,805
243,402
131,853
95,422,902
149,258,470
164,943
162,214,728
279,510
452,746
132,587,979
380,956
277,905
23,447
74,134
58,666,887
493,646
626,680
125,341
657,710
240,703
415,672
630,835
293,304
433,837
9,75,451
170,879
493,672
82,564,934
53,62
410,550,557
397,456
526,649
584,958
24,203
101,351
481,936
161,498
53,314,962
339,380
408,756
634,805
664,864
7,199,339
259,546
349,362,744
341,680,729
219,595,919
248,858,991
476,728,804
456,518,663
10,209,335
437,822
49,308,854
900,933
138,589,705
631,893
241,799
407,698
74,249
470,598,968
588,998
85,597
102,362,597
6,850
587,995
767,946
534,901
216,495
44,504
278,760
518,911
339,968
138,634,674
185,374,431
27,810
131,222,906
349,844
146,233
858,928
216,238
511,552
128,626
671,677,985
277,847,974
240,990
107,254
32,625
390,745
267,314
143,957
147,760
114,149
274,697
868,995
853,863,896
193,750
480,704
222,442
790,808,817
198,645
183,659
488,844
256,998
50,774
56,315,456
112,331,417
224,407,963
194,342,428
33,181,915
530,994
133,550
780,857
718,804
373,409,765
203,609
616,900
4,86
118,452
594,637
79,383
227,241,369
328,716
384,667
187,459
261,635
406,590,596
115,353,932
342,927
503,634
221,469,806
357,986
516,924
588,717
271,475
321,491
22,610
269,778
106,770
136,598
42,941
77,420
672,698
190,576,991
707,738
770,886
171,811
360,990
257,500,512
375,622
196,254,321
616,760
135,371
412,911
291,907
531,680,733
368,770
33,589
42,910
215,601
311,427,851
247,580
50,445
218,886
646,653,963
181,678
263,794,833
105,654
331,549
3,221,730
8,884
571,827
364,962
449,502
301,376,899
185,483
77,284,500
420,821
69,683
319,483
707,878
219,282,674
64,411,583
105,449
163,902
452,472,601
340,791
123,837
529,551,749
241,498
604,851
38,790
556,667
97,632,953
58,299
337,922
427,648
777,918
565,721
594,797
23,46,966
14,972
286,725
142,787,910
222,894
148,821
919,923
443,556,814
650,677
43,139
805,920
160,840
152,324
597,719
20,260
258,331,648
5,42,765
212,312
300,386
937,965
548,754,972
98,110
243,852
138,262,576
194,368
306,995
38,599
374,434
731,740
272,974
605,813
593,729,858
252,885,953
519,877,936
636,874,975
394,682,691
111,292,710
549,828
44,354,356
6,883
521,729
106,147
458,904
150,850
249,470
146,736
11,93
347,741
116,391
292,872
309,663
332,792
733,822
50,634,815
220,484,675
294,300
564,608
622,690
602,676,868
149,345,405
57,960
225,236
317,450,899
120,270
593,749
763,818
498,923
283,598,970
310,809
187,436
215,245,512
105,527
312,447
22,47,54
77,128,350
24,265,362
689,808
283,822
565,841
257,339,952
467,710
271,656
610,951
699,908
158,758
322,679
98,374
436,976
145,866,992
74,243,737
322,435
684,815,884
25,824
568,771
211,620,913
470,715
742,930
216,699
511,515
409,966
667,741,748
655,675,727
123,425
300,695
1,768
12,370
544,738
464,791
200,747
286,384
249,396,680
494,785
764,903
142,145,494
232,584,660
247,895
139,905
101,438
103,158,861
155,428
416,858
341,833
343,927
437,837
110,312,406
246,731
478,732,750
57,104
640,657
578,841
19,203,568
19,262,989
391,839
58,460,886
239,848
14,691
188,539
358,685
27,412
108,611
55,280,492
325,741
305,929
45,796
52,105
349,905
178,200,327
329,853
787,963
345,758,991
183,728,935
5,828
672,871
487,902
226,717,988
333,370,456
203,410,606
402,466
702,931
158,395
734,942
546,852
14,666,820
541,720
165,224,955
157,925
728,882
325,813
438,555
150,163
90,159,946
110,569,717
32,96
161,190,779
653,920
115,876
5,894
43,461
856,875
73,609,776
924,943
290,395
94,884
267,834
301,870
404,433,455
137,703
114,763
235,534,841
169,611
670,919,946
426,629,999
80,666
246,666
320,491,984
199,542
232,415
811,888
438,441,545
376,541
560,753,888
21,990
25,521,548
428,666,725
359,800
652,854
133,246,583
222,296
186,446,804
636,992
329,746
798,821,851
508,556
781,895
24,750,848
435,936
642,811,933
398,868
338,379,979
255,690
545,889
204,506
111,702,960
195,807
241,877
132,653
714,898
315,429
288,296,427
650,794
91,433
117,360
672,756
214,627
156,175
900,966
606,643
192,573
431,611
304,616
80,443,683
67,292
221,527
117,508
19,749
494,876
371,519
118,387
883,933
200,586,651
101,496,883
92,400
153,934
74,187,652
251,557,624
21,46
81,769
18,503
173,988
342,463
563,927
54,189
43,196,565
709,783,879
270,904
23,407,499
281,686,879
728,820
311,315
108,333,704
646,853
145,266
835,864
103,132,765
213,715
251,457
465,673
355,803
76,466
872,923
289,891
202,960
280,752,870
440,913
172,671,962
396,870
238,802
134,620
123,562
139,919
272,320
290,802
120,164,908
339,510
771,996
502,895
29,457,482
327,674,691
727,771
329,466
236,338,687
577,782,792
115,635
437,553,822
133,281,415
910,952
34,915
478,777
357,1000
225,634
11,265,571
162,824
694,896
111,340,817
41,612,639
389,577,963
134,801,934
177,275,750
117,222,225
280,288
555,913
160,352,991
104,385,702
220,353
67,259,534
285,895,933
68,155
232,446
255,317
9,145
183,274,755
81,291,332
150,397,661
122,240,584
355,595
202,331,549
83,752
234,932
171,853
134,396
154,321
22,330
9,388,492
234,945
284,350,734
231,600
250,260
77,501,641
353,817
757,985
286,626
253,540,755
355,656
35,891,940
332,370
146,627,930
905,941,977
227,686
174,184
434,574
377,577
273,706,893
399,964
434,545
279,374
95,688
86,874
229,361
3,140,893
24,558,899
280,618,679
842,931
161,865,976
572,636,805
428,929
95,130,875
636,660,758
162,702,881
138,151,378
236,457
678,948
62,77
494,942
450,738,859
83,962
840,867
436,677
491,798
25,50
44,61,188
484,780
70,990
135,455,494
180,581
99,599
59,311,325
369,783,998
591,680,687
817,924
353,489
173,629,898
603,625
283,566
299,558,692
447,493
84,948
38,458,658
431,839
272,631,788
228,401,679
376,694
163,599
856,1000
74,261
175,333,925
351,559
282,409
289,788,807
505,726
77,478,942
595,769
25,105
31,102,233
91,545,975
444,512
118,441
512,645
22,217,979
76,877
292,729
72,155
155,708
784,998
554,934
661,764,943
216,994
93,165,934
291,970
416,518
55,56
149,448,931
129,261,609
513,977
132,562
442,564
207,309,626
100,404
252,590
13,620
202,978
189,553,564
41,523
345,364
45,125
306,421
576,790
294,970
150,719,990
50,405,469
262,703
251,611,639
118,835
404,831
805,876,939
234,622
807,972
29,188
80,167
46,563,639
175,261,310
121,581
76,163
291,336,571
7,573,901
130,740,962
142,621
703,988
241,412
479,899
361,923
57,640
637,878,919
556,897
424,588
52,520
310,535
177,180,597
731,828
193,409
67,359,970
204,315
117,737
266,352,971
555,792
195,536
463,539
272,286,976
337,929
258,610
8,44
315,587
589,828
185,233,451
97,113,600
282,372
19,909
321,699,962
561,694
291,513
249,556
113,510,600
650,830
404,643,947
8,399
176,370
199,521
113,885
96,651
12,412,453
255,710,889
188,783
412,685
79,885
161,825
27,770
373,488
101,599,722
52,206,965
35,397
251,773
214,341
17,586,906
818,933
129,700,764
292,837
282,366
82,898
272,470
245,301
395,398
79,602
211,653
570,822
201,921
507,726
31,772
538,785
2,367
706,784
642,1000
4,938
373,972
71,877
261,816
255,688
767,906
118,656
759,948
348,585
482,958
113,388
661,875
41,130
359,927
367,852
98,457,548
572,913,946
29,134
204,790
262,314
257,867
426,468,793
247,758,927
67,861
176,842,869
283,724
357,568,771
397,462,976
180,462
148,602
452,756
370,597
48,954
233,370,955
59,308,966
299,550
560,797
321,803
51,69
690,989
25,137,611
214,712,897
102,356
371,836,953
28,793
550,601
388,921
92,627,831
214,641,738
95,478
170,775
413,565,778
597,729
304,513,700
20,245
261,928
132,625,672
602,991
673,719,807
465,505
959,978
580,827,896
81,751
537,987
348,747,879
78,360,521
521,574,696
68,339
221,569
23,698,877
29,340
429,431,467
103,848
653,875
218,950
425,575,844
741,922,947
827,953
385,483,519
294,756
269,867,981
441,512,731
123,531
248,313,384
165,414
242,259,513
38,707
18,984
158,387
147,170,706
414,542,864
484,898
357,420
419,532
60,251
284,378
352,907
363,675
338,388
75,725
17,509
30,233,630
593,796
46,282
274,720
195,942
280,379,664
135,719,965
150,579
186,675
321,973
672,945
109,413
264,334
58,484
728,792
65,417,977
397,751
135,945
155,250
500,672
736,936
428,539,643
471,812
219,505
242,735
297,314
924,966
201,339
300,916
194,690,826
126,449
707,993
585,854,894
133,296,419
371,713,951
355,654,810
186,566,982
419,612,652
906,916
283,716,728
812,851
294,373,854
393,639,956
489,609
199,728
145,433
175,197
477,702
124,843
373,924
775,867
162,490,579
787,883
355,872
726,878
62,483
784,955
243,798
771,775
93,163,653
199,391
688,886
60,685
475,853
203,514
273,372,476
372,784
73,182,710
8,113
104,692
245,934
30,958
511,670,905
696,867
669,967
420,761
63,572
90,125,640
191,367
59,206,391
674,934
656,716
290,593,611
98,396,854
63,357
242,401,569
29,689,868
537,927
517,979
767,807
313,438,836
24,707
441,589
301,541,960
7,525
7,418
216,841,919
215,456
8,653,901
195,258,470
780,804
159,750
773,927
519,560,974
85,922
40,904
150,274
35,836
185,210,388
942,967,992
20,205
142,209,373
58,643
549,600
470,548,745
37,101,398
320,384
351,939
122,542
693,754
473,603,914
492,759,806
106,340
403,596
339,414
131,206
241,297,695
219,721
107,524
303,775
605,814
81,545,733
638,940
374,891
779,790
674,679
714,770,952
578,757
675,743,855
106,924
371,667,937
397,461
469,578,861
247,277,452
890,982
467,742
144,747,837
314,459
48,196,291
436,677
646,797
324,686,714
383,616,990
71,484,792
172,306
36,809
174,755
91,531
401,748
457,547
221,497,543
218,219
648,811
312,724
776,966
151,572
329,385,621
71,423,762
413,653
201,626,943
100,350
376,486
201,237,907
424,473,631
287,804,859
215,252,655
262,395
126,994
345,959
782,970
680,946
568,627,703
123,512,663
33,726,795
177,841
349,778
570,851
32,817
913,982
339,977
141,505
303,550
273,305,688
64,692
171,700
126,206,916
244,632,862
369,800
226,559
126,408,475
10,654
185,865
392,922
49,359,890
17,690
235,440,581
608,723
323,709
16,135
140,682
59,205,315
248,249,569
370,562
710,803
528,1000
266,545
733,743
272,770,785
70,657,993
381,845
191,332,631
347,747
387,926
99,272
642,757
176,789
662,929
110,486,947
754,998
557,682,947
99,559,836
12,587
11,379
62,419
639,655
14,537
414,719,942
328,339
88,203
348,492
336,349
228,413
343,705
426,482
224,686
198,524
51,513,568
75,279,946
24,307,313
54,831,915
100,613,710
776,916
303,646
668,794
318,699
255,256
514,969
12,535
578,947
223,930
213,604
140,469
227,267
186,327
490,917
449,692
145,374,401
198,613
32,145
83,625
306,357
227,862,966
66,436,809
312,884
374,993
390,909
589,969
134,978
201,239,315
148,265
297,698
523,827,934
6,188,356
232,515,865
432,544
321,479
146,464
710,755
31,165,185
508,924
474,628
118,552,678
203,361,525
88,960
113,170
160,374
696,955
136,871
36,704
334,562
236,283
169,265,389
295,451
25,494
643,897
126,756,992
193,331,588
735,945
14,707
374,422
161,725
572,887
126,578
260,652,934
291,336,744
90,678
117,606
446,534
400,638
75,509,635
512,637
145,686
165,461,658
801,960
663,888,989
109,899
338,840
239,835
458,590
66,403
348,445
401,582
600,899
547,614
459,624
146,238,829
121,576
622,828
116,677
129,707
186,663,833
410,417
551,790
291,692,951
2,397
813,865
490,548
152,597,646
79,568,592
53,349
786,936
49,235,335
255,679,959
760,882
800,970
531,972
282,308
304,317
420,844
481,586
54,760,761
479,997
356,832,845
253,299,650
645,676,979
342,511
288,825
95,263,565
109,319,711
517,878
85,912
766,927
779,984
332,857
378,612,888
148,742
146,664
536,701
36,68
823,841
347,516
254,373
75,166,793
344,606,631
157,961
416,811
116,601
44,755
412,675,998
483,837
772,933
210,650,661
44,145,928
624,843
145,528
814,936
287,505
243,710,854
482,837
245,348
74,84,134
285,387,416
25,62,838
58,61,455
111,420
663,875
102,113,431
199,513
773,897
377,466,591
575,944
145,494,903
150,178
37,78
684,738
219,416,567
58,202,583
472,579
150,242,601
147,998
310,320
163,755
177,196,204
165,530
56,616,744
39,326
89,298
375,417
55,102,242
186,254,716
317,359,799
291,517
178,491,976
147,484
188,204,302
156,551
834,863
21,819
488,796
4,816
622,690
484,928
46,501
780,805,991
41,303
217,524,597
142,563
603,610,968
377,829
122,910
515,624
389,710,855
389,470
37,220,683
427,670,946
726,744
796,827
824,994
237,271,896
139,794,811
430,855
87,255
406,724
321,327
29,364
139,912
18,232,335
362,526
371,618,915
81,329,713
383,515
103,893
214,370,786
673,962
546,913,979
306,637
20,789
474,571
806,895,939
150,657,669
207,915
61,619
37,350
91,530
396,788
830,963
144,634
251,445,872
679,756
236,837,869
3,685
109,514
384,496
263,472,542
565,596,607
21,162,264
106,393,561
31,141,663
398,712,889
538,946
45,148
57,459,557
305,826
789,919
56,299,432
69,457,633
327,864
467,821
113,150,386
467,977
11,512
10,396,776
573,587
420,516,620
1,974,996
369,943
366,860,934
420,426,633
105,722
172,922
523,716,765
28,172
33,277,929
64,326
196,466
33,401,637
27,671,947
232,653,935
251,844
55,815
232,935
170,848
204,386,540
34,868
370,562
563,806
349,380
34,282
141,676,735
708,939
676,703,936
1,238
19,607
383,663
543,925
5,855
52,63
692,968
12,247,588
597,930
204,949
208,491
158,912
289,927
487,515,899
90,862
73,782
127,322,761
56,318,412
694,766
759,818
91,310,485
77,777
615,743
238,812
663,666
712,855,862
106,114
377,767
691,835
325,437
25,306,576
525,619,862
184,207
123,700
615,834,931
365,1000
54,92,126
70,218,487
53,99,724
377,421
77,611,985
341,667
525,811
330,349,846
393,516
458,543,896
551,903
679,693
498,753,936
428,838
133,225
464,623,930
219,803
504,883
149,351
287,465
182,768,894
768,886
473,481
356,737,762
583,652
397,921
181,407,959
642,684
158,679
195,295,830
657,662
61,657
47,343
586,763
52,155,627
599,709
722,882
804,980
579,868
11,127
689,835
348,671,722
314,384
387,605,637
261,506
61,151,345
101,404
648,855
224,518
35,470
112,197,343
118,719
523,699
581,685
131,505
548,958
534,935
257,744
838,863
97,246,429
557,626
212,627,634
112,987
160,320
38,403,415
9,415,929
169,530
339,353
80,727
281,593
168,251,585
393,764
348,854
100,752
326,792
321,860
32,938
41,510
233,389
121,175
493,679
180,860
211,651,969
66,783
321,381,875
570,733
70,94
612,901
416,717
132,830
10,705
459,539
6,252,768
72,203,403
780,974
474,773
110,258,490
163,387
190,801
405,930
330,712
360,625,813
804,860
377,833,857
106,504
164,521
345,926,929
409,945
860,890
3,290,743
228,730
179,518,913
270,945
420,883
311,628
259,660
42,113,299
11,951
76,414
551,944
88,857,902
681,812
160,319
107,602
241,642
402,413,632
66,847
449,461
248,635
567,995
347,377
402,668
752,944,949
588,703
849,929
381,932,993
79,521,727
541,569,997
421,601
900,947
213,693
73,967
718,844
7,784
73,129
654,893
147,868
506,859
732,753
77,191
43,257,379
2,857
97,986
33,384
750,950
65,262,383
33,964
861,907
150,197
27,193,912
417,966,972
42,429
213,736
297,324,884
98,336,768
66,861
175,519
152,211,216
145,284,763
141,505,826
66,744
37,354
127,303,586
687,892
163,658
161,952
39,968
477,544
838,856
337,716,939
155,194
360,641
437,569,885
370,405
39,687,800
16,560
405,412
590,782
576,735
244,359,994
623,641
729,953
297,592,854
143,683
93,397
43,491,934
124,610
37,276
571,674,855
327,542,744
24,187,559
105,568
725,986
218,394
183,987
233,792
109,890
359,738
311,761,914
443,812
362,449
26,189
107,691,912
363,651
20,885,894
818,893
47,400
510,649,807
145,987
37,94,943
429,929
232,663
72,664
94,892
424,480
72,239
379,492,803
88,757,919
497,543,581
309,385,996
742,939
323,787
329,463,604
160,665
793,946
25,427,675
125,347
26,980
503,807
108,929
384,897
121,298,950
61,469
688,930
129,255,452
360,635
462,469
18,802
229,348,712
86,475,710
143,318
243,568
344,348,974
284,324
758,790
11,232,681
345,477
230,979,981
568,679
580,846,999
380,937
256,528,969
240,411,641
455,641
51,535,991
787,874
449,610
647,658
177,792
119,981
42,480
286,297,470
31,179
114,555,700
97,140
872,883
243,621
483,551
350,903
442,998
1,309
461,480
220,235
10,12,654
105,732
764,1000
117,526,961
865,875
361,789,822
317,829,979
479,722
338,466
530,634
404,781
268,598,682
205,437,798
230,383,487
38,665
544,623,685
529,717
565,826
329,797
17,34,298
106,813
304,994
473,917,943
34,827
31,575,733
2,664
46,774
730,742
539,912
581,975
443,549
811,918
72,447,482
373,842
505,865
240,799,984
197,280
509,528
11,109,566
839,860,893
544,777
102,404
398,532,690
232,435
751,832
526,821
651,696
639,768,780
282,331
63,572,922
69,459,798
32,920
782,943
407,428
375,483
550,607,614
667,836,998
99,780,813
298,756
149,801
11,262
207,594,878
158,528
301,837
932,955
23,601
149,452
131,901
58,731
280,509
239,761,800
191,201
73,947
578,826
434,846
18,917
92,499
293,322,635
857,951
419,614,894
518,657
19,675,923
552,821
339,449,598
689,801
767,912
259,819,834
61,855
66,308
599,969
324,475,492
166,182
488,921
533,838
329,358
330,371
401,405
505,907
335,446
556,916
538,752
230,501
61,705
389,573
111,768,959
35,765
146,809
75,85
418,521,822
136,993
475,485
552,976
135,499,977
457,574,607
187,470
492,655
341,894,923
235,459
368,677,950
101,130
39,389,921
406,519
454,604
588,768
9,172,697
64,892
107,372,812
459,917
74,289
237,309
281,844
62,521,796
97,174,901
333,968
9,464,545
167,507
457,791
496,869,883
145,281
262,490,611
526,680,894
309,497
268,646
314,608
246,528
345,430,705
111,138
459,942
88,672,733
32,985
292,304,415
228,288
346,770
196,468
202,507
458,593,766
445,621
463,498
339,379
151,231
43,115,384
542,755,966
483,526
469,829
440,798
122,699
151,221,967
723,813
570,638
592,988
268,775,962
30,98,851
189,532,564
160,935
37,592
31,640
429,627,817
11,515
294,827
492,674
164,723
150,414
580,762
54,355
352,871
345,740,831
280,967
129,505
45,187
486,805
60,771
300,420
224,235,825
666,806,809
85,240
3,147,347
68,239,792
297,314,496
629,655
382,639
177,803
53,891
36,79
189,620
432,690
48,108
275,385
137,458
415,535
96,826
202,559,774
391,501,815
123,483
413,456,935
43,335
81,666,907
34,86,172
127,682
168,272,703
96,734,915
362,772
329,841
91,593
276,836
146,486
426,939
135,531
70,475
455,762
149,365,715
274,275
515,826
168,937
161,524,704
752,986
52,764,870
582,631
571,574
10,590
385,888,997
35,84,683
145,544
34,246,489
509,513
66,458
380,422
42,148
329,668
934,962
369,373
65,517
73,992
49,232,663
936,949
206,362
573,641
147,900
362,386,632
163,450
217,847
492,905
226,672,974
191,204,848
2,720
220,948
47,270
149,631,721
232,667,955
605,720,776
548,687,694
583,640
190,281
20,652
59,900
19,496
21,427
38,681
143,437
310,485
170,323,645
119,928
255,535,932
27,972
98,201,568
481,926
355,367
828,889
187,949
118,452
164,325
134,246
38,112,666
30,652
758,889
209,282,355
192,455,486
61,790
401,527,537
382,406
189,454
306,646,664
170,734
117,146,492
331,698,752
71,276
279,779
54,778
4,181,391
108,306
155,758,900
132,397,701
704,856
151,220,536
278,470,516
531,588,813
109,601
58,135,221
239,902
80,398,884
507,757
117,556,894
630,642
230,852
41,106,879
518,850
162,211
58,757
690,735,811
404,576,1000
458,737
471,516
18,844
323,959
41,996
456,483
716,782
195,976
52,125
202,455,810
237,527,915
426,604
510,701
155,363
234,707,987
422,529
50,511,891
476,962
129,808
99,235
271,367
777,878
738,899
276,741,798
418,426
268,699,767
198,970
385,457,729
34,485,803
915,972
478,528,831
84,561
70,195
274,319,546
196,911
870,925,971
254,336
217,692
307,645
193,307
438,449
217,901
444,849,946
268,287
135,520
560,814,953
185,939
409,915
132,584
497,993
41,546,935
675,784
77,286,549
349,382,455
50,561,680
3,144
37,976
176,313
62,645,859
358,680
15,127,722
572,642
615,801
58,455,795
980,995
627,972
68,259
286,992
363,573
127,617
365,397,707
393,836
547,680
785,843
389,611,982
209,690
123,796
348,990
387,403
79,288,666
285,435,692
80,796
162,579,982
364,468,824
363,875,994
111,435
349,854
497,942
362,485
199,564,955
252,548
114,586
558,702
357,704
443,489,757
168,262,634
190,528,719
272,403
98,633,957
179,914
449,961,989
393,926
25,406
16,115,298
247,516,637
118,558
67,635,819
204,545,962
9,777
223,619,943
234,769,975
374,502
121,231,261
191,869
69,98
102,755,823
530,696
852,944
798,897
890,982
293,937
425,763
409,557
572,742
70,477
61,769
765,775
216,860
209,489
27,181,725
79,996
769,865
888,893
222,349,879
775,973
462,767
298,534
214,865
119,268
448,592,770
217,893
234,678,764
330,614
32,45
121,261
149,349
181,443
598,603
70,930
817,903,1000
163,761,913
56,694
67,232,466
205,752
51,619
614,827
150,372
111,463,881
183,723
17,273,651
87,166,275
492,594,714
132,863
174,480,934
322,637
118,328,590
236,664
91,227,926
599,675,868
133,416
649,666
203,305
597,727
334,794,980
214,746,895
110,531
209,492,992
102,773
464,493
262,340,695
261,841
413,699
124,711,843
108,934,994
55,751,918
265,413
240,753
899,984
397,402
386,471
651,755
107,150,335
810,946
446,624,824
119,388,587
253,439,755
108,744
178,652,975
574,589
266,998
35,852
92,708
638,764
167,671,763
280,763,803
451,744
139,748
229,421
294,564,629
243,855
454,859
309,368,627
272,337,904
592,717
483,991
874,924
435,554
302,369
594,676,700
359,396,683
438,448,687
525,758
244,287
689,902,904
519,607,683
626,1000
208,914
145,409
91,126,987
280,463
218,520
43,233,584
40,63,256
203,796,916
828,887
347,962
297,629
16,494
152,239
71,949
392,535
342,454
617,669
208,860
588,724
352,611
354,813,883
74,291
499,700
150,347,573
262,675
675,724
605,964
231,962
600,760
286,702
589,884
221,375,500
28,255
138,178
110,525
241,361
545,972
17,209
454,643
537,759
14,926
187,892
73,85,433
166,873
473,487,825
175,635
387,561
285,953
288,328,727
789,949
104,337,698
323,566,911
600,632
379,454
522,776
706,761
639,979
5,243,846
401,544,702
61,898,983
127,262
475,994
281,390
50,497
155,202,257
18,220
254,821
282,823
254,634
221,450
274,480
156,593
606,770,894
64,154,928
65,505
797,867
20,485
345,947
126,175
573,819
441,767
150,645
357,828
105,738
174,607
251,922
108,794
112,392,611
224,254,480
319,506,514
11,208,584
640,864
151,456
216,333
261,957
747,884
308,543,609
325,580
722,919
7,593
84,550,813
374,895
559,592,619
228,304,845
341,712
344,637
45,150
298,946
34,597
610,973
142,280
371,483,834
567,624
45,351,525
508,763
635,694
529,783
96,675,827
489,592
443,854
329,789,936
567,875
252,931
859,945
685,707
169,332
405,501
316,410
312,844,960
14,512,887
566,723,943
269,347,394
225,798
105,515
150,595
133,609
522,636
598,760
124,174
130,359
478,522
840,963
460,796
664,716
222,508
418,627
96,446
58,798
180,852,889
559,721
141,607
270,470,958
450,751
403,545,764
175,202,374
852,1000
204,407
341,864
221,777
61,172
717,923
368,790
400,944
14,532,923
193,577,999
1,606,611
25,695
555,765,794
394,731
14,294
806,808,929
286,747
277,507,605
541,590,699
645,664,911
942,944
193,535,685
205,297,369
949,954
552,748,769
307,872,883
489,836
341,525,612
51,440
42,784,837
110,306
417,553
329,614,997
74,410,694
810,926
656,793
103,331
338,631,717
292,594
362,375
308,880
69,620,722
894,938
273,579,716
196,820
331,399
10,628
21,23,260
375,395
455,538
28,632
535,731,808
179,462
100,536,618
17,91,744
388,664
210,416,920
207,756,873
31,291
674,734,819
558,700
334,562,951
304,542
120,673
238,491
241,923
282,533,779
270,864
216,385
269,692
192,633
701,890
311,473,540
232,955
39,109
497,540
200,472
497,988
285,640,763
878,973
32,488,928
26,691
597,784
155,677
876,974
478,859
14,68
21,151
430,455,950
492,864
122,306,660
253,397,414
21,101,540
257,666,678
528,932
527,749,772
542,653,899
166,309,858
385,680
10,147
712,762
967,971
52,66
809,967
120,458
762,768
452,544,635
497,876
36,150
352,828,925
147,730
237,305,986
228,523
447,891
178,622
377,668
68,701,994
214,365
60,746,967
94,275,747
98,328,872
684,815
606,884
235,431,691
67,165,646
25,783
727,924
490,771
330,332,689
460,812
417,507,984
32,638
59,170,903
545,826,946
35,253,630
276,718
675,907
81,619
277,446,508
139,440,657
123,295
343,859
312,885
280,417,475
969,982
168,940
225,325,729
605,916
676,718
735,953
131,393,768
462,692
327,584,653
62,560
10,321
345,387
396,754
529,550
331,406
486,538
49,740,827
668,695
539,750
100,296
258,557
167,397
70,436,591
351,569
188,242,780
196,935,956
326,524,825
418,474,897
42,601
87,115,405
893,963,984
473,701,739
304,338
671,920
347,528
374,877
86,129
282,429
33,232
50,98,723
141,259,704
179,775,902
185,259
215,393,483
764,774
25,382
95,973
442,551
114,159
281,432,716
641,661,931
68,579,995
14,671,992
56,744
43,524
583,881
748,802
365,732
340,672
128,803
558,754
261,452
290,435,701
286,746,765
74,251
328,701
557,580
256,434
263,710
153,322,631
87,128,627
19,44,74
402,813
5,876
656,967
319,587
158,697,795
453,679
369,479
419,629
190,781
252,620
354,557
48,254,413
281,329,639
641,656
386,449
30,156
389,696
445,615
435,884
320,405
130,311
394,730
37,390,611
136,711,913
38,499,947
392,526
492,878,915
15,335
288,493
386,595
60,876
367,745
122,297,459
430,785
603,693,834
411,779
141,845
535,545
371,695
16,453
134,284
155,621
30,806
323,839
42,832
191,476,901
744,947
186,872
417,986
144,368
260,974
129,375
142,594
669,818
200,711
143,372,823
22,415,464
283,433
158,275
68,113,917
68,274,755
120,161
374,713
456,987
123,248
361,642
182,339,619
76,651,848
409,441
92,309
78,764
436,898
161,875
435,513
248,252,591
352,471
443,869
68,89
408,669
257,259
475,527
239,460
442,687
133,769
680,732
213,998
454,600
97,718,760
319,397,415
149,732
657,763
89,123,736
686,866
80,901
243,767
214,426,754
709,797,855
70,469
394,758
572,771,935
348,768
145,353,483
152,420
310,653
140,694
237,298
307,773
332,682,688
410,486
56,218
312,733
560,944
568,854
87,471,638
341,429
855,871
231,742
284,549
464,731,919
164,821
118,247,878
563,595
97,253,751
374,719
297,611,624
268,694
33,572
105,627
171,866
223,662
28,482,573
212,498
194,930
62,164
742,929
31,224,969
260,861
404,886,920
741,855
214,787
566,782,951
6,317,792
335,414,646
777,917
471,849
33,209,941
624,647
168,621
542,657
318,946
160,794
349,612
42,820
436,580
41,161
119,963
481,651
498,606
142,653
204,968
81,830,976
557,588
549,929
377,403
694,720
195,521
148,864
305,377,772
487,850,860
270,333,689
42,104,819
219,285
235,871,963
614,881
244,282,523
288,489
5,944
17,116
67,662
397,480
536,612
43,680,884
584,632
822,998
348,559
45,380
517,576,967
318,345,464
117,164,855
237,738
397,488,994
244,682
133,959
78,738
217,882
271,392
157,600
543,656,950
176,267,768
414,770
170,389
379,649
38,776
701,911,968
154,788
268,845
607,987
111,846
267,882,999
158,642
595,932
38,556,791
308,866,900
103,169,487
445,451,629
38,77,876
624,736
58,618,876
506,740
89,173,249
337,653
603,716,950
11,168,798
60,389
524,990
135,427
571,717
112,517
62,732
5,691
44,98
189,458,944
56,293,480
401,573
729,860
498,731
251,426,877
160,351,745
272,637
403,544,605
134,223
89,245
796,990
778,907
25,365,917
745,891
267,967
427,623,665
515,683
425,472
42,979
77,270,889
111,763,887
784,902,981
58,192
115,252
418,444,718
171,863
263,586
429,845
297,447,937
273,399
137,303
458,783
336,517,877
641,944
256,552
620,705
351,445
386,402
375,873,957
508,565
24,631
215,708
388,500
503,554,831
456,842
138,790
150,230
47,766
112,545,576
382,557,915
309,314
946,969
216,323
484,903
367,770
11,774
129,467
346,624
336,850
59,486
204,338
198,772
247,635,808
66,805
234,611,678
443,904
41,875
279,831
159,403,436
127,669
721,831
898,942
386,949
526,591,689
16,957
191,350
194,337,520
396,604
541,769
314,796
194,291
569,737
1,498,815
781,839
455,627,642
218,536,920
591,639,896
30,238,465
334,644,833
565,603
194,509,790
716,968
75,331,725
735,828,932
3,190,538
152,724
464,589,724
537,807
324,494
173,944,953
804,854
358,988
298,317,611
435,439
207,799
232,357,860
247,576
301,338
183,674
802,863
231,242
373,961
80,521,937
194,645
307,605
265,995
73,575
679,702
313,569
889,941
36,901
204,889
742,871
207,941
384,653
227,833,840
266,594,991
216,238,574
332,372,800
346,450,542
219,602,669
642,895
169,540,892
142,472
278,458
440,512,740
621,682
511,585,878
133,399
63,125,808
201,208,370
657,679
169,292
712,843
347,372,565
25,433,666
547,780
7,750,829
182,190,874
196,740
130,542
136,196
43,676
138,209,756
43,250
354,388
511,722
478,926
333,386
768,894
519,863
118,900
193,481
470,504
690,964
444,849
576,912
158,552,672
160,817
2,417
118,375,429
221,944
77,130
694,885
89,419
384,569
142,157,756
10,151,443
74,123,891
313,490,720
316,814
65,386
137,503
483,736
11,598
523,609
611,617
102,177,450
55,599
410,567,791
133,924,940
279,329
122,217
167,734
118,981
792,846
76,293
34,651
309,895,927
347,511,946
137,974
192,374
24,480
53,250,556
248,983
403,806,942
826,890
649,784,901
306,327
170,179,506
774,833,845
294,943
488,957
470,665,825
604,888
223,669
413,518
485,755
97,848
263,706
210,825
193,433
344,356,509
234,246,609
353,985
219,563
124,584,676
361,709
577,713
473,688
74,369,854
458,944
40,154,919
477,493
53,827
256,356
317,586,990
653,835,982
704,725
673,996
265,840
10,627,697
97,706
224,804
541,724,846
131,297
130,677
95,389,921
834,996
203,391,917
127,597,963
107,119,166
113,259
297,733
698,975
284,860
304,333
403,780
304,441
375,509,594
9,273,936
264,517,980
69,789
539,615,883
52,876
280,810
275,385
88,829
167,373
284,713
574,760
39,781
124,442
232,431
54,693
300,844
366,618
564,733,770
546,562
63,279
725,828
232,996
38,573,777
760,812
375,775
13,629
64,840
195,940
343,349
197,941
231,484,548
485,953
381,580
107,823,854
919,986
199,932
334,431,633
71,858
253,513,963
223,666
189,818
68,95,617
63,608
478,511,513
241,753,907
323,625,963
152,307,373
156,894
195,736
94,325,733
454,967
737,947
163,179,804
45,615
632,847
119,507
244,562,716
78,662
207,793,925
401,469,972
484,653
198,717
400,563
311,603
190,618,735
116,493
471,556
158,284,710
35,783
15,615
399,962
160,421
109,126
529,782
198,829
260,636,727
599,723,943
306,414
519,550,983
140,617
5,939
423,532
294,793,815
224,864
848,901
236,545
121,135,613
129,886,895
470,677,965
257,431,524
168,717
236,674,975
635,757
224,580
225,416
524,747
191,299
403,405,533
192,983
251,388,942
13,741,869
264,540
27,775,887
172,686,971
87,443
511,643
569,628,747
245,683
197,207,594
161,784
29,313,907
747,807
256,1000
36,367
231,625,834
84,213
710,927
336,843,970
24,362,857
650,750
370,377,424
156,566
273,514,542
942,957
192,408
38,405,887
523,582,718
105,123,203
83,632,841
162,567
70,780
152,761
229,749
515,832
286,707
42,114
250,514
552,879
289,987
487,518,646
373,784
59,271,654
196,345,522
494,990
127,279,852
25,313
240,590
514,775
190,507
236,604,953
248,409
234,265
105,897
197,277,810
367,509
187,550
287,558,857
27,428,440
392,941
463,956
403,729
404,654,662
62,614,634
403,609
69,130
34,260
774,822,949
425,641
84,814
233,780
505,845
62,625
284,832
400,737
215,345
582,648
208,210
116,238
89,106
747,800
247,714
497,690,992
75,532
866,950
353,962
24,330,733
189,225
271,702
221,408
74,474,766
486,874
96,363,446
555,619
38,271
548,634
866,877
619,700
256,607,732
518,697
467,731,772
346,836
99,241
335,346
420,624,923
767,938
485,806
343,407,535
40,135,331
303,449
233,491
606,838,960
56,447
36,321
150,361
74,729
197,219
229,325
557,702
6,892
107,921
159,790
574,676
238,251
480,510
35,471
549,702
77,873
149,189,248
119,146
235,306
283,291,646
426,922
110,307,997
154,390
191,564,806
656,976
843,913
558,911
612,974
197,666,758
428,768
88,320
38,432,665
78,402
232,965
23,63
363,804
696,958
308,392,831
369,706
738,926
138,544,602
182,806
269,666
308,774
211,610
486,955
371,410
521,886
124,466
216,554
310,454,947
359,456,963
281,365,762
367,761
173,821
39,115,454
101,348
216,388
132,161,907
692,994
201,840
408,538
513,650
767,904
437,678
76,626
797,919
35,918
315,848
76,346
364,973
807,881
60,246
640,983
533,835
87,577
85,566
153,372,649
343,467
98,746
89,564
223,557,942
66,912
236,475
425,525,531
100,714
468,539,590
509,718
212,957
17,428
231,601,649
3,987
278,424
190,609
6,121
437,508,628
40,581
263,994
302,601,681
308,939
509,570,878
305,558
399,704,820
333,562
170,555,848
509,964
787,935,968
399,934
20,667
41,554,692
381,562
125,855
233,299,727
105,986
480,820
581,749
25,251,596
34,433,815
53,867
223,720,743
104,403,661
180,410
134,344
464,626
282,748,912
319,704
5,294,393
490,550
145,794
508,595
615,628
475,808,898
780,909
115,405,484
443,858,892
564,988
400,599
524,567
337,523,823
422,728,861
643,858
203,419
545,872
180,691
73,337
144,181,492
362,546
145,472
14,626,875
358,675
349,352,882
569,891
772,973
93,970
217,319
543,560
509,927
98,134,442
401,810
490,936
34,362
23,341
322,794
53,612,843
408,1000
381,397
122,399,661
348,564
608,988
48,211
59,381
77,463
18,590
213,778
155,916
223,710
55,72,89
26,947
122,216
241,413,877
432,910,972
98,307
146,252,898
477,897
250,331
132,460
109,645
14,576,900
186,202,824
555,653,954
343,711,803
151,262
86,919,942
564,680
444,625
459,531,727
132,661
284,567
692,970
246,684,817
205,313,836
973,981
144,752
62,340,649
483,708
57,172
247,455
218,929
5,733
149,838
584,741
341,681
50,626
44,174,430
4,241,997
807,858
14,121
24,49,982
231,312
386,645
25,365
631,859
32,933
554,663
276,289,371
228,660,944
132,718,762
12,58
167,378,795
73,964
724,918
209,805
230,518,835
189,518,695
145,280,499
140,238,934
400,809
362,812
385,577
363,502,518
664,902
511,730
81,664
516,904
593,988
46,489,697
387,915
289,420,879
351,709,855
107,320,343
765,883
384,475,595
88,691
138,151
490,730
428,501
98,188
775,980
361,599
142,579
108,113
268,275
263,291,982
361,683
327,448
447,927
323,648
265,414
248,550
103,888
653,969
390,463
639,918
822,910
128,372,841
140,225
326,449,714
692,864
318,545,673
267,405
13,606
78,467
611,836
311,585
268,847
416,556
126,563
189,612
123,548,592
170,303,319
158,283
798,853
331,983
5,276,608
174,987
522,553
289,498
709,926,969
220,620,624
31,228,704
291,502,631
250,618,939
237,498
541,625,641
4,13,762
465,528
46,548,772
7,80,785
250,422,632
223,358
583,745
758,967
451,638
446,477
640,787
2,835,981
199,843
517,579
603,955
505,560
519,693
58,430,786
199,274,802
601,902
100,730,947
24,168,525
99,319,523
305,957
521,931
525,542,823
16,206
518,594,763
700,857
50,98,695
396,559,593
6,984
153,397
22,362,847
213,270,777
74,611
771,950
383,865
324,452
216,381,691
100,201
245,297,881
717,836
512,948
93,177,513
380,543,891
504,692
415,824,858
36,332
677,947
458,764
593,891,916
477,938
197,264,749
329,904
226,268
842,967
306,905
413,586
257,326,968
251,559
826,934
73,79
194,251,908
49,268,843
162,914,979
226,842
123,358
634,854
530,752,940
338,621,652
144,377
43,241
141,163,987
780,904
958,961,969
23,219
246,484,928
652,687
374,841
271,545
399,664
398,628
718,846
65,299,826
521,813
279,429,887
428,935
499,640
465,514,577
448,634
388,505,867
488,982
432,889
490,816
70,115,679
435,563
380,788
432,437
173,967
439,646,902
19,652
851,881
196,235
185,712,778
577,982
402,981
777,849
399,481,534
133,597
19,281,615
27,279
529,590
216,328
87,256
53,162,507
449,499
135,415
398,715
212,569
28,492,929
47,248,376
103,749
175,403
710,983
713,777
359,742,895
486,819
496,958
274,612
464,662,967
145,275
849,880
16,566,586
775,918
545,754
173,489
245,373,480
565,726
56,370,625
47,422,923
340,827
25,176,712
156,391
508,548,891
107,368,959
450,830
42,875,965
238,301,380
631,976
674,735
462,760
337,353,613
210,933
327,711
149,284,523
60,281
414,485
967,971
367,958
638,912
700,976
186,903
374,376
108,734,928
575,841
740,970
555,807
350,986
459,827
356,712
563,730
115,507
148,913
95,688
373,756
851,969
191,597
457,780
47,349
68,278,857
489,926
1,186,496
338,607,845
463,892
691,874
105,511,644
834,984
432,734,769
300,398
354,904
565,784
23,716
84,354
13,386,618
8,558
394,723
10,40,159
259,444
480,505,790
248,526
292,980
262,883
84,149
95,648
459,560
419,643
305,600
478,874
30,325,885
370,462,510
312,869
434,984
291,914
197,289,984
458,597
546,976
205,254,336
723,924
47,60,369
50,835
546,880
172,745
866,985
469,501,888
437,611
35,709,789
344,788
667,844
29,823
551,729
695,834,889
479,593,899
54,231,861
359,790
577,781
136,224,239
126,340
399,750
308,345
588,791
517,524,841
786,942
60,356
495,641,670
327,682
479,772
150,646,973
235,439
67,135
22,563,978
125,636
97,590
15,506,842
163,389
134,798,943
236,399
451,690,753
547,751
894,908
623,641
282,552
102,105
199,973
669,991
575,849
204,476
396,943
482,590,683
444,647
893,999
162,982
272,445,677
131,737,798
52,308,587
914,935
608,807
334,445,467
26,189,382
374,435
608,885
771,873
620,956
799,955
70,120
366,407,572
84,525,614
156,606,732
307,671
486,1000
155,975
137,585
623,731
700,890
656,992
56,322,981
451,975
35,718
145,409,678
139,478,965
855,883,988
362,593
260,513
467,772
13,396,607
302,800
34,279,849
694,964
24,73,98
52,408,650
111,426,796
218,512,892
742,831,866
281,556
317,450,567
693,858
164,525
92,228,662
783,836,858
414,765,809
77,84
156,459,996
200,309
464,870
125,698,996
496,906
634,703,894
436,478,894
172,378,878
111,385,924
219,992
32,138
598,902
74,411
481,927
82,682
434,699
322,579,586
48,913
678,989
240,348
446,775
191,875
852,944
658,807
289,364
185,332
855,933
680,703
71,628
582,798
338,435
219,324
154,537
60,87
307,427,585
9,157
174,190,990
325,881
72,490,729
925,941
331,697
76,496
670,705,756
166,190,589
103,450
523,954
835,990
181,225,542
137,743
765,841
297,526
217,353,754
331,757
392,428
411,959
594,791,978
206,775
174,456
31,780
53,230
65,692,704
106,329
596,944
125,309
566,586,830
245,369
22,582
533,705,987
624,773,888
404,528
377,503
556,711,799
432,742
167,734,752
602,636
72,471,836
487,676
317,870
76,253,617
700,795
57,187
73,120,998
396,896
350,358
38,194,967
349,866
581,677
587,625
553,620,956
334,750
2,954
534,984
197,202,641
322,760,802
226,943
396,712
584,647
134,289
189,923
114,170,513
393,736
274,359,681
364,652,657
70,862
363,397,432
131,243
193,418
400,931
185,721
194,477
399,976
318,342,731
124,145
345,428,939
27,642
471,961
324,578
214,575,984
706,727,908
407,992
557,684,978
269,530,696
125,522
706,888,955
376,916
103,955
88,760
710,921
176,411,919
171,810
764,910
310,455,986
2,748,883
398,624,886
515,762,854
615,688
261,527,636
432,809
574,642,920
19,693
62,633,972
118,911
104,359
302,736
113,509
36,278,362
304,530,750
281,305
127,449
41,70,313
189,803
469,735,926
916,974
262,709,858
51,428,573
579,772
736,768,875
600,802
121,255
258,489,660
817,892
471,666,684
626,705,828
58,155
654,764
56,75
140,303
196,834,958
14,237,786
427,475
196,716
232,259
294,815
195,474,611
266,608
59,215
56,775
2,835
609,708
38,97,937
327,870
34,639,972
5,149,989
842,869
327,555
23,953
312,316,667
60,153
333,574
424,793
421,525,683
230,546
407,670,774
404,941
526,655,723
724,812
236,308
240,873
321,379
259,334
124,335
161,307
285,354
141,753
142,266
242,895
148,505
171,990
29,937
200,646,979
137,583
395,822
163,566,700
312,503
594,630
76,333,954
839,841
340,745
640,757
68,77,106
49,772
9,49
697,745
190,759,921
394,721,930
251,269,798
192,436
174,688,969
779,933
155,817
249,330,426
106,442,717
313,783,866
135,720,747
711,921
585,684
401,887
13,735
507,568
186,669
383,659
705,779
652,931
896,997
130,810
414,461
404,909
661,739,871
266,644
320,791
380,807,827
762,985
159,288
26,325
466,628
276,385,627
389,523
596,717,851
709,931
81,944
355,432,980
443,611,615
29,604
13,557
75,431,881
137,508,615
87,725
135,448
67,121
201,664
312,585
246,343,535
227,472,984
288,578,654
514,978
128,656
66,606,754
198,682
360,410,665
40,173
477,920
133,407
237,309,776
381,845,963
154,763,965
218,429
793,823
410,753,896
44,675,715
96,186,323
559,904
558,888
542,568
114,488,979
5,31,148
738,932
153,761
247,476
9,540
102,650
297,892,958
365,883
179,610
62,390,717
459,708
269,339,728
180,901,981
842,961
76,558
115,925
461,848
221,279
26,888,988
56,338,611
437,546
532,926
851,870
22,293
529,810
44,880
510,649
685,929
107,116
707,903
176,897
122,174,402
580,906
218,972
43,383,994
360,659,800
230,487
590,978
585,917
7,241,466
410,880
45,539,737
311,648
7,103,370
26,560,675
327,610
228,509,987
145,786
26,879,949
357,415
403,642
165,186
530,540,699
412,592
677,752
235,335,381
484,488
382,426,717
25,672
417,426,957
406,658
301,845
115,324,920
112,962
274,372
346,820,848
29,398,519
453,476
381,797,999
924,958
770,908
460,956
588,599
502,760
777,816
612,869
552,707,734
572,893
14,125,870
310,861
243,310
147,756,950
109,371,620
638,807
837,937
501,798
496,936
418,539,827
812,875
669,818,963
85,605
306,416,535
394,697,752
179,683,958
90,690
122,928
160,311
184,866
451,855
615,798
402,606
778,790
747,778
93,857,918
92,471
504,875
173,541
94,838
391,503,868
261,467,509
617,869,948
344,723
141,660,834
60,585
104,878
57,60,858
70,854,883
388,765
239,273
149,272,281
687,695
771,781,872
654,809,986
531,777
352,681,772
295,941
210,830
158,705
71,222,447
382,819
548,736
340,418
670,977
475,494,866
342,425,809
174,199
398,459,655
208,979
204,295,480
509,878
28,710
397,865
271,376,778
208,487
173,675
159,288,928
139,328
9,261,543
636,964
287,738
560,574
467,572
550,622
92,154,648
134,501
325,594,847
103,339,581
93,142
13,769
671,763
26,630
653,980
33,266,665
431,706,763
277,946
212,669,912
902,912
36,787
598,625
367,460
648,701
639,667,931
660,994
370,449
651,802
28,678
713,817,950
883,960
54,143,992
107,395
353,916
197,949
330,639
319,528,699
527,708
719,781
264,589
225,262,892
795,852
3,367,511
377,461,649
35,156
80,272
448,531,564
524,744
25,362
146,962
554,984
789,844
475,915
12,218
800,973
145,511
291,335
320,836,971
120,168
783,990
81,956
125,228
177,383,930
462,873
83,481
397,704
591,703
116,522
308,493
750,870
501,657,994
80,565
52,411
418,655,860
9,350
90,432,748
267,312
286,710
568,932
701,718
137,829
328,761
240,537
916,995
110,564
441,612
286,485,906
227,426
41,313
848,856
791,937,954
133,447,820
362,893
120,907
57,300,448
870,1000
399,750
249,489,876
413,973
44,170
88,778
227,560
97,122
639,907
212,783
720,741
75,440
281,501
304,973
731,983
21,444
121,187,331
80,212,732
377,427,866
13,330,634
386,597,994
144,879
108,532
281,458
264,753
398,684
455,880
101,851
13,468
28,624
530,835
629,862
422,815
144,726
230,847
54,777
498,908,989
610,694
167,293
65,372
124,820
462,773,871
295,743
190,809
462,711
77,173
149,222,678
667,909
86,417
327,732
87,485
75,725
208,799,970
605,820
114,677
555,558,632
178,275
281,709,846
12,705
863,868,916
696,905
160,269,841
136,183
178,361,680
135,460,868
735,964
403,439,948
356,573
8,236
446,706,718
426,687
723,801,943
56,841
485,577
355,387
430,432
326,915
362,574
488,536
394,698
72,102,475
132,952
436,544
290,356,974
5,307
46,520
578,776
158,707
84,354
564,612
349,961
123,400
564,689
794,965
717,745
357,571
233,412
563,981
25,989
682,747
14,831
624,647
441,492
528,734,785
286,475
176,767,788
498,956
348,376
75,330,774
19,313
210,697
329,839
518,605
606,698,867
79,222
171,966
345,516
135,500,618
208,290,654
311,858
140,265
22,35
464,535,662
63,159
35,811
556,974
272,516
424,555
796,890
207,527
582,780,846
214,258,429
196,327,388
227,474,907
150,424
248,882
437,631
673,880
787,874
749,863
112,754,880
518,689
31,778
147,594
538,668
478,874
26,177
685,779
166,975
466,504
49,178,524
599,766
265,540
371,498,741
397,504
141,967
428,819
302,816
421,510
287,807
613,889,966
57,863
459,892
120,693
197,713
167,803
12,596
314,819
735,746,806
542,921
417,775
229,337
131,137,619
107,435,632
251,654
38,61,805
201,954
286,795
371,556,949
109,510
319,833
95,653,982
97,123,302
420,698,823
468,713
785,992
319,346,389
314,382
306,659
657,659
45,906,944
75,453
659,694,799
178,833
540,739
23,394
529,687
670,946
374,829
420,633
22,663
288,492,977
613,827
261,392
771,826,984
381,877
136,462,699
104,558
8,263
173,702
199,215
333,651,994
294,435
215,315
380,442,747
49,54
209,678
86,779,806
68,183
319,798
550,780
625,831
57,412
898,928
108,918
707,960
233,340
8,249
498,608
144,221,795
88,701
619,743
773,961
318,544,698
770,854
827,908
620,914
85,605,748
344,887
100,155
608,896
541,634
146,794
6,302,451
525,591
637,745
287,699
872,985
272,503,537
821,964
241,418
289,328
326,370,840
111,459,767
636,966
137,762
741,897
81,626
114,281
776,819
71,276,525
575,978
420,789
425,451,521
279,698,786
599,956
99,319,551
113,148
392,427,939
192,589,920
160,219
180,534
278,421,995
362,847
185,587
92,452,493
357,867
316,683,940
748,895
49,696,815
756,915
107,597
504,556
229,314,365
439,501,654
434,644,678
176,439
205,412
46,337
433,886
189,447,593
300,521,732
53,533,715
51,431
595,823
169,832
59,61,392
582,985
870,941
250,452
322,542
123,848
340,351
41,999
790,942
752,775
590,971
250,587
147,836
518,772,990
56,936
483,536
387,768
784,835
76,860
270,899
115,623,740
54,486
631,751
117,928
706,915
369,474,591
94,275,884
26,60
370,577
288,949
386,829
150,168
430,492
186,359,399
224,996
170,303,659
472,867
350,486
603,879,913
146,472,828
384,756
782,955
226,463,490
249,659
648,704,823
180,371
368,710,926
727,787
217,268
10,866
714,757
66,197,432
209,372
590,720
32,219
308,389,981
159,527
306,406
51,436
111,131,588
224,238,832
556,844
60,525,560
179,317,386
537,830
760,840
64,344,777
163,686
206,948
62,71
341,570
10,167,933
324,965
256,475
461,479,864
273,856
426,703
735,890
59,609
105,261,929
66,983
418,588,834
376,880
158,462,827
33,485
140,211,302
264,812
358,382,443
121,609
126,311
166,475
246,547,879
407,618
555,575
648,840
475,693
234,239,920
369,529
19,426,768
427,431
57,68
497,757
368,987
511,790
22,820
540,979
299,631,646
200,362
731,987
225,235
312,614,834
651,980
387,544,685
126,783
139,210,382
374,547
230,517
223,738
220,236,851
539,813
285,707
225,439
635,752
280,752,986
34,92,573
824,990
506,802,893
164,404,980
378,581,657
25,99,606
18,422,846
885,940,952
212,281
73,255,284
174,829
497,878
178,242,761
539,634
459,547,884
220,227
5,754
295,391
283,379,381
417,912
55,470,608
194,399
404,641
270,556,611
159,578
148,334,976
527,844
32,197
853,924
200,402
488,785
29,798
116,618,665
362,536,838
588,743,922
43,784
333,978
372,735
69,227,262
2,368
360,934
49,140
175,681,758
387,732
192,397
458,560,592
50,458,956
219,589
713,984
160,191,304
492,713
305,555,893
224,235
346,770
680,723,801
144,795,817
452,722,983
365,530
192,810
569,590
150,744
9,536
74,468,923
863,968
93,285
197,289
638,814
356,634
15,626
538,952
395,988
399,468
39,370,963
295,741
18,727
242,976
307,695,838
405,613
209,825
554,746
678,748
732,851,965
226,561,643
683,684
199,865
20,243
407,550
53,348,671
408,440
249,958
295,851
435,550,609
39,146,160
644,748,870
668,982
95,913
800,932
7,339
75,991
108,781,835
500,964
726,830
210,584
429,520
485,698
413,435,845
616,688
90,634
549,726
221,678,738
400,778
214,302
555,760,914
237,887
113,435
107,543
563,722,828
266,485
324,355
168,187,732
3,991
70,730
216,446
473,893
625,782
419,451
558,792
100,157,256
605,673,694
155,394,769
492,576
206,430
468,656
261,948
504,802
263,557,915
40,914,1000
134,275,635
460,478,755
477,955
313,624
459,474
280,452
66,331,903
46,164,700
40,633
454,611
510,659
520,987
297,306,774
183,359
683,722
45,667
25,580
721,777
29,770
111,771
248,842
420,913
113,170
186,450
341,393
840,986
192,307,595
369,593
837,855
417,517
416,483,703
558,651
90,531
739,760
212,611
246,601
141,363,829
835,856,952
308,392,490
4,944
194,322
242,488,848
153,788
312,684,907
596,619
833,956
540,729
157,644,714
491,887
614,724
128,796
385,749
354,853
343,724
425,770
700,794,847
27,202,345
235,381
246,637,859
23,583
288,341
468,828
165,748
240,453,929
39,805
169,399
61,801
496,570
686,803,922
33,73
517,628
387,403
37,596,953
146,888
85,212
309,671,876
125,555,932
257,317
266,977
196,625
96,491
802,879
226,422
544,933
191,906
443,509,627
364,768
157,579
211,761
352,425
741,802
390,569
145,722
511,709
208,753
561,607,872
216,546,586
68,567,952
437,855,917
37,147,816
1,177,454
583,929
276,521,796
252,461
502,863
75,129,886
660,789
86,641
160,912
152,319
424,857
212,340
512,986
764,984
812,954
199,446,921
487,683
341,683
22,253,651
543,585
245,419
396,936
660,693
435,902
647,652
297,312
213,695,767
562,656
480,838
119,363,973
13,131,943
385,868,877
766,811,896
671,714
247,455
389,892
85,101,906
58,272
551,689
290,454,794
477,835
914,982
375,660,793
15,426
12,443
55,74,189
282,464,820
523,939
43,766
72,382
424,530
341,703,955
56,895
693,888
90,865
142,277
121,965
182,673
615,631,949
137,351,780
265,668,800
466,846
193,209
179,323
901,962,993
52,485,726
806,950
495,656
93,502,567
704,934
454,852,892
407,541
816,851
111,398
58,297
242,653
106,225,519
857,968
131,527
42,688,994
623,642,972
200,732,938
480,747,900
232,660,984
179,822
1,592
224,969
137,614,675
370,406,682
332,334,354
57,147
358,633
881,966,987
111,993
135,370
24,719,994
19,175
615,696
322,556
663,682,824
17,175,926
24,234
319,697
634,806
271,763
670,826
360,580
151,765
542,656
199,237,691
8,103,114
633,694
1,767,844
442,764
703,854
721,828
491,772
369,752,915
242,374,954
225,696
386,408
140,558,692
343,637
178,499,888
877,879,961
163,800
544,950
373,611
359,824
359,383,886
97,812
261,350,806
18,149,274
73,440
282,339
572,582
304,580
385,398,783
414,755
316,961
579,951
511,632,634
540,799,839
12,983
264,780
308,497,671
63,548
147,777
745,999
35,189
385,774
64,1000
163,476
156,513,590
667,720,780
41,147,436
299,424
442,825
187,525
293,414
193,335,909
88,858
20,539,766
4,251
560,601
242,737
363,661
568,863
96,377,572
263,574,934
621,941
249,341,528
219,915
591,854
69,376,416
476,659
625,913
561,804
53,642,737
510,741
189,422
560,866
146,268
177,760,986
226,588,846
88,159,171
487,727
155,561
168,206,412
563,889
389,911
62,463
458,638
354,619,894
69,721,834
633,906
192,424,615
11,146
632,719
143,618
18,778
17,426
352,405
784,919
347,607
484,753
516,607
83,823
494,745
147,422,449
32,741,824
32,585
519,575,960
505,527
465,888
518,625,778
413,968
541,884,953
218,759
302,451
663,776,934
117,851
317,523
626,777
260,665
588,614,770
99,295
206,220,590
152,235,506
115,297,490
281,451
862,910
23,686
156,238
710,932
108,945
726,743,854
141,201
493,986
157,733
525,655,766
790,922,927
338,561
369,553
469,583
538,893
245,754,791
181,539,804
571,661
421,979
16,138,509
142,548
339,753
540,632
189,854
68,947
492,605,677
484,996
288,384
517,983
274,515
898,966,993
457,568,853
107,168,783
347,721
358,988
852,873
164,801
730,815
648,787
440,549
322,871
344,521
241,766
75,116,725
583,673
197,347
193,418
224,488,829
223,879
298,388
512,738
129,435,771
789,863
213,547
236,376
276,463,868
303,957
102,232
11,428
200,620
185,960
503,516,569
244,418,500
530,573,901
103,718,859
113,596,643
44,754
