65,73,97
34,90
18,27,60
23,35,87
9,30,91
8,14,89
5,11,44
59,94
38,67
52,66
3,39,60
8,42,73
28,63,88
5,8,86
9,10,95
30,40,78
5,41,86
19,45
29,84,94
19,40,100
46,60,75
25,83
4,40,79
40,91
3,5,99
9,63,70
57,64,78
56,74,88
16,90,96
20,56,90
9,46,80
20,32,71
6,64,86
25,27,84
56,82
49,67,100
18,40
17,37,99
5,14,39
4,11,47
5,30,64
44,66
2,20
74,89
39,56
22,50,98
47,58
33,54,96
11,54
55,94
7,36,69
8,10,76
63,70
6,51,72
49,68,69
10,72
64,69
14,99
41,51
14,46
23,71,96
31,45,91
26,50,80
15,35,99
6,60,99
25,58
46,54,77
8,73
37,67,68
40,72
28,43,57
17,31
42,49,73
22,72
66,67,91
28,29
1,6,18
13,44,56
65,67,69
45,56,80
20,47
42,50,97
8,47
27,98
19,21
34,51,95
66,74,77
16,31,59
27,58
6,83,86
26,53,81
27,47
27,35
21,32,44
19,60,99
34,46,63
62,76
59,63
39,43,74
9,57,69
14,31,89
49,67
17,82,93
46,66
12,51
39,45,83
12,24,50
80,89,90
3,44,56
21,31,75
34,91
50,95,97
6,43,88
36,80,93
8,65,99
14,15,73
36,52,70
34,70
10,40,93
75,86
40,48
2,89
38,92
58,83,91
35,71,87
14,32,34
91,95
1,41,44
11,31,93
37,60
23,32
11,35,83
6,74,97
8,15
18,51,66
6,11,75
44,46,62
8,86
4,85
15,63,100
71,96
12,50
55,97
31,43
33,60,88
10,31,93
58,65,72
44,89,100
18,49,63
3,31
65,73,94
22,60
6,20,39
12,66,95
27,72,84
65,72,73
38,57
29,35,94
27,35
1,17,97
7,21,57
22,43,49
10,30,43
22,39
22,86
7,23,31
60,75,89
23,41,64
40,51,95
28,46,96
68,79,88
32,50
3,93
27,84
45,49,59
37,84,85
20,27,84
19,74
12,87
55,58,85
58,71,98
17,67,89
46,79
66,69,92
12,65,85
29,84,87
47,50,91
21,46,81
22,73,87
62,65,100
16,44,99
17,21,63
19,79,83
47,72,81
11,14,39
1,12,59
3,62,86
29,72
53,87
16,74,99
11,61,89
12,35,53
56,100
1,52,63
22,65,98
26,50,94
71,73,97
26,51,61
6,16,60
54,78
33,54,62
18,52,69
31,33,86
36,43,78
10,52
43,93
13,14,61
35,40
36,50,54
22,32
4,84,85
5,74
12,25,32
25,26,98
5,18,33
55,71
79,88,99
52,64
31,42,45
57,91,96
51,64
21,38
1,70,76
5,57
7,15,49
30,40
31,41,45
15,28,37
21,48,78
50,84,98
96,98
21,51,69
9,12
6,29,72
7,63,92
22,26,98
15,36
9,27
18,32,90
16,79,99
20,26,32
5,82
51,57,67
29,32,71
32,71,97
76,82
44,59,62
1,49,57
36,53,71
27,55,58
22,47,72
15,61,88
16,80
34,61,68
4,100
8,26,85
12,50,58
38,51,78
12,47,87
22,62,97
7,57
57,68,91
16,83,88
14,41,51
55,71
13,44,91
1,77,92
9,15,30
42,85
18,39
28,36,40
85,96
11,19,81
2,79,93
51,55,74
13,79
54,75,96
18,37
69,70
28,34,36
51,76,92
49,82,93
22,55,65
13,85
18,59
16,86,100
26,55
42,52
19,33,46
30,66
19,62,83
18,70,91
14,42,94
55,71,81
10,13,92
9,68,95
19,39,100
19,21,67
61,86
11,41,63
17,22
2,24,86
21,36
43,48,49
45,62,94
53,84
39,54,60
4,15
22,23,86
30,57
49,74,80
32,84,87
17,63
19,54
46,70
23,42,73
23,33,52
2,56,99
9,68
23,53
31,41
45,60,75
1,82
5,56,75
6,56,61
6,56
86,96,100
4,23,98
36,39,74
2,31,54
23,65,81
23,27,58
8,24,56
42,58,95
31,64,92
87,94
2,12,97
15,28,30
44,45,61
34,36,63
29,35,98
16,35,71
52,57,91
15,95
9,18,54
2,54,76
34,63,81
55,62,88
67,96
22,23,81
39,56
11,71
21,34,95
69,70
15,30,38
25,78,100
63,72,86
20,71
17,49,89
6,47,48
76,92
71,80,86
29,98
34,36,52
4,23,97
6,41,77
34,72
23,55,81
33,67,95
65,81
34,49,87
6,35,63
18,49
32,81,84
76,92
6,84
26,73,88
36,39,74
38,88
22,81,97
12,29,98
15,43,63
66,69
18,37,57
3,75,90
31,92
7,49,63
50,60,91
3,65,99
54,74,96
13,54,89
2,81
4,20,87
11,74,100
61,83
12,45,94
39,85
56,66,68
5,59,86
20,55
31,58
4,25,42
40,46,79
18,42
63,68,82
13,98
9,30,45
27,28
28,48,82
10,78
14,42,77
4,32,94
56,77,100
9,15,84
32,80,87
15,48,73
2,31,73
42,76
5,42,76
44,54,65
13,16,54
21,64,93
20,80,98
82,98,99
6,33,83
1,43,78
12,84
14,50,98
42,53,65
45,85,93
27,94,98
41,52,79
3,39,74
20,35,67
53,97
18,67,69
57,76,93
11,13,96
78,100
21,65
17,36
62,94
10,49,52
91,92,93
10,38,43
22,47
4,85
67,98
13,54,77
8,47,85
14,16,59
54,75,76
46,61,83
46,74,89
22,23
56,59,86
1,91
25,81,87
24,33,34
51,73
9,63
37,49,70
27,34,60
5,19,86
26,61,69
1,66
19,44,100
16,37,89
32,85
22,32,53
34,78
71,80,81
53,72,73
6,41,60
5,39
20,58,80
81,83
70,82
70,100
24,79
27,53
3,11,96
19,61,100
26,50,55
18,38,40
1,49,78
5,46,70
1,57,78
12,79,94
7,67
55,87
8,14,40
10,28,30
12,32,85
18,64
64,70,78
40,57,70
28,92
19,24,82
40,63,76
24,58,98
22,27
55,56
41,86
7,21,51
31,62,75
43,70,78
9,57,78
5,67,88
9,48,78
31,41,77
22,89
35,62,98
15,35,65
60,75
40,86,100
5,21,68
42,47,97
75,83,89
29,65,87
47,92,93
25,50
34,57,91
28,33,41
22,80,81
15,96
11,56,75
23,32,97
60,62,89
17,93
32,36
1,48,93
65,84,92
17,33,81
2,45,60
6,31,54
22,65,71
4,12,93
3,55
9,69,78
20,32,87
36,93
27,29,56
21,51,82
57,70
20,22
19,35
10,17,28
12,58,72
1,15,38
17,68,98
28,98
42,73,87
74,83,100
73,87,98
16,62,74
21,91
14,28,62
35,55,81
3,38,81
56,63,66
16,26,93
10,45
51,54,89
7,64,66
