24,44,51
6,51,96
69,96
46,96
15,52,87
1,56
13,62
14,77
79,97
7,40
52,79,96
8,65,94
10,59
6,31,36
30,66,80
1,5,100
54,60
58,77,100
13,33
3,38,89
25,37
35,40
61,92
32,66
44,46,94
3,12,34
30,42,74
7,60,75
25,77
43,75,98
12,25
9,14,18
24,56,70
20,77,91
3,49,58
1,27,74
28,54,59
49,71,85
17,39,91
67,91
26,63,90
19,61,62
7,75
20,64,82
19,66,86
42,78,92
21,75
60,88
75,78
31,70
37,40,78
5,30,77
15,24,65
51,87,97
30,63
65,87,88
25,37,63
41,51,70
15,16,35
87,94
45,78
37,63,79
12,48,66
32,56
4,34,46
8,19,20
22,26,57
30,74
4,39,72
11,92
2,92
16,23,75
3,83
24,50,70
15,25,27
3,73,86
22,52,60
16,29,35
39,43
82,84
90,91,99
35,48
10,18,90
21,46,77
4,13
35,36,96
9,58,73
26,87,98
41,56,84
46,55
18,24,56
35,86
32,54,88
22,42,60
22,31,50
10,74,91
1,40,96
9,11,58
82,100
16,60,74
23,24,64
34,37,99
14,37
13,54,95
26,28,44
24,26,98
32,93,95
4,48,53
22,42,87
33,83
27,60
6,21,81
17,64,77
27,54
50,65,92
24,48,50
25,37
20,88,91
59,65
83,88
28,32,47
4,44
7,17,24
80,81,98
22,75
17,73,90
20,30
13,26,46
16,17,57
55,88,93
37,40,52
10,22,62
7,32,89
5,90
34,76,80
53,85,90
31,57,73
20,58,92
53,70
43,61
38,43,71
23,27
45,68,77
17,20,73
68,81
2,9,35
29,67,77
41,88,93
25,37,40
10,33
1,76
70,84,95
9,43,57
71,79,100
26,51,69
39,79,90
31,43,73
9,65,66
29,97
17,55,68
26,71
44,67,97
8,32,54
42,75
20,61,77
43,90
12,48
36,58,86
33,35,98
70,95,98
1,63,74
39,59,75
17,29,99
3,39,43
9,20,90
40,78
10,21,67
58,71,97
61,66
29,30,96
51,53,87
17,20,99
23,96,100
57,58
13,48,95
8,41,59
10,62,71
37,58,67
23,38,56
32,41,100
32,80
47,49,86
5,25
22,93
49,97
31,59,89
22,68,86
9,43,91
13,44,97
22,38
30,97
73,95,100
33,71
63,78
14,80
57,72
51,74,99
25,42
30,58,76
21,40,87
5,15,29
27,63,79
4,98
24,26,41
45,72,73
57,61
27,56,94
40,63,78
65,82,87
6,14,66
28,44
89,94
5,22,25
6,51,64
17,58,75
7,15,63
28,59
28,51,76
44,56,69
47,51,98
42,88
15,62
20,71,96
11,18,23
38,81,90
69,97
11,58,73
13,61,76
8,48,84
50,65
2,3,57
70,80,95
19,49,71
23,27,37
6,53,99
22,60,79
4,6
7,30,74
27,34,57
17,18,85
52,62
1,63,96
12,50
3,37,84
18,58,71
19,24,95
26,53,97
12,90,96
9,75,89
24,48,93
8,30
33,38,79
30,60,74
41,90,99
40,41,83
64,88,98
56,63,98
62,76,94
15,79
9,77
28,36
25,44,90
35,75,100
59,80,82
25,47,74
35,52,74
13,95
5,27,35
41,59,69
1,27,52
5,98
17,27,62
29,78
5,48,76
12,65,94
25,47,87
12,65,87
21,33,99
9,33
57,81,99
13,70,80
53,87
60,75,78
1,52,75
33,36,49
27,35,52
19,84,100
5,7,89
87,98
22,29,96
62,84,98
26,41,44
15,42,60
23,79,89
21,33
12,48,73
2,55,83
4,61,97
66,85,90
25,29,75
47,87
30,37,100
7,22
2,49,71
38,68
26,71
4,82,98
9,44,45
7,30,77
5,30,60
51,69,87
57,75,84
30,83,99
26,32
20,61,92
19,36,57
23,25,63
35,65
4,41
1,53,93
44,62,93
31,44,65
69,93,98
32,69,80
17,37,88
1,27,35
10,39
49,68,92
7,34,87
75,78
33,63,76
22,60
67,77,83
26,76,93
67,81,99
53,82,94
39,47,82
24,51,84
15,30,37
23,37
18,73,83
12,41,88
43,99
42,60,100
11,22
55,66,71
15,25
19,30,91
41,48,62
31,57,71
15,42,89
41,46,54
24,69,94
13,37,50
27,60,96
43,73
32,82,97
9,52,93
32,84,94
53,56
26,48,84
46,65,84
10,71,73
50,80,88
9,76,98
52,61
96,100
21,64
3,18,73
43,77,92
75,78,96
7,18,46
34,77,82
30,37,52
28,95,97
35,89
16,60,78
25,59
50,70,85
27,62,85
10,31,71
6,91
23,52,75
24,26,32
28,36,96
12,62,72
23,86,87
5,23,27
44,80,90
1,27,52
5,20,50
21,37
61,73
33,57
35,43,56
5,16,75
47,59
41,47
1,27,52
18,44,51
48,94,100
91,97
47,48,97
44,62,88
24,44
31,63
5,79
29,47,93
22,55,94
50,84,91
55,65,99
35,60,74
6,57
32,38,51
7,35
75,79
46,51,70
24,29,83
24,26,98
28,57,86
41,44,69
25,61,99
32,72,96
23,25,42
18,44,78
52,79
28,47,93
10,83,92
14,33,50
44,79
79,80,90
43,45,84
13,28,51
21,57,99
30,59,98
4,83
28,40,86
21,68
36,58,86
15,25,29
27,71
22,37,40
28,84
59,65,87
13,39,58
68,92
13,61,62
21,85
61,97
38,43,61
8,72
33,69,86
50,65,84
14,83,85
38,51,67
20,60
1,5,16
52,60,100
33,98
42,52,79
69,83
6,33,73
62,83
16,27,96
44,53,70
31,64,90
25,79
2,42,73
23,77
83,91,93
45,49,91
40,83
2,6,36
44,54
1,78,89
33,51,97
79,96
45,57,61
5,22,42
1,5,15
15,74
15,74
67,73,83
24,94
9,38,71
36,91
24,55,59
12,50,53
12,48,51
13,65,76
24,87
8,48
62,94
12,26,47
15,41,97
55,84
56,73
43,58,59
1,11,53
4,78
13,41,46
5,96,100
35,78,89
19,49
28,76,97
4,24,45
30,63
37,40
57,91
42,49
36,60,68
10,20,77
61,69
60,76
31,43,49
40,52,89
10,36,57
37,96
20,28,34
5,66,77
77,99
30,37,63
17,83
16,27,42
49,77
12,41,65
29,63,96
31,62,83
19,46,59
13,54,66
40,89
5,13,71
24,35,47
38,39,85
44,80,94
16,59,92
7,15
38,91
28,55,91
70,82,94
47,59,94
19,77,83
25,84,97
44,82,93
8,77
13,55
25,92,99
7,40,100
14,77,83
10,12,59
18,21,66
31,37,92
28,36,81
13,33
9,21,36
53,65,97
2,9
73,85
46,55
17,43,64
31,78,84
14,21,41
31,46,64
3,27,54
18,31
